    0.1000      0.119048210951E+08
    0.2000      0.991406862778E+06
    0.3000      0.767147385544E+06
    0.4000      0.373439229756E+06
    0.5000      0.219070049985E+06
    0.6000      0.142362269045E+06
    0.7000      0.663781109412E+05
    0.8000      0.799535430645E+05
    0.9000      0.460282270022E+05
    1.0000      0.417505014124E+05
    1.1000      0.447257516644E+05
    1.2000      0.461659518986E+05
    1.3000      0.241968594039E+05
    1.4000      0.142549310771E+05
    1.5000      0.142343961869E+05
    1.6000      0.124312196739E+05
    1.7000      0.793040095720E+04
    1.8000      0.791069741640E+04
    1.9000      0.115818020855E+05
    2.0000      0.900791416826E+04
    2.1000      0.624599410978E+04
    2.2000      0.702869068788E+04
    2.3000      0.104254801253E+05
    2.4000      0.105325362488E+05
    2.5000      0.653952524101E+04
    2.6000      0.564343665390E+04
    2.7000      0.642688084685E+04
    2.8000      0.815244606282E+04
    2.9000      0.545639286769E+04
    3.0000      0.398627974092E+04
    3.1000      0.321315738156E+04
    3.2000      0.454783051960E+04
    3.3000      0.384915584563E+04
    3.4000      0.273195742087E+04
    3.5000      0.163953326997E+04
    3.6000      0.202981660548E+04
    3.7000      0.226873637714E+04
    3.8000      0.178139429714E+04
    3.9000      0.109735816784E+04
    4.0000      0.786975592626E+03
    4.1000      0.114371570879E+04
    4.2000      0.104803401448E+04
    4.3000      0.874164305954E+03
    4.4000      0.363086751402E+03
    4.5000      0.495648184031E+03
    4.6000      0.570115881468E+03
    4.7000      0.599940980130E+03
    4.8000      0.355156661553E+03
    4.9000      0.181341737479E+03
    5.0000      0.299589147436E+03
    5.1000      0.358141397802E+03
    5.2000      0.355276245248E+03
    5.3000      0.127101221317E+03
    5.4000      0.119045742021E+03
    5.5000      0.201985952007E+03
    5.6000      0.255819575105E+03
    5.7000      0.178182024961E+03
    5.8000      0.741942812425E+02
    5.9000      0.888177036009E+02
    6.0000      0.155740722115E+03
    6.1000      0.173854616777E+03
    6.2000      0.110582603576E+03
    6.3000      0.624708380907E+02
    6.4000      0.714093793149E+02
    6.5000      0.111011573655E+03
    6.6000      0.112720193526E+03
    6.7000      0.894761017250E+02
    6.8000      0.527880456611E+02
    6.9000      0.667399333549E+02
    7.0000      0.931056314646E+02
    7.1000      0.904027699076E+02
    7.2000      0.687770421629E+02
    7.3000      0.477160891458E+02
    7.4000      0.600168059668E+02
    7.5000      0.747029232265E+02
    7.6000      0.777569540047E+02
    7.7000      0.597499023637E+02
    7.8000      0.528086546518E+02
    7.9000      0.616433201689E+02
    8.0000      0.681283154695E+02
    8.1000      0.676270195990E+02
    8.2000      0.580443674322E+02
    8.3000      0.519171964524E+02
    8.4000      0.545443290107E+02
    8.5000      0.611779414082E+02
    8.6000      0.591847050245E+02
    8.7000      0.561112369828E+02
    8.8000      0.537382339412E+02
    8.9000      0.547571340691E+02
    9.0000      0.558495575397E+02
    9.1000      0.523926502282E+02
    9.2000      0.471811499510E+02
    9.3000      0.444066895634E+02
    9.4000      0.488532932650E+02
    9.5000      0.470059295347E+02
    9.6000      0.466606524642E+02
    9.7000      0.465956689975E+02
    9.8000      0.425562244822E+02
    9.9000      0.424092770211E+02
   10.0000      0.394945601250E+02
   10.1000      0.410560272416E+02
   10.2000      0.401094848605E+02
   10.3000      0.366469568332E+02
   10.4000      0.375972202483E+02
   10.5000      0.375076653289E+02
   10.6000      0.404885170712E+02
   10.7000      0.367248735026E+02
   10.8000      0.358870540007E+02
   10.9000      0.397485657886E+02
   11.0000      0.354149793732E+02
   11.1000      0.348659394481E+02
   11.2000      0.337024654963E+02
   11.3000      0.347669550530E+02
   11.4000      0.363656823596E+02
   11.5000      0.338847928640E+02
   11.6000      0.371577510961E+02
   11.7000      0.362594242403E+02
   11.8000      0.341752657633E+02
   11.9000      0.319930486382E+02
   12.0000      0.305196670103E+02
   12.1000      0.337900213819E+02
   12.2000      0.305429205993E+02
   12.3000      0.308983814198E+02
   12.4000      0.332650503203E+02
   12.5000      0.312285789627E+02
   12.6000      0.308780324105E+02
   12.7000      0.285321113007E+02
   12.8000      0.296133889317E+02
   12.9000      0.294708471747E+02
   13.0000      0.270994648209E+02
   13.1000      0.284297713631E+02
   13.2000      0.279557749156E+02
   13.3000      0.285059006915E+02
   13.4000      0.274866221948E+02
   13.5000      0.276303331630E+02
   13.6000      0.303517644601E+02
   13.7000      0.278388588943E+02
   13.8000      0.273470980148E+02
   13.9000      0.276089548602E+02
   14.0000      0.265721948223E+02
   14.1000      0.270338328191E+02
   14.2000      0.266208483251E+02
   14.3000      0.289756935615E+02
   14.4000      0.296023007384E+02
   14.5000      0.281398310714E+02
   14.6000      0.280095828569E+02
   14.7000      0.265274733554E+02
   14.8000      0.262692475674E+02
   14.9000      0.249963696144E+02
   15.0000      0.253061069859E+02
   15.1000      0.276310527915E+02
   15.2000      0.261926943154E+02
   15.3000      0.258495851792E+02
   15.4000      0.254235304670E+02
   15.5000      0.240049988814E+02
   15.6000      0.233014833297E+02
   15.7000      0.219578816012E+02
   15.8000      0.229166771762E+02
   15.9000      0.227681218957E+02
   16.0000      0.216202786181E+02
   16.1000      0.215517318848E+02
   16.2000      0.207436875296E+02
   16.3000      0.209417526198E+02
   16.4000      0.198355436625E+02
   16.5000      0.196682339818E+02
   16.6000      0.206384681216E+02
   16.7000      0.188592328124E+02
   16.8000      0.182261930130E+02
   16.9000      0.179281744706E+02
   17.0000      0.177564364588E+02
   17.1000      0.181923095601E+02
   17.2000      0.179725717170E+02
   17.3000      0.191372626161E+02
   17.4000      0.187495742907E+02
   17.5000      0.173619731521E+02
   17.6000      0.165751735313E+02
   17.7000      0.156751659744E+02
   17.8000      0.162166430533E+02
   17.9000      0.159668641931E+02
   18.0000      0.167209197908E+02
   18.1000      0.180995776810E+02
   18.2000      0.168320237319E+02
   18.3000      0.159615484964E+02
   18.4000      0.149789501906E+02
   18.5000      0.141797047475E+02
   18.6000      0.140495935818E+02
   18.7000      0.137971452100E+02
   18.8000      0.150652335133E+02
   18.9000      0.151460205259E+02
   19.0000      0.142970456534E+02
   19.1000      0.137641391130E+02
   19.2000      0.127184140792E+02
   19.3000      0.125398724681E+02
   19.4000      0.118222832209E+02
   19.5000      0.120246341117E+02
   19.6000      0.130394381385E+02
   19.7000      0.121185102135E+02
   19.8000      0.117728660875E+02
   19.9000      0.115075862983E+02
   20.0000      0.109486720698E+02
   20.1000      0.109097706769E+02
   20.2000      0.107177062653E+02
   20.3000      0.114868781349E+02
   20.4000      0.113960336273E+02
   20.5000      0.106092572425E+02
   20.6000      0.104726180934E+02
   20.7000      0.992852773144E+01
   20.8000      0.100081025372E+02
   20.9000      0.100560195973E+02
   21.0000      0.105393000509E+02
   21.1000      0.114529850251E+02
   21.2000      0.107257979203E+02
   21.3000      0.102737478463E+02
   21.4000      0.995776643362E+01
   21.5000      0.922482074616E+01
   21.6000      0.925959643371E+01
   21.7000      0.953137546306E+01
   21.8000      0.104275926526E+02
   21.9000      0.107377803872E+02
   22.0000      0.102952987778E+02
   22.1000      0.100738260099E+02
   22.2000      0.921593419642E+01
   22.3000      0.867365063589E+01
   22.4000      0.841286331554E+01
   22.5000      0.867141886429E+01
   22.6000      0.955167588560E+01
   22.7000      0.936579736884E+01
   22.8000      0.932425870906E+01
   22.9000      0.917177315653E+01
   23.0000      0.824423165989E+01
   23.1000      0.775037680626E+01
   23.2000      0.744427799044E+01
   23.3000      0.780717114242E+01
   23.4000      0.802773486057E+01
   23.5000      0.788322777337E+01
   23.6000      0.819243785795E+01
   23.7000      0.775372787199E+01
   23.8000      0.726079678184E+01
   23.9000      0.689001100352E+01
   24.0000      0.671349438440E+01
   24.1000      0.716136798958E+01
   24.2000      0.681875226477E+01
   24.3000      0.695044220565E+01
   24.4000      0.730351656166E+01
   24.5000      0.666204888693E+01
   24.6000      0.650357931403E+01
   24.7000      0.640898465687E+01
   24.8000      0.653054673207E+01
   24.9000      0.661170442636E+01
   25.0000      0.635492447409E+01
   25.1000      0.684609266025E+01
   25.2000      0.658840045186E+01
   25.3000      0.610486465928E+01
   25.4000      0.622841503614E+01
   25.5000      0.609433363096E+01
   25.6000      0.635018788834E+01
   25.7000      0.620134041741E+01
   25.8000      0.631355356381E+01
   25.9000      0.674943409032E+01
   26.0000      0.599306580254E+01
   26.1000      0.585634707732E+01
   26.2000      0.598906173338E+01
   26.3000      0.566018118531E+01
   26.4000      0.577358487162E+01
   26.5000      0.578096645475E+01
   26.6000      0.613558492633E+01
   26.7000      0.601101728267E+01
   26.8000      0.547588069623E+01
   26.9000      0.569222833450E+01
   27.0000      0.533236631521E+01
   27.1000      0.504181298633E+01
   27.2000      0.518185376754E+01
   27.3000      0.519332519381E+01
   27.4000      0.547183728567E+01
   27.5000      0.514531745057E+01
   27.6000      0.508463031276E+01
   27.7000      0.527801968218E+01
   27.8000      0.465711875517E+01
   27.9000      0.461841238417E+01
   28.0000      0.477709136525E+01
   28.1000      0.467710128440E+01
   28.2000      0.475433971329E+01
   28.3000      0.467857821361E+01
   28.4000      0.488337032031E+01
   28.5000      0.472836181047E+01
   28.6000      0.441085753990E+01
   28.7000      0.463775347166E+01
   28.8000      0.450763082044E+01
   28.9000      0.445256534014E+01
   29.0000      0.454204937289E+01
   29.1000      0.454049607793E+01
   29.2000      0.471303951017E+01
   29.3000      0.447201723820E+01
   29.4000      0.448573426443E+01
   29.5000      0.468906888568E+01
   29.6000      0.441473074485E+01
   29.7000      0.445980606324E+01
   29.8000      0.455074381465E+01
   29.9000      0.450469265308E+01
   30.0000      0.448270430255E+01
   30.1000      0.437944053712E+01
   30.2000      0.453389389974E+01
   30.3000      0.444867687089E+01
   30.4000      0.431788931406E+01
   30.5000      0.445585132925E+01
   30.6000      0.435759386854E+01
   30.7000      0.433014797144E+01
   30.8000      0.422885114878E+01
   30.9000      0.417237088949E+01
   31.0000      0.428812683610E+01
   31.1000      0.405249703936E+01
   31.2000      0.407542854038E+01
   31.3000      0.419746537691E+01
   31.4000      0.402052386875E+01
   31.5000      0.398986355171E+01
   31.6000      0.392052408215E+01
   31.7000      0.392916826952E+01
   31.8000      0.382722560534E+01
   31.9000      0.366711754653E+01
   32.0000      0.384757620426E+01
   32.1000      0.375213645077E+01
   32.2000      0.365954742783E+01
   32.3000      0.372098666397E+01
   32.4000      0.363237808131E+01
   32.5000      0.366631552218E+01
   32.6000      0.347051356805E+01
   32.7000      0.346275379943E+01
   32.8000      0.363356373818E+01
   32.9000      0.337146982099E+01
   33.0000      0.343316244928E+01
   33.1000      0.355500587390E+01
   33.2000      0.342506105516E+01
   33.3000      0.341269953166E+01
   33.4000      0.333177570294E+01
   33.5000      0.343909963442E+01
   33.6000      0.334534077016E+01
   33.7000      0.317430182909E+01
   33.8000      0.342454436067E+01
   33.9000      0.332013397455E+01
   34.0000      0.322137762048E+01
   34.1000      0.332566858569E+01
   34.2000      0.325428154690E+01
   34.3000      0.330701105807E+01
   34.4000      0.313490661053E+01
   34.5000      0.314940469119E+01
   34.6000      0.332898445049E+01
   34.7000      0.303518847707E+01
   34.8000      0.310639877856E+01
   34.9000      0.324933684258E+01
   35.0000      0.306535168096E+01
   35.1000      0.308055807821E+01
   35.2000      0.304620493677E+01
   35.3000      0.310308214059E+01
   35.4000      0.302013292359E+01
   35.5000      0.285478035110E+01
   35.6000      0.308508848148E+01
   35.7000      0.295810581336E+01
   35.8000      0.281310973522E+01
   35.9000      0.298153443536E+01
   36.0000      0.288173825941E+01
   36.1000      0.286571074766E+01
   36.2000      0.279490139858E+01
   36.3000      0.277492811356E+01
   36.4000      0.289411060321E+01
   36.5000      0.263931499205E+01
   36.6000      0.269385372489E+01
   36.7000      0.284218026035E+01
   36.8000      0.260632896639E+01
   36.9000      0.265109022027E+01
   37.0000      0.268995512127E+01
   37.1000      0.263863291774E+01
   37.2000      0.260157159560E+01
   37.3000      0.250506833697E+01
   37.4000      0.265351713053E+01
   37.5000      0.255247526280E+01
   37.6000      0.241995562515E+01
   37.7000      0.261500560873E+01
   37.8000      0.251364036867E+01
   37.9000      0.245319673444E+01
   38.0000      0.250537141937E+01
   38.1000      0.246123553634E+01
   38.2000      0.251597703379E+01
   38.3000      0.238542904345E+01
   38.4000      0.241944553506E+01
   38.5000      0.254422134956E+01
   38.6000      0.235193255728E+01
   38.7000      0.241402234489E+01
   38.8000      0.250199795641E+01
   38.9000      0.239833852522E+01
   39.0000      0.241394007504E+01
   39.1000      0.240294962589E+01
   39.2000      0.245703567578E+01
   39.3000      0.240954453344E+01
   39.4000      0.233705388415E+01
   39.5000      0.248537189086E+01
   39.6000      0.241117911729E+01
   39.7000      0.235275992776E+01
   39.8000      0.245193502300E+01
   39.9000      0.239826588596E+01
   40.0000      0.240433627167E+01
   40.1000      0.237185144066E+01
   40.2000      0.237077599220E+01
   40.3000      0.243865155002E+01
   40.4000      0.231594591349E+01
   40.5000      0.235106019452E+01
   40.6000      0.242064419667E+01
   40.7000      0.231061262656E+01
   40.8000      0.232725926510E+01
   40.9000      0.233843947078E+01
   41.0000      0.232072495163E+01
   41.1000      0.228853527271E+01
   41.2000      0.224292019760E+01
   41.3000      0.231443726201E+01
   41.4000      0.224896279925E+01
   41.5000      0.219332439186E+01
   41.6000      0.226749005194E+01
   41.7000      0.220506597537E+01
   41.8000      0.218472478086E+01
   41.9000      0.217801390839E+01
   42.0000      0.215297018395E+01
   42.1000      0.218362901466E+01
   42.2000      0.209625813232E+01
   42.3000      0.211198274535E+01
   42.4000      0.216331490504E+01
   42.5000      0.206641791544E+01
   42.6000      0.208498654321E+01
   42.7000      0.210585913947E+01
   42.8000      0.207705153087E+01
   42.9000      0.206134258274E+01
   43.0000      0.203574860718E+01
   43.1000      0.209684973797E+01
   43.2000      0.204787622408E+01
   43.3000      0.200620970106E+01
   43.4000      0.209700995252E+01
   43.5000      0.204517240991E+01
   43.6000      0.202985275066E+01
   43.7000      0.206060033472E+01
   43.8000      0.204171710802E+01
   43.9000      0.207534314583E+01
   44.0000      0.201429658308E+01
   44.1000      0.204097564265E+01
   44.2000      0.210554717588E+01
   44.3000      0.200325117095E+01
   44.4000      0.204478022912E+01
   44.5000      0.209024777696E+01
   44.6000      0.203195645286E+01
   44.7000      0.204040577820E+01
   44.8000      0.203225001746E+01
   44.9000      0.206957878764E+01
   45.0000      0.202626521779E+01
   45.1000      0.197669456084E+01
   45.2000      0.207989996909E+01
   45.3000      0.200692063842E+01
   45.4000      0.195793172033E+01
   45.5000      0.203523513424E+01
   45.6000      0.197650863879E+01
   45.7000      0.196720628214E+01
   45.8000      0.194595709543E+01
   45.9000      0.193645040073E+01
   46.0000      0.197482974593E+01
   46.1000      0.186152041031E+01
   46.2000      0.189525029938E+01
   46.3000      0.194766755148E+01
   46.4000      0.181837683937E+01
   46.5000      0.185058257145E+01
   46.6000      0.187045152722E+01
   46.7000      0.181476407673E+01
   46.8000      0.180286342365E+01
   46.9000      0.177208659565E+01
   47.0000      0.182584938407E+01
   47.1000      0.176216609926E+01
   47.2000      0.170105967163E+01
   47.3000      0.181527382076E+01
   47.4000      0.173020070170E+01
   47.5000      0.168058324461E+01
   47.6000      0.176164344109E+01
   47.7000      0.170525311067E+01
   47.8000      0.170349771817E+01
   47.9000      0.168682380162E+01
   48.0000      0.169190315211E+01
   48.1000      0.174018889310E+01
   48.2000      0.163364862113E+01
   48.3000      0.168702602495E+01
   48.4000      0.175013881723E+01
   48.5000      0.162758202016E+01
   48.6000      0.168191838167E+01
   48.7000      0.171734396888E+01
   48.8000      0.166758334535E+01
   48.9000      0.167726770236E+01
   49.0000      0.166493875421E+01
   49.1000      0.172404798930E+01
   49.2000      0.167419827967E+01
   49.3000      0.162660009838E+01
   49.4000      0.175047448254E+01
   49.5000      0.166857923521E+01
   49.6000      0.162329825089E+01
   49.7000      0.172299544475E+01
   49.8000      0.166151157168E+01
   49.9000      0.165407428987E+01
   50.0000      0.165804175099E+01
   50.1000      0.165322035600E+01
   50.2000      0.168834413697E+01
   50.3000      0.159081736918E+01
   50.4000      0.163605693613E+01
   50.5000      0.168691487642E+01
   50.6000      0.155411504125E+01
   50.7000      0.160771053935E+01
   50.8000      0.163790809897E+01
   50.9000      0.155987640341E+01
   51.0000      0.157307287085E+01
   51.1000      0.155987862992E+01
   51.2000      0.158382853013E+01
   51.3000      0.153449144740E+01
   51.4000      0.148498029380E+01
   51.5000      0.158564605022E+01
   51.6000      0.149717184635E+01
   51.7000      0.144489582730E+01
   51.8000      0.154577883749E+01
   51.9000      0.146964511758E+01
   52.0000      0.144815418176E+01
   52.1000      0.147392898839E+01
   52.2000      0.145105810732E+01
   52.3000      0.147018894348E+01
   52.4000      0.140023519416E+01
   52.5000      0.143529265827E+01
   52.6000      0.147882400015E+01
   52.7000      0.136181365588E+01
   52.8000      0.142160114760E+01
   52.9000      0.145898594128E+01
   53.0000      0.137438870216E+01
   53.1000      0.140915631624E+01
   53.2000      0.141532007347E+01
   53.3000      0.141735400007E+01
   53.4000      0.139675608112E+01
   53.5000      0.137096208009E+01
   53.6000      0.145520620791E+01
   53.7000      0.138999511047E+01
   53.8000      0.135465210779E+01
   53.9000      0.146203219291E+01
   54.0000      0.139269159986E+01
   54.1000      0.137400214455E+01
   54.2000      0.143137541053E+01
   54.3000      0.139936737531E+01
   54.4000      0.141070650070E+01
   54.5000      0.138272820241E+01
   54.6000      0.140442331049E+01
   54.7000      0.143935126274E+01
   54.8000      0.134977694698E+01
   54.9000      0.140436388510E+01
   55.0000      0.143970753835E+01
   55.1000      0.135021766692E+01
   55.2000      0.139362688614E+01
   55.3000      0.140617195640E+01
   55.4000      0.137513920146E+01
   55.5000      0.137266656117E+01
   55.6000      0.135654528714E+01
   55.7000      0.140163689905E+01
   55.8000      0.135028223889E+01
   55.9000      0.131790056934E+01
   56.0000      0.140416215696E+01
   56.1000      0.133147593889E+01
   56.2000      0.130317559646E+01
   56.3000      0.136922587156E+01
   56.4000      0.131590594638E+01
   56.5000      0.130857831698E+01
   56.6000      0.131024879948E+01
   56.7000      0.130396864461E+01
   56.8000      0.132007983087E+01
   56.9000      0.125681191398E+01
   57.0000      0.129251567783E+01
   57.1000      0.131792518538E+01
   57.2000      0.123035760182E+01
   57.3000      0.127553353377E+01
   57.4000      0.129169288897E+01
   57.5000      0.123577528746E+01
   57.6000      0.125456000859E+01
   57.7000      0.125165061679E+01
   57.8000      0.126151877031E+01
   57.9000      0.123642264458E+01
   58.0000      0.121697678239E+01
   58.1000      0.128250697446E+01
   58.2000      0.122438246497E+01
   58.3000      0.120134520140E+01
   58.4000      0.127831763279E+01
   58.5000      0.122050867525E+01
   58.6000      0.120992372689E+01
   58.7000      0.125016379702E+01
   58.8000      0.122584693120E+01
   58.9000      0.123488714803E+01
   59.0000      0.121467223400E+01
   59.1000      0.123409480261E+01
   59.2000      0.125643169902E+01
   59.3000      0.119076760592E+01
   59.4000      0.123689995344E+01
   59.5000      0.125933698515E+01
   59.6000      0.119241596927E+01
   59.7000      0.123283206602E+01
   59.8000      0.124325631033E+01
   59.9000      0.121818221857E+01
   60.0000      0.122368658342E+01
   60.1000      0.121683964191E+01
   60.2000      0.124830556588E+01
   60.3000      0.121149704456E+01
   60.4000      0.119310754537E+01
   60.5000      0.126110620728E+01
   60.6000      0.120187536663E+01
   60.7000      0.118495274578E+01
   60.8000      0.124763208560E+01
   60.9000      0.119878051556E+01
   61.0000      0.119340656055E+01
   61.1000      0.121189939455E+01
   61.2000      0.119812544401E+01
   61.3000      0.120600207904E+01
   61.4000      0.116946233322E+01
   61.5000      0.119419838633E+01
   61.6000      0.120965293334E+01
   61.7000      0.114164897065E+01
   61.8000      0.118494392375E+01
   61.9000      0.119759545406E+01
   62.0000      0.113913746457E+01
   62.1000      0.116883246189E+01
   62.2000      0.116957388948E+01
   62.3000      0.115433690558E+01
   62.4000      0.114719226076E+01
   62.5000      0.113534295987E+01
   62.6000      0.117123673493E+01
   62.7000      0.112763318334E+01
   62.8000      0.111063297480E+01
   62.9000      0.117476478984E+01
   63.0000      0.111646870007E+01
   63.1000      0.110350999941E+01
   63.2000      0.115609640462E+01
   63.3000      0.111304794087E+01
   63.4000      0.111055852128E+01
   63.5000      0.112069649174E+01
   63.6000      0.111445240907E+01
   63.7000      0.112332772173E+01
   63.8000      0.108688703037E+01
   63.9000      0.111701443627E+01
   64.0000      0.113106197911E+01
   64.1000      0.107073659921E+01
   64.2000      0.111470382019E+01
   64.3000      0.112476382816E+01
   64.4000      0.107661355338E+01
   64.5000      0.110496804683E+01
   64.6000      0.110582951720E+01
   64.7000      0.109859316787E+01
   64.8000      0.109242952692E+01
   64.9000      0.108480173298E+01
   65.0000      0.112217160950E+01
   65.1000      0.108243193798E+01
   65.2000      0.107107174657E+01
   65.3000      0.113038554666E+01
   65.4000      0.107731554577E+01
   65.5000      0.106904303752E+01
   65.6000      0.111669552816E+01
   65.7000      0.107846460582E+01
   65.8000      0.107827786156E+01
   65.9000      0.108878373811E+01
   66.0000      0.108389653765E+01
   66.1000      0.109097089365E+01
   66.2000      0.106000111149E+01
   66.3000      0.108672898742E+01
   66.4000      0.109577512926E+01
   66.5000      0.104260434715E+01
   66.6000      0.108193818256E+01
   66.7000      0.108761467960E+01
   66.8000      0.104362823773E+01
   66.9000      0.107027996565E+01
   67.0000      0.106934021987E+01
   67.1000      0.105880264248E+01
   67.2000      0.105451362013E+01
   67.3000      0.104691580241E+01
   67.4000      0.107412139633E+01
   67.5000      0.103836780665E+01
   67.6000      0.102811603603E+01
   67.7000      0.107708569849E+01
   67.8000      0.102735407898E+01
   67.9000      0.101990258182E+01
   68.0000      0.106340233130E+01
   68.1000      0.102395796329E+01
   68.2000      0.102208380455E+01
   68.3000      0.103625623869E+01
   68.4000      0.102469894714E+01
   68.5000      0.102776407473E+01
   68.6000      0.100580944212E+01
   68.7000      0.102480374510E+01
   68.8000      0.103012937699E+01
   68.9000      0.985417681823E+00
   69.0000      0.102125486951E+01
   69.1000      0.102497089932E+01
   69.2000      0.982205617332E+00
   69.3000      0.101186042925E+01
   69.4000      0.101090907892E+01
   69.5000      0.992991664890E+00
   69.6000      0.997415052699E+00
   69.7000      0.992057118574E+00
   69.8000      0.100877362690E+01
   69.9000      0.983229158374E+00
   70.0000      0.976400768936E+00
   70.1000      0.101889727188E+01
   70.2000      0.974344657522E+00
   70.3000      0.969090246491E+00
   70.4000      0.101460909721E+01
   70.5000      0.971907234351E+00
   70.6000      0.970291494807E+00
   70.7000      0.995270449278E+00
   70.8000      0.974884884112E+00
   70.9000      0.977354291584E+00
   71.0000      0.969686341505E+00
   71.1000      0.980334436521E+00
   71.2000      0.984763526766E+00
   71.3000      0.949084346364E+00
   71.4000      0.982638731047E+00
   71.5000      0.985579530916E+00
   71.6000      0.941049405750E+00
   71.7000      0.977584024192E+00
   71.8000      0.977048169271E+00
   71.9000      0.947836561809E+00
   72.0000      0.966187591645E+00
   72.1000      0.962375622427E+00
   72.2000      0.964419384179E+00
   72.3000      0.952341765924E+00
   72.4000      0.946739658858E+00
   72.5000      0.979324259602E+00
   72.6000      0.939994555470E+00
   72.7000      0.934984235805E+00
   72.8000      0.982043320588E+00
   72.9000      0.933140770391E+00
   73.0000      0.931004986269E+00
   73.1000      0.969418125400E+00
   73.2000      0.933665028108E+00
   73.3000      0.934681895461E+00
   73.4000      0.945346871365E+00
   73.5000      0.938535385994E+00
   73.6000      0.940853356512E+00
   73.7000      0.918551100457E+00
   73.8000      0.942199127493E+00
   73.9000      0.943612992217E+00
   74.0000      0.899944170615E+00
   74.1000      0.940704890452E+00
   74.2000      0.939715953542E+00
   74.3000      0.896654927133E+00
   74.4000      0.932314839521E+00
   74.5000      0.928446220970E+00
   74.6000      0.907210848900E+00
   74.7000      0.917752323466E+00
   74.8000      0.912194801461E+00
   74.9000      0.923556633152E+00
   75.0000      0.901467966839E+00
   75.1000      0.896680821532E+00
   75.2000      0.935923975229E+00
   75.3000      0.889455105324E+00
   75.4000      0.887259504879E+00
   75.5000      0.936120986736E+00
   75.6000      0.884895295960E+00
   75.7000      0.885399099604E+00
   75.8000      0.921165012115E+00
   75.9000      0.887290082374E+00
   76.0000      0.889368491238E+00
   76.1000      0.896018575826E+00
   76.2000      0.893854996845E+00
   76.3000      0.895646272137E+00
   76.4000      0.870774443213E+00
   76.5000      0.899803949708E+00
   76.6000      0.899293935910E+00
   76.7000      0.854693041502E+00
   76.8000      0.899921661046E+00
   76.9000      0.896324612149E+00
   77.0000      0.852766992856E+00
   77.1000      0.892152491137E+00
   77.2000      0.886625155758E+00
   77.3000      0.864354027216E+00
   77.4000      0.878614631080E+00
   77.5000      0.873281990661E+00
   77.6000      0.882567564825E+00
   77.7000      0.863430130365E+00
   77.8000      0.860184913738E+00
   77.9000      0.897168752005E+00
   78.0000      0.851223396851E+00
   78.1000      0.851151784619E+00
   78.2000      0.900234972993E+00
   78.3000      0.846032388081E+00
   78.4000      0.848763738015E+00
   78.5000      0.889366065069E+00
   78.6000      0.848820268855E+00
   78.7000      0.852285536147E+00
   78.8000      0.867534013596E+00
   78.9000      0.856439755143E+00
   79.0000      0.858038558397E+00
   79.1000      0.842179083593E+00
   79.2000      0.863950163700E+00
   79.3000      0.862086279728E+00
   79.4000      0.822738668203E+00
   79.5000      0.867010133632E+00
   79.6000      0.861610256012E+00
   79.7000      0.815903087895E+00
   79.8000      0.862721418912E+00
   79.9000      0.855172813945E+00
   80.0000      0.822444377783E+00
   80.1000      0.850892665272E+00
   80.2000      0.843783522319E+00
   80.3000      0.837893730179E+00
   80.4000      0.834958473458E+00
   80.5000      0.830960845507E+00
   80.6000      0.854617795572E+00
   80.7000      0.820160463130E+00
   80.8000      0.820492081032E+00
   80.9000      0.864179220416E+00
   81.0000      0.810741716903E+00
   81.1000      0.814639243693E+00
   81.2000      0.860983339143E+00
   81.3000      0.808847530315E+00
   81.4000      0.814090006319E+00
   81.5000      0.845173277778E+00
   81.6000      0.814076228629E+00
   81.7000      0.817721675637E+00
   81.8000      0.821955701715E+00
   81.9000      0.822916019191E+00
   82.0000      0.822367400827E+00
   82.1000      0.798857545009E+00
   82.2000      0.830043376486E+00
   82.3000      0.824447919670E+00
   82.4000      0.783344751102E+00
   82.5000      0.831257695692E+00
   82.6000      0.822071348590E+00
   82.7000      0.780262431075E+00
   82.8000      0.825057092200E+00
   82.9000      0.815235015029E+00
   83.0000      0.789310587819E+00
   83.1000      0.812450078668E+00
   83.2000      0.805194525498E+00
   83.3000      0.805135024338E+00
   83.4000      0.796752693054E+00
   83.5000      0.794439867395E+00
   83.6000      0.820223038544E+00
   83.7000      0.782870537511E+00
   83.8000      0.786030424616E+00
   83.9000      0.827854556912E+00
   84.0000      0.775044823220E+00
   84.1000      0.781876191463E+00
   84.2000      0.824067255107E+00
   84.3000      0.774817460836E+00
   84.4000      0.781928983368E+00
   84.5000      0.809209234746E+00
   84.6000      0.780893883497E+00
   84.7000      0.784794733866E+00
   84.8000      0.788064770292E+00
   84.9000      0.789923696066E+00
   85.0000      0.788306292893E+00
   85.1000      0.767615322057E+00
   85.2000      0.797403004955E+00
   85.3000      0.789975913521E+00
   85.4000      0.754087429662E+00
   85.5000      0.799343542014E+00
   85.6000      0.788104124566E+00
   85.7000      0.751034306468E+00
   85.8000      0.794118441582E+00
   85.9000      0.782639396446E+00
   86.0000      0.758278751943E+00
   86.1000      0.782871291990E+00
   86.2000      0.774797745623E+00
   86.3000      0.771791294151E+00
   86.4000      0.768663623664E+00
   86.5000      0.766338888996E+00
   86.6000      0.785347331839E+00
   86.7000      0.755510036958E+00
   86.8000      0.759227195921E+00
   86.9000      0.793209411788E+00
   87.0000      0.747159573860E+00
   87.1000      0.755004131637E+00
   87.2000      0.792000449404E+00
   87.3000      0.745492565799E+00
   87.4000      0.753940001042E+00
   87.5000      0.781447373117E+00
   87.6000      0.749775499449E+00
   87.7000      0.755066773525E+00
   87.8000      0.764509054393E+00
   87.9000      0.757357072706E+00
   88.0000      0.756948588835E+00
   88.1000      0.746421408327E+00
   88.2000      0.764747951799E+00
   88.3000      0.758109741977E+00
   88.4000      0.732518962910E+00
   88.5000      0.768516863495E+00
   88.6000      0.757234649393E+00
   88.7000      0.726240761900E+00
   88.8000      0.766442701388E+00
   88.9000      0.753745002839E+00
   89.0000      0.728365167061E+00
   89.1000      0.758516659201E+00
   89.2000      0.748172067942E+00
   89.3000      0.737023355107E+00
   89.4000      0.746794313901E+00
   89.5000      0.741704662606E+00
   89.6000      0.748210694378E+00
   89.7000      0.734362663644E+00
   89.8000      0.735570979024E+00
   89.9000      0.757184639697E+00
   90.0000      0.724380106472E+00
   90.1000      0.730830171457E+00
   90.2000      0.760279654942E+00
   90.3000      0.719232729700E+00
   90.4000      0.728135047675E+00
   90.5000      0.755987706290E+00
   90.6000      0.719643502046E+00
   90.7000      0.727354377209E+00
   90.8000      0.745120325708E+00
   90.9000      0.724386790428E+00
   91.0000      0.727671676465E+00
   91.1000      0.730533576213E+00
   91.2000      0.730960699335E+00
   91.3000      0.728122240432E+00
   91.4000      0.716291667578E+00
   91.5000      0.736514242025E+00
   91.6000      0.727870054536E+00
   91.7000      0.706163173190E+00
   91.8000      0.738538241400E+00
   91.9000      0.726233998414E+00
   92.0000      0.702287236539E+00
   92.1000      0.735591440984E+00
   92.2000      0.722949655273E+00
   92.3000      0.704758517229E+00
   92.4000      0.727941195878E+00
   92.5000      0.718427654802E+00
   92.6000      0.711846744783E+00
   92.7000      0.717455542645E+00
   92.8000      0.713502451036E+00
   92.9000      0.720465778376E+00
   93.0000      0.706760598171E+00
   93.1000      0.708958389309E+00
   93.2000      0.727077936871E+00
   93.3000      0.698371407338E+00
   93.4000      0.705353069325E+00
   93.5000      0.728938118713E+00
   93.6000      0.694073427983E+00
   93.7000      0.702997899200E+00
   93.8000      0.724974579618E+00
   93.9000      0.694400850237E+00
   94.0000      0.701826557379E+00
   94.1000      0.715931447064E+00
   94.2000      0.698406908628E+00
   94.3000      0.701368391079E+00
   94.4000      0.704021605698E+00
   94.5000      0.704030662998E+00
   94.6000      0.700990728679E+00
   94.7000      0.692267431125E+00
   94.8000      0.708839160308E+00
   94.9000      0.700145039068E+00
   95.0000      0.683543449877E+00
   95.1000      0.710733861256E+00
   95.2000      0.698457761159E+00
   95.3000      0.679650542764E+00
   95.4000      0.708525546047E+00
   95.5000      0.695813773850E+00
   95.6000      0.680858950107E+00
   95.7000      0.702312915591E+00
   95.8000      0.692427205068E+00
   95.9000      0.685957229537E+00
   96.0000      0.693424605579E+00
   96.1000      0.688733307271E+00
   96.2000      0.692644451324E+00
   96.3000      0.683917058265E+00
   96.4000      0.685185136203E+00
   96.5000      0.698233164303E+00
   96.6000      0.675941422261E+00
   96.7000      0.682151205972E+00
   96.8000      0.700508788941E+00
   96.9000      0.671168229610E+00
   97.0000      0.679857293191E+00
   97.1000      0.698352716774E+00
   97.2000      0.670294901740E+00
   97.3000      0.678282423862E+00
   97.4000      0.691933937999E+00
   97.5000      0.672826874992E+00
   97.6000      0.677160250398E+00
   97.7000      0.682599680425E+00
   97.8000      0.677320866571E+00
   97.9000      0.676158387816E+00
   98.0000      0.672516371780E+00
   98.1000      0.681902384718E+00
   98.2000      0.675013977807E+00
   98.3000      0.664002045520E+00
   98.4000      0.684745595604E+00
   98.5000      0.673510723574E+00
   98.6000      0.658775837706E+00
   98.7000      0.684496965111E+00
   98.8000      0.671491154915E+00
   98.9000      0.657531705033E+00
   99.0000      0.680689981043E+00
   99.1000      0.668983302286E+00
   99.2000      0.659912643475E+00
   99.3000      0.673924868149E+00
   99.4000      0.666223766144E+00
   99.5000      0.664664620048E+00
   99.6000      0.665612398861E+00
   99.7000      0.663487538750E+00
   99.8000      0.669916464636E+00
   99.9000      0.657472408572E+00
  100.0000      0.660945518898E+00
  100.1000      0.673685832019E+00
  100.2000      0.651095677042E+00
  100.3000      0.658686781851E+00
  100.4000      0.674482161091E+00
  100.5000      0.647614692738E+00
  100.6000      0.656765044421E+00
  100.7000      0.671696557504E+00
  100.8000      0.647423482623E+00
  100.9000      0.655162075574E+00
  101.0000      0.665665192011E+00
  101.1000      0.650048259759E+00
  101.2000      0.653761057046E+00
  101.3000      0.657514839671E+00
  101.4000      0.654288833626E+00
  101.5000      0.652398946060E+00
  101.6000      0.648866625388E+00
  101.7000      0.658563401841E+00
  101.8000      0.650931120993E+00
  101.9000      0.641422044271E+00
  102.0000      0.661313197578E+00
  102.1000      0.649264102240E+00
  102.2000      0.636539195459E+00
  102.3000      0.661389540028E+00
  102.4000      0.647383995297E+00
  102.5000      0.634931355548E+00
  102.6000      0.658344385580E+00
  102.7000      0.645365388142E+00
  102.8000      0.636521867362E+00
  102.9000      0.652515484942E+00
  103.0000      0.643318976547E+00
  103.1000      0.640454067946E+00
  103.2000      0.644891834292E+00
  103.3000      0.641321009070E+00
  103.4000      0.645295407544E+00
  103.5000      0.636860059985E+00
  103.6000      0.639402162806E+00
  103.7000      0.649420947727E+00
  103.8000      0.629908522622E+00
  103.9000      0.637581488624E+00
  104.0000      0.651438132938E+00
  104.1000      0.625300188099E+00
  104.2000      0.635875054754E+00
  104.3000      0.650501994384E+00
  104.4000      0.623759060620E+00
  104.5000      0.634269606086E+00
  104.6000      0.646466714249E+00
  104.7000      0.625274326233E+00
  104.8000      0.632706996607E+00
  104.9000      0.639884269760E+00
  105.0000      0.629098954358E+00
  105.1000      0.631104874385E+00
  105.2000      0.631869301496E+00
  105.3000      0.633944142631E+00
  105.4000      0.629404603176E+00
  105.5000      0.623859262824E+00
  105.6000      0.638309978303E+00
  105.7000      0.627616985718E+00
  105.8000      0.617305241693E+00
  105.9000      0.640844336433E+00
  106.0000      0.625820483980E+00
  106.1000      0.613331387294E+00
  106.2000      0.640619778593E+00
  106.3000      0.624099364708E+00
  106.4000      0.612445853536E+00
  106.5000      0.637295695455E+00
  106.6000      0.622486526355E+00
  106.7000      0.614427402997E+00
  106.8000      0.631195175251E+00
  106.9000      0.620976926383E+00
  107.0000      0.618434996395E+00
  107.1000      0.623277815712E+00
  107.2000      0.619571699561E+00
  107.3000      0.623244304679E+00
  107.4000      0.614937907484E+00
  107.5000      0.618265780431E+00
  107.6000      0.627493822714E+00
  107.7000      0.607648421298E+00
  107.8000      0.616993700736E+00
  107.9000      0.629931865325E+00
  108.0000      0.602607246967E+00
  108.1000      0.615632997540E+00
  108.2000      0.629690539851E+00
  108.3000      0.600519127899E+00
  108.4000      0.614083706917E+00
  108.5000      0.626509435096E+00
  108.6000      0.601502022623E+00
  108.7000      0.612325979279E+00
  108.8000      0.620780007908E+00
  108.9000      0.605059270625E+00
  109.0000      0.610395011214E+00
  109.1000      0.613397046784E+00
  109.2000      0.610144978101E+00
  109.3000      0.608335892617E+00
  109.4000      0.605532034072E+00
  109.5000      0.615382881019E+00
  109.6000      0.606212813315E+00
  109.7000      0.598419930032E+00
  109.8000      0.619395539372E+00
  109.9000      0.604143650286E+00
  110.0000      0.593152188598E+00
  110.1000      0.621106558758E+00
  110.2000      0.602283585507E+00
  110.3000      0.590459417736E+00
  110.4000      0.619919923048E+00
  110.5000      0.600752919287E+00
  110.6000      0.590541845478E+00
  110.7000      0.615784580396E+00
  110.8000      0.599578168534E+00
  110.9000      0.593032733994E+00
  111.0000      0.609187527303E+00
  111.1000      0.598695066547E+00
  111.2000      0.597112459885E+00
  111.3000      0.601079013138E+00
  111.4000      0.597991591748E+00
  111.5000      0.601709934163E+00
  111.6000      0.592706627396E+00
  111.7000      0.597340194780E+00
  111.8000      0.605712157317E+00
  111.9000      0.585367415430E+00
  112.0000      0.596601733148E+00
  112.1000      0.608144549797E+00
  112.2000      0.580142872377E+00
  112.3000      0.595628082364E+00
  112.4000      0.608323275964E+00
  112.5000      0.577698813815E+00
  112.6000      0.594291882996E+00
  112.7000      0.605974553523E+00
  112.8000      0.578191347741E+00
  112.9000      0.592532107659E+00
  113.0000      0.601286568481E+00
  113.1000      0.581266833668E+00
  113.2000      0.590378531020E+00
  113.3000      0.594863386375E+00
  113.4000      0.586132715449E+00
  113.5000      0.587941864525E+00
  113.6000      0.587596294870E+00
  113.7000      0.591695932191E+00
  113.8000      0.585390540454E+00
  113.9000      0.580499533292E+00
  114.0000      0.596759590340E+00
  114.1000      0.582928110561E+00
  114.2000      0.574540880628E+00
  114.3000      0.600233298429E+00
  114.4000      0.580759041991E+00
  114.5000      0.570477547493E+00
  114.6000      0.601305538940E+00
  114.7000      0.579040019174E+00
  114.8000      0.568724522085E+00
  114.9000      0.599561869895E+00
  115.0000      0.577844424547E+00
  115.1000      0.569297508324E+00
  115.2000      0.595053130366E+00
  115.3000      0.577160829158E+00
  115.4000      0.571840578732E+00
  115.5000      0.588297335202E+00
  115.6000      0.576907589396E+00
  115.7000      0.575705183470E+00
  115.8000      0.580190087404E+00
  115.9000      0.576938043559E+00
  116.0000      0.580050406580E+00
  116.1000      0.571836879322E+00
  116.2000      0.577044689809E+00
  116.3000      0.583965951376E+00
  116.4000      0.564360727404E+00
  116.5000      0.576987576958E+00
  116.6000      0.586619449261E+00
  116.7000      0.558730065961E+00
  116.8000      0.576545029456E+00
  116.9000      0.587397771560E+00
  117.0000      0.555619126986E+00
  117.1000      0.575558510219E+00
  117.2000      0.586001188684E+00
  117.3000      0.555306911063E+00
  117.4000      0.573955792750E+00
  117.5000      0.582476488975E+00
  117.6000      0.557636756933E+00
  117.7000      0.571761582637E+00
  117.8000      0.577199875723E+00
  117.9000      0.562053242286E+00
  118.0000      0.569101886161E+00
  118.1000      0.570814918839E+00
  118.2000      0.567700861469E+00
  118.3000      0.566188813966E+00
  118.4000      0.564122009846E+00
  118.5000      0.573551191078E+00
  118.6000      0.563276985182E+00
  118.7000      0.557935968663E+00
  118.8000      0.578543558686E+00
  118.9000      0.560612176322E+00
  119.0000      0.552956861070E+00
  119.1000      0.581742861482E+00
  119.2000      0.558402207631E+00
  119.3000      0.549689429703E+00
  119.4000      0.582498793639E+00
  119.5000      0.556809140898E+00
  119.6000      0.548402381427E+00
  119.7000      0.580556326494E+00
  119.8000      0.555932631031E+00
  119.9000      0.549096910373E+00
  120.0000      0.576073238639E+00
  120.1000      0.555771414130E+00
  120.2000      0.551484005328E+00
  120.3000      0.569553106559E+00
  120.4000      0.556193368994E+00
  120.5000      0.555009723936E+00
  120.6000      0.561745793292E+00
  120.7000      0.556955193677E+00
  120.8000      0.558957581779E+00
  120.9000      0.553555743138E+00
  121.0000      0.557771017241E+00
  121.1000      0.562598533451E+00
  121.2000      0.545949800821E+00
  121.3000      0.558380924222E+00
  121.4000      0.565315035043E+00
  121.5000      0.539832074118E+00
  121.6000      0.558573626545E+00
  121.7000      0.566651855860E+00
  121.8000      0.535888713654E+00
  121.9000      0.558173816638E+00
  122.0000      0.566320968508E+00
  122.1000      0.534462862905E+00
  122.2000      0.557047440582E+00
  122.3000      0.564223428456E+00
  122.4000      0.535523895337E+00
  122.5000      0.555148964303E+00
  122.6000      0.560498777406E+00
  122.7000      0.538728045131E+00
  122.8000      0.552567774081E+00
  122.9000      0.555538635285E+00
  123.0000      0.543504843925E+00
  123.1000      0.549517117230E+00
  123.2000      0.549910214609E+00
  123.3000      0.549119288636E+00
  123.4000      0.546269049508E+00
  123.5000      0.544223425680E+00
  123.6000      0.554726701530E+00
  123.7000      0.543091319773E+00
  123.8000      0.539028024444E+00
  123.9000      0.559467047516E+00
  124.0000      0.540222775345E+00
  124.1000      0.534778175195E+00
  124.2000      0.562603394574E+00
  124.3000      0.537871623842E+00
  124.4000      0.531821614847E+00
  124.5000      0.563649118948E+00
  124.6000      0.536205684079E+00
  124.7000      0.530364481719E+00
  124.8000      0.562421449988E+00
  124.9000      0.535326858317E+00
  125.0000      0.530425399638E+00
  125.1000      0.559014917640E+00
  125.2000      0.535240877586E+00
  125.3000      0.531826102625E+00
  125.4000      0.553746425617E+00
  125.5000      0.535838960146E+00
  125.6000      0.534229387521E+00
  125.7000      0.547117573849E+00
  125.8000      0.536911954610E+00
  125.9000      0.537195692399E+00
  126.0000      0.539780579589E+00
  126.1000      0.538201791393E+00
  126.2000      0.540242719816E+00
  126.3000      0.532467520887E+00
  126.4000      0.539454920042E+00
  126.5000      0.542912324367E+00
  126.6000      0.525888896350E+00
  126.7000      0.540437513796E+00
  126.8000      0.544827289948E+00
  126.9000      0.520649044416E+00
  127.0000      0.540930912652E+00
  127.1000      0.545710615000E+00
  127.2000      0.517192195616E+00
  127.3000      0.540756137607E+00
  127.4000      0.545386349076E+00
  127.5000      0.515754211802E+00
  127.6000      0.539815774885E+00
  127.7000      0.543802705534E+00
  127.8000      0.516331713132E+00
  127.9000      0.538101709222E+00
  128.0000      0.541058039555E+00
  128.1000      0.518706866981E+00
  128.2000      0.535681031473E+00
  128.3000      0.537381003667E+00
  128.4000      0.522502607402E+00
  128.5000      0.532704334619E+00
  128.6000      0.533085300106E+00
  128.7000      0.527214612847E+00
  128.8000      0.529402414577E+00
  128.9000      0.528542057219E+00
  129.0000      0.532246366372E+00
  129.1000      0.526028909117E+00
  129.2000      0.524138535854E+00
  129.3000      0.536987013932E+00
  129.4000      0.522813686895E+00
  129.5000      0.520207360769E+00
  129.6000      0.540880219118E+00
  129.7000      0.519975057703E+00
  129.8000      0.517001357258E+00
  129.9000      0.543456277548E+00
  130.0000      0.517714808665E+00
  130.1000      0.514718798535E+00
  130.2000      0.544387764592E+00
  130.3000      0.516170254882E+00
  130.4000      0.513479624549E+00
  130.5000      0.543543623338E+00
  130.6000      0.515400854031E+00
  130.7000      0.513274151039E+00
  130.8000      0.540961179672E+00
  130.9000      0.515394755158E+00
  131.0000      0.513982753092E+00
  131.1000      0.536811060113E+00
  131.2000      0.516050899930E+00
  131.3000      0.515414810958E+00
  131.4000      0.531421308049E+00
  131.5000      0.517209086212E+00
  131.6000      0.517319229908E+00
  131.7000      0.525249817574E+00
  131.8000      0.518704720149E+00
  131.9000      0.519432578984E+00
  132.0000      0.518801376777E+00
  132.1000      0.520338114211E+00
  132.2000      0.521506316787E+00
  132.3000      0.512593894452E+00
  132.4000      0.521859746793E+00
  132.5000      0.523265237480E+00
  132.6000      0.507104882694E+00
  132.7000      0.523043202560E+00
  132.8000      0.524447846004E+00
  132.9000      0.502695510828E+00
  133.0000      0.523702421989E+00
  133.1000      0.524895141290E+00
  133.2000      0.499635031500E+00
  133.3000      0.523691691359E+00
  133.4000      0.524534030299E+00
  133.5000      0.498110218283E+00
  133.6000      0.522962275714E+00
  133.7000      0.523366269137E+00
  133.8000      0.498159463500E+00
  133.9000      0.521532843573E+00
  134.0000      0.521474135464E+00
  134.1000      0.499677741183E+00
  134.2000      0.519446612700E+00
  134.3000      0.518958172107E+00
  134.4000      0.502423754513E+00
  134.5000      0.516806750651E+00
  134.6000      0.515958344056E+00
  134.7000      0.506034090376E+00
  134.8000      0.513747777416E+00
  134.9000      0.512682029210E+00
  135.0000      0.510134285342E+00
  135.1000      0.510443610301E+00
  135.2000      0.509331527866E+00
  135.3000      0.514342425584E+00
  135.4000      0.507138177139E+00
  135.5000      0.506121069396E+00
  135.6000      0.518244017317E+00
  135.7000      0.504034579907E+00
  135.8000      0.503255759959E+00
  135.9000      0.521481501064E+00
  136.0000      0.501286508080E+00
  136.1000      0.500853419613E+00
  136.2000      0.523752978742E+00
  136.3000      0.499047674014E+00
  136.4000      0.499008190964E+00
  136.5000      0.524839527611E+00
  136.6000      0.497420295584E+00
  136.7000      0.497784369473E+00
  136.8000      0.524652934842E+00
  136.9000      0.496477302492E+00
  137.0000      0.497192666998E+00
  137.1000      0.523185948311E+00
  137.2000      0.496229321433E+00
  137.3000      0.497205658417E+00
  137.4000      0.520545813685E+00
  137.5000      0.496615614320E+00
  137.6000      0.497709114904E+00
  137.7000      0.516893777186E+00
  137.8000      0.497553187282E+00
  137.9000      0.498585392665E+00
  138.0000      0.512434856282E+00
  138.1000      0.498887974832E+00
  138.2000      0.499710226000E+00
  138.3000      0.507494260319E+00
  138.4000      0.500483633026E+00
  138.5000      0.500934946222E+00
  138.6000      0.502384672708E+00
  138.7000      0.502211246126E+00
  138.8000      0.502158052541E+00
  138.9000      0.497421173663E+00
  139.0000      0.503892885859E+00
  139.1000      0.503243092327E+00
  139.2000      0.492899295921E+00
  139.3000      0.505363248203E+00
  139.4000      0.504056951796E+00
  139.5000      0.489023347482E+00
  139.6000      0.506448427151E+00
  139.7000      0.504484956726E+00
  139.8000      0.485965790952E+00
  139.9000      0.507032160197E+00
  140.0000      0.504463543065E+00
  140.1000      0.483838539875E+00
  140.2000      0.507026193525E+00
  140.3000      0.503986648985E+00
  140.4000      0.482727481186E+00
  140.5000      0.506426309443E+00
  140.6000      0.503064917039E+00
  140.7000      0.482632915487E+00
  140.8000      0.505276464771E+00
  140.9000      0.501793308061E+00
  141.0000      0.483507877776E+00
  141.1000      0.503606444472E+00
  141.2000      0.500215112441E+00
  141.3000      0.485234517056E+00
  141.4000      0.501520039731E+00
  141.5000      0.498403338668E+00
  141.6000      0.487611132514E+00
  141.7000      0.499069858657E+00
  141.8000      0.496427279547E+00
  141.9000      0.490426442364E+00
  142.0000      0.496358048573E+00
  142.1000      0.494343040883E+00
  142.2000      0.493446943766E+00
  142.3000      0.493506629433E+00
  142.4000      0.492250592497E+00
  142.5000      0.496468403996E+00
  142.6000      0.490658860838E+00
  142.7000      0.490249634358E+00
  142.8000      0.499299489752E+00
  142.9000      0.487959965255E+00
  143.0000      0.488434836519E+00
  143.1000      0.501794133677E+00
  143.2000      0.485543914233E+00
  143.3000      0.486860433590E+00
  143.4000      0.503759253763E+00
  143.5000      0.483482341029E+00
  143.6000      0.485559815363E+00
  143.7000      0.505082905128E+00
  143.8000      0.481817171583E+00
  143.9000      0.484500379270E+00
  144.0000      0.505632909007E+00
  144.1000      0.480583469487E+00
  144.2000      0.483702824782E+00
  144.3000      0.505391108418E+00
  144.4000      0.479796135998E+00
  144.5000      0.483154535648E+00
  144.6000      0.504394002291E+00
  144.7000      0.479500645569E+00
  144.8000      0.482882920201E+00
  144.9000      0.502718881154E+00
  145.0000      0.479687804137E+00
  145.1000      0.482870054890E+00
  145.2000      0.500468460228E+00
  145.3000      0.480315281747E+00
  145.4000      0.483069428743E+00
  145.5000      0.497730455030E+00
  145.6000      0.481297278135E+00
  145.7000      0.483401788549E+00
  145.8000      0.494595733665E+00
  145.9000      0.482522279945E+00
  146.0000      0.483806277467E+00
  146.1000      0.491200674462E+00
  146.2000      0.483903631908E+00
  146.3000      0.484219282733E+00
  146.4000      0.487677306239E+00
  146.5000      0.485366416601E+00
  146.6000      0.484639821275E+00
  146.7000      0.484210182998E+00
  146.8000      0.486837330437E+00
  146.9000      0.485015531849E+00
  147.0000      0.480921482901E+00
  147.1000      0.488239003869E+00
  147.2000      0.485329574243E+00
  147.3000      0.477930311751E+00
  147.4000      0.489459094540E+00
  147.5000      0.485503321403E+00
  147.6000      0.475296518004E+00
  147.7000      0.490409569068E+00
  147.8000      0.485506437779E+00
  147.9000      0.473085796807E+00
  148.0000      0.491020820481E+00
  148.1000      0.485317283020E+00
  148.2000      0.471353606687E+00
  148.3000      0.491264408128E+00
  148.4000      0.484947372610E+00
  148.5000      0.470150613465E+00
  148.6000      0.491150817686E+00
  148.7000      0.484432488756E+00
  148.8000      0.469499652265E+00
  148.9000      0.490671291028E+00
  149.0000      0.483774927185E+00
  149.1000      0.469387580693E+00
  149.2000      0.489857208430E+00
  149.3000      0.483008129429E+00
  149.4000      0.469771009281E+00
  149.5000      0.488694439340E+00
  149.6000      0.482115689660E+00
  149.7000      0.470586678791E+00
  149.8000      0.487235804514E+00
  149.9000      0.481141190703E+00
  150.0000      0.471769011299E+00
  150.1000      0.485502406022E+00
  150.2000      0.480088787752E+00
  150.3000      0.473245110704E+00
  150.4000      0.483570987692E+00
  150.5000      0.479007861520E+00
  150.6000      0.474937251801E+00
  150.7000      0.481489193465E+00
  150.8000      0.477911630384E+00
  150.9000      0.476760222824E+00
  151.0000      0.479321711210E+00
  151.1000      0.476824583029E+00
  151.2000      0.478620547280E+00
  151.3000      0.477128229481E+00
  151.4000      0.475773631708E+00
  151.5000      0.480453015248E+00
  151.6000      0.474970573624E+00
  151.7000      0.474769830063E+00
  151.8000      0.482167715166E+00
  151.9000      0.472909664014E+00
  152.0000      0.473848349820E+00
  152.1000      0.483729316456E+00
  152.2000      0.471003841209E+00
  152.3000      0.473009594622E+00
  152.4000      0.485055544247E+00
  152.5000      0.469288887864E+00
  152.6000      0.472269936003E+00
  152.7000      0.486121277820E+00
  152.8000      0.467806114983E+00
  152.9000      0.471619148156E+00
  153.0000      0.486860272827E+00
  153.1000      0.466557812121E+00
  153.2000      0.471044250185E+00
  153.3000      0.487247132165E+00
  153.4000      0.465562444145E+00
  153.5000      0.470536561470E+00
  153.6000      0.487262216360E+00
  153.7000      0.464821644013E+00
  153.8000      0.470090350520E+00
  153.9000      0.486909643442E+00
  154.0000      0.464338757546E+00
  154.1000      0.469698217527E+00
  154.2000      0.486205797468E+00
  154.3000      0.464123087988E+00
  154.4000      0.469380005062E+00
  154.5000      0.485206684742E+00
  154.6000      0.464177406360E+00
  154.7000      0.469129783771E+00
  154.8000      0.483934080685E+00
  154.9000      0.464490271905E+00
  155.0000      0.468956037418E+00
  155.1000      0.482454721341E+00
  155.2000      0.465042694426E+00
  155.3000      0.468838549128E+00
  155.4000      0.480773330680E+00
  155.5000      0.465784918592E+00
  155.6000      0.468748361292E+00
  155.7000      0.478927739885E+00
  155.8000      0.466673969107E+00
  155.9000      0.468665421134E+00
  156.0000      0.476947509053E+00
  156.1000      0.467664926062E+00
  156.2000      0.468572426777E+00
  156.3000      0.474872078265E+00
  156.4000      0.468725756453E+00
  156.5000      0.468464119422E+00
  156.6000      0.472755554297E+00
  156.7000      0.469825410488E+00
  156.8000      0.468347840180E+00
  156.9000      0.470657303029E+00
  157.0000      0.470950263586E+00
  157.1000      0.468223899779E+00
  157.2000      0.468611511617E+00
  157.3000      0.472042154050E+00
  157.4000      0.468066322728E+00
  157.5000      0.466643609064E+00
  157.6000      0.473073748954E+00
  157.7000      0.467878058431E+00
  157.8000      0.464786489225E+00
  157.9000      0.474010196035E+00
  158.0000      0.467644942843E+00
  158.1000      0.463056826887E+00
  158.2000      0.474835918074E+00
  158.3000      0.467384343590E+00
  158.4000      0.461503660302E+00
  158.5000      0.475551150744E+00
  158.6000      0.467114526878E+00
  158.7000      0.460156052267E+00
  158.8000      0.476159246089E+00
  158.9000      0.466850193287E+00
  159.0000      0.459029423470E+00
  159.1000      0.476642376943E+00
  159.2000      0.466574294817E+00
  159.3000      0.458112099404E+00
  159.4000      0.476954271164E+00
  159.5000      0.466262445043E+00
  159.6000      0.457383518777E+00
  159.7000      0.477081656988E+00
  159.8000      0.465903093217E+00
  159.9000      0.456825267710E+00
  160.0000      0.476996761040E+00
  160.1000      0.465484046354E+00
  160.2000      0.456435194569E+00
  160.3000      0.476719093841E+00
  160.4000      0.465040008864E+00
  160.5000      0.456235580765E+00
  160.6000      0.476292021624E+00
  160.7000      0.464603098991E+00
  160.8000      0.456236953121E+00
  160.9000      0.475743492075E+00
  161.0000      0.464194296699E+00
  161.1000      0.456434571005E+00
  161.2000      0.475091462497E+00
  161.3000      0.463810544726E+00
  161.4000      0.456796989230E+00
  161.5000      0.474320085933E+00
  161.6000      0.463429530785E+00
  161.7000      0.457285646285E+00
  161.8000      0.473428322250E+00
  161.9000      0.463040668838E+00
  162.0000      0.457869334918E+00
  162.1000      0.472410386033E+00
  162.2000      0.462632087081E+00
  162.3000      0.458531656159E+00
  162.4000      0.471277889965E+00
  162.5000      0.462221454371E+00
  162.6000      0.459275817638E+00
  162.7000      0.470079620869E+00
  162.8000      0.461836702071E+00
  162.9000      0.460101725243E+00
  163.0000      0.468842736030E+00
  163.1000      0.461488733724E+00
  163.2000      0.461001980501E+00
  163.3000      0.467589566171E+00
  163.4000      0.461181931357E+00
  163.5000      0.461950109524E+00
  163.6000      0.466328442267E+00
  163.7000      0.460896600134E+00
  163.8000      0.462903895170E+00
  163.9000      0.465048308088E+00
  164.0000      0.460613645986E+00
  164.1000      0.463837225797E+00
  164.2000      0.463759437079E+00
  164.3000      0.460333306421E+00
  164.4000      0.464739201952E+00
  164.5000      0.462469922884E+00
  164.6000      0.460053310365E+00
  164.7000      0.465603683732E+00
  164.8000      0.461189874372E+00
  164.9000      0.459783721626E+00
  165.0000      0.466437447708E+00
  165.1000      0.459954553333E+00
  165.2000      0.459547692002E+00
  165.3000      0.467251852256E+00
  165.4000      0.458786062837E+00
  165.5000      0.459351791252E+00
  165.6000      0.468043243464E+00
  165.7000      0.457688686561E+00
  165.8000      0.459189988547E+00
  165.9000      0.468796335233E+00
  166.0000      0.456663777273E+00
  166.1000      0.459049094509E+00
  166.2000      0.469488433767E+00
  166.3000      0.455698054077E+00
  166.4000      0.458905616617E+00
  166.5000      0.470093213480E+00
  166.6000      0.454781008143E+00
  166.7000      0.458747246417E+00
  166.8000      0.470604067598E+00
  166.9000      0.453917804339E+00
  167.0000      0.458580617259E+00
  167.1000      0.471035993558E+00
  167.2000      0.453118689573E+00
  167.3000      0.458419411192E+00
  167.4000      0.471407760840E+00
  167.5000      0.452403706330E+00
  167.6000      0.458282654331E+00
  167.7000      0.471739506854E+00
  167.8000      0.451793030761E+00
  167.9000      0.458184069051E+00
  168.0000      0.472043034916E+00
  168.1000      0.451288372274E+00
  168.2000      0.458118827007E+00
  168.3000      0.472310403447E+00
  168.4000      0.450877906502E+00
  168.5000      0.458069529757E+00
  168.6000      0.472524615301E+00
  168.7000      0.450542195589E+00
  168.8000      0.458015754218E+00
  168.9000      0.472670853813E+00
  169.0000      0.450262852604E+00
  169.1000      0.457943599187E+00
  169.2000      0.472743378884E+00
  169.3000      0.450037420607E+00
  169.4000      0.457855242577E+00
  169.5000      0.472753421608E+00
  169.6000      0.449875422020E+00
  169.7000      0.457764252231E+00
  169.8000      0.472722267055E+00
  169.9000      0.449785916479E+00
  170.0000      0.457682466155E+00
  170.1000      0.472665484532E+00
  170.2000      0.449770698141E+00
  170.3000      0.457611263771E+00
  170.4000      0.472586149369E+00
  170.5000      0.449819169436E+00
  170.6000      0.457540207356E+00
  170.7000      0.472477057956E+00
  170.8000      0.449914622022E+00
  170.9000      0.457455770202E+00
  171.0000      0.472330634249E+00
  171.1000      0.450048765577E+00
  171.2000      0.457354493719E+00
  171.3000      0.472152160115E+00
  171.4000      0.450227752307E+00
  171.5000      0.457248575130E+00
  171.6000      0.471963160097E+00
  171.7000      0.450468952143E+00
  171.8000      0.457160109769E+00
  171.9000      0.471791707081E+00
  172.0000      0.450790739213E+00
  172.1000      0.457107801245E+00
  172.2000      0.471657892039E+00
  172.3000      0.451198766971E+00
  172.4000      0.457094213718E+00
  172.5000      0.471562795064E+00
  172.6000      0.451680690921E+00
  172.7000      0.457102581844E+00
  172.8000      0.471488185913E+00
  172.9000      0.452212721580E+00
  173.0000      0.457105272049E+00
  173.1000      0.471408375788E+00
  173.2000      0.452771359979E+00
  173.3000      0.457077999975E+00
  173.4000      0.471306137469E+00
  173.5000      0.453344409306E+00
  173.6000      0.457011536186E+00
  173.7000      0.471183417761E+00
  173.8000      0.453935421777E+00
  173.9000      0.456915040150E+00
  174.0000      0.471062445052E+00
  174.1000      0.454559743550E+00
  174.2000      0.456810584864E+00
  174.3000      0.470977735411E+00
  174.4000      0.455237658630E+00
  174.5000      0.456723490701E+00
  174.6000      0.470964231494E+00
  174.7000      0.455989827322E+00
  174.8000      0.456673954256E+00
  174.9000      0.471047973372E+00
  175.0000      0.456835917814E+00
  175.1000      0.456672385482E+00
  175.2000      0.471241752867E+00
  175.3000      0.457794667528E+00
  175.4000      0.456717889384E+00
  175.5000      0.471545580705E+00
  175.6000      0.458882954944E+00
  175.7000      0.456799245763E+00
  175.8000      0.471951956013E+00
  175.9000      0.460114299853E+00
  176.0000      0.456898926932E+00
  176.1000      0.472455384431E+00
  176.2000      0.461500403922E+00
  176.3000      0.457000342955E+00
  176.4000      0.473064144882E+00
  176.5000      0.463058562288E+00
  176.6000      0.457096727567E+00
  176.7000      0.473811335458E+00
  176.8000      0.464824925399E+00
  176.9000      0.457198432034E+00
  177.0000      0.474761956848E+00
  177.1000      0.466871259776E+00
  177.2000      0.457334732447E+00
  177.3000      0.476014420848E+00
  177.4000      0.469322045601E+00
  177.5000      0.457548039480E+00
  177.6000      0.477699631846E+00
  177.7000      0.472373725363E+00
  177.8000      0.457883559904E+00
  177.9000      0.479988697639E+00
  178.0000      0.476330226818E+00
  178.1000      0.458383414857E+00
  178.2000      0.483130394132E+00
  178.3000      0.481689767233E+00
  178.4000      0.459097581024E+00
  178.5000      0.487556568839E+00
  178.6000      0.489365022877E+00
  178.7000      0.460126600267E+00
  178.8000      0.494147679844E+00
  178.9000      0.501279976367E+00
  179.0000      0.461731400451E+00
  179.1000      0.504984559221E+00
  179.2000      0.522314012277E+00
  179.3000      0.464682265422E+00
  179.4000      0.526206717903E+00
  179.5000      0.569296262297E+00
  179.6000      0.472183103159E+00
  179.7000      0.586887657052E+00
  179.8000      0.761891427900E+00
  179.9000      0.534183540564E+00
  180.0000      0.289707617714E+01
