    0.1000      0.111064796255E+08
    0.2000      0.292415338554E+07
    0.3000      0.543547548921E+06
    0.4000      0.444977535424E+06
    0.5000      0.238432618126E+06
    0.6000      0.162930426548E+06
    0.7000      0.113436694539E+06
    0.8000      0.859009338320E+05
    0.9000      0.567254857225E+05
    1.0000      0.438991951306E+05
    1.1000      0.454630879954E+05
    1.2000      0.388891699043E+05
    1.3000      0.350373466934E+05
    1.4000      0.260249669105E+05
    1.5000      0.202887229078E+05
    1.6000      0.204566381325E+05
    1.7000      0.171783093467E+05
    1.8000      0.146197763198E+05
    1.9000      0.109171712938E+05
    2.0000      0.842470937494E+04
    2.1000      0.980276640254E+04
    2.2000      0.102793788135E+05
    2.3000      0.100694583122E+05
    2.4000      0.855118743167E+04
    2.5000      0.611082537146E+04
    2.6000      0.608415266680E+04
    2.7000      0.667231283033E+04
    2.8000      0.687036292756E+04
    2.9000      0.670588490994E+04
    3.0000      0.495342495978E+04
    3.1000      0.351758097266E+04
    3.2000      0.336139742440E+04
    3.3000      0.342831290442E+04
    3.4000      0.379482825529E+04
    3.5000      0.359781775663E+04
    3.6000      0.270475173901E+04
    3.7000      0.232246184660E+04
    3.8000      0.234473668134E+04
    3.9000      0.267452654349E+04
    4.0000      0.308989717472E+04
    4.1000      0.276911913799E+04
    4.2000      0.220036000762E+04
    4.3000      0.191854935971E+04
    4.4000      0.181854391707E+04
    4.5000      0.217734194511E+04
    4.6000      0.253421417632E+04
    4.7000      0.228500449180E+04
    4.8000      0.183910188738E+04
    4.9000      0.137574238074E+04
    5.0000      0.102255961814E+04
    5.1000      0.116259456312E+04
    5.2000      0.144157422772E+04
    5.3000      0.147475276341E+04
    5.4000      0.134765650882E+04
    5.5000      0.100479081047E+04
    5.6000      0.657207514646E+03
    5.7000      0.639398676935E+03
    5.8000      0.807521648712E+03
    5.9000      0.101005193481E+04
    6.0000      0.112824752059E+04
    6.1000      0.975632814736E+03
    6.2000      0.737551036963E+03
    6.3000      0.637689817841E+03
    6.4000      0.665511245740E+03
    6.5000      0.868207003296E+03
    6.6000      0.110120156257E+04
    6.7000      0.112124554112E+04
    6.8000      0.102017718880E+04
    6.9000      0.886978796281E+03
    7.0000      0.735991761587E+03
    7.1000      0.750224208493E+03
    7.2000      0.906553248674E+03
    7.3000      0.101240188631E+04
    7.4000      0.107374552331E+04
    7.5000      0.104652256659E+04
    7.6000      0.866627712271E+03
    7.7000      0.714105944030E+03
    7.8000      0.681724630206E+03
    7.9000      0.704813726698E+03
    8.0000      0.800157211666E+03
    8.1000      0.887030427722E+03
    8.2000      0.830969779165E+03
    8.3000      0.705814317058E+03
    8.4000      0.597076620433E+03
    8.5000      0.514578812583E+03
    8.6000      0.523199409113E+03
    8.7000      0.595023906194E+03
    8.8000      0.615274410219E+03
    8.9000      0.582906555877E+03
    9.0000      0.519025999960E+03
    9.1000      0.426355794994E+03
    9.2000      0.376522810898E+03
    9.3000      0.388301506700E+03
    9.4000      0.402387753368E+03
    9.5000      0.409391886030E+03
    9.6000      0.395389053214E+03
    9.7000      0.336886276034E+03
    9.8000      0.283740247946E+03
    9.9000      0.267403088712E+03
   10.0000      0.263975952963E+03
   10.1000      0.279539597184E+03
   10.2000      0.299711609565E+03
   10.3000      0.281979198026E+03
   10.4000      0.243151925175E+03
   10.5000      0.208213361922E+03
   10.6000      0.171652320867E+03
   10.7000      0.161018531983E+03
   10.8000      0.188508859766E+03
   10.9000      0.214438691218E+03
   11.0000      0.221850120075E+03
   11.1000      0.209497696373E+03
   11.2000      0.164113610951E+03
   11.3000      0.113876069001E+03
   11.4000      0.984405936942E+02
   11.5000      0.111813003291E+03
   11.6000      0.140109141254E+03
   11.7000      0.170289726602E+03
   11.8000      0.170776149729E+03
   11.9000      0.138381619498E+03
   12.0000      0.100478059965E+03
   12.1000      0.710397200934E+02
   12.2000      0.610771996722E+02
   12.3000      0.796688259821E+02
   12.4000      0.107134346305E+03
   12.5000      0.122272752631E+03
   12.6000      0.121289000179E+03
   12.7000      0.100527029424E+03
   12.8000      0.675169589110E+02
   12.9000      0.451986871588E+02
   13.0000      0.420082550041E+02
   13.1000      0.543559671297E+02
   13.2000      0.767797868027E+02
   13.3000      0.925415448568E+02
   13.4000      0.876838358056E+02
   13.5000      0.682364897252E+02
   13.6000      0.444829912364E+02
   13.7000      0.268447990467E+02
   13.8000      0.268959027729E+02
   13.9000      0.419772073209E+02
   14.0000      0.579165448025E+02
   14.1000      0.666569029482E+02
   14.2000      0.631254665233E+02
   14.3000      0.471936733123E+02
   14.4000      0.298320095708E+02
   14.5000      0.207752755443E+02
   14.6000      0.209138821840E+02
   14.7000      0.299619887078E+02
   14.8000      0.424346086569E+02
   14.9000      0.485116650106E+02
   15.0000      0.452301457616E+02
   15.1000      0.355872777298E+02
   15.2000      0.230863896074E+02
   15.3000      0.151603751058E+02
   15.4000      0.166609040325E+02
   15.5000      0.242737297421E+02
   15.6000      0.327786926999E+02
   15.7000      0.378519970505E+02
   15.8000      0.350408616431E+02
   15.9000      0.263337408142E+02
   16.0000      0.178881088544E+02
   16.1000      0.131328123946E+02
   16.2000      0.138070699630E+02
   16.3000      0.198602318212E+02
   16.4000      0.259308234063E+02
   16.5000      0.280964939774E+02
   16.6000      0.267796674197E+02
   16.7000      0.222470251078E+02
   16.8000      0.159220285850E+02
   16.9000      0.124450338765E+02
   17.0000      0.130742865254E+02
   17.1000      0.160658906200E+02
   17.2000      0.204259920490E+02
   17.3000      0.236085799440E+02
   17.4000      0.221326296879E+02
   17.5000      0.176690548577E+02
   17.6000      0.137652089138E+02
   17.7000      0.115743573476E+02
   17.8000      0.117780525805E+02
   17.9000      0.147036388369E+02
   18.0000      0.177332128187E+02
   18.1000      0.189317398092E+02
   18.2000      0.185444596049E+02
   18.3000      0.166634179138E+02
   18.4000      0.134864885401E+02
   18.5000      0.112486841342E+02
   18.6000      0.113124379905E+02
   18.7000      0.129713093062E+02
   18.8000      0.149652291131E+02
   18.9000      0.164015457674E+02
   19.0000      0.161936582069E+02
   19.1000      0.145200908936E+02
   19.2000      0.126873765596E+02
   19.3000      0.117200084964E+02
   19.4000      0.115448868445E+02
   19.5000      0.122961822276E+02
   19.6000      0.137780201410E+02
   19.7000      0.149222962375E+02
   19.8000      0.146960814494E+02
   19.9000      0.135721535493E+02
   20.0000      0.121532124532E+02
   20.1000      0.109346447687E+02
   20.2000      0.106907227962E+02
   20.3000      0.116387845337E+02
   20.4000      0.125293185927E+02
   20.5000      0.129523846625E+02
   20.6000      0.133075836767E+02
   20.7000      0.132103559656E+02
   20.8000      0.121935359636E+02
   20.9000      0.112980761193E+02
   21.0000      0.110310788648E+02
   21.1000      0.110899428882E+02
   21.2000      0.115689470540E+02
   21.3000      0.123499891493E+02
   21.4000      0.122699485641E+02
   21.5000      0.114866885357E+02
   21.6000      0.110800801540E+02
   21.7000      0.109888828976E+02
   21.8000      0.106371937945E+02
   21.9000      0.106627811542E+02
   22.0000      0.112021480387E+02
   22.1000      0.116193217639E+02
   22.2000      0.117608923066E+02
   22.3000      0.117962869352E+02
   22.4000      0.112366241090E+02
   22.5000      0.103898956190E+02
   22.6000      0.101074577467E+02
   22.7000      0.103064020996E+02
   22.8000      0.102592846081E+02
   22.9000      0.102486964110E+02
   23.0000      0.105168294300E+02
   23.1000      0.106719558492E+02
   23.2000      0.105086154092E+02
   23.3000      0.104094683833E+02
   23.4000      0.102878367861E+02
   23.5000      0.101450633225E+02
   23.6000      0.102648852882E+02
   23.7000      0.105611532899E+02
   23.8000      0.104358469783E+02
   23.9000      0.100690490320E+02
   24.0000      0.985884835997E+01
   24.1000      0.968714646174E+01
   24.2000      0.933711437458E+01
   24.3000      0.917744739751E+01
   24.4000      0.923679112230E+01
   24.5000      0.934606172924E+01
   24.6000      0.953476508641E+01
   24.7000      0.981229742102E+01
   24.8000      0.977391693378E+01
   24.9000      0.954895169669E+01
   25.0000      0.949144530564E+01
   25.1000      0.951233420465E+01
   25.2000      0.930541283592E+01
   25.3000      0.913139228558E+01
   25.4000      0.907174268532E+01
   25.5000      0.897525653508E+01
   25.6000      0.885131191946E+01
   25.7000      0.884921049196E+01
   25.8000      0.873452388221E+01
   25.9000      0.859108679282E+01
   26.0000      0.870083398711E+01
   26.1000      0.896097996108E+01
   26.2000      0.896356947472E+01
   26.3000      0.888952675691E+01
   26.4000      0.891973300612E+01
   26.5000      0.889581254205E+01
   26.6000      0.869522829122E+01
   26.7000      0.854818859123E+01
   26.8000      0.839503859622E+01
   26.9000      0.822541189133E+01
   27.0000      0.821919021326E+01
   27.1000      0.838289388028E+01
   27.2000      0.835742983136E+01
   27.3000      0.827720548043E+01
   27.4000      0.842007660649E+01
   27.5000      0.863184912979E+01
   27.6000      0.859403117429E+01
   27.7000      0.853073178954E+01
   27.8000      0.854777222164E+01
   27.9000      0.850152283073E+01
   28.0000      0.836035127436E+01
   28.1000      0.826921615716E+01
   28.2000      0.805911449238E+01
   28.3000      0.778504567638E+01
   28.4000      0.770541066080E+01
   28.5000      0.778183595645E+01
   28.6000      0.767651841206E+01
   28.7000      0.757521039527E+01
   28.8000      0.770311359875E+01
   28.9000      0.787639206040E+01
   29.0000      0.786081405447E+01
   29.1000      0.784641430111E+01
   29.2000      0.783577192676E+01
   29.3000      0.774336191275E+01
   29.4000      0.763824724810E+01
   29.5000      0.759130503804E+01
   29.6000      0.738212078026E+01
   29.7000      0.711469829362E+01
   29.8000      0.702736431132E+01
   29.9000      0.703501069462E+01
   30.0000      0.687843270651E+01
   30.1000      0.675432701293E+01
   30.2000      0.679661762378E+01
   30.3000      0.686962671977E+01
   30.4000      0.687230345202E+01
   30.5000      0.692638743873E+01
   30.6000      0.693191067144E+01
   30.7000      0.687153917473E+01
   30.8000      0.686552085808E+01
   30.9000      0.690670439012E+01
   31.0000      0.677848311508E+01
   31.1000      0.662014882303E+01
   31.2000      0.660327429306E+01
   31.3000      0.662944384344E+01
   31.4000      0.654509545105E+01
   31.5000      0.650508084693E+01
   31.6000      0.651944899737E+01
   31.7000      0.652137172607E+01
   31.8000      0.653652035206E+01
   31.9000      0.661021327187E+01
   32.0000      0.657393687643E+01
   32.1000      0.649172752687E+01
   32.2000      0.651391923247E+01
   32.3000      0.657173923810E+01
   32.4000      0.647732976505E+01
   32.5000      0.638491169890E+01
   32.6000      0.638727492360E+01
   32.7000      0.639548533380E+01
   32.8000      0.635861141507E+01
   32.9000      0.637746185805E+01
   33.0000      0.635689996059E+01
   33.1000      0.629586785577E+01
   33.2000      0.630844743501E+01
   33.3000      0.636590912897E+01
   33.4000      0.625472226828E+01
   33.5000      0.610254648209E+01
   33.6000      0.607689813650E+01
   33.7000      0.607270272963E+01
   33.8000      0.593389930137E+01
   33.9000      0.582425088182E+01
   34.0000      0.578846070650E+01
   34.1000      0.575117804876E+01
   34.2000      0.572265215246E+01
   34.3000      0.576512671176E+01
   34.4000      0.573043619256E+01
   34.5000      0.565802801910E+01
   34.6000      0.570049193817E+01
   34.7000      0.578406757892E+01
   34.8000      0.567965911345E+01
   34.9000      0.554186189464E+01
   35.0000      0.553467948782E+01
   35.1000      0.553454049823E+01
   35.2000      0.540493125184E+01
   35.3000      0.530789838995E+01
   35.4000      0.526859738026E+01
   35.5000      0.522273132307E+01
   35.6000      0.520199352171E+01
   35.7000      0.525126871442E+01
   35.8000      0.521987373364E+01
   35.9000      0.516273651507E+01
   36.0000      0.522706718847E+01
   36.1000      0.532864542859E+01
   36.2000      0.526121237241E+01
   36.3000      0.517498242687E+01
   36.4000      0.520449051190E+01
   36.5000      0.523259794411E+01
   36.6000      0.515021037214E+01
   36.7000      0.509610667129E+01
   36.8000      0.507416309028E+01
   36.9000      0.503676308439E+01
   37.0000      0.502203260216E+01
   37.1000      0.505749833338E+01
   37.2000      0.500911554331E+01
   37.3000      0.493923909803E+01
   37.4000      0.496836892310E+01
   37.5000      0.501983259320E+01
   37.6000      0.493686152681E+01
   37.7000      0.485092161006E+01
   37.8000      0.484928840501E+01
   37.9000      0.484451777145E+01
   38.0000      0.477616081729E+01
   38.1000      0.474404102228E+01
   38.2000      0.471730489285E+01
   38.3000      0.468005774691E+01
   38.4000      0.468496596189E+01
   38.5000      0.472796379990E+01
   38.6000      0.468158546024E+01
   38.7000      0.461928820846E+01
   38.8000      0.463402872536E+01
   38.9000      0.465046515105E+01
   39.0000      0.455876923345E+01
   39.1000      0.447105740837E+01
   39.2000      0.442610580567E+01
   39.3000      0.437110222739E+01
   39.4000      0.430099628269E+01
   39.5000      0.427629789469E+01
   39.6000      0.422975400334E+01
   39.7000      0.418684295753E+01
   39.8000      0.422565035909E+01
   39.9000      0.430610738446E+01
   40.0000      0.429674930435E+01
   40.1000      0.428754054185E+01
   40.2000      0.435332568500E+01
   40.3000      0.440778588635E+01
   40.4000      0.436757147350E+01
   40.5000      0.432871885024E+01
   40.6000      0.429171709711E+01
   40.7000      0.422490986032E+01
   40.8000      0.416183177847E+01
   40.9000      0.413337590997E+01
   41.0000      0.404840268531E+01
   41.1000      0.396824168306E+01
   41.2000      0.399560334301E+01
   41.3000      0.406739821258E+01
   41.4000      0.405281734715E+01
   41.5000      0.406041234793E+01
   41.6000      0.415908755499E+01
   41.7000      0.425233251111E+01
   41.8000      0.426841782783E+01
   41.9000      0.429178441690E+01
   42.0000      0.429901743701E+01
   42.1000      0.426261711388E+01
   42.2000      0.422817610888E+01
   42.3000      0.420541402212E+01
   42.4000      0.409165121243E+01
   42.5000      0.396500305120E+01
   42.6000      0.393868096363E+01
   42.7000      0.394183415149E+01
   42.8000      0.385344960310E+01
   42.9000      0.379680094031E+01
   43.0000      0.384426483224E+01
   43.1000      0.390120866190E+01
   43.2000      0.390585200424E+01
   43.3000      0.393975073719E+01
   43.4000      0.397347747332E+01
   43.5000      0.397720321814E+01
   43.6000      0.399141231196E+01
   43.7000      0.401279596073E+01
   43.8000      0.393522921813E+01
   43.9000      0.383236280718E+01
   44.0000      0.380890330635E+01
   44.1000      0.379126850359E+01
   44.2000      0.366741098066E+01
   44.3000      0.356242117473E+01
   44.4000      0.355129087400E+01
   44.5000      0.354756946523E+01
   44.6000      0.349854157345E+01
   44.7000      0.349014691525E+01
   44.8000      0.350282354683E+01
   44.9000      0.350705631791E+01
   45.0000      0.353552298244E+01
   45.1000      0.358538632874E+01
   45.2000      0.355853279875E+01
   45.3000      0.351511012647E+01
   45.4000      0.354220925440E+01
   45.5000      0.356717728986E+01
   45.6000      0.348372464956E+01
   45.7000      0.340513663195E+01
   45.8000      0.340098616826E+01
   45.9000      0.339010562867E+01
   46.0000      0.332261158351E+01
   46.1000      0.328618134229E+01
   46.2000      0.327385968667E+01
   46.3000      0.325706044021E+01
   46.4000      0.326206823369E+01
   46.5000      0.329542817984E+01
   46.6000      0.327524882248E+01
   46.7000      0.325055249060E+01
   46.8000      0.329424664331E+01
   46.9000      0.334081639791E+01
   47.0000      0.329141654010E+01
   47.1000      0.324512836442E+01
   47.2000      0.326365461692E+01
   47.3000      0.326852245037E+01
   47.4000      0.320871767513E+01
   47.5000      0.316912828051E+01
   47.6000      0.315024284055E+01
   47.7000      0.312185270206E+01
   47.8000      0.310467856636E+01
   47.9000      0.311383295566E+01
   48.0000      0.308118299999E+01
   48.1000      0.304881448900E+01
   48.2000      0.308283865667E+01
   48.3000      0.312517335637E+01
   48.4000      0.308255083382E+01
   48.5000      0.304620990000E+01
   48.6000      0.307565910745E+01
   48.7000      0.309110982453E+01
   48.8000      0.303657146606E+01
   48.9000      0.299733371471E+01
   49.0000      0.298118686721E+01
   49.1000      0.295081457113E+01
   49.2000      0.291970756703E+01
   49.3000      0.291272675759E+01
   49.4000      0.287303533719E+01
   49.5000      0.283547442082E+01
   49.6000      0.286354227364E+01
   49.7000      0.290655146657E+01
   49.8000      0.287355811186E+01
   49.9000      0.285264275626E+01
   50.0000      0.290744079751E+01
   50.1000      0.295216212661E+01
   50.2000      0.291932859536E+01
   50.3000      0.289985405252E+01
   50.4000      0.291301566647E+01
   50.5000      0.290481178691E+01
   50.6000      0.287313521710E+01
   50.7000      0.285854430024E+01
   50.8000      0.281963135942E+01
   50.9000      0.277556384452E+01
   51.0000      0.278268554062E+01
   51.1000      0.280660185552E+01
   51.2000      0.276481716312E+01
   51.3000      0.273890238963E+01
   51.4000      0.279719459931E+01
   51.5000      0.285543828770E+01
   51.6000      0.283756056243E+01
   51.7000      0.283916818027E+01
   51.8000      0.289255782333E+01
   51.9000      0.292557271839E+01
   52.0000      0.291441971856E+01
   52.1000      0.291544616075E+01
   52.2000      0.290457934883E+01
   52.3000      0.287509978465E+01
   52.4000      0.286487455053E+01
   52.5000      0.286186699487E+01
   52.6000      0.279920906665E+01
   52.7000      0.274131898946E+01
   52.8000      0.275360760789E+01
   52.9000      0.276783334792E+01
   53.0000      0.271182821084E+01
   53.1000      0.267965026414E+01
   53.2000      0.271475228317E+01
   53.3000      0.274118259672E+01
   53.4000      0.272177426567E+01
   53.5000      0.272412894789E+01
   53.6000      0.274049400696E+01
   53.7000      0.274115240539E+01
   53.8000      0.274186679401E+01
   53.9000      0.274900659064E+01
   54.0000      0.271008974144E+01
   54.1000      0.266387335834E+01
   54.2000      0.266222157741E+01
   54.3000      0.265494305140E+01
   54.4000      0.257747791785E+01
   54.5000      0.251293388164E+01
   54.6000      0.250934873221E+01
   54.7000      0.249784026298E+01
   54.8000      0.243752851529E+01
   54.9000      0.240366780784E+01
   55.0000      0.240516522077E+01
   55.1000      0.240109398268E+01
   55.2000      0.239239586607E+01
   55.3000      0.240289134814E+01
   55.4000      0.239547954148E+01
   55.5000      0.238522508916E+01
   55.6000      0.240790594917E+01
   55.7000      0.242912330168E+01
   55.8000      0.238997646597E+01
   55.9000      0.235499862795E+01
   56.0000      0.236861626110E+01
   56.1000      0.236814648921E+01
   56.2000      0.230807857967E+01
   56.3000      0.226474540478E+01
   56.4000      0.226028059106E+01
   56.5000      0.224630927149E+01
   56.6000      0.221201301405E+01
   56.7000      0.220027275799E+01
   56.8000      0.219375626890E+01
   56.9000      0.218788846631E+01
   57.0000      0.220472298949E+01
   57.1000      0.223183874746E+01
   57.2000      0.222164391819E+01
   57.3000      0.221715830572E+01
   57.4000      0.225537597982E+01
   57.5000      0.228400480044E+01
   57.6000      0.225420374412E+01
   57.7000      0.223431893597E+01
   57.8000      0.225274430015E+01
   57.9000      0.225507820220E+01
   58.0000      0.221741312596E+01
   58.1000      0.219577778805E+01
   58.2000      0.219081795802E+01
   58.3000      0.217919083895E+01
   58.4000      0.216851367607E+01
   58.5000      0.217185129092E+01
   58.6000      0.215880999066E+01
   58.7000      0.214967897015E+01
   58.8000      0.217244337208E+01
   58.9000      0.219466134277E+01
   59.0000      0.217185892788E+01
   59.1000      0.215791072032E+01
   59.2000      0.218260269542E+01
   59.3000      0.219370151550E+01
   59.4000      0.215782984591E+01
   59.5000      0.213487622288E+01
   59.6000      0.213817155264E+01
   59.7000      0.212940183249E+01
   59.8000      0.210118433119E+01
   59.9000      0.208741969594E+01
   60.0000      0.207461525083E+01
   60.1000      0.206002434841E+01
   60.2000      0.206014957505E+01
   60.3000      0.206618612374E+01
   60.4000      0.204316357594E+01
   60.5000      0.202607418473E+01
   60.6000      0.204239888090E+01
   60.7000      0.205049334382E+01
   60.8000      0.201305938360E+01
   60.9000      0.198651439176E+01
   61.0000      0.199305741407E+01
   61.1000      0.198612290144E+01
   61.2000      0.194510392911E+01
   61.3000      0.191949135159E+01
   61.4000      0.191208995468E+01
   61.5000      0.189848013365E+01
   61.6000      0.188135223003E+01
   61.7000      0.187751918544E+01
   61.8000      0.186586912009E+01
   61.9000      0.185745573854E+01
   62.0000      0.187220689343E+01
   62.1000      0.188764299643E+01
   62.2000      0.186868782017E+01
   62.3000      0.185801373269E+01
   62.4000      0.188037841635E+01
   62.5000      0.189041916837E+01
   62.6000      0.185751233127E+01
   62.7000      0.183668837099E+01
   62.8000      0.184378381914E+01
   62.9000      0.183773906209E+01
   63.0000      0.180619016896E+01
   63.1000      0.178972127602E+01
   63.2000      0.178501622608E+01
   63.3000      0.177705650107E+01
   63.4000      0.177340133252E+01
   63.5000      0.178046643079E+01
   63.6000      0.177534628366E+01
   63.7000      0.177638058003E+01
   63.8000      0.180300668061E+01
   63.9000      0.182730362284E+01
   64.0000      0.181800563229E+01
   64.1000      0.181854499522E+01
   64.2000      0.184860914848E+01
   64.3000      0.186481336810E+01
   64.4000      0.184335413530E+01
   64.5000      0.183281779051E+01
   64.6000      0.184256061129E+01
   64.7000      0.183884234117E+01
   64.8000      0.181511450741E+01
   64.9000      0.180243347355E+01
   65.0000      0.179405015604E+01
   65.1000      0.178289477204E+01
   65.2000      0.177843294313E+01
   65.3000      0.178073111445E+01
   65.4000      0.176918938507E+01
   65.5000      0.176538380325E+01
   65.6000      0.178565555915E+01
   65.7000      0.180278264744E+01
   65.8000      0.179227758033E+01
   65.9000      0.179279069497E+01
   66.0000      0.181711397455E+01
   66.1000      0.182917332960E+01
   66.2000      0.181265593510E+01
   66.3000      0.180489469432E+01
   66.4000      0.180834065631E+01
   66.5000      0.179967299198E+01
   66.6000      0.177727923217E+01
   66.7000      0.176053679880E+01
   66.8000      0.174016629016E+01
   66.9000      0.171778722090E+01
   67.0000      0.170365370573E+01
   67.1000      0.169199090297E+01
   67.2000      0.166560938536E+01
   67.3000      0.164847243543E+01
   67.4000      0.165343718512E+01
   67.5000      0.165563099916E+01
   67.6000      0.163758870783E+01
   67.7000      0.163213043998E+01
   67.8000      0.164584381562E+01
   67.9000      0.165115852419E+01
   68.0000      0.163849942074E+01
   68.1000      0.163368882658E+01
   68.2000      0.163342824954E+01
   68.3000      0.162478537715E+01
   68.4000      0.160993864746E+01
   68.5000      0.159681054243E+01
   68.6000      0.157394732226E+01
   68.7000      0.155092754413E+01
   68.8000      0.153825905413E+01
   68.9000      0.152395067925E+01
   69.0000      0.149308665043E+01
   69.1000      0.147225472058E+01
   69.2000      0.147187867227E+01
   69.3000      0.146773683649E+01
   69.4000      0.144724443750E+01
   69.5000      0.143999368307E+01
   69.6000      0.144899694661E+01
   69.7000      0.145214623168E+01
   69.8000      0.144440948628E+01
   69.9000      0.144454405364E+01
   70.0000      0.144622796471E+01
   70.1000      0.144314485227E+01
   70.2000      0.143970668181E+01
   70.3000      0.143637252101E+01
   70.4000      0.142048896209E+01
   70.5000      0.140649068723E+01
   70.6000      0.140475210825E+01
   70.7000      0.139840911376E+01
   70.8000      0.137348779324E+01
   70.9000      0.135863253511E+01
   71.0000      0.136304608893E+01
   71.1000      0.136124452004E+01
   71.2000      0.134289790679E+01
   71.3000      0.133733208813E+01
   71.4000      0.134654225586E+01
   71.5000      0.134960786343E+01
   71.6000      0.134354811556E+01
   71.7000      0.134553224740E+01
   71.8000      0.134889811325E+01
   71.9000      0.134890466539E+01
   72.0000      0.135068182522E+01
   72.1000      0.135268507129E+01
   72.2000      0.134246049152E+01
   72.3000      0.133522812891E+01
   72.4000      0.134090358050E+01
   72.5000      0.134084224476E+01
   72.6000      0.132160465604E+01
   72.7000      0.131222883091E+01
   72.8000      0.132145882114E+01
   72.9000      0.132238844771E+01
   73.0000      0.130531272068E+01
   73.1000      0.130060134572E+01
   73.2000      0.131074245919E+01
   73.3000      0.131321345855E+01
   73.4000      0.130525643098E+01
   73.5000      0.130609742462E+01
   73.6000      0.131041275090E+01
   73.7000      0.131100334967E+01
   73.8000      0.131241054137E+01
   73.9000      0.131554467467E+01
   74.0000      0.130937027333E+01
   74.1000      0.130599475681E+01
   74.2000      0.131425599789E+01
   74.3000      0.131739375308E+01
   74.4000      0.130289742827E+01
   74.5000      0.129741148457E+01
   74.6000      0.130912784669E+01
   74.7000      0.131163125224E+01
   74.8000      0.129549733484E+01
   74.9000      0.129098541857E+01
   75.0000      0.130135359460E+01
   75.1000      0.130255833912E+01
   75.2000      0.129139265816E+01
   75.3000      0.128972370483E+01
   75.4000      0.129415051964E+01
   75.5000      0.129372265208E+01
   75.6000      0.129175213386E+01
   75.7000      0.129359637280E+01
   75.8000      0.129040156288E+01
   75.9000      0.128898423837E+01
   76.0000      0.129653069633E+01
   76.1000      0.130088075800E+01
   76.2000      0.129114363558E+01
   76.3000      0.128886209012E+01
   76.4000      0.130101737793E+01
   76.5000      0.130441410994E+01
   76.6000      0.129036295649E+01
   76.7000      0.128620425686E+01
   76.8000      0.129524548068E+01
   76.9000      0.129426722640E+01
   77.0000      0.127993631313E+01
   77.1000      0.127446916471E+01
   77.2000      0.127588490103E+01
   77.3000      0.127132728148E+01
   77.4000      0.126325575896E+01
   77.5000      0.126020522921E+01
   77.6000      0.125542105627E+01
   77.7000      0.125160471015E+01
   77.8000      0.125462788720E+01
   77.9000      0.125671434037E+01
   78.0000      0.124878930509E+01
   78.1000      0.124746466852E+01
   78.2000      0.125845188729E+01
   78.3000      0.126228909550E+01
   78.4000      0.125124247079E+01
   78.5000      0.124873984466E+01
   78.6000      0.125750682043E+01
   78.7000      0.125619917452E+01
   78.8000      0.124164192431E+01
   78.9000      0.123455638415E+01
   79.0000      0.123344746701E+01
   79.1000      0.122526986651E+01
   79.2000      0.121227127807E+01
   79.3000      0.120400380594E+01
   79.4000      0.119498605051E+01
   79.5000      0.118628704156E+01
   79.6000      0.118353320417E+01
   79.7000      0.118108751740E+01
   79.8000      0.117107212690E+01
   79.9000      0.116812487132E+01
   80.0000      0.117778816903E+01
   80.1000      0.118183628398E+01
   80.2000      0.117288024323E+01
   80.3000      0.117331504917E+01
   80.4000      0.118588930036E+01
   80.5000      0.118829774089E+01
   80.6000      0.117686523724E+01
   80.7000      0.117322350783E+01
   80.8000      0.117631428205E+01
   80.9000      0.117017670899E+01
   81.0000      0.115646286075E+01
   81.1000      0.114753915218E+01
   81.2000      0.113875859137E+01
   81.3000      0.112780015210E+01
   81.4000      0.112034406369E+01
   81.5000      0.111389390656E+01
   81.6000      0.110123387757E+01
   81.7000      0.109497754892E+01
   81.8000      0.110152126949E+01
   81.9000      0.110356793706E+01
   82.0000      0.109344379416E+01
   82.1000      0.109440954056E+01
   82.2000      0.111056303804E+01
   82.3000      0.111636077467E+01
   82.4000      0.110670313686E+01
   82.5000      0.110777295859E+01
   82.6000      0.112004307928E+01
   82.7000      0.112011535630E+01
   82.8000      0.110779137051E+01
   82.9000      0.110325695473E+01
   83.0000      0.110334371608E+01
   83.1000      0.109612661627E+01
   83.2000      0.108611359915E+01
   83.3000      0.107988742724E+01
   83.4000      0.107127525691E+01
   83.5000      0.106427818234E+01
   83.6000      0.106550434089E+01
   83.7000      0.106474662302E+01
   83.8000      0.105439246207E+01
   83.9000      0.105312448758E+01
   84.0000      0.106659668232E+01
   84.1000      0.107113435133E+01
   84.2000      0.106038237651E+01
   84.3000      0.106191875733E+01
   84.4000      0.107854167018E+01
   84.5000      0.108182133372E+01
   84.6000      0.106926601339E+01
   84.7000      0.106867552032E+01
   84.8000      0.107928006478E+01
   84.9000      0.107802017073E+01
   85.0000      0.106698444172E+01
   85.1000      0.106497056361E+01
   85.2000      0.106772657187E+01
   85.3000      0.106509125320E+01
   85.4000      0.106221825697E+01
   85.5000      0.106251829496E+01
   85.6000      0.105942493853E+01
   85.7000      0.105857935805E+01
   85.8000      0.106577515932E+01
   85.9000      0.106836911277E+01
   86.0000      0.105987126392E+01
   86.1000      0.105963089206E+01
   86.2000      0.107202108709E+01
   86.3000      0.107355353221E+01
   86.4000      0.106034857736E+01
   86.5000      0.105893813570E+01
   86.6000      0.107087485265E+01
   86.7000      0.107031953853E+01
   86.8000      0.105716234526E+01
   86.9000      0.105609685814E+01
   87.0000      0.106523130674E+01
   87.1000      0.106484941393E+01
   87.2000      0.105800758691E+01
   87.3000      0.105944171887E+01
   87.4000      0.106444809809E+01
   87.5000      0.106536364819E+01
   87.6000      0.106682992002E+01
   87.7000      0.106961696570E+01
   87.8000      0.106814235717E+01
   87.9000      0.106854177871E+01
   88.0000      0.107527169436E+01
   88.1000      0.107635134417E+01
   88.2000      0.106757653248E+01
   88.3000      0.106584822900E+01
   88.4000      0.107384752686E+01
   88.5000      0.107215712102E+01
   88.6000      0.105934374239E+01
   88.7000      0.105640756008E+01
   88.8000      0.106328276728E+01
   88.9000      0.106032666645E+01
   89.0000      0.104899548707E+01
   89.1000      0.104681967562E+01
   89.2000      0.105113565375E+01
   89.3000      0.104874150006E+01
   89.4000      0.104308814899E+01
   89.5000      0.104262779668E+01
   89.6000      0.104331384055E+01
   89.7000      0.104228503113E+01
   89.8000      0.104348419711E+01
   89.9000      0.104432805071E+01
   90.0000      0.104100626406E+01
   90.1000      0.104093673382E+01
   90.2000      0.104698539582E+01
   90.3000      0.104750965970E+01
   90.4000      0.104031332112E+01
   90.5000      0.103953248146E+01
   90.6000      0.104601197545E+01
   90.7000      0.104400718392E+01
   90.8000      0.103369878260E+01
   90.9000      0.103054391401E+01
   91.0000      0.103337810547E+01
   91.1000      0.102827947199E+01
   91.2000      0.101765284152E+01
   91.3000      0.101290535702E+01
   91.4000      0.101152391744E+01
   91.5000      0.100598705297E+01
   91.6000      0.999800388475E+00
   91.7000      0.996575232547E+00
   91.8000      0.993327777095E+00
   91.9000      0.990787151656E+00
   92.0000      0.992047281489E+00
   92.1000      0.991995764706E+00
   92.2000      0.988164828686E+00
   92.3000      0.988676778366E+00
   92.4000      0.995193191907E+00
   92.5000      0.996018443691E+00
   92.6000      0.990175363421E+00
   92.7000      0.990366582089E+00
   92.8000      0.996631213892E+00
   92.9000      0.994811392303E+00
   93.0000      0.985911185900E+00
   93.1000      0.983290699574E+00
   93.2000      0.985669954229E+00
   93.3000      0.980753996623E+00
   93.4000      0.971154486650E+00
   93.5000      0.966865999761E+00
   93.6000      0.965743812705E+00
   93.7000      0.960564119481E+00
   93.8000      0.954550158523E+00
   93.9000      0.951407439398E+00
   94.0000      0.948732070707E+00
   94.1000      0.945976265305E+00
   94.2000      0.945959551585E+00
   94.3000      0.945115993951E+00
   94.4000      0.941543406425E+00
   94.5000      0.941321794717E+00
   94.6000      0.946200013203E+00
   94.7000      0.946348681948E+00
   94.8000      0.941054523243E+00
   94.9000      0.941453728664E+00
   95.0000      0.947944644446E+00
   95.1000      0.946913962769E+00
   95.2000      0.939205014324E+00
   95.3000      0.938299928810E+00
   95.4000      0.943306273396E+00
   95.5000      0.940083311802E+00
   95.6000      0.930975734527E+00
   95.7000      0.928546146935E+00
   95.8000      0.930927751135E+00
   95.9000      0.926726726629E+00
   96.0000      0.919278445742E+00
   96.1000      0.917032658519E+00
   96.2000      0.917600446130E+00
   96.3000      0.914911007471E+00
   96.4000      0.912423830341E+00
   96.5000      0.912072207167E+00
   96.6000      0.911529153610E+00
   96.7000      0.911474742716E+00
   96.8000      0.914613699953E+00
   96.9000      0.915517702606E+00
   97.0000      0.912710120654E+00
   97.1000      0.913681652560E+00
   97.2000      0.919836202914E+00
   97.3000      0.919479874967E+00
   97.4000      0.912786757141E+00
   97.5000      0.912540874610E+00
   97.6000      0.918649771441E+00
   97.7000      0.915852185759E+00
   97.8000      0.906294666469E+00
   97.9000      0.904943845832E+00
   98.0000      0.910221883470E+00
   98.1000      0.906822961907E+00
   98.2000      0.898425239819E+00
   98.3000      0.898133689956E+00
   98.4000      0.903187133426E+00
   98.5000      0.901817263468E+00
   98.6000      0.898276091928E+00
   98.7000      0.900125514043E+00
   98.8000      0.904222018757E+00
   98.9000      0.905230429100E+00
   99.0000      0.906956707586E+00
   99.1000      0.909320878371E+00
   99.2000      0.909974403333E+00
   99.3000      0.911384437350E+00
   99.4000      0.916088563721E+00
   99.5000      0.916404403572E+00
   99.6000      0.911826145522E+00
   99.7000      0.911852488394E+00
   99.8000      0.917230790283E+00
   99.9000      0.914724936041E+00
  100.0000      0.906103752134E+00
  100.1000      0.905072002513E+00
  100.2000      0.910482267532E+00
  100.3000      0.906974216566E+00
  100.4000      0.898231719372E+00
  100.5000      0.898120441017E+00
  100.6000      0.903992585538E+00
  100.7000      0.902208086109E+00
  100.8000      0.897370131538E+00
  100.9000      0.899503207254E+00
  101.0000      0.905321445693E+00
  101.1000      0.906152698472E+00
  101.2000      0.906316632743E+00
  101.3000      0.909312082452E+00
  101.4000      0.912405479266E+00
  101.5000      0.913780394596E+00
  101.6000      0.916551427814E+00
  101.7000      0.917100109335E+00
  101.8000      0.914419311226E+00
  101.9000      0.913601938204E+00
  102.0000      0.916103549676E+00
  102.1000      0.912575710904E+00
  102.2000      0.904334239999E+00
  102.3000      0.901461813120E+00
  102.4000      0.903628359551E+00
  102.5000      0.898354354976E+00
  102.6000      0.888939336689E+00
  102.7000      0.887073919452E+00
  102.8000      0.890806031224E+00
  102.9000      0.887587419198E+00
  103.0000      0.881706995766E+00
  103.1000      0.882832647528E+00
  103.2000      0.888063971134E+00
  103.3000      0.887804632029E+00
  103.4000      0.886314352991E+00
  103.5000      0.888586092555E+00
  103.6000      0.891957272610E+00
  103.7000      0.892142798447E+00
  103.8000      0.892626689030E+00
  103.9000      0.892557413891E+00
  104.0000      0.890694573064E+00
  104.1000      0.888990165608E+00
  104.2000      0.889570086823E+00
  104.3000      0.885945875875E+00
  104.4000      0.878915793343E+00
  104.5000      0.875804679822E+00
  104.6000      0.876963792082E+00
  104.7000      0.871685329370E+00
  104.8000      0.862748752915E+00
  104.9000      0.860557911545E+00
  105.0000      0.863683812997E+00
  105.1000      0.859636055545E+00
  105.2000      0.852631432537E+00
  105.3000      0.853129031242E+00
  105.4000      0.858438123165E+00
  105.5000      0.857236610100E+00
  105.6000      0.854296282582E+00
  105.7000      0.857081252793E+00
  105.8000      0.862556393561E+00
  105.9000      0.863332493314E+00
  106.0000      0.863723771997E+00
  106.1000      0.865889598051E+00
  106.2000      0.867623386864E+00
  106.3000      0.867455616596E+00
  106.4000      0.868434441369E+00
  106.5000      0.866512843956E+00
  106.6000      0.861483835150E+00
  106.7000      0.858445959647E+00
  106.8000      0.858691507229E+00
  106.9000      0.852573412498E+00
  107.0000      0.842477020133E+00
  107.1000      0.838845137818E+00
  107.2000      0.840880716580E+00
  107.3000      0.835056780609E+00
  107.4000      0.825926458252E+00
  107.5000      0.826298207631E+00
  107.6000      0.833233765031E+00
  107.7000      0.831896363495E+00
  107.8000      0.827913373775E+00
  107.9000      0.832883300104E+00
  108.0000      0.842501092611E+00
  108.1000      0.843905597076E+00
  108.2000      0.842803236145E+00
  108.3000      0.846774213364E+00
  108.4000      0.851836110296E+00
  108.5000      0.850335975063E+00
  108.6000      0.847339963359E+00
  108.7000      0.844829430156E+00
  108.8000      0.840833731030E+00
  108.9000      0.834674235829E+00
  109.0000      0.829913511526E+00
  109.1000      0.822333750838E+00
  109.2000      0.812648506532E+00
  109.3000      0.806653683988E+00
  109.4000      0.805424280597E+00
  109.5000      0.798962200594E+00
  109.6000      0.790335296390E+00
  109.7000      0.789693244970E+00
  109.8000      0.795282576235E+00
  109.9000      0.793104196060E+00
  110.0000      0.787981274992E+00
  110.1000      0.791935636246E+00
  110.2000      0.801172290864E+00
  110.3000      0.800537726865E+00
  110.4000      0.796075789142E+00
  110.5000      0.799490817223E+00
  110.6000      0.806360460477E+00
  110.7000      0.803189259274E+00
  110.8000      0.796533210391E+00
  110.9000      0.795911127691E+00
  111.0000      0.797473790888E+00
  111.1000      0.791232573127E+00
  111.2000      0.783296353469E+00
  111.3000      0.779532264163E+00
  111.4000      0.777337227799E+00
  111.5000      0.771027852749E+00
  111.6000      0.765378229310E+00
  111.7000      0.761746747376E+00
  111.8000      0.759077980670E+00
  111.9000      0.756127179201E+00
  112.0000      0.755779762791E+00
  112.1000      0.754636793750E+00
  112.2000      0.753308715175E+00
  112.3000      0.754792267004E+00
  112.4000      0.759876650381E+00
  112.5000      0.760645807353E+00
  112.6000      0.759471106275E+00
  112.7000      0.763257016216E+00
  112.8000      0.770812148039E+00
  112.9000      0.770447004449E+00
  113.0000      0.766463811495E+00
  113.1000      0.769156489760E+00
  113.2000      0.775713174193E+00
  113.3000      0.771909927912E+00
  113.4000      0.764001125674E+00
  113.5000      0.764550496269E+00
  113.6000      0.769497385336E+00
  113.7000      0.763649142780E+00
  113.8000      0.754676586470E+00
  113.9000      0.755342344699E+00
  114.0000      0.760681192567E+00
  114.1000      0.756396331155E+00
  114.2000      0.750482139640E+00
  114.3000      0.753237169812E+00
  114.4000      0.759514984734E+00
  114.5000      0.758226819689E+00
  114.6000      0.756504175328E+00
  114.7000      0.759790859998E+00
  114.8000      0.764134508330E+00
  114.9000      0.764096209976E+00
  115.0000      0.764929184519E+00
  115.1000      0.765671434753E+00
  115.2000      0.765093885033E+00
  115.3000      0.764937983301E+00
  115.4000      0.767615181237E+00
  115.5000      0.765207354773E+00
  115.6000      0.760075108197E+00
  115.7000      0.760870358312E+00
  115.8000      0.766405726614E+00
  115.9000      0.762557292627E+00
  116.0000      0.755233048421E+00
  116.1000      0.758024015461E+00
  116.2000      0.766225516809E+00
  116.3000      0.761880441331E+00
  116.4000      0.753743423364E+00
  116.5000      0.757381305065E+00
  116.6000      0.765795136714E+00
  116.7000      0.760743462615E+00
  116.8000      0.752544149627E+00
  116.9000      0.755375788747E+00
  117.0000      0.761797892922E+00
  117.1000      0.756791984648E+00
  117.2000      0.750371238011E+00
  117.3000      0.752158587031E+00
  117.4000      0.756068202160E+00
  117.5000      0.752765620956E+00
  117.6000      0.750019696093E+00
  117.7000      0.750838861129E+00
  117.8000      0.751960197074E+00
  117.9000      0.750846760240E+00
  118.0000      0.751798558774E+00
  118.1000      0.750919058597E+00
  118.2000      0.748710035191E+00
  118.3000      0.749144180352E+00
  118.4000      0.752792309132E+00
  118.5000      0.750077288035E+00
  118.6000      0.745283532288E+00
  118.7000      0.747228292515E+00
  118.8000      0.753172049699E+00
  118.9000      0.749846682864E+00
  119.0000      0.744365854490E+00
  119.1000      0.747912995829E+00
  119.2000      0.755377550243E+00
  119.3000      0.752077556610E+00
  119.4000      0.746632862553E+00
  119.5000      0.750291014617E+00
  119.6000      0.756985094577E+00
  119.7000      0.752860220569E+00
  119.8000      0.746901954912E+00
  119.9000      0.748817571298E+00
  120.0000      0.753018069711E+00
  120.1000      0.748114882276E+00
  120.2000      0.742473538588E+00
  120.3000      0.743151446614E+00
  120.4000      0.745882834255E+00
  120.5000      0.742420108545E+00
  120.6000      0.739585578849E+00
  120.7000      0.740991481522E+00
  120.8000      0.743975020914E+00
  120.9000      0.743539371324E+00
  121.0000      0.744401420278E+00
  121.1000      0.746423711628E+00
  121.2000      0.748791782030E+00
  121.3000      0.749941953948E+00
  121.4000      0.752455413927E+00
  121.5000      0.752599994010E+00
  121.6000      0.751791581844E+00
  121.7000      0.752171807698E+00
  121.8000      0.754300668508E+00
  121.9000      0.751053941687E+00
  122.0000      0.746288371966E+00
  122.1000      0.745790683220E+00
  122.2000      0.747989884074E+00
  122.3000      0.742499065791E+00
  122.4000      0.735517473257E+00
  122.5000      0.735922222226E+00
  122.6000      0.739887165737E+00
  122.7000      0.734240715390E+00
  122.8000      0.727251471703E+00
  122.9000      0.729902093155E+00
  123.0000      0.736362472020E+00
  123.1000      0.731836452497E+00
  123.2000      0.726147082131E+00
  123.3000      0.730891553357E+00
  123.4000      0.738944206315E+00
  123.5000      0.735618394466E+00
  123.6000      0.731339966166E+00
  123.7000      0.736366371572E+00
  123.8000      0.743425839931E+00
  123.9000      0.740027415767E+00
  124.0000      0.735951766833E+00
  124.1000      0.738173187937E+00
  124.2000      0.740861672352E+00
  124.3000      0.735855012883E+00
  124.4000      0.731040028850E+00
  124.5000      0.728635532610E+00
  124.6000      0.725866382848E+00
  124.7000      0.720370773086E+00
  124.8000      0.716914949150E+00
  124.9000      0.712035463000E+00
  125.0000      0.706917210533E+00
  125.1000      0.705112223585E+00
  125.2000      0.707177138165E+00
  125.3000      0.703763608960E+00
  125.4000      0.700015824956E+00
  125.5000      0.704314191220E+00
  125.6000      0.712718012403E+00
  125.7000      0.711043132769E+00
  125.8000      0.707963196133E+00
  125.9000      0.715159949814E+00
  126.0000      0.725217837955E+00
  126.1000      0.721433507148E+00
  126.2000      0.715341800737E+00
  126.3000      0.720233995163E+00
  126.4000      0.727010931248E+00
  126.5000      0.719020671646E+00
  126.6000      0.709361314250E+00
  126.7000      0.710872490015E+00
  126.8000      0.714345169354E+00
  126.9000      0.704997076292E+00
  127.0000      0.695595638836E+00
  127.1000      0.696432964173E+00
  127.2000      0.699335511478E+00
  127.3000      0.692483566078E+00
  127.4000      0.686688689337E+00
  127.5000      0.688424471786E+00
  127.6000      0.691622582987E+00
  127.7000      0.688218131066E+00
  127.8000      0.686300931496E+00
  127.9000      0.688277300869E+00
  128.0000      0.691034186858E+00
  128.1000      0.690608729210E+00
  128.2000      0.692093542540E+00
  128.3000      0.693943284442E+00
  128.4000      0.696175779530E+00
  128.5000      0.698609055101E+00
  128.6000      0.703141835228E+00
  128.7000      0.704412551023E+00
  128.8000      0.705310802511E+00
  128.9000      0.708937364000E+00
  129.0000      0.714133121971E+00
  129.1000      0.712200969158E+00
  129.2000      0.708863555484E+00
  129.3000      0.710352039066E+00
  129.4000      0.713035105532E+00
  129.5000      0.705696306443E+00
  129.6000      0.696968732666E+00
  129.7000      0.695986317925E+00
  129.8000      0.697080944280E+00
  129.9000      0.687083454978E+00
  130.0000      0.677049443070E+00
  130.1000      0.678038351902E+00
  130.2000      0.682318189822E+00
  130.3000      0.675070291556E+00
  130.4000      0.668750852230E+00
  130.5000      0.674906947475E+00
  130.6000      0.683998718238E+00
  130.7000      0.680454277028E+00
  130.8000      0.677297181737E+00
  130.9000      0.685421150998E+00
  131.0000      0.694721767846E+00
  131.1000      0.690702006954E+00
  131.2000      0.686374808215E+00
  131.3000      0.691053943914E+00
  131.4000      0.695783559003E+00
  131.5000      0.688999465287E+00
  131.6000      0.682644599918E+00
  131.7000      0.683135918155E+00
  131.8000      0.683908277217E+00
  131.9000      0.677331598301E+00
  132.0000      0.672621871469E+00
  132.1000      0.671849868456E+00
  132.2000      0.671590546267E+00
  132.3000      0.668497906776E+00
  132.4000      0.667768357876E+00
  132.5000      0.666559709105E+00
  132.6000      0.665322655320E+00
  132.7000      0.665159965424E+00
  132.8000      0.667016066891E+00
  132.9000      0.663750112944E+00
  133.0000      0.660165810953E+00
  133.1000      0.661493329586E+00
  133.2000      0.664858456528E+00
  133.3000      0.659884442894E+00
  133.4000      0.655260622303E+00
  133.5000      0.659123104401E+00
  133.6000      0.665340938578E+00
  133.7000      0.661279525415E+00
  133.8000      0.658218463444E+00
  133.9000      0.665580676064E+00
  134.0000      0.674833185510E+00
  134.1000      0.672182263547E+00
  134.2000      0.670249485704E+00
  134.3000      0.678621665005E+00
  134.4000      0.687698173539E+00
  134.5000      0.683806016959E+00
  134.6000      0.680130770620E+00
  134.7000      0.685913786477E+00
  134.8000      0.691764729019E+00
  134.9000      0.685045263434E+00
  135.0000      0.678865746408E+00
  135.1000      0.681693979314E+00
  135.2000      0.684948614652E+00
  135.3000      0.677248846068E+00
  135.4000      0.670920719089E+00
  135.5000      0.673109927913E+00
  135.6000      0.676146488160E+00
  135.7000      0.669917465471E+00
  135.8000      0.665444837691E+00
  135.9000      0.668115421244E+00
  136.0000      0.671418476680E+00
  136.1000      0.666909961811E+00
  136.2000      0.664047869474E+00
  136.3000      0.666120326621E+00
  136.4000      0.668389220935E+00
  136.5000      0.664842847947E+00
  136.6000      0.662967481345E+00
  136.7000      0.663393676181E+00
  136.8000      0.663904929575E+00
  136.9000      0.661647187405E+00
  137.0000      0.661315455461E+00
  137.1000      0.660121358276E+00
  137.2000      0.659100889813E+00
  137.3000      0.659026331485E+00
  137.4000      0.660888755461E+00
  137.5000      0.658013561950E+00
  137.6000      0.655348624024E+00
  137.7000      0.657409282701E+00
  137.8000      0.661001545900E+00
  137.9000      0.655817528124E+00
  138.0000      0.651022948762E+00
  138.1000      0.654421367051E+00
  138.2000      0.658847780574E+00
  138.3000      0.651336099456E+00
  138.4000      0.644817618677E+00
  138.5000      0.649213595204E+00
  138.6000      0.654305694913E+00
  138.7000      0.645902830527E+00
  138.8000      0.639393876860E+00
  138.9000      0.645165937879E+00
  139.0000      0.651431396088E+00
  139.1000      0.644313041765E+00
  139.2000      0.639827784873E+00
  139.3000      0.647212494659E+00
  139.4000      0.654825981109E+00
  139.5000      0.650350198685E+00
  139.6000      0.648642545896E+00
  139.7000      0.656716429911E+00
  139.8000      0.664561678804E+00
  139.9000      0.662081019147E+00
  140.0000      0.661800482133E+00
  140.1000      0.668279575629E+00
  140.2000      0.674035137381E+00
  140.3000      0.671245147837E+00
  140.4000      0.669865728860E+00
  140.5000      0.672523150990E+00
  140.6000      0.674411845307E+00
  140.7000      0.669590755043E+00
  140.8000      0.665930027973E+00
  140.9000      0.664844614603E+00
  141.0000      0.663669384564E+00
  141.1000      0.657746269365E+00
  141.2000      0.653454851669E+00
  141.3000      0.651286235006E+00
  141.4000      0.649914949810E+00
  141.5000      0.645585134660E+00
  141.6000      0.643400550447E+00
  141.7000      0.642591884472E+00
  141.8000      0.642857716432E+00
  141.9000      0.641649532478E+00
  142.0000      0.642505259758E+00
  142.1000      0.642698571686E+00
  142.2000      0.643609959521E+00
  142.3000      0.644885812761E+00
  142.4000      0.647729524052E+00
  142.5000      0.646702171859E+00
  142.6000      0.646184191248E+00
  142.7000      0.649010421033E+00
  142.8000      0.652929559004E+00
  142.9000      0.649226643842E+00
  143.0000      0.646430708886E+00
  143.1000      0.650810574016E+00
  143.2000      0.655718557122E+00
  143.3000      0.649222353845E+00
  143.4000      0.644350353749E+00
  143.5000      0.650109563721E+00
  143.6000      0.655515075471E+00
  143.7000      0.646488346733E+00
  143.8000      0.639879793006E+00
  143.9000      0.646045093030E+00
  144.0000      0.651077981418E+00
  144.1000      0.640592645852E+00
  144.2000      0.633512724004E+00
  144.3000      0.639758009361E+00
  144.4000      0.644746402202E+00
  144.5000      0.635541180678E+00
  144.6000      0.630619471277E+00
  144.7000      0.637737018982E+00
  144.8000      0.643839097491E+00
  144.9000      0.638443864208E+00
  145.0000      0.637233624063E+00
  145.1000      0.644878844052E+00
  145.2000      0.651442971977E+00
  145.3000      0.649106260142E+00
  145.4000      0.649688437019E+00
  145.5000      0.655153767400E+00
  145.6000      0.659337650893E+00
  145.7000      0.656673764951E+00
  145.8000      0.655618278844E+00
  145.9000      0.656677873434E+00
  146.0000      0.656921709441E+00
  146.1000      0.652125835437E+00
  146.2000      0.648707327303E+00
  146.3000      0.646804976759E+00
  146.4000      0.645215230006E+00
  146.5000      0.640021079535E+00
  146.6000      0.636793928993E+00
  146.7000      0.635588310249E+00
  146.8000      0.635473546915E+00
  146.9000      0.632446058673E+00
  147.0000      0.631758519941E+00
  147.1000      0.632918983931E+00
  147.2000      0.635016167040E+00
  147.3000      0.634676317586E+00
  147.4000      0.636448042751E+00
  147.5000      0.638375128088E+00
  147.6000      0.640770435803E+00
  147.7000      0.642283054941E+00
  147.8000      0.645387964000E+00
  147.9000      0.645558389574E+00
  148.0000      0.646258753582E+00
  148.1000      0.649301487848E+00
  148.2000      0.653194982439E+00
  148.3000      0.650031773525E+00
  148.4000      0.648092784947E+00
  148.5000      0.652642389366E+00
  148.6000      0.656864770220E+00
  148.7000      0.649582408068E+00
  148.8000      0.644574628688E+00
  148.9000      0.649925858064E+00
  149.0000      0.653595131784E+00
  149.1000      0.642326037969E+00
  149.2000      0.634667764129E+00
  149.3000      0.640147248325E+00
  149.4000      0.643106739246E+00
  149.5000      0.629918983214E+00
  149.6000      0.621779914641E+00
  149.7000      0.627911110100E+00
  149.8000      0.631453361371E+00
  149.9000      0.619856846270E+00
  150.0000      0.614185135985E+00
  150.1000      0.621909318485E+00
  150.2000      0.627316744753E+00
  150.3000      0.619692989980E+00
  150.4000      0.617734102182E+00
  150.5000      0.626659290492E+00
  150.6000      0.633453894290E+00
  150.7000      0.629244105494E+00
  150.8000      0.629531692032E+00
  150.9000      0.637804795429E+00
  151.0000      0.644042412432E+00
  151.1000      0.640610933388E+00
  151.2000      0.640430930491E+00
  151.3000      0.646289501566E+00
  151.4000      0.650268292070E+00
  151.5000      0.645145302432E+00
  151.6000      0.642679982375E+00
  151.7000      0.645834232186E+00
  151.8000      0.647400056578E+00
  151.9000      0.640025471629E+00
  152.0000      0.635627823863E+00
  152.1000      0.637579791411E+00
  152.2000      0.638377428150E+00
  152.3000      0.630588384393E+00
  152.4000      0.626665949913E+00
  152.5000      0.629805204082E+00
  152.6000      0.632168448873E+00
  152.7000      0.626827968551E+00
  152.8000      0.625879006764E+00
  152.9000      0.631201910956E+00
  153.0000      0.635706962108E+00
  153.1000      0.633891759671E+00
  153.2000      0.635787731881E+00
  153.3000      0.640955327140E+00
  153.4000      0.644978566574E+00
  153.5000      0.644776845934E+00
  153.6000      0.646661431422E+00
  153.7000      0.647523892875E+00
  153.8000      0.647584161861E+00
  153.9000      0.646771166889E+00
  154.0000      0.646608824128E+00
  154.1000      0.641526482374E+00
  154.2000      0.637319094701E+00
  154.3000      0.636617433400E+00
  154.4000      0.635792873236E+00
  154.5000      0.627210518895E+00
  154.6000      0.621719324233E+00
  154.7000      0.623608077327E+00
  154.8000      0.624564379226E+00
  154.9000      0.615467671598E+00
  155.0000      0.610865699558E+00
  155.1000      0.615739439643E+00
  155.2000      0.618476399042E+00
  155.3000      0.609342168971E+00
  155.4000      0.605284550449E+00
  155.5000      0.611587772284E+00
  155.6000      0.615057351260E+00
  155.7000      0.606092249230E+00
  155.8000      0.602997585854E+00
  155.9000      0.611189188864E+00
  156.0000      0.616896648992E+00
  156.1000      0.610657414270E+00
  156.2000      0.611186183845E+00
  156.3000      0.623688283687E+00
  156.4000      0.633805436054E+00
  156.5000      0.631695124793E+00
  156.6000      0.635981875128E+00
  156.7000      0.651541251742E+00
  156.8000      0.663222718841E+00
  156.9000      0.660693144979E+00
  157.0000      0.662936070725E+00
  157.1000      0.675042312192E+00
  157.2000      0.681334327784E+00
  157.3000      0.671515547910E+00
  157.4000      0.665843884477E+00
  157.5000      0.670256520219E+00
  157.6000      0.668781267797E+00
  157.7000      0.651439424432E+00
  157.8000      0.639975459883E+00
  157.9000      0.640958327040E+00
  158.0000      0.637671272425E+00
  158.1000      0.619971597619E+00
  158.2000      0.610388820118E+00
  158.3000      0.615293167937E+00
  158.4000      0.616650027128E+00
  158.5000      0.603734162600E+00
  158.6000      0.599291322587E+00
  158.7000      0.609149463758E+00
  158.8000      0.614302814497E+00
  158.9000      0.603968950392E+00
  159.0000      0.601205629047E+00
  159.1000      0.611595542825E+00
  159.2000      0.616298062075E+00
  159.3000      0.605425441612E+00
  159.4000      0.602155864451E+00
  159.5000      0.611688216201E+00
  159.6000      0.616271433931E+00
  159.7000      0.607267134493E+00
  159.8000      0.606609349234E+00
  159.9000      0.618096504810E+00
  160.0000      0.625680089919E+00
  160.1000      0.621898844421E+00
  160.2000      0.625615742696E+00
  160.3000      0.638397863389E+00
  160.4000      0.647064453777E+00
  160.5000      0.645712401960E+00
  160.6000      0.649122918088E+00
  160.7000      0.656914883583E+00
  160.8000      0.660438427905E+00
  160.9000      0.655965267703E+00
  161.0000      0.654094163787E+00
  161.1000      0.653313130574E+00
  161.2000      0.650185250139E+00
  161.3000      0.642839452596E+00
  161.4000      0.637868102428E+00
  161.5000      0.633041199468E+00
  161.6000      0.628901462140E+00
  161.7000      0.624039758531E+00
  161.8000      0.621681034385E+00
  161.9000      0.619097084148E+00
  162.0000      0.618599913388E+00
  162.1000      0.618090294963E+00
  162.2000      0.619143817433E+00
  162.3000      0.619160242616E+00
  162.4000      0.620537712274E+00
  162.5000      0.620521404451E+00
  162.6000      0.621166807265E+00
  162.7000      0.620536801511E+00
  162.8000      0.620451774987E+00
  162.9000      0.618242114908E+00
  163.0000      0.617175971467E+00
  163.1000      0.615422843458E+00
  163.2000      0.614533539641E+00
  163.3000      0.612653891550E+00
  163.4000      0.612729313874E+00
  163.5000      0.611567951400E+00
  163.6000      0.612069483000E+00
  163.7000      0.613965634420E+00
  163.8000      0.617017292830E+00
  163.9000      0.615539389567E+00
  164.0000      0.616687723240E+00
  164.1000      0.622604359439E+00
  164.2000      0.627164147938E+00
  164.3000      0.622110187373E+00
  164.4000      0.621640327439E+00
  164.5000      0.630447418375E+00
  164.6000      0.634959817212E+00
  164.7000      0.625064625565E+00
  164.8000      0.622769604373E+00
  164.9000      0.634233056892E+00
  165.0000      0.638769433534E+00
  165.1000      0.625601341630E+00
  165.2000      0.622672154717E+00
  165.3000      0.635896859257E+00
  165.4000      0.640169211281E+00
  165.5000      0.625552280257E+00
  165.6000      0.622288173229E+00
  165.7000      0.634758913691E+00
  165.8000      0.637683779343E+00
  165.9000      0.623128587978E+00
  166.0000      0.619656725129E+00
  166.1000      0.629692748776E+00
  166.2000      0.631439073185E+00
  166.3000      0.618896828646E+00
  166.4000      0.616207326076E+00
  166.5000      0.624319186878E+00
  166.6000      0.626082950806E+00
  166.7000      0.616136873167E+00
  166.8000      0.614267567735E+00
  166.9000      0.621373932421E+00
  167.0000      0.623179954880E+00
  167.1000      0.613353512970E+00
  167.2000      0.610659867096E+00
  167.3000      0.617812751203E+00
  167.4000      0.619413067149E+00
  167.5000      0.606983177336E+00
  167.6000      0.603222975546E+00
  167.7000      0.613692128435E+00
  167.8000      0.617097752181E+00
  167.9000      0.602329254956E+00
  168.0000      0.599883860887E+00
  168.1000      0.617542443503E+00
  168.2000      0.624863555113E+00
  168.3000      0.608708112836E+00
  168.4000      0.608350035668E+00
  168.5000      0.632111337134E+00
  168.6000      0.640959890488E+00
  168.7000      0.621709015946E+00
  168.8000      0.620184725907E+00
  168.9000      0.643623596539E+00
  169.0000      0.649031477778E+00
  169.1000      0.625591626579E+00
  169.2000      0.620761183079E+00
  169.3000      0.639485049547E+00
  169.4000      0.641032468614E+00
  169.5000      0.618005509021E+00
  169.6000      0.613385800795E+00
  169.7000      0.629135777809E+00
  169.8000      0.631418692135E+00
  169.9000      0.615254511367E+00
  170.0000      0.614856676037E+00
  170.1000      0.629775067967E+00
  170.2000      0.634405144012E+00
  170.3000      0.624287113657E+00
  170.4000      0.625346294716E+00
  170.5000      0.637019804863E+00
  170.6000      0.639719939981E+00
  170.7000      0.627977031577E+00
  170.8000      0.624756792052E+00
  170.9000      0.632068690821E+00
  171.0000      0.630910131296E+00
  171.1000      0.613688374757E+00
  171.2000      0.607352455191E+00
  171.3000      0.617304687496E+00
  171.4000      0.618128745548E+00
  171.5000      0.599374112843E+00
  171.6000      0.596885700871E+00
  171.7000      0.617919931597E+00
  171.8000      0.625796077696E+00
  171.9000      0.607904174703E+00
  172.0000      0.610263211752E+00
  172.1000      0.639808886314E+00
  172.2000      0.649515127185E+00
  172.3000      0.627409381196E+00
  172.4000      0.627138891418E+00
  172.5000      0.653923417587E+00
  172.6000      0.656982124200E+00
  172.7000      0.628107107529E+00
  172.8000      0.622268386174E+00
  172.9000      0.641959931390E+00
  173.0000      0.640796911250E+00
  173.1000      0.614939719167E+00
  173.2000      0.612235564538E+00
  173.3000      0.631520989457E+00
  173.4000      0.636284663203E+00
  173.5000      0.624784607188E+00
  173.6000      0.631747818764E+00
  173.7000      0.653046839073E+00
  173.8000      0.663452321777E+00
  173.9000      0.660773661068E+00
  174.0000      0.667858032634E+00
  174.1000      0.681126881429E+00
  174.2000      0.683986091226E+00
  174.3000      0.672741386933E+00
  174.4000      0.666718748182E+00
  174.5000      0.666875393339E+00
  174.6000      0.658001791513E+00
  174.7000      0.634117527506E+00
  174.8000      0.620989443257E+00
  174.9000      0.624504987695E+00
  175.0000      0.620114153216E+00
  175.1000      0.598075672687E+00
  175.2000      0.596916937383E+00
  175.3000      0.623939448230E+00
  175.4000      0.636914738372E+00
  175.5000      0.622673840588E+00
  175.6000      0.634309937603E+00
  175.7000      0.677294782363E+00
  175.8000      0.692898141153E+00
  175.9000      0.669184569290E+00
  176.0000      0.671549942764E+00
  176.1000      0.703175373154E+00
  176.2000      0.699852272382E+00
  176.3000      0.656650410926E+00
  176.4000      0.642888658009E+00
  176.5000      0.658978477983E+00
  176.6000      0.648282081639E+00
  176.7000      0.613174716808E+00
  176.8000      0.612008739712E+00
  176.9000      0.639613372650E+00
  177.0000      0.654823011168E+00
  177.1000      0.661469541417E+00
  177.2000      0.693643069752E+00
  177.3000      0.739948569447E+00
  177.4000      0.777376423590E+00
  177.5000      0.806346363243E+00
  177.6000      0.837488971654E+00
  177.7000      0.860549228147E+00
  177.8000      0.869113655358E+00
  177.9000      0.860662183320E+00
  178.0000      0.840495740274E+00
  178.1000      0.810953765169E+00
  178.2000      0.770285595885E+00
  178.3000      0.712979245190E+00
  178.4000      0.664270209247E+00
  178.5000      0.642988603651E+00
  178.6000      0.622602046685E+00
  178.7000      0.587147552409E+00
  178.8000      0.604512966316E+00
  178.9000      0.703103046932E+00
  179.0000      0.790082288873E+00
  179.1000      0.829112454200E+00
  179.2000      0.955632725481E+00
  179.3000      0.120333805610E+01
  179.4000      0.137271245890E+01
  179.5000      0.140335499011E+01
  179.6000      0.154392279459E+01
  179.7000      0.186233829465E+01
  179.8000      0.198866897888E+01
  179.9000      0.179565902836E+01
  180.0000      0.192425759087E+01
