 # E =   0.277704269209768       eV =    2240.00000000000       1/cm
 #  1801
# DFFCSO.  ACCUM LEV(I),J(I) =  1  0 LEV(F),J(F) =  1  0       , M =  0, WEIGHTED BY  1.00000
   0.10000  0.345165717998E+06
   0.20000  0.310215844787E+06
   0.30000  0.258910810350E+06
   0.40000  0.199728211553E+06
   0.50000  0.141337177118E+06
   0.60000  0.907018192415E+05
   0.70000  0.519122104792E+05
   0.80000  0.259579673556E+05
   0.90000  0.113204464331E+05
   1.00000  0.502795555174E+04
   1.10000  0.376038502135E+04
   1.20000  0.468659199560E+04
   1.30000  0.589318470423E+04
   1.40000  0.643039339681E+04
   1.50000  0.610274021271E+04
   1.60000  0.515699223073E+04
   1.70000  0.398907344704E+04
   1.80000  0.293845968100E+04
   1.90000  0.218914153132E+04
   2.00000  0.176231467754E+04
   2.10000  0.156830034247E+04
   2.20000  0.148035871473E+04
   2.30000  0.139788442297E+04
   2.40000  0.127855522711E+04
   2.50000  0.113502398805E+04
   2.60000  0.100667403812E+04
   2.70000  0.925460015955E+03
   2.80000  0.893946316707E+03
   2.90000  0.884591090186E+03
   3.00000  0.857190761204E+03
   3.10000  0.782472325707E+03
   3.20000  0.658230326101E+03
   3.30000  0.510084868374E+03
   3.40000  0.377995346129E+03
   3.50000  0.296872587815E+03
   3.60000  0.281447200536E+03
   3.70000  0.321871538777E+03
   3.80000  0.390260145626E+03
   3.90000  0.453293797847E+03
   4.00000  0.484479810437E+03
   4.10000  0.471543113501E+03
   4.20000  0.417748845906E+03
   4.30000  0.338555342316E+03
   4.40000  0.255860854844E+03
   4.50000  0.191659063843E+03
   4.60000  0.162232203461E+03
   4.70000  0.173794648776E+03
   4.80000  0.220629716609E+03
   4.90000  0.286604777799E+03
   5.00000  0.350072027824E+03
   5.10000  0.390799322783E+03
   5.20000  0.396503068598E+03
   5.30000  0.366516725693E+03
   5.40000  0.311279731619E+03
   5.50000  0.248106747853E+03
   5.60000  0.195166455390E+03
   5.70000  0.166047155509E+03
   5.80000  0.166619341099E+03
   5.90000  0.194643755022E+03
   6.00000  0.241471875762E+03
   6.10000  0.294753185497E+03
   6.20000  0.341297106632E+03
   6.30000  0.369720215246E+03
   6.40000  0.372771477139E+03
   6.50000  0.349100522443E+03
   6.60000  0.303943460910E+03
   6.70000  0.248155634283E+03
   6.80000  0.195459093014E+03
   6.90000  0.158545654236E+03
   7.00000  0.145329578135E+03
   7.10000  0.156733647864E+03
   7.20000  0.186802891291E+03
   7.30000  0.224970727594E+03
   7.40000  0.259471223846E+03
   7.50000  0.280604314827E+03
   7.60000  0.282877991073E+03
   7.70000  0.265694885783E+03
   7.80000  0.232823181661E+03
   7.90000  0.191135256306E+03
   8.00000  0.149019822861E+03
   8.10000  0.114681591984E+03
   8.20000  0.944570363160E+02
   8.30000  0.913653391945E+02
   8.40000  0.104264796832E+03
   8.50000  0.128001255253E+03
   8.60000  0.154700281644E+03
   8.70000  0.175931963342E+03
   8.80000  0.185081976935E+03
   8.90000  0.179126900002E+03
   9.00000  0.159232289320E+03
   9.10000  0.130064222812E+03
   9.20000  0.981868333576E+02
   9.30000  0.701796879890E+02
   9.40000  0.510647159847E+02
   9.50000  0.433740849420E+02
   9.60000  0.469023149348E+02
   9.70000  0.590149880137E+02
   9.80000  0.753585399794E+02
   9.90000  0.908499162361E+02
  10.00000  0.100821828288E+03
  10.10000  0.102128286902E+03
  10.20000  0.939355759022E+02
  10.30000  0.779317362410E+02
  10.40000  0.578330774531E+02
  10.50000  0.383067779430E+02
  10.60000  0.236501986079E+02
  10.70000  0.166554866364E+02
  10.80000  0.179981468522E+02
  10.90000  0.262713531034E+02
  11.00000  0.385555935308E+02
  11.10000  0.512706436887E+02
  11.20000  0.610445858372E+02
  11.30000  0.654167715615E+02
  11.40000  0.632917332329E+02
  11.50000  0.551188188310E+02
  11.60000  0.427817825421E+02
  11.70000  0.291860713492E+02
  11.80000  0.175767125552E+02
  11.90000  0.107131476389E+02
  12.00000  0.101215647949E+02
  12.10000  0.156698675589E+02
  12.20000  0.256251206198E+02
  12.30000  0.371829985889E+02
  12.40000  0.472835296507E+02
  12.50000  0.534340468718E+02
  12.60000  0.542890365134E+02
  12.70000  0.498598504232E+02
  12.80000  0.413719760442E+02
  12.90000  0.308834490625E+02
  13.00000  0.207975608811E+02
  13.10000  0.133688657200E+02
  13.20000  0.102607757297E+02
  13.30000  0.122002243043E+02
  13.40000  0.187889898189E+02
  13.50000  0.285410631662E+02
  13.60000  0.391866213567E+02
  13.70000  0.482076186700E+02
  13.80000  0.534766512253E+02
  13.90000  0.538102176591E+02
  14.00000  0.492601584043E+02
  14.10000  0.410554629531E+02
  14.20000  0.312311728494E+02
  14.30000  0.220825841187E+02
  14.40000  0.156176248438E+02
  14.50000  0.131441279744E+02
  14.60000  0.150552175080E+02
  14.70000  0.208104111388E+02
  14.80000  0.290791829179E+02
  14.90000  0.380127189901E+02
  15.00000  0.456126906404E+02
  15.10000  0.501512656080E+02
  15.20000  0.505654529565E+02
  15.30000  0.467248584436E+02
  15.40000  0.394826424870E+02
  15.50000  0.304745327148E+02
  15.60000  0.217121024150E+02
  15.70000  0.150875839691E+02
  15.80000  0.119344204528E+02
  15.90000  0.127591250794E+02
  16.00000  0.171925950058E+02
  16.10000  0.241369762022E+02
  16.20000  0.320388169712E+02
  16.30000  0.392120677842E+02
  16.40000  0.441536317083E+02
  16.50000  0.458159222278E+02
  16.60000  0.438078784649E+02
  16.70000  0.384893569718E+02
  16.80000  0.309212685068E+02
  16.90000  0.226538892073E+02
  17.00000  0.153814642198E+02
  17.10000  0.105442744240E+02
  17.20000  0.899039934098E+01
  17.30000  0.107972498220E+02
  17.40000  0.152992091891E+02
  17.50000  0.212969553295E+02
  17.60000  0.273691367713E+02
  17.70000  0.321902119008E+02
  17.80000  0.347796260022E+02
  17.90000  0.346481773502E+02
  18.00000  0.318430796767E+02
  18.10000  0.269090434851E+02
  18.20000  0.207803246432E+02
  18.30000  0.146119845847E+02
  18.40000  0.956201323414E+01
  18.50000  0.655348415481E+01
  18.60000  0.606775890242E+01
  18.70000  0.802875552060E+01
  18.80000  0.118218431186E+02
  18.90000  0.164506935676E+02
  19.00000  0.207881201514E+02
  19.10000  0.238451553098E+02
  19.20000  0.249814745593E+02
  19.30000  0.240085192184E+02
  19.40000  0.211781378990E+02
  19.50000  0.170836474368E+02
  19.60000  0.125141107939E+02
  19.70000  0.829731439452E+01
  19.80000  0.515364221548E+01
  19.90000  0.357385911783E+01
  20.00000  0.373332768031E+01
  20.10000  0.545872283438E+01
  20.20000  0.826192994123E+01
  20.30000  0.114437884447E+02
  20.40000  0.142498740453E+02
  20.50000  0.160408020632E+02
  20.60000  0.164312376321E+02
  20.70000  0.153605005622E+02
  20.80000  0.130803450941E+02
  20.90000  0.100720704050E+02
  21.00000  0.692397456995E+01
  21.10000  0.420457428525E+01
  21.20000  0.235839389846E+01
  21.30000  0.163723305000E+01
  21.40000  0.206913969121E+01
  21.50000  0.346355552503E+01
  21.60000  0.545157577994E+01
  21.70000  0.755909371193E+01
  21.80000  0.930410699490E+01
  21.90000  0.102995673100E+02
  22.00000  0.103362136276E+02
  22.10000  0.942194060136E+01
  22.20000  0.776661564269E+01
  22.30000  0.571895976150E+01
  22.40000  0.367702123957E+01
  22.50000  0.199937221559E+01
  22.60000  0.939046854736E+00
  22.70000  0.610388653921E+00
  22.80000  0.986958524134E+00
  22.90000  0.192180705067E+01
  23.00000  0.318114486239E+01
  23.10000  0.448606918868E+01
  23.20000  0.555996829908E+01
  23.30000  0.617833398061E+01
  23.40000  0.621336951178E+01
  23.50000  0.566175548139E+01
  23.60000  0.464468460477E+01
  23.70000  0.337655331201E+01
  23.80000  0.210985331580E+01
  23.90000  0.107313705511E+01
  24.00000  0.421271471362E+00
  24.10000  0.211266719101E+00
  24.20000  0.406141265213E+00
  24.30000  0.899311667561E+00
  24.40000  0.154740750012E+01
  24.50000  0.220109051550E+01
  24.60000  0.272876353701E+01
  24.70000  0.303304208142E+01
  24.80000  0.306183283771E+01
  24.90000  0.281467841622E+01
  25.00000  0.234267134806E+01
  25.10000  0.173924149381E+01
  25.20000  0.112089019724E+01
  25.30000  0.600907798118E+00
  25.40000  0.263037374612E+00
  25.50000  0.143383575802E+00
  25.60000  0.226359359678E+00
  25.70000  0.455092204009E+00
  25.80000  0.751222819839E+00
  25.90000  0.103627487017E+01
  26.00000  0.124790777071E+01
  26.10000  0.134818311788E+01
  26.20000  0.132487959879E+01
  26.30000  0.118873100586E+01
  26.40000  0.968874072518E+00
  26.50000  0.707110922356E+00
  26.60000  0.450569493881E+00
  26.70000  0.242807946239E+00
  26.80000  0.114820743624E+00
  26.90000  0.785012230149E-01
  27.00000  0.124924205563E+00
  27.10000  0.228269058819E+00
  27.20000  0.354079037863E+00
  27.30000  0.468918781709E+00
  27.40000  0.548143130362E+00
  27.50000  0.579577217467E+00
  27.60000  0.562866421062E+00
  27.70000  0.506062107046E+00
  27.80000  0.421718778124E+00
  27.90000  0.324104356618E+00
  28.00000  0.227674004285E+00
  28.10000  0.145841241268E+00
  28.20000  0.891068846662E-01
  28.30000  0.626563946530E-01
  28.40000  0.646560594832E-01
  28.50000  0.866570086263E-01
  28.60000  0.116508205545E+00
  28.70000  0.142691553589E+00
  28.80000  0.158096832411E+00
  28.90000  0.161557236453E+00
  29.00000  0.156709417336E+00
  29.10000  0.149092103802E+00
  29.20000  0.143089180666E+00
  29.30000  0.140112879644E+00
  29.40000  0.138592509966E+00
  29.50000  0.135395323754E+00
  29.60000  0.127703376008E+00
  29.70000  0.114332171294E+00
  29.80000  0.959683971914E-01
  29.90000  0.745292375712E-01
  30.00000  0.523548990806E-01
  30.10000  0.318928448573E-01
  30.20000  0.159528790500E-01
  30.30000  0.796508640173E-02
  30.40000  0.115168633779E-01
  30.50000  0.289715198020E-01
  30.60000  0.597970146767E-01
  30.70000  0.996878657677E-01
  30.80000  0.141240727739E+00
  30.90000  0.176049044386E+00
  31.00000  0.197258163852E+00
  31.10000  0.201427733040E+00
  31.20000  0.189042188958E+00
  31.30000  0.163777730549E+00
  31.40000  0.131164716801E+00
  31.50000  0.973372193134E-01
  31.60000  0.682413765861E-01
  31.70000  0.492535551427E-01
  31.80000  0.448747492942E-01
  31.90000  0.581430133372E-01
  32.00000  0.896581539882E-01
  32.10000  0.136539230482E+00
  32.20000  0.191991935339E+00
  32.30000  0.246151483997E+00
  32.40000  0.288353697436E+00
  32.50000  0.310189577720E+00
  32.60000  0.308115877144E+00
  32.70000  0.284463616661E+00
  32.80000  0.246427542711E+00
  32.90000  0.203584046741E+00
  33.00000  0.165083199080E+00
  33.10000  0.137590497322E+00
  33.20000  0.124477628600E+00
  33.30000  0.126110884852E+00
  33.40000  0.140713369855E+00
  33.50000  0.165260228740E+00
  33.60000  0.196074221265E+00
  33.70000  0.229063291923E+00
  33.80000  0.259784762643E+00
  33.90000  0.283658625438E+00
  34.00000  0.296599894844E+00
  34.10000  0.296066604615E+00
  34.20000  0.282148959689E+00
  34.30000  0.258109753275E+00
  34.40000  0.229926289156E+00
  34.50000  0.204837795177E+00
  34.60000  0.189389847921E+00
  34.70000  0.187686217545E+00
  34.80000  0.200416119808E+00
  34.90000  0.224874740932E+00
  35.00000  0.255864341211E+00
  35.10000  0.287162566258E+00
  35.20000  0.313143436260E+00
  35.30000  0.330092261059E+00
  35.40000  0.336814076310E+00
  35.50000  0.334371720661E+00
  35.60000  0.325163341717E+00
  35.70000  0.311856599306E+00
  35.80000  0.296715131812E+00
  35.90000  0.281545270853E+00
  36.00000  0.268065610698E+00
  36.10000  0.258251601037E+00
  36.20000  0.254277473808E+00
  36.30000  0.257976136424E+00
  36.40000  0.270046379913E+00
  36.50000  0.289394038465E+00
  36.60000  0.312970408113E+00
  36.70000  0.336311859213E+00
  36.80000  0.354730385045E+00
  36.90000  0.364803807343E+00
  37.00000  0.365582198342E+00
  37.10000  0.358933325784E+00
  37.20000  0.348784597788E+00
  37.30000  0.339557111923E+00
  37.40000  0.334516867662E+00
  37.50000  0.334803093396E+00
  37.60000  0.339501594379E+00
  37.70000  0.346567042652E+00
  37.80000  0.354009495138E+00
  37.90000  0.360736360336E+00
  38.00000  0.366717684283E+00
  38.10000  0.372511286339E+00
  38.20000  0.378464872223E+00
  38.30000  0.384031100291E+00
  38.40000  0.387581160199E+00
  38.50000  0.386890072739E+00
  38.60000  0.380137293097E+00
  38.70000  0.366953398070E+00
  38.80000  0.348941269955E+00
  38.90000  0.329323238103E+00
  39.00000  0.311821836818E+00
  39.10000  0.299298698132E+00
  39.20000  0.292791785264E+00
  39.30000  0.291350858961E+00
  39.40000  0.292654546236E+00
  39.50000  0.294056532178E+00
  39.60000  0.293598167606E+00
  39.70000  0.290616291728E+00
  39.80000  0.285765131713E+00
  39.90000  0.280485881250E+00
  40.00000  0.276165172459E+00
  40.10000  0.273372326263E+00
  40.20000  0.271561383222E+00
  40.30000  0.269409775986E+00
  40.40000  0.265618997521E+00
  40.50000  0.259728948146E+00
  40.60000  0.252485391222E+00
  40.70000  0.245563579024E+00
  40.80000  0.240812223294E+00
  40.90000  0.239412127614E+00
  41.00000  0.241336112191E+00
  41.10000  0.245314316178E+00
  41.20000  0.249288841923E+00
  41.30000  0.251174374116E+00
  41.40000  0.249642612510E+00
  41.50000  0.244620744323E+00
  41.60000  0.237272436452E+00
  41.70000  0.229437882155E+00
  41.80000  0.222780996000E+00
  41.90000  0.218068208245E+00
  42.00000  0.214945794619E+00
  42.10000  0.212303188456E+00
  42.20000  0.208984127616E+00
  42.30000  0.204444241062E+00
  42.40000  0.199033830359E+00
  42.50000  0.193817440761E+00
  42.60000  0.190063948882E+00
  42.70000  0.188650021857E+00
  42.80000  0.189618450856E+00
  42.90000  0.192067752100E+00
  43.00000  0.194441044256E+00
  43.10000  0.195129604738E+00
  43.20000  0.193146503744E+00
  43.30000  0.188552289812E+00
  43.40000  0.182410016652E+00
  43.50000  0.176286732593E+00
  43.60000  0.171560749682E+00
  43.70000  0.168880790918E+00
  43.80000  0.168007974179E+00
  43.90000  0.168050750098E+00
  44.00000  0.167925060248E+00
  44.10000  0.166818717002E+00
  44.20000  0.164487328024E+00
  44.30000  0.161292589070E+00
  44.40000  0.157978364883E+00
  44.50000  0.155270789735E+00
  44.60000  0.153476856853E+00
  44.70000  0.152287744075E+00
  44.80000  0.150912568518E+00
  44.90000  0.148492191943E+00
  45.00000  0.144576186020E+00
  45.10000  0.139406028522E+00
  45.20000  0.133862553446E+00
  45.30000  0.129121061008E+00
  45.40000  0.126190884570E+00
  45.50000  0.125536312126E+00
  45.60000  0.126911114527E+00
  45.70000  0.129452515552E+00
  45.80000  0.132003227943E+00
  45.90000  0.133556255102E+00
  46.00000  0.133651838521E+00
  46.10000  0.132543872576E+00
  46.20000  0.131039802938E+00
  46.30000  0.130083458034E+00
  46.40000  0.130296637654E+00
  46.50000  0.131718103353E+00
  46.60000  0.133858134320E+00
  46.70000  0.136008304988E+00
  46.80000  0.137627057584E+00
  46.90000  0.138617417096E+00
  47.00000  0.139390707096E+00
  47.10000  0.140702451588E+00
  47.20000  0.143319454903E+00
  47.30000  0.147635793495E+00
  47.40000  0.153399345407E+00
  47.50000  0.159702897661E+00
  47.60000  0.165296243916E+00
  47.70000  0.169110449873E+00
  47.80000  0.170749104980E+00
  47.90000  0.170696275154E+00
  48.00000  0.170134481394E+00
  48.10000  0.170467994712E+00
  48.20000  0.172780260119E+00
  48.30000  0.177454561095E+00
  48.40000  0.184086055064E+00
  48.50000  0.191689120363E+00
  48.60000  0.199108511349E+00
  48.70000  0.205482230280E+00
  48.80000  0.210576098788E+00
  48.90000  0.214837216745E+00
  49.00000  0.219121103868E+00
  49.10000  0.224209980169E+00
  49.20000  0.230367291722E+00
  49.30000  0.237170965309E+00
  49.40000  0.243719204625E+00
  49.50000  0.249096912842E+00
  49.60000  0.252856870542E+00
  49.70000  0.255278942491E+00
  49.80000  0.257294550469E+00
  49.90000  0.260116678377E+00
  50.00000  0.264727795498E+00
  50.10000  0.271427227868E+00
  50.20000  0.279627850283E+00
  50.30000  0.288015653894E+00
  50.40000  0.295045098116E+00
  50.50000  0.299579528959E+00
  50.60000  0.301387172614E+00
  50.70000  0.301248385336E+00
  50.80000  0.300615878821E+00
  50.90000  0.300994818424E+00
  51.00000  0.303340904597E+00
  51.10000  0.307743384890E+00
  51.20000  0.313503742025E+00
  51.30000  0.319539245494E+00
  51.40000  0.324917830484E+00
  51.50000  0.329295533138E+00
  51.60000  0.333070889361E+00
  51.70000  0.337178046564E+00
  51.80000  0.342592682041E+00
  51.90000  0.349772796799E+00
  52.00000  0.358319354429E+00
  52.10000  0.367057747861E+00
  52.20000  0.374531242661E+00
  52.30000  0.379674710088E+00
  52.40000  0.382335367900E+00
  52.50000  0.383386245524E+00
  52.60000  0.384382748918E+00
  52.70000  0.386922213394E+00
  52.80000  0.391981233366E+00
  52.90000  0.399497723994E+00
  53.00000  0.408362368835E+00
  53.10000  0.416830424393E+00
  53.20000  0.423200791082E+00
  53.30000  0.426486195052E+00
  53.40000  0.426779367328E+00
  53.50000  0.425142362603E+00
  53.60000  0.423071523103E+00
  53.70000  0.421803745138E+00
  53.80000  0.421805614006E+00
  53.90000  0.422679976936E+00
  54.00000  0.423502340894E+00
  54.10000  0.423392077604E+00
  54.20000  0.422032944107E+00
  54.30000  0.419904578892E+00
  54.40000  0.418125154163E+00
  54.50000  0.417970649977E+00
  54.60000  0.420274943888E+00
  54.70000  0.424982515474E+00
  54.80000  0.431083559871E+00
  54.90000  0.437002011511E+00
  55.00000  0.441286553783E+00
  55.10000  0.443286235645E+00
  55.20000  0.443481120029E+00
  55.30000  0.443303382796E+00
  55.40000  0.444535395326E+00
  55.50000  0.448568318240E+00
  55.60000  0.455850475601E+00
  55.70000  0.465747625703E+00
  55.80000  0.476849937989E+00
  55.90000  0.487580019577E+00
  56.00000  0.496842479688E+00
  56.10000  0.504438698693E+00
  56.20000  0.511061529096E+00
  56.30000  0.517865555552E+00
  56.40000  0.525813279139E+00
  56.50000  0.535122901734E+00
  56.60000  0.545106199358E+00
  56.70000  0.554488931841E+00
  56.80000  0.562055060040E+00
  56.90000  0.567291052332E+00
  57.00000  0.570713887014E+00
  57.10000  0.573727487273E+00
  57.20000  0.578071238771E+00
  57.30000  0.585097166501E+00
  57.40000  0.595179114637E+00
  57.50000  0.607506662179E+00
  57.60000  0.620368441030E+00
  57.70000  0.631828214898E+00
  57.80000  0.640515827136E+00
  57.90000  0.646182623661E+00
  58.00000  0.649763398564E+00
  58.10000  0.652916345441E+00
  58.20000  0.657264240807E+00
  58.30000  0.663697365079E+00
  58.40000  0.672050843773E+00
  58.50000  0.681273984429E+00
  58.60000  0.689978787055E+00
  58.70000  0.697099139862E+00
  58.80000  0.702364054620E+00
  58.90000  0.706379505020E+00
  59.00000  0.710281556845E+00
  59.10000  0.715110961026E+00
  59.20000  0.721197060027E+00
  59.30000  0.727857983186E+00
  59.40000  0.733593397691E+00
  59.50000  0.736710578937E+00
  59.60000  0.736101068381E+00
  59.70000  0.731798647857E+00
  59.80000  0.725050964602E+00
  59.90000  0.717869325197E+00
  60.00000  0.712258210026E+00
  60.10000  0.709455206561E+00
  60.20000  0.709491287306E+00
  60.30000  0.711240102658E+00
  60.40000  0.712928155748E+00
  60.50000  0.712894679606E+00
  60.60000  0.710283988693E+00
  60.70000  0.705372751264E+00
  60.80000  0.699389376085E+00
  60.90000  0.693916288726E+00
  61.00000  0.690165934932E+00
  61.10000  0.688478340765E+00
  61.20000  0.688267620743E+00
  61.30000  0.688414858262E+00
  61.40000  0.687891615537E+00
  61.50000  0.686306153476E+00
  61.60000  0.684120400413E+00
  61.70000  0.682443976904E+00
  61.80000  0.682496242586E+00
  61.90000  0.684970124032E+00
  62.00000  0.689584036740E+00
  62.10000  0.695044516548E+00
  62.20000  0.699472056367E+00
  62.30000  0.701128118435E+00
  62.40000  0.699124915523E+00
  62.50000  0.693791691016E+00
  62.60000  0.686527369964E+00
  62.70000  0.679210539282E+00
  62.80000  0.673436536396E+00
  62.90000  0.669912011498E+00
  63.00000  0.668246653370E+00
  63.10000  0.667200806030E+00
  63.20000  0.665262180198E+00
  63.30000  0.661301935723E+00
  63.40000  0.655035767034E+00
  63.50000  0.647097447534E+00
  63.60000  0.638698388916E+00
  63.70000  0.631036083685E+00
  63.80000  0.624738020089E+00
  63.90000  0.619613566055E+00
  64.00000  0.614831193684E+00
  64.10000  0.609422102133E+00
  64.20000  0.602851395110E+00
  64.30000  0.595375661646E+00
  64.40000  0.588019772119E+00
  64.50000  0.582185465044E+00
  64.60000  0.579062840278E+00
  64.70000  0.579094684622E+00
  64.80000  0.581723683354E+00
  64.90000  0.585544033286E+00
  65.00000  0.588814684497E+00
  65.10000  0.590129869029E+00
  65.20000  0.588958151198E+00
  65.30000  0.585808138559E+00
  65.40000  0.581948029911E+00
  65.50000  0.578815513289E+00
  65.60000  0.577393674576E+00
  65.70000  0.577827699925E+00
  65.80000  0.579428244286E+00
  65.90000  0.581027392360E+00
  66.00000  0.581509302814E+00
  66.10000  0.580281276864E+00
  66.20000  0.577488769599E+00
  66.30000  0.573888006575E+00
  66.40000  0.570435373247E+00
  66.50000  0.567782328440E+00
  66.60000  0.565919114300E+00
  66.70000  0.564150705220E+00
  66.80000  0.561429799760E+00
  66.90000  0.556891257451E+00
  67.00000  0.550328516304E+00
  67.10000  0.542381896203E+00
  67.20000  0.534350173286E+00
  67.30000  0.527710244207E+00
  67.40000  0.523550866148E+00
  67.50000  0.522152284378E+00
  67.60000  0.522878973132E+00
  67.70000  0.524429965559E+00
  67.80000  0.525351454714E+00
  67.90000  0.524605821718E+00
  68.00000  0.521957683340E+00
  68.10000  0.518009129982E+00
  68.20000  0.513873132827E+00
  68.30000  0.510643080022E+00
  68.40000  0.508907964615E+00
  68.50000  0.508528063126E+00
  68.60000  0.508749531420E+00
  68.70000  0.508576762812E+00
  68.80000  0.507217516074E+00
  68.90000  0.504403442009E+00
  69.00000  0.500455510479E+00
  69.10000  0.496073719944E+00
  69.20000  0.491944747834E+00
  69.30000  0.488343117364E+00
  69.40000  0.484915963380E+00
  69.50000  0.480769319308E+00
  69.60000  0.474834999174E+00
  69.70000  0.466356113730E+00
  69.80000  0.455263696857E+00
  69.90000  0.442266584040E+00
  70.00000  0.428614062400E+00
  70.10000  0.415639756438E+00
  70.20000  0.404282205704E+00
  70.30000  0.394773276424E+00
  70.40000  0.386608047313E+00
  70.50000  0.378799003695E+00
  70.60000  0.370311102116E+00
  70.70000  0.360503567114E+00
  70.80000  0.349396292232E+00
  70.90000  0.337647609511E+00
  71.00000  0.326257434373E+00
  71.10000  0.316138182794E+00
  71.20000  0.307756158500E+00
  71.30000  0.301002921656E+00
  71.40000  0.295335207718E+00
  71.50000  0.290093145479E+00
  71.60000  0.284835864388E+00
  71.70000  0.279544303767E+00
  71.80000  0.274611695533E+00
  71.90000  0.270633568536E+00
  72.00000  0.268088949585E+00
  72.10000  0.267051316965E+00
  72.20000  0.267064625385E+00
  72.30000  0.267257207763E+00
  72.40000  0.266659905070E+00
  72.50000  0.264591744346E+00
  72.60000  0.260935216623E+00
  72.70000  0.256172826397E+00
  72.80000  0.251171789903E+00
  72.90000  0.246819796192E+00
  73.00000  0.243671847408E+00
  73.10000  0.241748127278E+00
  73.20000  0.240549915732E+00
  73.30000  0.239274298841E+00
  73.40000  0.237138235710E+00
  73.50000  0.233684143323E+00
  73.60000  0.228943682780E+00
  73.70000  0.223390556714E+00
  73.80000  0.217705009574E+00
  73.90000  0.212462926655E+00
  74.00000  0.207900182931E+00
  74.10000  0.203861684276E+00
  74.20000  0.199946214541E+00
  74.30000  0.195760583124E+00
  74.40000  0.191152770071E+00
  74.50000  0.186317882076E+00
  74.60000  0.181737206313E+00
  74.70000  0.177981490945E+00
  74.80000  0.175459898757E+00
  74.90000  0.174217208647E+00
  75.00000  0.173869716372E+00
  75.10000  0.173721462469E+00
  75.20000  0.173025664651E+00
  75.30000  0.171283037225E+00
  75.40000  0.168441776712E+00
  75.50000  0.164906433843E+00
  75.60000  0.161355090052E+00
  75.70000  0.158453684140E+00
  75.80000  0.156594490181E+00
  75.90000  0.155760533927E+00
  76.00000  0.155554456793E+00
  76.10000  0.155365447561E+00
  76.20000  0.154603632669E+00
  76.30000  0.152912731565E+00
  76.40000  0.150279517491E+00
  76.50000  0.146995694272E+00
  76.60000  0.143489724569E+00
  76.70000  0.140108979111E+00
  76.80000  0.136959923542E+00
  76.90000  0.133883774874E+00
  77.00000  0.130571525163E+00
  77.10000  0.126749946357E+00
  77.20000  0.122341303642E+00
  77.30000  0.117523876763E+00
  77.40000  0.112674147261E+00
  77.50000  0.108221627614E+00
  77.60000  0.104475900131E+00
  77.70000  0.101492451495E+00
  77.80000  0.990330284174E-01
  77.90000  0.966460087698E-01
  78.00000  0.938440524110E-01
  78.10000  0.903071688806E-01
  78.20000  0.860189395915E-01
  78.30000  0.812715503170E-01
  78.40000  0.765401008501E-01
  78.50000  0.722898869399E-01
  78.60000  0.688049209654E-01
  78.70000  0.661036123848E-01
  78.80000  0.639604822363E-01
  78.90000  0.620108617176E-01
  79.00000  0.598932227507E-01
  79.10000  0.573781455309E-01
  79.20000  0.544383027867E-01
  79.30000  0.512322218033E-01
  79.40000  0.480085847375E-01
  79.50000  0.449768254603E-01
  79.60000  0.422098530031E-01
  79.70000  0.396276255690E-01
  79.80000  0.370632480488E-01
  79.90000  0.343672362661E-01
  80.00000  0.314907835760E-01
  80.10000  0.285103105477E-01
  80.20000  0.255920943737E-01
  80.30000  0.229216388645E-01
  80.40000  0.206286874686E-01
  80.50000  0.187338493313E-01
  80.60000  0.171362111719E-01
  80.70000  0.156516114729E-01
  80.80000  0.140922585305E-01
  80.90000  0.123541879434E-01
  81.00000  0.104672972271E-01
  81.10000  0.857872004261E-02
  81.20000  0.687852337254E-02
  81.30000  0.551086861875E-02
  81.40000  0.451873866117E-02
  81.50000  0.384448082907E-02
  81.60000  0.337407913693E-02
  81.70000  0.299498992472E-02
  81.80000  0.264159391952E-02
  81.90000  0.231598760215E-02
  82.00000  0.208110951469E-02
  82.10000  0.202760855058E-02
  82.20000  0.222379013827E-02
  82.30000  0.267079292381E-02
  82.40000  0.329090834289E-02
  82.50000  0.396288496670E-02
  82.60000  0.458814149715E-02
  82.70000  0.514812052477E-02
  82.80000  0.571653390343E-02
  82.90000  0.642005469200E-02
  83.00000  0.737385777620E-02
  83.10000  0.862986111710E-02
  83.20000  0.101612423495E-01
  83.30000  0.118831432514E-01
  83.40000  0.136947716834E-01
  83.50000  0.155260006656E-01
  83.60000  0.173731452123E-01
  83.70000  0.193080453641E-01
  83.80000  0.214479528779E-01
  83.90000  0.238899022941E-01
  84.00000  0.266381980408E-01
  84.10000  0.295681850787E-01
  84.20000  0.324562202131E-01
  84.30000  0.350684521060E-01
  84.40000  0.372647850588E-01
  84.50000  0.390649821348E-01
  84.60000  0.406458010204E-01
  84.70000  0.422730853283E-01
  84.80000  0.441983188907E-01
  84.90000  0.465569443470E-01
  85.00000  0.493021091020E-01
  85.10000  0.521994021892E-01
  85.20000  0.548934721236E-01
  85.30000  0.570315523220E-01
  85.40000  0.583985390375E-01
  85.50000  0.590032283083E-01
  85.60000  0.590725483772E-01
  85.70000  0.589553814708E-01
  85.80000  0.589829210871E-01
  85.90000  0.593499715816E-01
  86.00000  0.600637641966E-01
  86.10000  0.609706206119E-01
  86.20000  0.618397110671E-01
  86.30000  0.624683244325E-01
  86.40000  0.627707979422E-01
  86.50000  0.628178317745E-01
  86.60000  0.628064143647E-01
  86.70000  0.629672574652E-01
  86.80000  0.634496054540E-01
  86.90000  0.642421590589E-01
  87.00000  0.651753292160E-01
  87.10000  0.660070863139E-01
  87.20000  0.665484755562E-01
  87.30000  0.667650917947E-01
  87.40000  0.668071970594E-01
  87.50000  0.669584154593E-01
  87.60000  0.675269311327E-01
  87.70000  0.687205857988E-01
  87.80000  0.705499909003E-01
  87.90000  0.727971411704E-01
  88.00000  0.750700234511E-01
  88.10000  0.769332436355E-01
  88.20000  0.780680953228E-01
  88.30000  0.783934770691E-01
  88.40000  0.780910260564E-01
  88.50000  0.775224821868E-01
  88.60000  0.770792812451E-01
  88.70000  0.770326602779E-01
  88.80000  0.774440545910E-01
  88.90000  0.781621925203E-01
  89.00000  0.788977440752E-01
  89.10000  0.793429399496E-01
  89.20000  0.792928586900E-01
  89.30000  0.787239923993E-01
  89.40000  0.777969796690E-01
  89.50000  0.767784830107E-01
  89.60000  0.759156568771E-01
  89.70000  0.753245754400E-01
  89.80000  0.749499797454E-01
  89.90000  0.746158432933E-01
  90.00000  0.741372414577E-01
  90.10000  0.734344395166E-01
  90.20000  0.725948966268E-01
  90.30000  0.718586213484E-01
  90.40000  0.715357819401E-01
  90.50000  0.718883006329E-01
  90.60000  0.730179259395E-01
  90.70000  0.748044977413E-01
  90.80000  0.769268321452E-01
  90.90000  0.789700348898E-01
  91.00000  0.805829504838E-01
  91.10000  0.816187846665E-01
  91.20000  0.821934136000E-01
  91.30000  0.826336758597E-01
  91.40000  0.833408448075E-01
  91.50000  0.846311671192E-01
  91.60000  0.866180252557E-01
  91.70000  0.891750228579E-01
  91.80000  0.919855268944E-01
  91.90000  0.946566376517E-01
  92.00000  0.968573108621E-01
  92.10000  0.984309083047E-01
  92.20000  0.994367353782E-01
  92.30000  0.100100015881E+00
  92.40000  0.100691163226E+00
  92.50000  0.101392477502E+00
  92.60000  0.102218618388E+00
  92.70000  0.103028161699E+00
  92.80000  0.103614735953E+00
  92.90000  0.103827891336E+00
  93.00000  0.103665736575E+00
  93.10000  0.103300783692E+00
  93.20000  0.103030500270E+00
  93.30000  0.103170724649E+00
  93.40000  0.103929468573E+00
  93.50000  0.105310075803E+00
  93.60000  0.107090198372E+00
  93.70000  0.108898562156E+00
  93.80000  0.110368098819E+00
  93.90000  0.111302421177E+00
  94.00000  0.111779634095E+00
  94.10000  0.112144554333E+00
  94.20000  0.112892619448E+00
  94.30000  0.114495680269E+00
  94.40000  0.117238493314E+00
  94.50000  0.121123228621E+00
  94.60000  0.125871187420E+00
  94.70000  0.131019437270E+00
  94.80000  0.136080608106E+00
  94.90000  0.140710107676E+00
  95.00000  0.144815971784E+00
  95.10000  0.148564167663E+00
  95.20000  0.152276376453E+00
  95.30000  0.156268184357E+00
  95.40000  0.160703642190E+00
  95.50000  0.165530109278E+00
  95.60000  0.170514039231E+00
  95.70000  0.175351104852E+00
  95.80000  0.179796987479E+00
  95.90000  0.183764560103E+00
  96.00000  0.187350616798E+00
  96.10000  0.190780868084E+00
  96.20000  0.194291234657E+00
  96.30000  0.197992089279E+00
  96.40000  0.201778203988E+00
  96.50000  0.205335860288E+00
  96.60000  0.208256809114E+00
  96.70000  0.210214943666E+00
  96.80000  0.211126656402E+00
  96.90000  0.211221165224E+00
  97.00000  0.210988352915E+00
  97.10000  0.211024004518E+00
  97.20000  0.211830159377E+00
  97.30000  0.213640899720E+00
  97.40000  0.216334492381E+00
  97.50000  0.219467403033E+00
  97.60000  0.222427468568E+00
  97.70000  0.224658623286E+00
  97.80000  0.225874437160E+00
  97.90000  0.226173860903E+00
  98.00000  0.226009654040E+00
  98.10000  0.226023149663E+00
  98.20000  0.226815392183E+00
  98.30000  0.228745641921E+00
  98.40000  0.231828224660E+00
  98.50000  0.235754710316E+00
  98.60000  0.240023329713E+00
  98.70000  0.244125103039E+00
  98.80000  0.247720028731E+00
  98.90000  0.250738995771E+00
  99.00000  0.253371784799E+00
  99.10000  0.255946671028E+00
  99.20000  0.258756244233E+00
  99.30000  0.261910662001E+00
  99.40000  0.265285532376E+00
  99.50000  0.268583217335E+00
  99.60000  0.271471558812E+00
  99.70000  0.273732440796E+00
  99.80000  0.275355618119E+00
  99.90000  0.276541371993E+00
 100.00000  0.277611630068E+00
 100.10000  0.278861630550E+00
 100.20000  0.280407889667E+00
 100.30000  0.282096995012E+00
 100.40000  0.283524432133E+00
 100.50000  0.284170537853E+00
 100.60000  0.283606197134E+00
 100.70000  0.281682604841E+00
 100.80000  0.278621313869E+00
 100.90000  0.274963644487E+00
 101.00000  0.271398613231E+00
 101.10000  0.268535263756E+00
 101.20000  0.266701297470E+00
 101.30000  0.265836702996E+00
 101.40000  0.265519338715E+00
 101.50000  0.265118131446E+00
 101.60000  0.264025859998E+00
 101.70000  0.261889545270E+00
 101.80000  0.258749859986E+00
 101.90000  0.255032791039E+00
 102.00000  0.251397699092E+00
 102.10000  0.248506485677E+00
 102.20000  0.246807431243E+00
 102.30000  0.246412511754E+00
 102.40000  0.247102142066E+00
 102.50000  0.248441844462E+00
 102.60000  0.249960310609E+00
 102.70000  0.251323272775E+00
 102.80000  0.252441330575E+00
 102.90000  0.253472231001E+00
 103.00000  0.254717700802E+00
 103.10000  0.256460619795E+00
 103.20000  0.258818050444E+00
 103.30000  0.261679564210E+00
 103.40000  0.264758005443E+00
 103.50000  0.267724221526E+00
 103.60000  0.270359364372E+00
 103.70000  0.272655628402E+00
 103.80000  0.274823635274E+00
 103.90000  0.277203709545E+00
 104.00000  0.280113061452E+00
 104.10000  0.283684362673E+00
 104.20000  0.287759797665E+00
 104.30000  0.291892499001E+00
 104.40000  0.295470514620E+00
 104.50000  0.297926064344E+00
 104.60000  0.298949086938E+00
 104.70000  0.298615129105E+00
 104.80000  0.297371764945E+00
 104.90000  0.295887487367E+00
 105.00000  0.294821329386E+00
 105.10000  0.294597026730E+00
 105.20000  0.295258453363E+00
 105.30000  0.296453543779E+00
 105.40000  0.297553585480E+00
 105.50000  0.297871497349E+00
 105.60000  0.296905728209E+00
 105.70000  0.294520611777E+00
 105.80000  0.290993085971E+00
 105.90000  0.286908038927E+00
 106.00000  0.282947450754E+00
 106.10000  0.279659980394E+00
 106.20000  0.277297998890E+00
 106.30000  0.275773304303E+00
 106.40000  0.274733573176E+00
 106.50000  0.273721188928E+00
 106.60000  0.272354177299E+00
 106.70000  0.270465522243E+00
 106.80000  0.268151295381E+00
 106.90000  0.265710096822E+00
 107.00000  0.263500205707E+00
 107.10000  0.261778684456E+00
 107.20000  0.260596391091E+00
 107.30000  0.259795221765E+00
 107.40000  0.259102880286E+00
 107.50000  0.258274984452E+00
 107.60000  0.257217704641E+00
 107.70000  0.256039395239E+00
 107.80000  0.255012530672E+00
 107.90000  0.254460923075E+00
 108.00000  0.254612932521E+00
 108.10000  0.255476248827E+00
 108.20000  0.256789133570E+00
 108.30000  0.258080290481E+00
 108.40000  0.258826256827E+00
 108.50000  0.258648440691E+00
 108.60000  0.257467667811E+00
 108.70000  0.255548877587E+00
 108.80000  0.253415697096E+00
 108.90000  0.251668373219E+00
 109.00000  0.250773089010E+00
 109.10000  0.250895862515E+00
 109.20000  0.251835861873E+00
 109.30000  0.253081591869E+00
 109.40000  0.253975879918E+00
 109.50000  0.253937853531E+00
 109.60000  0.252663954938E+00
 109.70000  0.250231255415E+00
 109.80000  0.247061934278E+00
 109.90000  0.243764913957E+00
 110.00000  0.240920789706E+00
 110.10000  0.238893966405E+00
 110.20000  0.237736257996E+00
 110.30000  0.237204975305E+00
 110.40000  0.236877597828E+00
 110.50000  0.236317473841E+00
 110.60000  0.235232722928E+00
 110.70000  0.233573163306E+00
 110.80000  0.231529890581E+00
 110.90000  0.229438697367E+00
 111.00000  0.227630173564E+00
 111.10000  0.226294560031E+00
 111.20000  0.225421387525E+00
 111.30000  0.224835377836E+00
 111.40000  0.224303440682E+00
 111.50000  0.223658641398E+00
 111.60000  0.222886878209E+00
 111.70000  0.222143343548E+00
 111.80000  0.221693982208E+00
 111.90000  0.221802640523E+00
 112.00000  0.222604621693E+00
 112.10000  0.224018224233E+00
 112.20000  0.225739189094E+00
 112.30000  0.227333256007E+00
 112.40000  0.228397587241E+00
 112.50000  0.228725366220E+00
 112.60000  0.228401905738E+00
 112.70000  0.227789835502E+00
 112.80000  0.227408444119E+00
 112.90000  0.227752849509E+00
 113.00000  0.229116682809E+00
 113.10000  0.231477336135E+00
 113.20000  0.234483173610E+00
 113.30000  0.237552794198E+00
 113.40000  0.240060371896E+00
 113.50000  0.241546412304E+00
 113.60000  0.241876126639E+00
 113.70000  0.241282576340E+00
 113.80000  0.240277204747E+00
 113.90000  0.239464917216E+00
 114.00000  0.239336485261E+00
 114.10000  0.240112524308E+00
 114.20000  0.241686430437E+00
 114.30000  0.243676337175E+00
 114.40000  0.245563090068E+00
 114.50000  0.246867667359E+00
 114.60000  0.247308948182E+00
 114.70000  0.246886176537E+00
 114.80000  0.245855408946E+00
 114.90000  0.244611404686E+00
 115.00000  0.243527233100E+00
 115.10000  0.242820440256E+00
 115.20000  0.242497182536E+00
 115.30000  0.242385987483E+00
 115.40000  0.242234541919E+00
 115.50000  0.241823904835E+00
 115.60000  0.241056528573E+00
 115.70000  0.239988618915E+00
 115.80000  0.238796292649E+00
 115.90000  0.237687133346E+00
 116.00000  0.236791850342E+00
 116.10000  0.236085147886E+00
 116.20000  0.235377812488E+00
 116.30000  0.234390549264E+00
 116.40000  0.232878946473E+00
 116.50000  0.230752295460E+00
 116.60000  0.228132375999E+00
 116.70000  0.225327270531E+00
 116.80000  0.222731025439E+00
 116.90000  0.220685469971E+00
 117.00000  0.219350628853E+00
 117.10000  0.218628192542E+00
 117.20000  0.218170320135E+00
 117.30000  0.217481589907E+00
 117.40000  0.216086997426E+00
 117.50000  0.213706612429E+00
 117.60000  0.210367345805E+00
 117.70000  0.206404808068E+00
 117.80000  0.202353939341E+00
 117.90000  0.198771598409E+00
 118.00000  0.196056111897E+00
 118.10000  0.194323073590E+00
 118.20000  0.193373520981E+00
 118.30000  0.192762266621E+00
 118.40000  0.191946224091E+00
 118.50000  0.190467102660E+00
 118.60000  0.188106520752E+00
 118.70000  0.184955891192E+00
 118.80000  0.181373937090E+00
 118.90000  0.177850759561E+00
 119.00000  0.174835386343E+00
 119.10000  0.172593520784E+00
 119.20000  0.171141894118E+00
 119.30000  0.170270948001E+00
 119.40000  0.169637403497E+00
 119.50000  0.168891163757E+00
 119.60000  0.167794968131E+00
 119.70000  0.166297471742E+00
 119.80000  0.164533422889E+00
 119.90000  0.162750720748E+00
 120.00000  0.161196050565E+00
 120.10000  0.160011203800E+00
 120.20000  0.159186358766E+00
 120.30000  0.158586258890E+00
 120.40000  0.158029087335E+00
 120.50000  0.157377023446E+00
 120.60000  0.156599663233E+00
 120.70000  0.155788490057E+00
 120.80000  0.155119629387E+00
 120.90000  0.154777497206E+00
 121.00000  0.154864964551E+00
 121.10000  0.155335583284E+00
 121.20000  0.155982565238E+00
 121.30000  0.156499954116E+00
 121.40000  0.156597951074E+00
 121.50000  0.156124696062E+00
 121.60000  0.155140361949E+00
 121.70000  0.153910873316E+00
 121.80000  0.152824082158E+00
 121.90000  0.152260534096E+00
 122.00000  0.152462931055E+00
 122.10000  0.153445376337E+00
 122.20000  0.154972462147E+00
 122.30000  0.156621241841E+00
 122.40000  0.157914276030E+00
 122.50000  0.158483000178E+00
 122.60000  0.158201482930E+00
 122.70000  0.157236505917E+00
 122.80000  0.155992830995E+00
 122.90000  0.154976176806E+00
 123.00000  0.154627216822E+00
 123.10000  0.155184522577E+00
 123.20000  0.156617202278E+00
 123.30000  0.158642839762E+00
 123.40000  0.160822945959E+00
 123.50000  0.162707820869E+00
 123.60000  0.163985745706E+00
 123.70000  0.164584528192E+00
 123.80000  0.164686354098E+00
 123.90000  0.164650386866E+00
 124.00000  0.164876765687E+00
 124.10000  0.165668594516E+00
 124.20000  0.167143015736E+00
 124.30000  0.169215368264E+00
 124.40000  0.171650226167E+00
 124.50000  0.174153986519E+00
 124.60000  0.176477023808E+00
 124.70000  0.178493573549E+00
 124.80000  0.180232531233E+00
 124.90000  0.181846343480E+00
 125.00000  0.183529458904E+00
 125.10000  0.185422722980E+00
 125.20000  0.187549104008E+00
 125.30000  0.189810239269E+00
 125.40000  0.192041077885E+00
 125.50000  0.194091833803E+00
 125.60000  0.195898286283E+00
 125.70000  0.197512827895E+00
 125.80000  0.199087328677E+00
 125.90000  0.200814315238E+00
 126.00000  0.202844055639E+00
 126.10000  0.205205027398E+00
 126.20000  0.207761447383E+00
 126.30000  0.210235013977E+00
 126.40000  0.212293668205E+00
 126.50000  0.213677041696E+00
 126.60000  0.214306226218E+00
 126.70000  0.214329801450E+00
 126.80000  0.214086237688E+00
 126.90000  0.213997206909E+00
 127.00000  0.214429320271E+00
 127.10000  0.215568045121E+00
 127.20000  0.217342442378E+00
 127.30000  0.219428015850E+00
 127.40000  0.221336073521E+00
 127.50000  0.222569779779E+00
 127.60000  0.222797117256E+00
 127.70000  0.221976227397E+00
 127.80000  0.220382465372E+00
 127.90000  0.218525314132E+00
 128.00000  0.216986707517E+00
 128.10000  0.216238399805E+00
 128.20000  0.216496789440E+00
 128.30000  0.217656590412E+00
 128.40000  0.219321505607E+00
 128.50000  0.220925562507E+00
 128.60000  0.221912829115E+00
 128.70000  0.221919978940E+00
 128.80000  0.220897839118E+00
 128.90000  0.219125849965E+00
 129.00000  0.217114212309E+00
 129.10000  0.215432733032E+00
 129.20000  0.214530001319E+00
 129.30000  0.214602168527E+00
 129.40000  0.215546128545E+00
 129.50000  0.217003429079E+00
 129.60000  0.218478193873E+00
 129.70000  0.219494602673E+00
 129.80000  0.219746288400E+00
 129.90000  0.219187484980E+00
 130.00000  0.218032482818E+00
 130.10000  0.216664847653E+00
 130.20000  0.215494980286E+00
 130.30000  0.214823005000E+00
 130.40000  0.214754445608E+00
 130.50000  0.215188172063E+00
 130.60000  0.215868333383E+00
 130.70000  0.216476274926E+00
 130.80000  0.216733453394E+00
 130.90000  0.216485573537E+00
 131.00000  0.215740910686E+00
 131.10000  0.214647874611E+00
 131.20000  0.213420293593E+00
 131.30000  0.212243632794E+00
 131.40000  0.211204777162E+00
 131.50000  0.210273853869E+00
 131.60000  0.209337953499E+00
 131.70000  0.208262835591E+00
 131.80000  0.206952724739E+00
 131.90000  0.205387409399E+00
 132.00000  0.203628121569E+00
 132.10000  0.201791718326E+00
 132.20000  0.199999227744E+00
 132.30000  0.198314897048E+00
 132.40000  0.196702264397E+00
 132.50000  0.195023382041E+00
 132.60000  0.193089361685E+00
 132.70000  0.190742783478E+00
 132.80000  0.187933671676E+00
 132.90000  0.184753943415E+00
 133.00000  0.181416897156E+00
 133.10000  0.178192341759E+00
 133.20000  0.175321054434E+00
 133.30000  0.172933856216E+00
 133.40000  0.170998250060E+00
 133.50000  0.169312708460E+00
 133.60000  0.167560063703E+00
 133.70000  0.165411644153E+00
 133.80000  0.162648502680E+00
 133.90000  0.159251577808E+00
 134.00000  0.155422016916E+00
 134.10000  0.151522871820E+00
 134.20000  0.147965810630E+00
 134.30000  0.145083673258E+00
 134.40000  0.143027904113E+00
 134.50000  0.141718129790E+00
 134.60000  0.140858402826E+00
 134.70000  0.140020905783E+00
 134.80000  0.138778792419E+00
 134.90000  0.136848015334E+00
 135.00000  0.134186537607E+00
 135.10000  0.131010980649E+00
 135.20000  0.127723783952E+00
 135.30000  0.124780427852E+00
 135.40000  0.122545940345E+00
 135.50000  0.121186121439E+00
 135.60000  0.120621036286E+00
 135.70000  0.120549559296E+00
 135.80000  0.120538599993E+00
 135.90000  0.120155304059E+00
 136.00000  0.119103974022E+00
 136.10000  0.117320509867E+00
 136.20000  0.114987648834E+00
 136.30000  0.112464960575E+00
 136.40000  0.110163004573E+00
 136.50000  0.108410673431E+00
 136.60000  0.107359678619E+00
 136.70000  0.106949157010E+00
 136.80000  0.106932342934E+00
 136.90000  0.106954111340E+00
 137.00000  0.106659376363E+00
 137.10000  0.105802744095E+00
 137.20000  0.104323312225E+00
 137.30000  0.102355461974E+00
 137.40000  0.100170735900E+00
 137.50000  0.980762395418E-01
 137.60000  0.963123461375E-01
 137.70000  0.949864417942E-01
 137.80000  0.940573788069E-01
 137.90000  0.933643441696E-01
 138.00000  0.926846666164E-01
 138.10000  0.918044483430E-01
 138.20000  0.905848375594E-01
 138.30000  0.890035969978E-01
 138.40000  0.871544126800E-01
 138.50000  0.852018213033E-01
 138.60000  0.833118141354E-01
 138.70000  0.815911791392E-01
 138.80000  0.800614743633E-01
 138.90000  0.786716131907E-01
 139.00000  0.773335440491E-01
 139.10000  0.759610490436E-01
 139.20000  0.744996338993E-01
 139.30000  0.729435573853E-01
 139.40000  0.713370827822E-01
 139.50000  0.697560190096E-01
 139.60000  0.682715681099E-01
 139.70000  0.669112270402E-01
 139.80000  0.656393495917E-01
 139.90000  0.643719807827E-01
 140.00000  0.630196979867E-01
 140.10000  0.615344303461E-01
 140.20000  0.599355931940E-01
 140.30000  0.583060034357E-01
 140.40000  0.567646011621E-01
 140.50000  0.554288714172E-01
 140.60000  0.543763683239E-01
 140.70000  0.536121931281E-01
 140.80000  0.530528570867E-01
 140.90000  0.525398259102E-01
 141.00000  0.518878022428E-01
 141.10000  0.509536556202E-01
 141.20000  0.496956984507E-01
 141.30000  0.481945539824E-01
 141.40000  0.466267339183E-01
 141.50000  0.452053123771E-01
 141.60000  0.441126672806E-01
 141.70000  0.434455609492E-01
 141.80000  0.431833989321E-01
 141.90000  0.431862265850E-01
 142.00000  0.432280476151E-01
 142.10000  0.430639501384E-01
 142.20000  0.425133656769E-01
 142.30000  0.415271281855E-01
 142.40000  0.402076973164E-01
 142.50000  0.387730742711E-01
 142.60000  0.374818502672E-01
 142.70000  0.365510507152E-01
 142.80000  0.360936473842E-01
 142.90000  0.360885174889E-01
 143.00000  0.363856280012E-01
 143.10000  0.367461057608E-01
 143.20000  0.369123968780E-01
 143.30000  0.366917491431E-01
 143.40000  0.360232481092E-01
 143.50000  0.349987335800E-01
 143.60000  0.338271367970E-01
 143.70000  0.327591640686E-01
 143.80000  0.320056478878E-01
 143.90000  0.316786548024E-01
 144.00000  0.317675280869E-01
 144.10000  0.321481710366E-01
 144.20000  0.326200925234E-01
 144.30000  0.329653773122E-01
 144.40000  0.330175006349E-01
 144.50000  0.327173979366E-01
 144.60000  0.321317825319E-01
 144.70000  0.314232056896E-01
 144.80000  0.307859373747E-01
 144.90000  0.303783429994E-01
 145.00000  0.302789196759E-01
 145.10000  0.304750181830E-01
 145.20000  0.308772222623E-01
 145.30000  0.313490251672E-01
 145.40000  0.317460563411E-01
 145.50000  0.319596804345E-01
 145.60000  0.319527389332E-01
 145.70000  0.317701590498E-01
 145.80000  0.315153005735E-01
 145.90000  0.313023181029E-01
 146.00000  0.312100118287E-01
 146.10000  0.312598671506E-01
 146.20000  0.314227301265E-01
 146.30000  0.316412918101E-01
 146.40000  0.318528694966E-01
 146.50000  0.320065003652E-01
 146.60000  0.320762854542E-01
 146.70000  0.320704846065E-01
 146.80000  0.320289940315E-01
 146.90000  0.320031723707E-01
 147.00000  0.320247314493E-01
 147.10000  0.320829321086E-01
 147.20000  0.321272032781E-01
 147.30000  0.320947445420E-01
 147.40000  0.319447220141E-01
 147.50000  0.316781716155E-01
 147.60000  0.313362219807E-01
 147.70000  0.309842563909E-01
 147.80000  0.306927059400E-01
 147.90000  0.305177873550E-01
 148.00000  0.304805957309E-01
 148.10000  0.305485903232E-01
 148.20000  0.306326900098E-01
 148.30000  0.306117840540E-01
 148.40000  0.303803017560E-01
 148.50000  0.298961213270E-01
 148.60000  0.292027975656E-01
 148.70000  0.284157803112E-01
 148.80000  0.276832530940E-01
 148.90000  0.271412777432E-01
 149.00000  0.268766772117E-01
 149.10000  0.269014011548E-01
 149.20000  0.271410409156E-01
 149.30000  0.274457412626E-01
 149.40000  0.276310503038E-01
 149.50000  0.275419507233E-01
 149.60000  0.271146904559E-01
 149.70000  0.264059168617E-01
 149.80000  0.255745926326E-01
 149.90000  0.248275809874E-01
 150.00000  0.243548660580E-01
 150.10000  0.242766255696E-01
 150.20000  0.246113622826E-01
 150.30000  0.252670910740E-01
 150.40000  0.260595076847E-01
 150.50000  0.267613607212E-01
 150.60000  0.271758030701E-01
 150.70000  0.272083900429E-01
 150.80000  0.269047833466E-01
 150.90000  0.264352126946E-01
 151.00000  0.260341548665E-01
 151.10000  0.259238593626E-01
 151.20000  0.262501592322E-01
 151.30000  0.270446073638E-01
 151.40000  0.282149975926E-01
 151.50000  0.295649682767E-01
 151.60000  0.308447519141E-01
 151.70000  0.318270059182E-01
 151.80000  0.323846097395E-01
 151.90000  0.325368625631E-01
 152.00000  0.324409243026E-01
 152.10000  0.323327982924E-01
 152.20000  0.324465101235E-01
 152.30000  0.329441269426E-01
 152.40000  0.338747334510E-01
 152.50000  0.351643881822E-01
 152.60000  0.366342827004E-01
 152.70000  0.380467746959E-01
 152.80000  0.391752183557E-01
 152.90000  0.398792093823E-01
 153.00000  0.401543511722E-01
 153.10000  0.401312847852E-01
 153.20000  0.400236688384E-01
 153.30000  0.400512102305E-01
 153.40000  0.403716442313E-01
 153.50000  0.410419933436E-01
 153.60000  0.420104269022E-01
 153.70000  0.431322412851E-01
 153.80000  0.442071060351E-01
 153.90000  0.450360318932E-01
 154.00000  0.454862953856E-01
 154.10000  0.455389105023E-01
 154.20000  0.452935160844E-01
 154.30000  0.449260598564E-01
 154.40000  0.446212883086E-01
 154.50000  0.445131251848E-01
 154.60000  0.446540580881E-01
 154.70000  0.450133691933E-01
 154.80000  0.454931006318E-01
 154.90000  0.459550886613E-01
 155.00000  0.462593915016E-01
 155.10000  0.463101817381E-01
 155.20000  0.460922960740E-01
 155.30000  0.456768190832E-01
 155.40000  0.451884206870E-01
 155.50000  0.447516156546E-01
 155.60000  0.444461482468E-01
 155.70000  0.442915732472E-01
 155.80000  0.442582775236E-01
 155.90000  0.442881865624E-01
 156.00000  0.443132136299E-01
 156.10000  0.442723674867E-01
 156.20000  0.441316976652E-01
 156.30000  0.439012551064E-01
 156.40000  0.436343214084E-01
 156.50000  0.434013348067E-01
 156.60000  0.432510968990E-01
 156.70000  0.431853073971E-01
 156.80000  0.431640223562E-01
 156.90000  0.431357566348E-01
 157.00000  0.430688561677E-01
 157.10000  0.429652515716E-01
 157.20000  0.428562053737E-01
 157.30000  0.427916882207E-01
 157.40000  0.428301202843E-01
 157.50000  0.430236971687E-01
 157.60000  0.433941158800E-01
 157.70000  0.439075533218E-01
 157.80000  0.444700724879E-01
 157.90000  0.449576177973E-01
 158.00000  0.452703755766E-01
 158.10000  0.453810699887E-01
 158.20000  0.453499371637E-01
 158.30000  0.453023885299E-01
 158.40000  0.453867578859E-01
 158.50000  0.457317923875E-01
 158.60000  0.464113863678E-01
 158.70000  0.474163377058E-01
 158.80000  0.486394631458E-01
 158.90000  0.498901723862E-01
 159.00000  0.509488790674E-01
 159.10000  0.516475255151E-01
 159.20000  0.519394029042E-01
 159.30000  0.519220912716E-01
 159.40000  0.518036259337E-01
 159.50000  0.518322231520E-01
 159.60000  0.522207670050E-01
 159.70000  0.530866937467E-01
 159.80000  0.544140843848E-01
 159.90000  0.560434105699E-01
 160.00000  0.577005735974E-01
 160.10000  0.590722579199E-01
 160.20000  0.599114731230E-01
 160.30000  0.601313869397E-01
 160.40000  0.598424038205E-01
 160.50000  0.593146670949E-01
 160.60000  0.588861607245E-01
 160.70000  0.588570269608E-01
 160.80000  0.594038444862E-01
 160.90000  0.605289955143E-01
 161.00000  0.620506259839E-01
 161.10000  0.636403930691E-01
 161.20000  0.649128266671E-01
 161.30000  0.655494526578E-01
 161.40000  0.654136718484E-01
 161.50000  0.646047349222E-01
 161.60000  0.634246210622E-01
 161.70000  0.622746894889E-01
 161.80000  0.615282716930E-01
 161.90000  0.614236175652E-01
 162.00000  0.620001590472E-01
 162.10000  0.630841951810E-01
 162.20000  0.643275048497E-01
 162.30000  0.653008519334E-01
 162.40000  0.656274711842E-01
 162.50000  0.651139940578E-01
 162.60000  0.638230588206E-01
 162.70000  0.620525854535E-01
 162.80000  0.602319030857E-01
 162.90000  0.587823252750E-01
 163.00000  0.579947290531E-01
 163.10000  0.579545285544E-01
 163.20000  0.585211678463E-01
 163.30000  0.593620071605E-01
 163.40000  0.600408545854E-01
 163.50000  0.601499171287E-01
 163.60000  0.594478740548E-01
 163.70000  0.579482431969E-01
 163.80000  0.559157155169E-01
 163.90000  0.537717962581E-01
 164.00000  0.519544164461E-01
 164.10000  0.507884232210E-01
 164.20000  0.504031251846E-01
 164.30000  0.507050275443E-01
 164.40000  0.514023615901E-01
 164.50000  0.520805124856E-01
 164.60000  0.523225769652E-01
 164.70000  0.518464404933E-01
 164.80000  0.506061348550E-01
 164.90000  0.488092039521E-01
 165.00000  0.468403967715E-01
 165.10000  0.451291810751E-01
 165.20000  0.440189400059E-01
 165.30000  0.436789823137E-01
 165.40000  0.440695123355E-01
 165.50000  0.449538453398E-01
 165.60000  0.459560010409E-01
 165.70000  0.466638481307E-01
 165.80000  0.467598572624E-01
 165.90000  0.461336283019E-01
 166.00000  0.449233072502E-01
 166.10000  0.434634431969E-01
 166.20000  0.421658176583E-01
 166.30000  0.413891790893E-01
 166.40000  0.413440635820E-01
 166.50000  0.420472151121E-01
 166.60000  0.433196516987E-01
 166.70000  0.448257195057E-01
 166.80000  0.461583054936E-01
 166.90000  0.469627463846E-01
 167.00000  0.470611042022E-01
 167.10000  0.465201651449E-01
 167.20000  0.456268289169E-01
 167.30000  0.447837481967E-01
 167.40000  0.443773412636E-01
 167.50000  0.446703643336E-01
 167.60000  0.457410802453E-01
 167.70000  0.474654717711E-01
 167.80000  0.495391602921E-01
 167.90000  0.515474129730E-01
 168.00000  0.530848693681E-01
 168.10000  0.538943758144E-01
 168.20000  0.539651383269E-01
 168.30000  0.535390235564E-01
 168.40000  0.530216242737E-01
 168.50000  0.528445977707E-01
 168.60000  0.533387932795E-01
 168.70000  0.546517499174E-01
 168.80000  0.567119873258E-01
 168.90000  0.592363614729E-01
 169.00000  0.617893655419E-01
 169.10000  0.639022729804E-01
 169.20000  0.652286467930E-01
 169.30000  0.656744089463E-01
 169.40000  0.654368988939E-01
 169.50000  0.649318654315E-01
 169.60000  0.646475885196E-01
 169.70000  0.649935304072E-01
 169.80000  0.661917516830E-01
 169.90000  0.682225055490E-01
 170.00000  0.708199000591E-01
 170.10000  0.735240007680E-01
 170.20000  0.758005426555E-01
 170.30000  0.772117636829E-01
 170.40000  0.775769154003E-01
 170.50000  0.770444610711E-01
 170.60000  0.760367123804E-01
 170.70000  0.750968246842E-01
 170.80000  0.747128223786E-01
 170.90000  0.751832832775E-01
 171.00000  0.765469108145E-01
 171.10000  0.785704014787E-01
 171.20000  0.807944560919E-01
 171.30000  0.826490814521E-01
 171.40000  0.836298288022E-01
 171.50000  0.834792530547E-01
 171.60000  0.822885708577E-01
 171.70000  0.804633967847E-01
 171.80000  0.785713600696E-01
 171.90000  0.771499545925E-01
 172.00000  0.765541437147E-01
 172.10000  0.768766734683E-01
 172.20000  0.779326358983E-01
 172.30000  0.792982493616E-01
 172.40000  0.804126130868E-01
 172.50000  0.807444480318E-01
 172.60000  0.799805249680E-01
 172.70000  0.781503448458E-01
 172.80000  0.756159131893E-01
 172.90000  0.729290178571E-01
 173.00000  0.706336273273E-01
 173.10000  0.691058776014E-01
 173.20000  0.684752243618E-01
 173.30000  0.686137008594E-01
 173.40000  0.691687077277E-01
 173.50000  0.696416748778E-01
 173.60000  0.695266925640E-01
 173.70000  0.684864751651E-01
 173.80000  0.664892123753E-01
 173.90000  0.638239164172E-01
 174.00000  0.609778080394E-01
 174.10000  0.584464310181E-01
 174.20000  0.565784363092E-01
 174.30000  0.555090054262E-01
 174.40000  0.551632398246E-01
 174.50000  0.552859925618E-01
 174.60000  0.554893893986E-01
 174.70000  0.553452914445E-01
 174.80000  0.545292231317E-01
 174.90000  0.529584282632E-01
 175.00000  0.508340688835E-01
 175.10000  0.485473216387E-01
 175.20000  0.465057182819E-01
 175.30000  0.449886788590E-01
 175.40000  0.440996765813E-01
 175.50000  0.437928870042E-01
 175.60000  0.439077664299E-01
 175.70000  0.441844835988E-01
 175.80000  0.442988585675E-01
 175.90000  0.439601820872E-01
 176.00000  0.430443062358E-01
 176.10000  0.416671981756E-01
 176.20000  0.401269008551E-01
 176.30000  0.387461128916E-01
 176.40000  0.377312097821E-01
 176.50000  0.371387304749E-01
 176.60000  0.369322953389E-01
 176.70000  0.370363451207E-01
 176.80000  0.373277066673E-01
 176.90000  0.376067934279E-01
 177.00000  0.376357872220E-01
 177.10000  0.372609634286E-01
 177.20000  0.365248357598E-01
 177.30000  0.356524836503E-01
 177.40000  0.349045835864E-01
 177.50000  0.344206024682E-01
 177.60000  0.341865241954E-01
 177.70000  0.341329090868E-01
 177.80000  0.342356981343E-01
 177.90000  0.345009937299E-01
 178.00000  0.348601973127E-01
 178.10000  0.351217230122E-01
 178.20000  0.350767469775E-01
 178.30000  0.346801755753E-01
 178.40000  0.341181270821E-01
 178.50000  0.336673959930E-01
 178.60000  0.334682162624E-01
 178.70000  0.334380316837E-01
 178.80000  0.334182411552E-01
 178.90000  0.333944101131E-01
 179.00000  0.335339707143E-01
 179.10000  0.339707062615E-01
 179.20000  0.345572584855E-01
 179.30000  0.348892051417E-01
 179.40000  0.346531272977E-01
 179.50000  0.339941885220E-01
 179.60000  0.335097126966E-01
 179.70000  0.337897888013E-01
 179.80000  0.348718929976E-01
 179.90000  0.361152388347E-01
 180.00000  0.366608559162E-01
