 # E =    3.50105739396600       eV =    28240.0000000000       1/cm
 #  1801
# DFFCSO.  ACCUM LEV(I),J(I) =  1  0 LEV(F),J(F) =  1  0       , M =  0, WEIGHTED BY  1.00000
   0.10000  0.237423578300E+07
   0.20000  0.722855836279E+06
   0.30000  0.666061450729E+05
   0.40000  0.909091591552E+05
   0.50000  0.744846229616E+05
   0.60000  0.295549830141E+05
   0.70000  0.318267878689E+05
   0.80000  0.240621342065E+05
   0.90000  0.150533941562E+05
   1.00000  0.132251978957E+05
   1.10000  0.966155410764E+04
   1.20000  0.649696373494E+04
   1.30000  0.463479370147E+04
   1.40000  0.405213912864E+04
   1.50000  0.293387691578E+04
   1.60000  0.120601426479E+04
   1.70000  0.113916516938E+04
   1.80000  0.134762509531E+04
   1.90000  0.610729277773E+03
   2.00000  0.165090822296E+03
   2.10000  0.275679620079E+03
   2.20000  0.375634238263E+03
   2.30000  0.243813859984E+03
   2.40000  0.234038716001E+02
   2.50000  0.107918599564E+03
   2.60000  0.272098317310E+03
   2.70000  0.126541587955E+03
   2.80000  0.781705283870E+00
   2.90000  0.560279025305E+02
   3.00000  0.730286871761E+02
   3.10000  0.332134723664E+02
   3.20000  0.142582427928E+02
   3.30000  0.199254151762E+02
   3.40000  0.195350102426E+02
   3.50000  0.211384119534E+02
   3.60000  0.229795030664E+02
   3.70000  0.135511367412E+02
   3.80000  0.104763340500E+02
   3.90000  0.724347217822E+01
   4.00000  0.108212647901E+01
   4.10000  0.164554718836E+01
   4.20000  0.867112903119E+01
   4.30000  0.942598931407E+01
   4.40000  0.299081127907E+01
   4.50000  0.474589372024E+01
   4.60000  0.544058596167E+01
   4.70000  0.436165231388E+01
   4.80000  0.684396743677E+01
   4.90000  0.422057855139E+01
   5.00000  0.602804378572E+00
   5.10000  0.127367979157E+01
   5.20000  0.401943582412E+01
   5.30000  0.399997904548E+01
   5.40000  0.474932558428E+01
   5.50000  0.621063850600E+01
   5.60000  0.252211359841E+01
   5.70000  0.203578563900E+01
   5.80000  0.421835872773E+01
   5.90000  0.258953597396E+01
   6.00000  0.847007503740E+00
   6.10000  0.145695646459E+01
   6.20000  0.203166183977E+01
   6.30000  0.179844768188E+01
   6.40000  0.482189589197E+01
   6.50000  0.587655907978E+01
   6.60000  0.268331911839E+01
   6.70000  0.309772199237E+01
   6.80000  0.453814938186E+01
   6.90000  0.366111454773E+01
   7.00000  0.426177714553E+01
   7.10000  0.672330618053E+01
   7.20000  0.629226629661E+01
   7.30000  0.566818782047E+01
   7.40000  0.100981398594E+02
   7.50000  0.117873978963E+02
   7.60000  0.868721958094E+01
   7.70000  0.783288901606E+01
   7.80000  0.802890840652E+01
   7.90000  0.681956714709E+01
   8.00000  0.854286425630E+01
   8.10000  0.136988236089E+02
   8.20000  0.137584002872E+02
   8.30000  0.955307925093E+01
   8.40000  0.850569376401E+01
   8.50000  0.811611147544E+01
   8.60000  0.688121055966E+01
   8.70000  0.833587951613E+01
   8.80000  0.107395333572E+02
   8.90000  0.894089573101E+01
   9.00000  0.579323170644E+01
   9.10000  0.631381442273E+01
   9.20000  0.683749833532E+01
   9.30000  0.588944483313E+01
   9.40000  0.597838316722E+01
   9.50000  0.563832222919E+01
   9.60000  0.343188318296E+01
   9.70000  0.230796161008E+01
   9.80000  0.419876438033E+01
   9.90000  0.534907867019E+01
  10.00000  0.458741383384E+01
  10.10000  0.389583142754E+01
  10.20000  0.256781122420E+01
  10.30000  0.104910964786E+01
  10.40000  0.145550131323E+01
  10.50000  0.359581478710E+01
  10.60000  0.450186968413E+01
  10.70000  0.369262985387E+01
  10.80000  0.292437369792E+01
  10.90000  0.180674029202E+01
  11.00000  0.112939993920E+01
  11.10000  0.227766302335E+01
  11.20000  0.399060497793E+01
  11.30000  0.417371204342E+01
  11.40000  0.314154609748E+01
  11.50000  0.256483150302E+01
  11.60000  0.204649556919E+01
  11.70000  0.199584019687E+01
  11.80000  0.330351290927E+01
  11.90000  0.433569328913E+01
  12.00000  0.371805298356E+01
  12.10000  0.245071672886E+01
  12.20000  0.207818535957E+01
  12.30000  0.210858195553E+01
  12.40000  0.237679790769E+01
  12.50000  0.340440728235E+01
  12.60000  0.375586905689E+01
  12.70000  0.267190095955E+01
  12.80000  0.142019222353E+01
  12.90000  0.118063793829E+01
  13.00000  0.147067670961E+01
  13.10000  0.176039019238E+01
  13.20000  0.233629198537E+01
  13.30000  0.234032108830E+01
  13.40000  0.142102191814E+01
  13.50000  0.542892543885E+00
  13.60000  0.349808838421E+00
  13.70000  0.604271289142E+00
  13.80000  0.794167482305E+00
  13.90000  0.104831431303E+01
  14.00000  0.109303253538E+01
  14.10000  0.721307803910E+00
  14.20000  0.314676675535E+00
  14.30000  0.888930378682E-01
  14.40000  0.187606176857E+00
  14.50000  0.327352504803E+00
  14.60000  0.443076197731E+00
  14.70000  0.599699011912E+00
  14.80000  0.618653311435E+00
  14.90000  0.460250059345E+00
  15.00000  0.177637884623E+00
  15.10000  0.169612073295E+00
  15.20000  0.333485917418E+00
  15.30000  0.393263308617E+00
  15.40000  0.516915159727E+00
  15.50000  0.581599162608E+00
  15.60000  0.437364267745E+00
  15.70000  0.167446725837E+00
  15.80000  0.161199038825E+00
  15.90000  0.362609496185E+00
  16.00000  0.394904525984E+00
  16.10000  0.423763577509E+00
  16.20000  0.400257110348E+00
  16.30000  0.218951033592E+00
  16.40000  0.501469044830E-01
  16.50000  0.111499966874E+00
  16.60000  0.312581566384E+00
  16.70000  0.331873537595E+00
  16.80000  0.324564979927E+00
  16.90000  0.277715042382E+00
  17.00000  0.975889053301E-01
  17.10000  0.287340090075E-01
  17.20000  0.153625873570E+00
  17.30000  0.320430089689E+00
  17.40000  0.322496457886E+00
  17.50000  0.330044983189E+00
  17.60000  0.343053350326E+00
  17.70000  0.188461026667E+00
  17.80000  0.140705565668E+00
  17.90000  0.295879283225E+00
  18.00000  0.441823464496E+00
  18.10000  0.423270705591E+00
  18.20000  0.444778075650E+00
  18.30000  0.555191921009E+00
  18.40000  0.452684435287E+00
  18.50000  0.356942173062E+00
  18.60000  0.504364521514E+00
  18.70000  0.666117515018E+00
  18.80000  0.639386445276E+00
  18.90000  0.652635014901E+00
  19.00000  0.861756366075E+00
  19.10000  0.855908194261E+00
  19.20000  0.691588666645E+00
  19.30000  0.773477476320E+00
  19.40000  0.949261225130E+00
  19.50000  0.925754502391E+00
  19.60000  0.907499926657E+00
  19.70000  0.117594396525E+01
  19.80000  0.128956898255E+01
  19.90000  0.107047953735E+01
  20.00000  0.101939344749E+01
  20.10000  0.115804393715E+01
  20.20000  0.113944158019E+01
  20.30000  0.107954583250E+01
  20.40000  0.133898510151E+01
  20.50000  0.154809072549E+01
  20.60000  0.131150408023E+01
  20.70000  0.110078857394E+01
  20.80000  0.114972073194E+01
  20.90000  0.113920442324E+01
  21.00000  0.105536252220E+01
  21.10000  0.125044518527E+01
  21.20000  0.150453672956E+01
  21.30000  0.130464547660E+01
  21.40000  0.978060235261E+00
  21.50000  0.923349555073E+00
  21.60000  0.926987031615E+00
  21.70000  0.857054910300E+00
  21.80000  0.974961088777E+00
  21.90000  0.122496129418E+01
  22.00000  0.110633841672E+01
  22.10000  0.748711545772E+00
  22.20000  0.612472233630E+00
  22.30000  0.626500496953E+00
  22.40000  0.599398236615E+00
  22.50000  0.663624099390E+00
  22.60000  0.876731310453E+00
  22.70000  0.847400592789E+00
  22.80000  0.531361996636E+00
  22.90000  0.350216165360E+00
  23.00000  0.359633334705E+00
  23.10000  0.374878153085E+00
  23.20000  0.417803399493E+00
  23.30000  0.582247316664E+00
  23.40000  0.615351806735E+00
  23.50000  0.372228623976E+00
  23.60000  0.183560949619E+00
  23.70000  0.181928615268E+00
  23.80000  0.220425289440E+00
  23.90000  0.262081806568E+00
  24.00000  0.384744574191E+00
  24.10000  0.444077962248E+00
  24.20000  0.267150279389E+00
  24.30000  0.980912895363E-01
  24.40000  0.100837313193E+00
  24.50000  0.151710449743E+00
  24.60000  0.196532833829E+00
  24.70000  0.292811271341E+00
  24.80000  0.356881878638E+00
  24.90000  0.222274089748E+00
  25.00000  0.770330022625E-01
  25.10000  0.106198698991E+00
  25.20000  0.179751821472E+00
  25.30000  0.225840738118E+00
  25.40000  0.304634618806E+00
  25.50000  0.369155279416E+00
  25.60000  0.257331122330E+00
  25.70000  0.115276821091E+00
  25.80000  0.169687253696E+00
  25.90000  0.285822338736E+00
  26.00000  0.339383765799E+00
  26.10000  0.398999545518E+00
  26.20000  0.463310491727E+00
  26.30000  0.369770265011E+00
  26.40000  0.203235952141E+00
  26.50000  0.245088524973E+00
  26.60000  0.407206485258E+00
  26.70000  0.489008056269E+00
  26.80000  0.530903647094E+00
  26.90000  0.588686832818E+00
  27.00000  0.520697275603E+00
  27.10000  0.321262765227E+00
  27.20000  0.295349487148E+00
  27.30000  0.471588801098E+00
  27.40000  0.604728342847E+00
  27.50000  0.649628927527E+00
  27.60000  0.694547141934E+00
  27.70000  0.659182161542E+00
  27.80000  0.449927864871E+00
  27.90000  0.322605801772E+00
  28.00000  0.452386754217E+00
  28.10000  0.636603924760E+00
  28.20000  0.720087835165E+00
  28.30000  0.757291379521E+00
  28.40000  0.750300096055E+00
  28.50000  0.570964535784E+00
  28.60000  0.358021565722E+00
  28.70000  0.385539267553E+00
  28.80000  0.582990299478E+00
  28.90000  0.729565486614E+00
  29.00000  0.778877953508E+00
  29.10000  0.784396640443E+00
  29.20000  0.659564387991E+00
  29.30000  0.416276375847E+00
  29.40000  0.325520943896E+00
  29.50000  0.475497162627E+00
  29.60000  0.673316129902E+00
  29.70000  0.758430668448E+00
  29.80000  0.763383688711E+00
  29.90000  0.686858949365E+00
  30.00000  0.472024683833E+00
  30.10000  0.297164226334E+00
  30.20000  0.352230632231E+00
  30.30000  0.551923374216E+00
  30.40000  0.679712215820E+00
  30.50000  0.685364184970E+00
  30.60000  0.632603639943E+00
  30.70000  0.477989284703E+00
  30.80000  0.283843161130E+00
  30.90000  0.242435105928E+00
  31.00000  0.387967159012E+00
  31.10000  0.538543560623E+00
  31.20000  0.556895807692E+00
  31.30000  0.508392278505E+00
  31.40000  0.411076512739E+00
  31.50000  0.254809582575E+00
  31.60000  0.159991847614E+00
  31.70000  0.225165548634E+00
  31.80000  0.363097575165E+00
  31.90000  0.403151284450E+00
  32.00000  0.357818823045E+00
  32.10000  0.296587511040E+00
  32.20000  0.200194936559E+00
  32.30000  0.106226872057E+00
  32.40000  0.105654008988E+00
  32.50000  0.202165946070E+00
  32.60000  0.258723322854E+00
  32.70000  0.226286825668E+00
  32.80000  0.182486638596E+00
  32.90000  0.134353221619E+00
  33.00000  0.723493547094E-01
  33.10000  0.426602408752E-01
  33.20000  0.925357729133E-01
  33.30000  0.150996803211E+00
  33.40000  0.136933473520E+00
  33.50000  0.102224904907E+00
  33.60000  0.786242401985E-01
  33.70000  0.478424870853E-01
  33.80000  0.188248505096E-01
  33.90000  0.384206057956E-01
  34.00000  0.897531473959E-01
  34.10000  0.910921115113E-01
  34.20000  0.626520542404E-01
  34.30000  0.468968971284E-01
  34.40000  0.316816373114E-01
  34.50000  0.122314416806E-01
  34.60000  0.222341242541E-01
  34.70000  0.706952354683E-01
  34.80000  0.842730244118E-01
  34.90000  0.586674019429E-01
  35.00000  0.436491467579E-01
  35.10000  0.333982705122E-01
  35.20000  0.185662450732E-01
  35.30000  0.274884438411E-01
  35.40000  0.819941670060E-01
  35.50000  0.112136690509E+00
  35.60000  0.869748149804E-01
  35.70000  0.671162820966E-01
  35.80000  0.607961561565E-01
  35.90000  0.476121908502E-01
  36.00000  0.503738190745E-01
  36.10000  0.108504055867E+00
  36.20000  0.162156072290E+00
  36.30000  0.142828729106E+00
  36.40000  0.111123905788E+00
  36.50000  0.107907822163E+00
  36.60000  0.102905016743E+00
  36.70000  0.950026590246E-01
  36.80000  0.138935208865E+00
  36.90000  0.211100308171E+00
  37.00000  0.210854854366E+00
  37.10000  0.166868657395E+00
  37.20000  0.158554828808E+00
  37.30000  0.169894962840E+00
  37.40000  0.160750982917E+00
  37.50000  0.172876925538E+00
  37.60000  0.239748895810E+00
  37.70000  0.268032183104E+00
  37.80000  0.226577236763E+00
  37.90000  0.204033145959E+00
  38.00000  0.227892176018E+00
  38.10000  0.235868564635E+00
  38.20000  0.218635873270E+00
  38.30000  0.249200676865E+00
  38.40000  0.295917227845E+00
  38.50000  0.280905209183E+00
  38.60000  0.249805898967E+00
  38.70000  0.270494923068E+00
  38.80000  0.303737522325E+00
  38.90000  0.281305081305E+00
  39.00000  0.261572338960E+00
  39.10000  0.297257488469E+00
  39.20000  0.320107242483E+00
  39.30000  0.302988876505E+00
  39.40000  0.307411832846E+00
  39.50000  0.350689522804E+00
  39.60000  0.348453843508E+00
  39.70000  0.295256984121E+00
  39.80000  0.291192751271E+00
  39.90000  0.336255739728E+00
  40.00000  0.356286572478E+00
  40.10000  0.350184326012E+00
  40.20000  0.374884255265E+00
  40.30000  0.394163647403E+00
  40.40000  0.342827436353E+00
  40.50000  0.295259703668E+00
  40.60000  0.327334030818E+00
  40.70000  0.384750556853E+00
  40.80000  0.390868268721E+00
  40.90000  0.380378290773E+00
  41.00000  0.394573937775E+00
  41.10000  0.371193688554E+00
  41.20000  0.310765743166E+00
  41.30000  0.305032691176E+00
  41.40000  0.367326725115E+00
  41.50000  0.400769047072E+00
  41.60000  0.370411400101E+00
  41.70000  0.352932802177E+00
  41.80000  0.350048762238E+00
  41.90000  0.313217887143E+00
  42.00000  0.280825368102E+00
  42.10000  0.312987953064E+00
  42.20000  0.361787147098E+00
  42.30000  0.339673942112E+00
  42.40000  0.290970429155E+00
  42.50000  0.283422096107E+00
  42.60000  0.282775497743E+00
  42.70000  0.257183426852E+00
  42.80000  0.249153911665E+00
  42.90000  0.281697094792E+00
  43.00000  0.281866849221E+00
  43.10000  0.230832102849E+00
  43.20000  0.204687817562E+00
  43.30000  0.220785157302E+00
  43.40000  0.224263197065E+00
  43.50000  0.198982650883E+00
  43.60000  0.195182948482E+00
  43.70000  0.203956388369E+00
  43.80000  0.176577399424E+00
  43.90000  0.143430071578E+00
  44.00000  0.150557718021E+00
  44.10000  0.173815887023E+00
  44.20000  0.159335292273E+00
  44.30000  0.129133987536E+00
  44.40000  0.125906147336E+00
  44.50000  0.122678348816E+00
  44.60000  0.103092848714E+00
  44.70000  0.955100064000E-01
  44.80000  0.113855625014E+00
  44.90000  0.116590093288E+00
  45.00000  0.854338657316E-01
  45.10000  0.663796108021E-01
  45.20000  0.698999606324E-01
  45.30000  0.694971428235E-01
  45.40000  0.595050908358E-01
  45.50000  0.612126157049E-01
  45.60000  0.688962410372E-01
  45.70000  0.521354687940E-01
  45.80000  0.305608703499E-01
  45.90000  0.294428723229E-01
  46.00000  0.372064718806E-01
  46.10000  0.344266671263E-01
  46.20000  0.274587550032E-01
  46.30000  0.311982779117E-01
  46.40000  0.266283747687E-01
  46.50000  0.126887580430E-01
  46.60000  0.905501809149E-02
  46.70000  0.153971825093E-01
  46.80000  0.181347970786E-01
  46.90000  0.131753699184E-01
  47.00000  0.161475802175E-01
  47.10000  0.180489706775E-01
  47.20000  0.952575182747E-02
  47.30000  0.642971866829E-02
  47.40000  0.127039090993E-01
  47.50000  0.188321694775E-01
  47.60000  0.172984721912E-01
  47.70000  0.220294567548E-01
  47.80000  0.300120224170E-01
  47.90000  0.233600623246E-01
  48.00000  0.167292498639E-01
  48.10000  0.248261533840E-01
  48.20000  0.390790956771E-01
  48.30000  0.412495974143E-01
  48.40000  0.414204914942E-01
  48.50000  0.522041538199E-01
  48.60000  0.518374340197E-01
  48.70000  0.410749037109E-01
  48.80000  0.451168296799E-01
  48.90000  0.684294632364E-01
  49.00000  0.810135390755E-01
  49.10000  0.726614767650E-01
  49.20000  0.739237222109E-01
  49.30000  0.827316411273E-01
  49.40000  0.798535036068E-01
  49.50000  0.770382114312E-01
  49.60000  0.971781849095E-01
  49.70000  0.122403337202E+00
  49.80000  0.115214399856E+00
  49.90000  0.989286263625E-01
  50.00000  0.107036728726E+00
  50.10000  0.123799607477E+00
  50.20000  0.126303634204E+00
  50.30000  0.130126895176E+00
  50.40000  0.152783978079E+00
  50.50000  0.158919003502E+00
  50.60000  0.137300213896E+00
  50.70000  0.132363028888E+00
  50.80000  0.160947919499E+00
  50.90000  0.184181729054E+00
  51.00000  0.177257894546E+00
  51.10000  0.176009572543E+00
  51.20000  0.189456716776E+00
  51.30000  0.185432463043E+00
  51.40000  0.173529147819E+00
  51.50000  0.191687862146E+00
  51.60000  0.229484372394E+00
  51.70000  0.231502798151E+00
  51.80000  0.205877094156E+00
  51.90000  0.205612850789E+00
  52.00000  0.224767562984E+00
  52.10000  0.229016504505E+00
  52.20000  0.228121963515E+00
  52.30000  0.251835753294E+00
  52.40000  0.268494075818E+00
  52.50000  0.243533462125E+00
  52.60000  0.221747977174E+00
  52.70000  0.243205905243E+00
  52.80000  0.274444779485E+00
  52.90000  0.271790544778E+00
  53.00000  0.262070938540E+00
  53.10000  0.273032081990E+00
  53.20000  0.270645893379E+00
  53.30000  0.248466228024E+00
  53.40000  0.251221645244E+00
  53.50000  0.288544831427E+00
  53.60000  0.302586431809E+00
  53.70000  0.273526495839E+00
  53.80000  0.257271454587E+00
  53.90000  0.269887921372E+00
  54.00000  0.274490700666E+00
  54.10000  0.265741308939E+00
  54.20000  0.277939642143E+00
  54.30000  0.299427141963E+00
  54.40000  0.281480197486E+00
  54.50000  0.246667924596E+00
  54.60000  0.249577876560E+00
  54.70000  0.279028867201E+00
  54.80000  0.283541339608E+00
  54.90000  0.266238883272E+00
  55.00000  0.267100225004E+00
  55.10000  0.269379719195E+00
  55.20000  0.248535667351E+00
  55.30000  0.235689395283E+00
  55.40000  0.259676400186E+00
  55.50000  0.282948454587E+00
  55.60000  0.262170363805E+00
  55.70000  0.233569907366E+00
  55.80000  0.236140601931E+00
  55.90000  0.246131319003E+00
  56.00000  0.238884629371E+00
  56.10000  0.236463597121E+00
  56.20000  0.253215907233E+00
  56.30000  0.249264441024E+00
  56.40000  0.216105380970E+00
  56.50000  0.202456608821E+00
  56.60000  0.224429125591E+00
  56.70000  0.239652128739E+00
  56.80000  0.223461397823E+00
  56.90000  0.210813791468E+00
  57.00000  0.213418258492E+00
  57.10000  0.203289845383E+00
  57.20000  0.185469144848E+00
  57.30000  0.191621125146E+00
  57.40000  0.214465978160E+00
  57.50000  0.207788347655E+00
  57.60000  0.176278714882E+00
  57.70000  0.165281912744E+00
  57.80000  0.175117914680E+00
  57.90000  0.175149110434E+00
  58.00000  0.164285938917E+00
  58.10000  0.167199951682E+00
  58.20000  0.170207497207E+00
  58.30000  0.148464354154E+00
  58.40000  0.126583118082E+00
  58.50000  0.132908068713E+00
  58.60000  0.149296903525E+00
  58.70000  0.141112607601E+00
  58.80000  0.120913935814E+00
  58.90000  0.115880276441E+00
  59.00000  0.113306415203E+00
  59.10000  0.101174646104E+00
  59.20000  0.947412138029E-01
  59.30000  0.105112901679E+00
  59.40000  0.107456362198E+00
  59.50000  0.861733276482E-01
  59.60000  0.690381947766E-01
  59.70000  0.713800318054E-01
  59.80000  0.763178524150E-01
  59.90000  0.690668841719E-01
  60.00000  0.623549372704E-01
  60.10000  0.635619165782E-01
  60.20000  0.557395426303E-01
  60.30000  0.411970464116E-01
  60.40000  0.376383642293E-01
  60.50000  0.461501702908E-01
  60.60000  0.470451736311E-01
  60.70000  0.346187945963E-01
  60.80000  0.274764077135E-01
  60.90000  0.272219928800E-01
  61.00000  0.244624463658E-01
  61.10000  0.196841253103E-01
  61.20000  0.206057523475E-01
  61.30000  0.241444355953E-01
  61.40000  0.178240762768E-01
  61.50000  0.928186921818E-02
  61.60000  0.830751411383E-02
  61.70000  0.111148122334E-01
  61.80000  0.105067013534E-01
  61.90000  0.738285076880E-02
  62.00000  0.855530263727E-02
  62.10000  0.770100245998E-02
  62.20000  0.325581896805E-02
  62.30000  0.181766293155E-02
  62.40000  0.412070913038E-02
  62.50000  0.607079349872E-02
  62.60000  0.424845658524E-02
  62.70000  0.516340939659E-02
  62.80000  0.694104290927E-02
  62.90000  0.435407322437E-02
  63.00000  0.271065288436E-02
  63.10000  0.574016140816E-02
  63.20000  0.109305386676E-01
  63.30000  0.108978362602E-01
  63.40000  0.103986014557E-01
  63.50000  0.139695982331E-01
  63.60000  0.142200354707E-01
  63.70000  0.119797715029E-01
  63.80000  0.147924300027E-01
  63.90000  0.249294427481E-01
  64.00000  0.294529575734E-01
  64.10000  0.243266419136E-01
  64.20000  0.239101125879E-01
  64.30000  0.301009900577E-01
  64.40000  0.345325030858E-01
  64.50000  0.355120154323E-01
  64.60000  0.426640870781E-01
  64.70000  0.523142765734E-01
  64.80000  0.489763847488E-01
  64.90000  0.416659469042E-01
  65.00000  0.477625586308E-01
  65.10000  0.637598883367E-01
  65.20000  0.698534139920E-01
  65.30000  0.658576310085E-01
  65.40000  0.693031613017E-01
  65.50000  0.753317310187E-01
  65.60000  0.738692260829E-01
  65.70000  0.741436408906E-01
  65.80000  0.888292337541E-01
  65.90000  0.103591991224E+00
  66.00000  0.971419802499E-01
  66.10000  0.862703647862E-01
  66.20000  0.932983714746E-01
  66.30000  0.109096261894E+00
  66.40000  0.113683895808E+00
  66.50000  0.112652683469E+00
  66.60000  0.121019855818E+00
  66.70000  0.124756266922E+00
  66.80000  0.115228171314E+00
  66.90000  0.113198411367E+00
  67.00000  0.132284318331E+00
  67.10000  0.149578706704E+00
  67.20000  0.141631973238E+00
  67.30000  0.129800944155E+00
  67.40000  0.135874803836E+00
  67.50000  0.146747295583E+00
  67.60000  0.147529427579E+00
  67.70000  0.149810098912E+00
  67.80000  0.163258652370E+00
  67.90000  0.165247742148E+00
  68.00000  0.149232786270E+00
  68.10000  0.144489187515E+00
  68.20000  0.164434695447E+00
  68.30000  0.181823678993E+00
  68.40000  0.174127797518E+00
  68.50000  0.164050418587E+00
  68.60000  0.169418879777E+00
  68.70000  0.174389985485E+00
  68.80000  0.170928578180E+00
  68.90000  0.176007136077E+00
  69.00000  0.194006761791E+00
  69.10000  0.195622472899E+00
  69.20000  0.175727525853E+00
  69.30000  0.168745823484E+00
  69.40000  0.187459044471E+00
  69.50000  0.203519131839E+00
  69.60000  0.197185038449E+00
  69.70000  0.190693242989E+00
  69.80000  0.196249641522E+00
  69.90000  0.195586353686E+00
  70.00000  0.187529876106E+00
  70.10000  0.194071996543E+00
  70.20000  0.215400696291E+00
  70.30000  0.217468469524E+00
  70.40000  0.195889420609E+00
  70.50000  0.187370281033E+00
  70.60000  0.203280144134E+00
  70.70000  0.216189970715E+00
  70.80000  0.210812613672E+00
  70.90000  0.208270405548E+00
  71.00000  0.214316126773E+00
  71.10000  0.208350151326E+00
  71.20000  0.195446186468E+00
  71.30000  0.201819574051E+00
  71.40000  0.224505139545E+00
  71.50000  0.226995171556E+00
  71.60000  0.205396381276E+00
  71.70000  0.195875799331E+00
  71.80000  0.207422642462E+00
  71.90000  0.215264448537E+00
  72.00000  0.209941108908E+00
  72.10000  0.211047190535E+00
  72.20000  0.217890637279E+00
  72.30000  0.207993211776E+00
  72.40000  0.191109192821E+00
  72.50000  0.195918921721E+00
  72.60000  0.217609633510E+00
  72.70000  0.220093275206E+00
  72.80000  0.199948730078E+00
  72.90000  0.190409778894E+00
  73.00000  0.197618984929E+00
  73.10000  0.200425784948E+00
  73.20000  0.195037485841E+00
  73.30000  0.199154892747E+00
  73.40000  0.207040767465E+00
  73.50000  0.195258905217E+00
  73.60000  0.176048106402E+00
  73.70000  0.178702099389E+00
  73.80000  0.198105057664E+00
  73.90000  0.200806182638E+00
  74.00000  0.183505890514E+00
  74.10000  0.175264291733E+00
  74.20000  0.179646136363E+00
  74.30000  0.178863125787E+00
  74.40000  0.173354652799E+00
  74.50000  0.179220664952E+00
  74.60000  0.188105303457E+00
  74.70000  0.176392426102E+00
  74.80000  0.156607325615E+00
  74.90000  0.157444210141E+00
  75.00000  0.174636887503E+00
  75.10000  0.178120780643E+00
  75.20000  0.164102792835E+00
  75.30000  0.157509339403E+00
  75.40000  0.160215572611E+00
  75.50000  0.156986929848E+00
  75.60000  0.150961530231E+00
  75.70000  0.157289774557E+00
  75.80000  0.167037634094E+00
  75.90000  0.156755636017E+00
  76.00000  0.137602078524E+00
  76.10000  0.136952012027E+00
  76.20000  0.151881737719E+00
  76.30000  0.155766358987E+00
  76.40000  0.144183970351E+00
  76.50000  0.138534505350E+00
  76.60000  0.139834975921E+00
  76.70000  0.134821675433E+00
  76.80000  0.128191618077E+00
  76.90000  0.134223795149E+00
  77.00000  0.144311111945E+00
  77.10000  0.135616597458E+00
  77.20000  0.117344127684E+00
  77.30000  0.114983840708E+00
  77.40000  0.126919822478E+00
  77.50000  0.130208737700E+00
  77.60000  0.120258141802E+00
  77.70000  0.115296872967E+00
  77.80000  0.115634320058E+00
  77.90000  0.109477674151E+00
  78.00000  0.102251445555E+00
  78.10000  0.107172334682E+00
  78.20000  0.116667242702E+00
  78.30000  0.109392745053E+00
  78.40000  0.923567881418E-01
  78.50000  0.883657545184E-01
  78.60000  0.969752935498E-01
  78.70000  0.994163666925E-01
  78.80000  0.912215019352E-01
  78.90000  0.871919692418E-01
  79.00000  0.870144709185E-01
  79.10000  0.804510609898E-01
  79.20000  0.730486800271E-01
  79.30000  0.764345615938E-01
  79.40000  0.845967546524E-01
  79.50000  0.789094585081E-01
  79.60000  0.642594357134E-01
  79.70000  0.597535280971E-01
  79.80000  0.655544511611E-01
  79.90000  0.673312330991E-01
  80.00000  0.611684351698E-01
  80.10000  0.584153204959E-01
  80.20000  0.582233345417E-01
  80.30000  0.520350325995E-01
  80.40000  0.452107680074E-01
  80.50000  0.474216403911E-01
  80.60000  0.542971433499E-01
  80.70000  0.506069323938E-01
  80.80000  0.394027326707E-01
  80.90000  0.355913901959E-01
  81.00000  0.392848383203E-01
  81.10000  0.404665827903E-01
  81.20000  0.363957963023E-01
  81.30000  0.353244733512E-01
  81.40000  0.356753301467E-01
  81.50000  0.303849817759E-01
  81.60000  0.247820497939E-01
  81.70000  0.266343569024E-01
  81.80000  0.326250450684E-01
  81.90000  0.308172111310E-01
  82.00000  0.231943042755E-01
  82.10000  0.208409953575E-01
  82.20000  0.230646239778E-01
  82.30000  0.235018614661E-01
  82.40000  0.213964026833E-01
  82.50000  0.226097863675E-01
  82.60000  0.241210416686E-01
  82.70000  0.196311166477E-01
  82.80000  0.151311721721E-01
  82.90000  0.173284614480E-01
  83.00000  0.230517299144E-01
  83.10000  0.227114318396E-01
  83.20000  0.181145428534E-01
  83.30000  0.176685121475E-01
  83.40000  0.191979962571E-01
  83.50000  0.187493799594E-01
  83.60000  0.182539667387E-01
  83.70000  0.222905983195E-01
  83.80000  0.255811969304E-01
  83.90000  0.213860996983E-01
  84.00000  0.172124474525E-01
  84.10000  0.202980750285E-01
  84.20000  0.268120804940E-01
  84.30000  0.277561760294E-01
  84.40000  0.252580544331E-01
  84.50000  0.267817192301E-01
  84.60000  0.284954435546E-01
  84.70000  0.271887843353E-01
  84.80000  0.276692933543E-01
  84.90000  0.347073799225E-01
  85.00000  0.404602589829E-01
  85.10000  0.362237188025E-01
  85.20000  0.313435184008E-01
  85.30000  0.355210364760E-01
  85.40000  0.440730713199E-01
  85.50000  0.464221859942E-01
  85.60000  0.447103235167E-01
  85.70000  0.475092155169E-01
  85.80000  0.501632713806E-01
  85.90000  0.484284306769E-01
  86.00000  0.490998635512E-01
  86.10000  0.585671765940E-01
  86.20000  0.671748931220E-01
  86.30000  0.629075636010E-01
  86.40000  0.562046095312E-01
  86.50000  0.608681943576E-01
  86.60000  0.722099276683E-01
  86.70000  0.762268549933E-01
  86.80000  0.737573872587E-01
  86.90000  0.762349418303E-01
  87.00000  0.801906256669E-01
  87.10000  0.789747983206E-01
  87.20000  0.791010287301E-01
  87.30000  0.893064874907E-01
  87.40000  0.100220366653E+00
  87.50000  0.961849967972E-01
  87.60000  0.868588508072E-01
  87.70000  0.906700623666E-01
  87.80000  0.104750700866E+00
  87.90000  0.110926007866E+00
  88.00000  0.106557894560E+00
  88.10000  0.106637482813E+00
  88.20000  0.111757477700E+00
  88.30000  0.112544254869E+00
  88.40000  0.111932432438E+00
  88.50000  0.120455494221E+00
  88.60000  0.132136971729E+00
  88.70000  0.129018322863E+00
  88.80000  0.117446419266E+00
  88.90000  0.119189328074E+00
  89.00000  0.135282821987E+00
  89.10000  0.144274597942E+00
  89.20000  0.137803335629E+00
  89.30000  0.133562956766E+00
  89.40000  0.139062457566E+00
  89.50000  0.143442862245E+00
  89.60000  0.142874426684E+00
  89.70000  0.147586000118E+00
  89.80000  0.157919194747E+00
  89.90000  0.156640396918E+00
  90.00000  0.144600868406E+00
  90.10000  0.143703096979E+00
  90.20000  0.160210375989E+00
  90.30000  0.172152868572E+00
  90.40000  0.164354895098E+00
  90.50000  0.154712624673E+00
  90.60000  0.159134826803E+00
  90.70000  0.167979029197E+00
  90.80000  0.169002922863E+00
  90.90000  0.168842968857E+00
  91.00000  0.175536530450E+00
  91.10000  0.176642207781E+00
  91.20000  0.166757052939E+00
  91.30000  0.163437411166E+00
  91.40000  0.177847723774E+00
  91.50000  0.191695718794E+00
  91.60000  0.184161346365E+00
  91.70000  0.169763835244E+00
  91.80000  0.171665875350E+00
  91.90000  0.184623911522E+00
  92.00000  0.188851938554E+00
  92.10000  0.184015683257E+00
  92.20000  0.184934285685E+00
  92.30000  0.188000933227E+00
  92.40000  0.182962623818E+00
  92.50000  0.178550881007E+00
  92.60000  0.188297619235E+00
  92.70000  0.201775063689E+00
  92.80000  0.196236471588E+00
  92.90000  0.179582835061E+00
  93.00000  0.178301594671E+00
  93.10000  0.193807198868E+00
  93.20000  0.202202623376E+00
  93.30000  0.194115014645E+00
  93.40000  0.187894964698E+00
  93.50000  0.191232126192E+00
  93.60000  0.192579048829E+00
  93.70000  0.189237507703E+00
  93.80000  0.192837217552E+00
  93.90000  0.203081274720E+00
  94.00000  0.200500016170E+00
  94.10000  0.184924084841E+00
  94.20000  0.180524946915E+00
  94.30000  0.195604567294E+00
  94.40000  0.207473656005E+00
  94.50000  0.198383880730E+00
  94.60000  0.185496685822E+00
  94.70000  0.187049862062E+00
  94.80000  0.194495599548E+00
  94.90000  0.194234189385E+00
  95.00000  0.191563197435E+00
  95.10000  0.195837934939E+00
  95.20000  0.196081704914E+00
  95.30000  0.185059944804E+00
  95.40000  0.178773096832E+00
  95.50000  0.190020656134E+00
  95.60000  0.202913739725E+00
  95.70000  0.195137177008E+00
  95.80000  0.178142596464E+00
  95.90000  0.176589751362E+00
  96.00000  0.188375836976E+00
  96.10000  0.192708392600E+00
  96.20000  0.185389719345E+00
  96.30000  0.181951710695E+00
  96.40000  0.183512492881E+00
  96.50000  0.179520101031E+00
  96.60000  0.173826149819E+00
  96.70000  0.178984955722E+00
  96.80000  0.189602026901E+00
  96.90000  0.184847215980E+00
  97.00000  0.167852392654E+00
  97.10000  0.163084528548E+00
  97.20000  0.175965397042E+00
  97.30000  0.184714553565E+00
  97.40000  0.175598185735E+00
  97.50000  0.164871175384E+00
  97.60000  0.165746473078E+00
  97.70000  0.169326945198E+00
  97.80000  0.166914769030E+00
  97.90000  0.165456824164E+00
  98.00000  0.170479412602E+00
  98.10000  0.169127875034E+00
  98.20000  0.156659660012E+00
  98.30000  0.150135986369E+00
  98.40000  0.160283990204E+00
  98.50000  0.171098549831E+00
  98.60000  0.163114504148E+00
  98.70000  0.147800642983E+00
  98.80000  0.146289304584E+00
  98.90000  0.155661939207E+00
  99.00000  0.158453215707E+00
  99.10000  0.152043041428E+00
  99.20000  0.149398221484E+00
  99.30000  0.150135753803E+00
  99.40000  0.145448592106E+00
  99.50000  0.139923781129E+00
  99.60000  0.144456989175E+00
  99.70000  0.153583009101E+00
  99.80000  0.148923397806E+00
  99.90000  0.133754712739E+00
 100.00000  0.129507658574E+00
 100.10000  0.140680448288E+00
 100.20000  0.148205651898E+00
 100.30000  0.139849138393E+00
 100.40000  0.129888010641E+00
 100.50000  0.130381087408E+00
 100.60000  0.133937215261E+00
 100.70000  0.132152091871E+00
 100.80000  0.130104469269E+00
 100.90000  0.133460463445E+00
 101.00000  0.132322937054E+00
 101.10000  0.122290702709E+00
 101.20000  0.116785252294E+00
 101.30000  0.125015146891E+00
 101.40000  0.134142052384E+00
 101.50000  0.127068435040E+00
 101.60000  0.113102859765E+00
 101.70000  0.111256702276E+00
 101.80000  0.120079217121E+00
 101.90000  0.123261043324E+00
 102.00000  0.116411963474E+00
 102.10000  0.111939079284E+00
 102.20000  0.112563555791E+00
 102.30000  0.110664688685E+00
 102.40000  0.106708060762E+00
 102.50000  0.108694295741E+00
 102.60000  0.114814078540E+00
 102.70000  0.111150043127E+00
 102.80000  0.988718525935E-01
 102.90000  0.947309437332E-01
 103.00000  0.103768691830E+00
 103.10000  0.110496258612E+00
 103.20000  0.102592563606E+00
 103.30000  0.919689030213E-01
 103.40000  0.918631256611E-01
 103.50000  0.972682443525E-01
 103.60000  0.972624362918E-01
 103.70000  0.929512949054E-01
 103.80000  0.924289638374E-01
 103.90000  0.918255820745E-01
 104.00000  0.860521495654E-01
 104.10000  0.816531141883E-01
 104.20000  0.860628551257E-01
 104.30000  0.923072435117E-01
 104.40000  0.867920504313E-01
 104.50000  0.750283161334E-01
 104.60000  0.727346472711E-01
 104.70000  0.807566010615E-01
 104.80000  0.845214128294E-01
 104.90000  0.769961863495E-01
 105.00000  0.697589827486E-01
 105.10000  0.699511367866E-01
 105.20000  0.716944707723E-01
 105.30000  0.696824793013E-01
 105.40000  0.677447500701E-01
 105.50000  0.693465747014E-01
 105.60000  0.673250659246E-01
 105.70000  0.599740436279E-01
 105.80000  0.564422317977E-01
 105.90000  0.616979697823E-01
 106.00000  0.664700568379E-01
 106.10000  0.600840253697E-01
 106.20000  0.503501243418E-01
 106.30000  0.494456108480E-01
 106.40000  0.554304444019E-01
 106.50000  0.568947502832E-01
 106.60000  0.509993836900E-01
 106.70000  0.469701190442E-01
 106.80000  0.470929163525E-01
 106.90000  0.465235040579E-01
 107.00000  0.440849929833E-01
 107.10000  0.439321336308E-01
 107.20000  0.461190848375E-01
 107.30000  0.431784628629E-01
 107.40000  0.362459052278E-01
 107.50000  0.341697741639E-01
 107.60000  0.393073820681E-01
 107.70000  0.425910821046E-01
 107.80000  0.368208781943E-01
 107.90000  0.299663718310E-01
 108.00000  0.300376761104E-01
 108.10000  0.339721434898E-01
 108.20000  0.339870964756E-01
 108.30000  0.298691615846E-01
 108.40000  0.280590284823E-01
 108.50000  0.278527976746E-01
 108.60000  0.261957470266E-01
 108.70000  0.243267335784E-01
 108.80000  0.255716288833E-01
 108.90000  0.278724639302E-01
 109.00000  0.248096507171E-01
 109.10000  0.192998908265E-01
 109.20000  0.184939428225E-01
 109.30000  0.227904835704E-01
 109.40000  0.246507126381E-01
 109.50000  0.200300024060E-01
 109.60000  0.158959247084E-01
 109.70000  0.165148137434E-01
 109.80000  0.188606905768E-01
 109.90000  0.184563952021E-01
 110.00000  0.164296387449E-01
 110.10000  0.164108024554E-01
 110.20000  0.159433278249E-01
 110.30000  0.138719932223E-01
 110.40000  0.127784166734E-01
 110.50000  0.149133164557E-01
 110.60000  0.170231471825E-01
 110.70000  0.141233862199E-01
 110.80000  0.101607564470E-01
 110.90000  0.104259824260E-01
 111.00000  0.140809062381E-01
 111.10000  0.152075873760E-01
 111.20000  0.120401168117E-01
 111.30000  0.101637436122E-01
 111.40000  0.109794478893E-01
 111.50000  0.120246429832E-01
 111.60000  0.115330771488E-01
 111.70000  0.113921752753E-01
 111.80000  0.127073540583E-01
 111.90000  0.118211023157E-01
 112.00000  0.939217497789E-02
 112.10000  0.919542437508E-02
 112.20000  0.125009166443E-01
 112.30000  0.147027109462E-01
 112.40000  0.118383544782E-01
 112.50000  0.888726284744E-02
 112.60000  0.100272186545E-01
 112.70000  0.134741114036E-01
 112.80000  0.142436091117E-01
 112.90000  0.122329067999E-01
 113.00000  0.119938125441E-01
 113.10000  0.128896495825E-01
 113.20000  0.130316230871E-01
 113.30000  0.127867451755E-01
 113.40000  0.145212836907E-01
 113.50000  0.169563649854E-01
 113.60000  0.154164865476E-01
 113.70000  0.124158809792E-01
 113.80000  0.131988329644E-01
 113.90000  0.180953092734E-01
 114.00000  0.205661655950E-01
 114.10000  0.172199249277E-01
 114.20000  0.145777595199E-01
 114.30000  0.167286301602E-01
 114.40000  0.207963668523E-01
 114.50000  0.215076967138E-01
 114.60000  0.199244720138E-01
 114.70000  0.205264469627E-01
 114.80000  0.216794879969E-01
 114.90000  0.216032775189E-01
 115.00000  0.217773299037E-01
 115.10000  0.249533194301E-01
 115.20000  0.281282477800E-01
 115.30000  0.259081784301E-01
 115.40000  0.223769842540E-01
 115.50000  0.242783436810E-01
 115.60000  0.310744620612E-01
 115.70000  0.338215477180E-01
 115.80000  0.293205038923E-01
 115.90000  0.263187748174E-01
 116.00000  0.299196934628E-01
 116.10000  0.356713350023E-01
 116.20000  0.363843903334E-01
 116.30000  0.339809234132E-01
 116.40000  0.345263598759E-01
 116.50000  0.366072727673E-01
 116.60000  0.373719495316E-01
 116.70000  0.377568909981E-01
 116.80000  0.411646954697E-01
 116.90000  0.444322711073E-01
 117.00000  0.419461485052E-01
 117.10000  0.383296634525E-01
 117.20000  0.411742753105E-01
 117.30000  0.493881131757E-01
 117.40000  0.519615452602E-01
 117.50000  0.457921176146E-01
 117.60000  0.420183121583E-01
 117.70000  0.473114430792E-01
 117.80000  0.552460279046E-01
 117.90000  0.555346989610E-01
 118.00000  0.508902758707E-01
 118.10000  0.506793436602E-01
 118.20000  0.548375218794E-01
 118.30000  0.577854427762E-01
 118.40000  0.577192534737E-01
 118.50000  0.593019236695E-01
 118.60000  0.619323670554E-01
 118.70000  0.605467902068E-01
 118.80000  0.579762851269E-01
 118.90000  0.609628735569E-01
 119.00000  0.690884828962E-01
 119.10000  0.712561485865E-01
 119.20000  0.643185768739E-01
 119.30000  0.603999982498E-01
 119.40000  0.674233049137E-01
 119.50000  0.773577630723E-01
 119.60000  0.767010600636E-01
 119.70000  0.688911375305E-01
 119.80000  0.675804772835E-01
 119.90000  0.747133558652E-01
 120.00000  0.805143629859E-01
 120.10000  0.787533389754E-01
 120.20000  0.763950811009E-01
 120.30000  0.782822292404E-01
 120.40000  0.802868246319E-01
 120.50000  0.802419159839E-01
 120.60000  0.818227268870E-01
 120.70000  0.873230111284E-01
 120.80000  0.889779564041E-01
 120.90000  0.833406320877E-01
 121.00000  0.801495000576E-01
 121.10000  0.872216332970E-01
 121.20000  0.971540059060E-01
 121.30000  0.955029004816E-01
 121.40000  0.857895774695E-01
 121.50000  0.842757436045E-01
 121.60000  0.946498060860E-01
 121.70000  0.103227779314E+00
 121.80000  0.991497964391E-01
 121.90000  0.920079525670E-01
 122.00000  0.935612014964E-01
 122.10000  0.100704382733E+00
 122.20000  0.103662889517E+00
 122.30000  0.101426121812E+00
 122.40000  0.101604221556E+00
 122.50000  0.103566232026E+00
 122.60000  0.102668991844E+00
 122.70000  0.101450003620E+00
 122.80000  0.105861426695E+00
 122.90000  0.113030337051E+00
 123.00000  0.111493818326E+00
 123.10000  0.103026181581E+00
 123.20000  0.101846547861E+00
 123.30000  0.112613865324E+00
 123.40000  0.121336670872E+00
 123.50000  0.115089603814E+00
 123.60000  0.104659756165E+00
 123.70000  0.106539016907E+00
 123.80000  0.118532814722E+00
 123.90000  0.123901752271E+00
 124.00000  0.116999389926E+00
 124.10000  0.111395734963E+00
 124.20000  0.115098165084E+00
 124.30000  0.121450074707E+00
 124.40000  0.122213563959E+00
 124.50000  0.120372045934E+00
 124.60000  0.121956502603E+00
 124.70000  0.122776028897E+00
 124.80000  0.120032606580E+00
 124.90000  0.119451849174E+00
 125.00000  0.126162888076E+00
 125.10000  0.132359134658E+00
 125.20000  0.127078944781E+00
 125.30000  0.117940870834E+00
 125.40000  0.120100259986E+00
 125.50000  0.132953261524E+00
 125.60000  0.138311119546E+00
 125.70000  0.128118354449E+00
 125.80000  0.118839661439E+00
 125.90000  0.124395865407E+00
 126.00000  0.136723757723E+00
 126.10000  0.138187032376E+00
 126.20000  0.129060115228E+00
 126.30000  0.125011691265E+00
 126.40000  0.130307919503E+00
 126.50000  0.135767732878E+00
 126.60000  0.134624842013E+00
 126.70000  0.132588558803E+00
 126.80000  0.134024594165E+00
 126.90000  0.133612862478E+00
 127.00000  0.130422915917E+00
 127.10000  0.130924584905E+00
 127.20000  0.138047733194E+00
 127.30000  0.141309226862E+00
 127.40000  0.133211596621E+00
 127.50000  0.125396378603E+00
 127.60000  0.130828870049E+00
 127.70000  0.143527318209E+00
 127.80000  0.144279687933E+00
 127.90000  0.131489937451E+00
 128.00000  0.124684779698E+00
 128.10000  0.133493801903E+00
 128.20000  0.144751299314E+00
 128.30000  0.141830451647E+00
 128.40000  0.130929642240E+00
 128.50000  0.128562447682E+00
 128.60000  0.135626415896E+00
 128.70000  0.140391014303E+00
 128.80000  0.137117309242E+00
 128.90000  0.133949765297E+00
 129.00000  0.134909526094E+00
 129.10000  0.134876068825E+00
 129.20000  0.132740763799E+00
 129.30000  0.133706777035E+00
 129.40000  0.139240739936E+00
 129.50000  0.139363342215E+00
 129.60000  0.130752008660E+00
 129.70000  0.125608161646E+00
 129.80000  0.132901919384E+00
 129.90000  0.143081300756E+00
 130.00000  0.139197927715E+00
 130.10000  0.125807673326E+00
 130.20000  0.122437530918E+00
 130.30000  0.133679960506E+00
 130.40000  0.142644642401E+00
 130.50000  0.135518265707E+00
 130.60000  0.123902530433E+00
 130.70000  0.124093601120E+00
 130.80000  0.133470397658E+00
 130.90000  0.137204559335E+00
 131.00000  0.130888831356E+00
 131.10000  0.125890760353E+00
 131.20000  0.127232156468E+00
 131.30000  0.129307518322E+00
 131.40000  0.128118919678E+00
 131.50000  0.127451497581E+00
 131.60000  0.129847714991E+00
 131.70000  0.128412223248E+00
 131.80000  0.122091574032E+00
 131.90000  0.119856366722E+00
 132.00000  0.126817918300E+00
 132.10000  0.133084410595E+00
 132.20000  0.126367836419E+00
 132.30000  0.114920122232E+00
 132.40000  0.115094339238E+00
 132.50000  0.126815165505E+00
 132.60000  0.131953951130E+00
 132.70000  0.121340170026E+00
 132.80000  0.110518901109E+00
 132.90000  0.113993173894E+00
 133.00000  0.125201984191E+00
 133.10000  0.126730379304E+00
 133.20000  0.116980786278E+00
 133.30000  0.111123708711E+00
 133.40000  0.115036801802E+00
 133.50000  0.120437379543E+00
 133.60000  0.118887439199E+00
 133.70000  0.114604645227E+00
 133.80000  0.114070118879E+00
 133.90000  0.114068813929E+00
 134.00000  0.111913815779E+00
 134.10000  0.110778085580E+00
 134.20000  0.114402057347E+00
 134.30000  0.116645319957E+00
 134.40000  0.110466584125E+00
 134.50000  0.103302106185E+00
 134.60000  0.105808979921E+00
 134.70000  0.115437307355E+00
 134.80000  0.116500347376E+00
 134.90000  0.105081286129E+00
 135.00000  0.972098539933E-01
 135.10000  0.103597354488E+00
 135.20000  0.114471434115E+00
 135.30000  0.112392087356E+00
 135.40000  0.100087089336E+00
 135.50000  0.953046122521E-01
 135.60000  0.102995692257E+00
 135.70000  0.110578960617E+00
 135.80000  0.106432289505E+00
 135.90000  0.980180876276E-01
 136.00000  0.968353303234E-01
 136.10000  0.101297607560E+00
 136.20000  0.103135819460E+00
 136.30000  0.100013983600E+00
 136.40000  0.983465209190E-01
 136.50000  0.986739973941E-01
 136.60000  0.969272044975E-01
 136.70000  0.944392478599E-01
 136.80000  0.958650895793E-01
 136.90000  0.100608586364E+00
 137.00000  0.992903257575E-01
 137.10000  0.911979813290E-01
 137.20000  0.874932315160E-01
 137.30000  0.941285128110E-01
 137.40000  0.101633340963E+00
 137.50000  0.965815094237E-01
 137.60000  0.850759140909E-01
 137.70000  0.832177432292E-01
 137.80000  0.931471107424E-01
 137.90000  0.996717808995E-01
 138.00000  0.919570064458E-01
 138.10000  0.816235528075E-01
 138.20000  0.826803126893E-01
 138.30000  0.920190383293E-01
 138.40000  0.950664232142E-01
 138.50000  0.875225076937E-01
 138.60000  0.814405742244E-01
 138.70000  0.834927125301E-01
 138.80000  0.882356610122E-01
 138.90000  0.878683239290E-01
 139.00000  0.840987581464E-01
 139.10000  0.832283724191E-01
 139.20000  0.835092770896E-01
 139.30000  0.822852825944E-01
 139.40000  0.810849621457E-01
 139.50000  0.833680612125E-01
 139.60000  0.859448008051E-01
 139.70000  0.820299238536E-01
 139.80000  0.758854461144E-01
 139.90000  0.763631953925E-01
 140.00000  0.839032630213E-01
 140.10000  0.866714620292E-01
 140.20000  0.782537172161E-01
 140.30000  0.703198790883E-01
 140.40000  0.739530154948E-01
 140.50000  0.840850494956E-01
 140.60000  0.847831245091E-01
 140.70000  0.741418622075E-01
 140.80000  0.677464104739E-01
 140.90000  0.736910333396E-01
 141.00000  0.826596832276E-01
 141.10000  0.806310201674E-01
 141.20000  0.710799155875E-01
 141.30000  0.678332257859E-01
 141.40000  0.733668732449E-01
 141.50000  0.783902056913E-01
 141.60000  0.752258214124E-01
 141.70000  0.699587999564E-01
 141.80000  0.695484348753E-01
 141.90000  0.718498508904E-01
 142.00000  0.724240178691E-01
 142.10000  0.708205003908E-01
 142.20000  0.711117909674E-01
 142.30000  0.713751088891E-01
 142.40000  0.686184264095E-01
 142.50000  0.661113666332E-01
 142.60000  0.681040866958E-01
 142.70000  0.728637894924E-01
 142.80000  0.713746756549E-01
 142.90000  0.639412601181E-01
 143.00000  0.609511082915E-01
 143.10000  0.671224187730E-01
 143.20000  0.738526295408E-01
 143.30000  0.693928422109E-01
 143.40000  0.595637140768E-01
 143.50000  0.582664053569E-01
 143.60000  0.671557643575E-01
 143.70000  0.729741605285E-01
 143.80000  0.660198311379E-01
 143.90000  0.567807386193E-01
 144.00000  0.578265847821E-01
 144.10000  0.666643256397E-01
 144.20000  0.697176975893E-01
 144.30000  0.622906048141E-01
 144.40000  0.560168564533E-01
 144.50000  0.582997974324E-01
 144.60000  0.642626864358E-01
 144.70000  0.644595164740E-01
 144.80000  0.592349497981E-01
 144.90000  0.568558330637E-01
 145.00000  0.583538840574E-01
 145.10000  0.599977282554E-01
 145.20000  0.589645781189E-01
 145.30000  0.580340206130E-01
 145.40000  0.587542339926E-01
 145.50000  0.575160602996E-01
 145.60000  0.550750363867E-01
 145.70000  0.548937631155E-01
 145.80000  0.586365808603E-01
 145.90000  0.603668696050E-01
 146.00000  0.553136849842E-01
 146.10000  0.502988868803E-01
 146.20000  0.525057422833E-01
 146.30000  0.597144163980E-01
 146.40000  0.603515944616E-01
 146.50000  0.520091746440E-01
 146.60000  0.466903767253E-01
 146.70000  0.517020016502E-01
 146.80000  0.601172990659E-01
 146.90000  0.584138997124E-01
 147.00000  0.486119369823E-01
 147.10000  0.448224418632E-01
 147.20000  0.515041882573E-01
 147.30000  0.586365696791E-01
 147.40000  0.547518126916E-01
 147.50000  0.459533873129E-01
 147.60000  0.445029048888E-01
 147.70000  0.509948210052E-01
 147.80000  0.554461949721E-01
 147.90000  0.509432997034E-01
 148.00000  0.451911272639E-01
 148.10000  0.455137658194E-01
 148.20000  0.497864082375E-01
 148.30000  0.512414943034E-01
 148.40000  0.479382920284E-01
 148.50000  0.459206437893E-01
 148.60000  0.463789871893E-01
 148.70000  0.470179677165E-01
 148.80000  0.463989734771E-01
 148.90000  0.460278498812E-01
 149.00000  0.473284562372E-01
 149.10000  0.462612604538E-01
 149.20000  0.432200391132E-01
 149.30000  0.422768478025E-01
 149.40000  0.455983360957E-01
 149.50000  0.486429068357E-01
 149.60000  0.448590720321E-01
 149.70000  0.391626384524E-01
 149.80000  0.393745594465E-01
 149.90000  0.457643283933E-01
 150.00000  0.486311534498E-01
 150.10000  0.420797383482E-01
 150.20000  0.355502063092E-01
 150.30000  0.378882634361E-01
 150.40000  0.460708574428E-01
 150.50000  0.474610789006E-01
 150.60000  0.391875309761E-01
 150.70000  0.335714889187E-01
 150.80000  0.378379195746E-01
 150.90000  0.458152564299E-01
 151.00000  0.449416530165E-01
 151.10000  0.363990398358E-01
 151.20000  0.326428021456E-01
 151.30000  0.375904883539E-01
 151.40000  0.436218009286E-01
 151.50000  0.410136051270E-01
 151.60000  0.341634052540E-01
 151.70000  0.326717775281E-01
 151.80000  0.370416626333E-01
 151.90000  0.405671924799E-01
 152.00000  0.376790800245E-01
 152.10000  0.338051765756E-01
 152.20000  0.338129106349E-01
 152.30000  0.361829235643E-01
 152.40000  0.371588537633E-01
 152.50000  0.352122451149E-01
 152.60000  0.343988097656E-01
 152.70000  0.344317127745E-01
 152.80000  0.338532731685E-01
 152.90000  0.330620104045E-01
 153.00000  0.333118954444E-01
 153.10000  0.351518692935E-01
 153.20000  0.340358914678E-01
 153.30000  0.306929106621E-01
 153.40000  0.296268160959E-01
 153.50000  0.327856519804E-01
 153.60000  0.361118775833E-01
 153.70000  0.329397309624E-01
 153.80000  0.276021188032E-01
 153.90000  0.273893734280E-01
 154.00000  0.330078766729E-01
 154.10000  0.362337041555E-01
 154.20000  0.307915833315E-01
 154.30000  0.247213544102E-01
 154.40000  0.261380937563E-01
 154.50000  0.333408485399E-01
 154.60000  0.353700718195E-01
 154.70000  0.282942097195E-01
 154.80000  0.228150380093E-01
 154.90000  0.259741499550E-01
 155.00000  0.334551595446E-01
 155.10000  0.335915476470E-01
 155.20000  0.258934683520E-01
 155.30000  0.218762518422E-01
 155.40000  0.261423187287E-01
 155.50000  0.325706172229E-01
 155.60000  0.308896432047E-01
 155.70000  0.239206313585E-01
 155.80000  0.217867114392E-01
 155.90000  0.262387514532E-01
 156.00000  0.308242744436E-01
 156.10000  0.281065650030E-01
 156.20000  0.229813709678E-01
 156.30000  0.224269782206E-01
 156.40000  0.259806372621E-01
 156.50000  0.284103888568E-01
 156.60000  0.256369541997E-01
 156.70000  0.228631630313E-01
 156.80000  0.230489904688E-01
 156.90000  0.248391138381E-01
 157.00000  0.254370833992E-01
 157.10000  0.237544730610E-01
 157.20000  0.234096640102E-01
 157.30000  0.234139516714E-01
 157.40000  0.231084239153E-01
 157.50000  0.226995133113E-01
 157.60000  0.229764074026E-01
 157.70000  0.244747081425E-01
 157.80000  0.233074605740E-01
 157.90000  0.209557918513E-01
 158.00000  0.204204623415E-01
 158.10000  0.229010404410E-01
 158.20000  0.251761809022E-01
 158.30000  0.221852814832E-01
 158.40000  0.183755112871E-01
 158.50000  0.186244152666E-01
 158.60000  0.231528272355E-01
 158.70000  0.252144660228E-01
 158.80000  0.204046337825E-01
 158.90000  0.161000711370E-01
 159.00000  0.177800034863E-01
 159.10000  0.237530024055E-01
 159.20000  0.247353105215E-01
 159.30000  0.184723463835E-01
 159.40000  0.145260846129E-01
 159.50000  0.177922357040E-01
 159.60000  0.243148180870E-01
 159.70000  0.236578972344E-01
 159.80000  0.165924641158E-01
 159.90000  0.136410172096E-01
 160.00000  0.181853971306E-01
 160.10000  0.242337590194E-01
 160.20000  0.218139522429E-01
 160.30000  0.148416129032E-01
 160.40000  0.132658778881E-01
 160.50000  0.185162132922E-01
 160.60000  0.233619985934E-01
 160.70000  0.196413603096E-01
 160.80000  0.136626946258E-01
 160.90000  0.134870838234E-01
 161.00000  0.188098853330E-01
 161.10000  0.221206636362E-01
 161.20000  0.178222565683E-01
 161.30000  0.133942886742E-01
 161.40000  0.142545413721E-01
 161.50000  0.189632821922E-01
 161.60000  0.206111066179E-01
 161.70000  0.164328276236E-01
 161.80000  0.136901328249E-01
 161.90000  0.148956173751E-01
 162.00000  0.183152504433E-01
 162.10000  0.185273993724E-01
 162.20000  0.153219064971E-01
 162.30000  0.142083158919E-01
 162.40000  0.151248185591E-01
 162.50000  0.170721624212E-01
 162.60000  0.165664313126E-01
 162.70000  0.149922521578E-01
 162.80000  0.150474977100E-01
 162.90000  0.151311457201E-01
 163.00000  0.156882849111E-01
 163.10000  0.150992499526E-01
 163.20000  0.152797913348E-01
 163.30000  0.157236740194E-01
 163.40000  0.144960531328E-01
 163.50000  0.138751110234E-01
 163.60000  0.138858511201E-01
 163.70000  0.158250155820E-01
 163.80000  0.159848328633E-01
 163.90000  0.133420264485E-01
 164.00000  0.121216531063E-01
 164.10000  0.133904224747E-01
 164.20000  0.166915049125E-01
 164.30000  0.158889421679E-01
 164.40000  0.120433345069E-01
 164.50000  0.108378269771E-01
 164.60000  0.135448646235E-01
 164.70000  0.174251440657E-01
 164.80000  0.152255750082E-01
 164.90000  0.105961968622E-01
 165.00000  0.990690367694E-02
 165.10000  0.140869412428E-01
 165.20000  0.179209125986E-01
 165.30000  0.142048920051E-01
 165.40000  0.924250551404E-02
 165.50000  0.952741233919E-02
 165.60000  0.150968860398E-01
 165.70000  0.182031934904E-01
 165.80000  0.129754077637E-01
 165.90000  0.815167762398E-02
 166.00000  0.960550085015E-02
 166.10000  0.159614136866E-01
 166.20000  0.176294410752E-01
 166.30000  0.113084182925E-01
 166.40000  0.721592877891E-02
 166.50000  0.990311096462E-02
 166.60000  0.165381725334E-01
 166.70000  0.166150963961E-01
 166.80000  0.987117143248E-02
 166.90000  0.690429622920E-02
 167.00000  0.108228174822E-01
 167.10000  0.173038890139E-01
 167.20000  0.156902763840E-01
 167.30000  0.893648426110E-02
 167.40000  0.714623954476E-02
 167.50000  0.119450837396E-01
 167.60000  0.175496200685E-01
 167.70000  0.142667184412E-01
 167.80000  0.804812197512E-02
 167.90000  0.743141520319E-02
 168.00000  0.126516517893E-01
 168.10000  0.169205994324E-01
 168.20000  0.125305156267E-01
 168.30000  0.747021249353E-02
 168.40000  0.794446051497E-02
 168.50000  0.132835514299E-01
 168.60000  0.161159452316E-01
 168.70000  0.112153770286E-01
 168.80000  0.748564440204E-02
 168.90000  0.872851721258E-02
 169.00000  0.138093324512E-01
 169.10000  0.150659283348E-01
 169.20000  0.101086463698E-01
 169.30000  0.766276970116E-02
 169.40000  0.928886096059E-02
 169.50000  0.137276315967E-01
 169.60000  0.135824037255E-01
 169.70000  0.928936769063E-02
 169.80000  0.810416073499E-02
 169.90000  0.986840604751E-02
 170.00000  0.135591087961E-01
 170.10000  0.124357129236E-01
 170.20000  0.922289003499E-02
 170.30000  0.888484972672E-02
 170.40000  0.104823058023E-01
 170.50000  0.132476533967E-01
 170.60000  0.114111571720E-01
 170.70000  0.936858488474E-02
 170.80000  0.937868513271E-02
 170.90000  0.105559218770E-01
 171.00000  0.123236014046E-01
 171.10000  0.103403962735E-01
 171.20000  0.969061196054E-02
 171.30000  0.972145156065E-02
 171.40000  0.104186208091E-01
 171.50000  0.113648214067E-01
 171.60000  0.988169036695E-02
 171.70000  0.105170012532E-01
 171.80000  0.101332742461E-01
 171.90000  0.103252486676E-01
 172.00000  0.106202415583E-01
 172.10000  0.997655931259E-02
 172.20000  0.113803988676E-01
 172.30000  0.102061927917E-01
 172.40000  0.994224086507E-02
 172.50000  0.978306419989E-02
 172.60000  0.102344559537E-01
 172.70000  0.119136643060E-01
 172.80000  0.982889632763E-02
 172.90000  0.923257247666E-02
 173.00000  0.900764626650E-02
 173.10000  0.108980244318E-01
 173.20000  0.124066756894E-01
 173.30000  0.938452837540E-02
 173.40000  0.855636808539E-02
 173.50000  0.868680298091E-02
 173.60000  0.120471502154E-01
 173.70000  0.127326491287E-01
 173.80000  0.880029942778E-02
 173.90000  0.787091777377E-02
 174.00000  0.873433650895E-02
 174.10000  0.132523958548E-01
 174.20000  0.125454725848E-01
 174.30000  0.805749607189E-02
 174.40000  0.729484540026E-02
 174.50000  0.919355210592E-02
 174.60000  0.143556260848E-01
 174.70000  0.119640016945E-01
 174.80000  0.734669695494E-02
 174.90000  0.685943734924E-02
 175.00000  0.100971120822E-01
 175.10000  0.154185182979E-01
 175.20000  0.111183849645E-01
 175.30000  0.650773541515E-02
 175.40000  0.641266758509E-02
 175.50000  0.113777837407E-01
 175.60000  0.161739609732E-01
 175.70000  0.989956828116E-02
 175.80000  0.568261718083E-02
 175.90000  0.627941029901E-02
 176.00000  0.129956973397E-01
 176.10000  0.164119303440E-01
 176.20000  0.859674320620E-02
 176.30000  0.522246986165E-02
 176.40000  0.671896968952E-02
 176.50000  0.151442592782E-01
 176.60000  0.164867340102E-01
 176.70000  0.745709593858E-02
 176.80000  0.484087679526E-02
 176.90000  0.764334377048E-02
 177.00000  0.178593219439E-01
 177.10000  0.162325797761E-01
 177.20000  0.613224079504E-02
 177.30000  0.425600990510E-02
 177.40000  0.897161120904E-02
 177.50000  0.203954564318E-01
 177.60000  0.148637804824E-01
 177.70000  0.470634924132E-02
 177.80000  0.386217445623E-02
 177.90000  0.107911935670E-01
 178.00000  0.224922841291E-01
 178.10000  0.127728198151E-01
 178.20000  0.377961515237E-02
 178.30000  0.379289719924E-02
 178.40000  0.141112501890E-01
 178.50000  0.257365708409E-01
 178.60000  0.108173862458E-01
 178.70000  0.319269659468E-02
 178.80000  0.381160256695E-02
 178.90000  0.198701210240E-01
 179.00000  0.298716441303E-01
 179.10000  0.783571247455E-02
 179.20000  0.360274094056E-02
 179.30000  0.388742719312E-02
 179.40000  0.296539641654E-01
 179.50000  0.355623952610E-01
 179.60000  0.391945540099E-02
 179.70000  0.125687890719E-01
 179.80000  0.418618450135E-02
 179.90000  0.108076336862E+00
 180.00000  0.233869145391E+00
