 # E =    5.23670907652705       eV =    42240.0000000000       1/cm
 #  1801
# DFFCSO.  ACCUM LEV(I),J(I) =  1  0 LEV(F),J(F) =  1  0       , M =  0, WEIGHTED BY  1.00000
   0.10000  0.288840399046E+07
   0.20000  0.465931291677E+06
   0.30000  0.943267239753E+05
   0.40000  0.139973922664E+06
   0.50000  0.317328063057E+05
   0.60000  0.448950874361E+05
   0.70000  0.258319087058E+05
   0.80000  0.131965109715E+05
   0.90000  0.117568719869E+05
   1.00000  0.658821331575E+04
   1.10000  0.450414206312E+04
   1.20000  0.246291008556E+04
   1.30000  0.208818143097E+04
   1.40000  0.657297596963E+03
   1.50000  0.752348339659E+03
   1.60000  0.294538588536E+03
   1.70000  0.442630149121E+02
   1.80000  0.200677803463E+03
   1.90000  0.587931251557E+02
   2.00000  0.473605352728E+01
   2.10000  0.242299850971E+02
   2.20000  0.513000483770E+02
   2.30000  0.426184811757E+02
   2.40000  0.134593185851E+02
   2.50000  0.117720097314E+03
   2.60000  0.657128583263E+02
   2.70000  0.301919414701E+02
   2.80000  0.656598189837E+02
   2.90000  0.984163879185E+01
   3.00000  0.108747141386E+02
   3.10000  0.248761466377E+02
   3.20000  0.128742257924E+02
   3.30000  0.180176875071E+02
   3.40000  0.397811072629E+02
   3.50000  0.179208121167E+02
   3.60000  0.455539508203E+02
   3.70000  0.319331908108E+02
   3.80000  0.615430343765E+01
   3.90000  0.141896823286E+02
   4.00000  0.118524410086E+02
   4.10000  0.989788321798E+01
   4.20000  0.342496173071E+02
   4.30000  0.261052393861E+02
   4.40000  0.104843198772E+02
   4.50000  0.250641312776E+02
   4.60000  0.119966898115E+02
   4.70000  0.563589277827E+01
   4.80000  0.776107288832E+01
   4.90000  0.353817613257E+01
   5.00000  0.264501427862E+01
   5.10000  0.150918331889E+02
   5.20000  0.752028543446E+01
   5.30000  0.314891993750E+01
   5.40000  0.216847112845E+01
   5.50000  0.188140240312E+01
   5.60000  0.485731597815E+01
   5.70000  0.229609298537E+01
   5.80000  0.236504772274E+00
   5.90000  0.200165244557E+01
   6.00000  0.449143402361E+01
   6.10000  0.675215339651E+01
   6.20000  0.103806411880E+02
   6.30000  0.237688644711E+01
   6.40000  0.430041551748E+01
   6.50000  0.768001341860E+01
   6.60000  0.440458899476E+01
   6.70000  0.386776392421E+01
   6.80000  0.668373702653E+01
   6.90000  0.347733004311E+01
   7.00000  0.762595930814E+01
   7.10000  0.112503146955E+02
   7.20000  0.352945261660E+01
   7.30000  0.127687993658E+01
   7.40000  0.195011534368E+01
   7.50000  0.129612543403E+01
   7.60000  0.407361554768E+01
   7.70000  0.740751101538E+01
   7.80000  0.229705382740E+01
   7.90000  0.187211043524E+01
   8.00000  0.213008201914E+01
   8.10000  0.619135123099E+00
   8.20000  0.148036454171E+01
   8.30000  0.277398307378E+01
   8.40000  0.105706593431E+01
   8.50000  0.240910463707E+01
   8.60000  0.402956913848E+01
   8.70000  0.208227341332E+01
   8.80000  0.282206953110E+01
   8.90000  0.212518920883E+01
   9.00000  0.694745584534E+00
   9.10000  0.227641540203E+01
   9.20000  0.488084016438E+01
   9.30000  0.388762099980E+01
   9.40000  0.533591025079E+01
   9.50000  0.443228315942E+01
   9.60000  0.139049911728E+01
   9.70000  0.227786591966E+01
   9.80000  0.447667280200E+01
   9.90000  0.433514785746E+01
  10.00000  0.562387412552E+01
  10.10000  0.559555176603E+01
  10.20000  0.198171180782E+01
  10.30000  0.241736942908E+01
  10.40000  0.373975801566E+01
  10.50000  0.315905891233E+01
  10.60000  0.315429339355E+01
  10.70000  0.352772132752E+01
  10.80000  0.134632579051E+01
  10.90000  0.188601836241E+01
  11.00000  0.295284725241E+01
  11.10000  0.171511510134E+01
  11.20000  0.861424625466E+00
  11.30000  0.922606811993E+00
  11.40000  0.392841167521E+00
  11.50000  0.820081593488E+00
  11.60000  0.193989166491E+01
  11.70000  0.999997092087E+00
  11.80000  0.430759645251E+00
  11.90000  0.170779759902E+00
  12.00000  0.780133979587E-01
  12.10000  0.179496626703E+00
  12.20000  0.111224501693E+01
  12.30000  0.918177602063E+00
  12.40000  0.667628113609E+00
  12.50000  0.441056066058E+00
  12.60000  0.302198478586E-01
  12.70000  0.675043529625E-01
  12.80000  0.701061607200E+00
  12.90000  0.902642244899E+00
  13.00000  0.530581697281E+00
  13.10000  0.700987177188E+00
  13.20000  0.237235742898E+00
  13.30000  0.113418375459E+00
  13.40000  0.434439319087E+00
  13.50000  0.611413573639E+00
  13.60000  0.223367607461E+00
  13.70000  0.887347623724E+00
  13.80000  0.967917148528E+00
  13.90000  0.326825310151E+00
  14.00000  0.237066155329E+00
  14.10000  0.246806340372E+00
  14.20000  0.518213974239E-01
  14.30000  0.836419935255E+00
  14.40000  0.165682059549E+01
  14.50000  0.766061873933E+00
  14.60000  0.200889251129E+00
  14.70000  0.780643952741E-01
  14.80000  0.187024513445E-02
  14.90000  0.545157317765E+00
  15.00000  0.181670617317E+01
  15.10000  0.141580112954E+01
  15.20000  0.376567480627E+00
  15.30000  0.436463138574E-01
  15.40000  0.375152352665E-01
  15.50000  0.485871677987E+00
  15.60000  0.180777799522E+01
  15.70000  0.220259996519E+01
  15.80000  0.832925395032E+00
  15.90000  0.446416147819E-01
  16.00000  0.184520729442E+00
  16.10000  0.864493233585E+00
  16.20000  0.196916464672E+01
  16.30000  0.272590855842E+01
  16.40000  0.140893687260E+01
  16.50000  0.116078949685E+00
  16.60000  0.381573118051E+00
  16.70000  0.131304850568E+01
  16.80000  0.209847098888E+01
  16.90000  0.257467385649E+01
  17.00000  0.166812287210E+01
  17.10000  0.244780119830E+00
  17.20000  0.469377240707E+00
  17.30000  0.144264376612E+01
  17.40000  0.197192059148E+01
  17.50000  0.193733732748E+01
  17.60000  0.141296730961E+01
  17.70000  0.347245059378E+00
  17.80000  0.392724614477E+00
  17.90000  0.123596711511E+01
  18.00000  0.164773151275E+01
  18.10000  0.134681794727E+01
  18.20000  0.905651774113E+00
  18.30000  0.367250254911E+00
  18.40000  0.277221530478E+00
  18.50000  0.904698082522E+00
  18.60000  0.125441677297E+01
  18.70000  0.988654293771E+00
  18.80000  0.478265334768E+00
  18.90000  0.279625755936E+00
  19.00000  0.239057122223E+00
  19.10000  0.625641235594E+00
  19.20000  0.865917723608E+00
  19.30000  0.680195240303E+00
  19.40000  0.222482606758E+00
  19.50000  0.124315661447E+00
  19.60000  0.254136873842E+00
  19.70000  0.451848593683E+00
  19.80000  0.553044049768E+00
  19.90000  0.337845994015E+00
  20.00000  0.783761322619E-01
  20.10000  0.379393207027E-01
  20.20000  0.275001579389E+00
  20.30000  0.370367271457E+00
  20.40000  0.374424927073E+00
  20.50000  0.118410735024E+00
  20.60000  0.145003471985E-01
  20.70000  0.124513593137E+00
  20.80000  0.343032570529E+00
  20.90000  0.366615140387E+00
  21.00000  0.315366432253E+00
  21.10000  0.145379926249E+00
  21.20000  0.601270591393E-01
  21.30000  0.315688221183E+00
  21.40000  0.504425506158E+00
  21.50000  0.439251112424E+00
  21.60000  0.313415551958E+00
  21.70000  0.321883689468E+00
  21.80000  0.244717887215E+00
  21.90000  0.471919417591E+00
  22.00000  0.698909100211E+00
  22.10000  0.583523391265E+00
  22.20000  0.348054457406E+00
  22.30000  0.460210418202E+00
  22.40000  0.530355425623E+00
  22.50000  0.586220875141E+00
  22.60000  0.819130030292E+00
  22.70000  0.763117090516E+00
  22.80000  0.453223228916E+00
  22.90000  0.492393523892E+00
  23.00000  0.794602710151E+00
  23.10000  0.767520631384E+00
  23.20000  0.849864393058E+00
  23.30000  0.901653314513E+00
  23.40000  0.632071256941E+00
  23.50000  0.494761139050E+00
  23.60000  0.904256388801E+00
  23.70000  0.103080186401E+01
  23.80000  0.885265961057E+00
  23.90000  0.929679648741E+00
  24.00000  0.798381691833E+00
  24.10000  0.547771596854E+00
  24.20000  0.827385997492E+00
  24.30000  0.120796800450E+01
  24.40000  0.987369279127E+00
  24.50000  0.849660130675E+00
  24.60000  0.831508475973E+00
  24.70000  0.623404700591E+00
  24.80000  0.658270324125E+00
  24.90000  0.112657453903E+01
  25.00000  0.107781843967E+01
  25.10000  0.736698406869E+00
  25.20000  0.694219030012E+00
  25.30000  0.622095757228E+00
  25.40000  0.512893054734E+00
  25.50000  0.819676157437E+00
  25.60000  0.101588687851E+01
  25.70000  0.656471506354E+00
  25.80000  0.475893338670E+00
  25.90000  0.495375876479E+00
  26.00000  0.417443983570E+00
  26.10000  0.489413546206E+00
  26.20000  0.767843588457E+00
  26.30000  0.594709261881E+00
  26.40000  0.303321478050E+00
  26.50000  0.301682347275E+00
  26.60000  0.320727000922E+00
  26.70000  0.284740458156E+00
  26.80000  0.451963137143E+00
  26.90000  0.489517883648E+00
  27.00000  0.222520516818E+00
  27.10000  0.140899748935E+00
  27.20000  0.196788756683E+00
  27.30000  0.187902039005E+00
  27.40000  0.214423696129E+00
  27.50000  0.326660376177E+00
  27.60000  0.187354568334E+00
  27.70000  0.580703294626E-01
  27.80000  0.874380807972E-01
  27.90000  0.116198059258E+00
  28.00000  0.957636161867E-01
  28.10000  0.166141875406E+00
  28.20000  0.150190955019E+00
  28.30000  0.331562327547E-01
  28.40000  0.407459524384E-01
  28.50000  0.605539378078E-01
  28.60000  0.470277596060E-01
  28.70000  0.688029899984E-01
  28.80000  0.118276854076E+00
  28.90000  0.440169246203E-01
  29.00000  0.498832451572E-01
  29.10000  0.684744560430E-01
  29.20000  0.387763716345E-01
  29.30000  0.392245240067E-01
  29.40000  0.115913410408E+00
  29.50000  0.983288870790E-01
  29.60000  0.826496548463E-01
  29.70000  0.135778551639E+00
  29.80000  0.894824496080E-01
  29.90000  0.539817626103E-01
  30.00000  0.132326933737E+00
  30.10000  0.192761203872E+00
  30.20000  0.142776406533E+00
  30.30000  0.198234325900E+00
  30.40000  0.193600446947E+00
  30.50000  0.112905523040E+00
  30.60000  0.145767370507E+00
  30.70000  0.279285268221E+00
  30.80000  0.255576961555E+00
  30.90000  0.234516590198E+00
  31.00000  0.288018237639E+00
  31.10000  0.221590267164E+00
  31.20000  0.176452937942E+00
  31.30000  0.311112710055E+00
  31.40000  0.396671390835E+00
  31.50000  0.303411338078E+00
  31.60000  0.326891236875E+00
  31.70000  0.340288122618E+00
  31.80000  0.263702565761E+00
  31.90000  0.309763385550E+00
  32.00000  0.488132301806E+00
  32.10000  0.442948925441E+00
  32.20000  0.351172794082E+00
  32.30000  0.403613313929E+00
  32.40000  0.388644801944E+00
  32.50000  0.344111755395E+00
  32.60000  0.488862534589E+00
  32.70000  0.582577421303E+00
  32.80000  0.430051214539E+00
  32.90000  0.400919574962E+00
  33.00000  0.466937846480E+00
  33.10000  0.432103861775E+00
  33.20000  0.451624676931E+00
  33.30000  0.614956043816E+00
  33.40000  0.546728496239E+00
  33.50000  0.393617135085E+00
  33.60000  0.443512359191E+00
  33.70000  0.499954295550E+00
  33.80000  0.451082591124E+00
  33.90000  0.533618045509E+00
  34.00000  0.599597171519E+00
  34.10000  0.429150489754E+00
  34.20000  0.364707770253E+00
  34.30000  0.470019106603E+00
  34.40000  0.481769139370E+00
  34.50000  0.441747488536E+00
  34.60000  0.530937978063E+00
  34.70000  0.469418742391E+00
  34.80000  0.319066569604E+00
  34.90000  0.360809782977E+00
  35.00000  0.468732980131E+00
  35.10000  0.416683120002E+00
  35.20000  0.406089275495E+00
  35.30000  0.442482100040E+00
  35.40000  0.326684076873E+00
  35.50000  0.264761190593E+00
  35.60000  0.376354198409E+00
  35.70000  0.420190050371E+00
  35.80000  0.329867357988E+00
  35.90000  0.343872815351E+00
  36.00000  0.325091039766E+00
  36.10000  0.233248792255E+00
  36.20000  0.257975552606E+00
  36.30000  0.370325003705E+00
  36.40000  0.319053386112E+00
  36.50000  0.244937113475E+00
  36.60000  0.265025126942E+00
  36.70000  0.227477638769E+00
  36.80000  0.183369701242E+00
  36.90000  0.258390333821E+00
  37.00000  0.299790693202E+00
  37.10000  0.197397724431E+00
  37.20000  0.171780412219E+00
  37.30000  0.188088805217E+00
  37.40000  0.154474218405E+00
  37.50000  0.151876176565E+00
  37.60000  0.223301698914E+00
  37.70000  0.179743069609E+00
  37.80000  0.101698351192E+00
  37.90000  0.113587006400E+00
  38.00000  0.123763561036E+00
  38.10000  0.960472351470E-01
  38.20000  0.123238236228E+00
  38.30000  0.145717742572E+00
  38.40000  0.738691340483E-01
  38.50000  0.503588557205E-01
  38.60000  0.737984079765E-01
  38.70000  0.715870756119E-01
  38.80000  0.574801890570E-01
  38.90000  0.918891267903E-01
  39.00000  0.653589666344E-01
  39.10000  0.228471525517E-01
  39.20000  0.321562458146E-01
  39.30000  0.496473737180E-01
  39.40000  0.353299013161E-01
  39.50000  0.486211636862E-01
  39.60000  0.618059980887E-01
  39.70000  0.220367775291E-01
  39.80000  0.154028558262E-01
  39.90000  0.334607725813E-01
  40.00000  0.359030268736E-01
  40.10000  0.313657658366E-01
  40.20000  0.632729743773E-01
  40.30000  0.427252783440E-01
  40.40000  0.169157848948E-01
  40.50000  0.317288441346E-01
  40.60000  0.504506371949E-01
  40.70000  0.415335240856E-01
  40.80000  0.677460292233E-01
  40.90000  0.836678302020E-01
  41.00000  0.410933685248E-01
  41.10000  0.381764502290E-01
  41.20000  0.747385296155E-01
  41.30000  0.835301371890E-01
  41.40000  0.809679878934E-01
  41.50000  0.122606183276E+00
  41.60000  0.992844170568E-01
  41.70000  0.599309300654E-01
  41.80000  0.927092163798E-01
  41.90000  0.144056016948E+00
  42.00000  0.128624750647E+00
  42.10000  0.142566733353E+00
  42.20000  0.164780934809E+00
  42.30000  0.117037150741E+00
  42.40000  0.107582845950E+00
  42.50000  0.182705262550E+00
  42.60000  0.210755303264E+00
  42.70000  0.171279269732E+00
  42.80000  0.192660652170E+00
  42.90000  0.190010484936E+00
  43.00000  0.150897031745E+00
  43.10000  0.187194847663E+00
  43.20000  0.271834888610E+00
  43.30000  0.239424348395E+00
  43.40000  0.194796104725E+00
  43.50000  0.221782708473E+00
  43.60000  0.219653814446E+00
  43.70000  0.203450272748E+00
  43.80000  0.271505027360E+00
  43.90000  0.309150087287E+00
  44.00000  0.227640882862E+00
  44.10000  0.206678359443E+00
  44.20000  0.256603283742E+00
  44.30000  0.261015575451E+00
  44.40000  0.256186317998E+00
  44.50000  0.316299954040E+00
  44.60000  0.288406195922E+00
  44.70000  0.208941656276E+00
  44.80000  0.237088739805E+00
  44.90000  0.309175010841E+00
  45.00000  0.290185812234E+00
  45.10000  0.280790119704E+00
  45.20000  0.308333372080E+00
  45.30000  0.254766942312E+00
  45.40000  0.218163812511E+00
  45.50000  0.293436518999E+00
  45.60000  0.342085099124E+00
  45.70000  0.279467815482E+00
  45.80000  0.268585731657E+00
  45.90000  0.281702480603E+00
  46.00000  0.245253199782E+00
  46.10000  0.251547643126E+00
  46.20000  0.333281734068E+00
  46.30000  0.315036157884E+00
  46.40000  0.234246125872E+00
  46.50000  0.243346498141E+00
  46.60000  0.269620014600E+00
  46.70000  0.247697466376E+00
  46.80000  0.269743434197E+00
  46.90000  0.310468832504E+00
  47.00000  0.240728259592E+00
  47.10000  0.187696428763E+00
  47.20000  0.232278703048E+00
  47.30000  0.261055047383E+00
  47.40000  0.227382732798E+00
  47.50000  0.241769446174E+00
  47.60000  0.236476618696E+00
  47.70000  0.170026450857E+00
  47.80000  0.164706957210E+00
  47.90000  0.228431046925E+00
  48.00000  0.223328811791E+00
  48.10000  0.175321896078E+00
  48.20000  0.181583760609E+00
  48.30000  0.165934522428E+00
  48.40000  0.131682877010E+00
  48.50000  0.158480217936E+00
  48.60000  0.202730433876E+00
  48.70000  0.155738606186E+00
  48.80000  0.116873640950E+00
  48.90000  0.130846912457E+00
  49.00000  0.129141375884E+00
  49.10000  0.114029298740E+00
  49.20000  0.145558861077E+00
  49.30000  0.148358089214E+00
  49.40000  0.914543098058E-01
  49.50000  0.805270762859E-01
  49.60000  0.110972659435E+00
  49.70000  0.109985037525E+00
  49.80000  0.963721963157E-01
  49.90000  0.115386968888E+00
  50.00000  0.916903780429E-01
  50.10000  0.559949778471E-01
  50.20000  0.725965161614E-01
  50.30000  0.105506992544E+00
  50.40000  0.854909999648E-01
  50.50000  0.740851422313E-01
  50.60000  0.802394091919E-01
  50.70000  0.578939586387E-01
  50.80000  0.469022242636E-01
  50.90000  0.788769381715E-01
  51.00000  0.905036934264E-01
  51.10000  0.570662550292E-01
  51.20000  0.542942673226E-01
  51.30000  0.581532590430E-01
  51.40000  0.466337360918E-01
  51.50000  0.511556993576E-01
  51.60000  0.810392996405E-01
  51.70000  0.638767632200E-01
  51.80000  0.366155283853E-01
  51.90000  0.445928258623E-01
  52.00000  0.535538832111E-01
  52.10000  0.452504884799E-01
  52.20000  0.586831417555E-01
  52.30000  0.701744697402E-01
  52.40000  0.395526863946E-01
  52.50000  0.290679161738E-01
  52.60000  0.490013921485E-01
  52.70000  0.564650156733E-01
  52.80000  0.460149259427E-01
  52.90000  0.603671795214E-01
  53.00000  0.520404082094E-01
  53.10000  0.278782865381E-01
  53.20000  0.353413523383E-01
  53.30000  0.630346359489E-01
  53.40000  0.558071313058E-01
  53.50000  0.455295727408E-01
  53.60000  0.537436154454E-01
  53.70000  0.410749567974E-01
  53.80000  0.309474696164E-01
  53.90000  0.539919899502E-01
  54.00000  0.729761686572E-01
  54.10000  0.484816463203E-01
  54.20000  0.424439621648E-01
  54.30000  0.504624647183E-01
  54.40000  0.459849016009E-01
  54.50000  0.460800693186E-01
  54.60000  0.740466705003E-01
  54.70000  0.693723250232E-01
  54.80000  0.400764864046E-01
  54.90000  0.446425665159E-01
  55.00000  0.639646218918E-01
  55.10000  0.611560047235E-01
  55.20000  0.641026207459E-01
  55.30000  0.814159939749E-01
  55.40000  0.597622115496E-01
  55.50000  0.415609173864E-01
  55.60000  0.648050334203E-01
  55.70000  0.892039311929E-01
  55.80000  0.731711244402E-01
  55.90000  0.736169655201E-01
  56.00000  0.792912476023E-01
  56.10000  0.617401575798E-01
  56.20000  0.614242458356E-01
  56.30000  0.991298479931E-01
  56.40000  0.105070688935E+00
  56.50000  0.741200293134E-01
  56.60000  0.764435011368E-01
  56.70000  0.882559498282E-01
  56.80000  0.823681350640E-01
  56.90000  0.927167946379E-01
  57.00000  0.123195861244E+00
  57.10000  0.101263117936E+00
  57.20000  0.721232180630E-01
  57.30000  0.910797559341E-01
  57.40000  0.116681961108E+00
  57.50000  0.106612464051E+00
  57.60000  0.112916960887E+00
  57.70000  0.122960280204E+00
  57.80000  0.942461267485E-01
  57.90000  0.849455470462E-01
  58.00000  0.124998952018E+00
  58.10000  0.142374345661E+00
  58.20000  0.112746349360E+00
  58.30000  0.112081637752E+00
  58.40000  0.119098113005E+00
  58.50000  0.106292711662E+00
  58.60000  0.114486150249E+00
  58.70000  0.153894262349E+00
  58.80000  0.140511726720E+00
  58.90000  0.101870273580E+00
  59.00000  0.111915184286E+00
  59.10000  0.137238588682E+00
  59.20000  0.130823775891E+00
  59.30000  0.135540497506E+00
  59.40000  0.152615197265E+00
  59.50000  0.123260547387E+00
  59.60000  0.101325784298E+00
  59.70000  0.135180183921E+00
  59.80000  0.164044411265E+00
  59.90000  0.137736333645E+00
  60.00000  0.129351259848E+00
  60.10000  0.137873883371E+00
  60.20000  0.124477284525E+00
  60.30000  0.123365778701E+00
  60.40000  0.162720046544E+00
  60.50000  0.164218092563E+00
  60.60000  0.120310132666E+00
  60.70000  0.117972454817E+00
  60.80000  0.145335146849E+00
  60.90000  0.144759883403E+00
  61.00000  0.140143716482E+00
  61.10000  0.159354072238E+00
  61.20000  0.139414711302E+00
  61.30000  0.107857827301E+00
  61.40000  0.128770003136E+00
  61.50000  0.165919420538E+00
  61.60000  0.146739161303E+00
  61.70000  0.126070598269E+00
  61.80000  0.134175720497E+00
  61.90000  0.126294924146E+00
  62.00000  0.115823155094E+00
  62.10000  0.143849716971E+00
  62.20000  0.158042767425E+00
  62.30000  0.117017763995E+00
  62.40000  0.100051174008E+00
  62.50000  0.123365362940E+00
  62.60000  0.130290556142E+00
  62.70000  0.116933427366E+00
  62.80000  0.128303861934E+00
  62.90000  0.119802333270E+00
  63.00000  0.876170140557E-01
  63.10000  0.913378654468E-01
  63.20000  0.125268084467E+00
  63.30000  0.117815990797E+00
  63.40000  0.897973673647E-01
  63.50000  0.914802572901E-01
  63.60000  0.905173411647E-01
  63.70000  0.785032677621E-01
  63.80000  0.894297313281E-01
  63.90000  0.107523733509E+00
  64.00000  0.802567531751E-01
  64.10000  0.565567716927E-01
  64.20000  0.695012018052E-01
  64.30000  0.822268834897E-01
  64.40000  0.694980321663E-01
  64.50000  0.703863740501E-01
  64.60000  0.706192684043E-01
  64.70000  0.489939174514E-01
  64.80000  0.427843085529E-01
  64.90000  0.651803878226E-01
  65.00000  0.693924869036E-01
  65.10000  0.460741217711E-01
  65.20000  0.425151045544E-01
  65.30000  0.456617333479E-01
  65.40000  0.396177555208E-01
  65.50000  0.402238447114E-01
  65.60000  0.554936931346E-01
  65.70000  0.438684536513E-01
  65.80000  0.240400731249E-01
  65.90000  0.284206956569E-01
  66.00000  0.412205470103E-01
  66.10000  0.355753866001E-01
  66.20000  0.326711673143E-01
  66.30000  0.368574479209E-01
  66.40000  0.246042312346E-01
  66.50000  0.170538207666E-01
  66.60000  0.298447739496E-01
  66.70000  0.398253442475E-01
  66.80000  0.256620909803E-01
  66.90000  0.217832234459E-01
  67.00000  0.246018048029E-01
  67.10000  0.213492114085E-01
  67.20000  0.203851441721E-01
  67.30000  0.341653177281E-01
  67.40000  0.318536166837E-01
  67.50000  0.159239828464E-01
  67.60000  0.168711355237E-01
  67.70000  0.269660139231E-01
  67.80000  0.262572060389E-01
  67.90000  0.248696091520E-01
  68.00000  0.325468827570E-01
  68.10000  0.232002839324E-01
  68.20000  0.139698874530E-01
  68.30000  0.235778550998E-01
  68.40000  0.374967228557E-01
  68.50000  0.286684724775E-01
  68.60000  0.242342368946E-01
  68.70000  0.278092935330E-01
  68.80000  0.241177008371E-01
  68.90000  0.220786883143E-01
  69.00000  0.366311739559E-01
  69.10000  0.414622289904E-01
  69.20000  0.243253030535E-01
  69.30000  0.214044507261E-01
  69.40000  0.324702837085E-01
  69.50000  0.356049926033E-01
  69.60000  0.317968516297E-01
  69.70000  0.404033405963E-01
  69.80000  0.352034637669E-01
  69.90000  0.222045590122E-01
  70.00000  0.278584202837E-01
  70.10000  0.466664915686E-01
  70.20000  0.420627062440E-01
  70.30000  0.301382332154E-01
  70.40000  0.336507030075E-01
  70.50000  0.351009943974E-01
  70.60000  0.312640665765E-01
  70.70000  0.397139413987E-01
  70.80000  0.504895516958E-01
  70.90000  0.347670976671E-01
  71.00000  0.239396269638E-01
  71.10000  0.355566587163E-01
  71.20000  0.470366107333E-01
  71.30000  0.386583153419E-01
  71.40000  0.383881003840E-01
  71.50000  0.401394939085E-01
  71.60000  0.309814747889E-01
  71.70000  0.294051926656E-01
  71.80000  0.468083861529E-01
  71.90000  0.503648423075E-01
  72.00000  0.316494360891E-01
  72.10000  0.286432529390E-01
  72.20000  0.388543757652E-01
  72.30000  0.406249356264E-01
  72.40000  0.371415925654E-01
  72.50000  0.454182814818E-01
  72.60000  0.392403245080E-01
  72.70000  0.256480716291E-01
  72.80000  0.310628949924E-01
  72.90000  0.493571591245E-01
  73.00000  0.441437788623E-01
  73.10000  0.308746799107E-01
  73.20000  0.335697084751E-01
  73.30000  0.364547736934E-01
  73.40000  0.329149469690E-01
  73.50000  0.388763406184E-01
  73.60000  0.480226911701E-01
  73.70000  0.335990944181E-01
  73.80000  0.228370523887E-01
  73.90000  0.338543838891E-01
  74.00000  0.458749397673E-01
  74.10000  0.366172081298E-01
  74.20000  0.331398726838E-01
  74.30000  0.353533052398E-01
  74.40000  0.297094765605E-01
  74.50000  0.275716086594E-01
  74.60000  0.415619385338E-01
  74.70000  0.448324312799E-01
  74.80000  0.272661375341E-01
  74.90000  0.233795720902E-01
  75.00000  0.345546958195E-01
  75.10000  0.380073231368E-01
  75.20000  0.318635269763E-01
  75.30000  0.364586651546E-01
  75.40000  0.329027808257E-01
  75.50000  0.227718214013E-01
  75.60000  0.264704288043E-01
  75.70000  0.426685423181E-01
  75.80000  0.382113414370E-01
  75.90000  0.240522074291E-01
  76.00000  0.259252843147E-01
  76.10000  0.326056417985E-01
  76.20000  0.306916118373E-01
  76.30000  0.319174334723E-01
  76.40000  0.387247160241E-01
  76.50000  0.285082674483E-01
  76.60000  0.194047911468E-01
  76.70000  0.290410494521E-01
  76.80000  0.421547253379E-01
  76.90000  0.327400149313E-01
  77.00000  0.251336192062E-01
  77.10000  0.289185351727E-01
  77.20000  0.302581270765E-01
  77.30000  0.277366711911E-01
  77.40000  0.359538975729E-01
  77.50000  0.397332840320E-01
  77.60000  0.253588615157E-01
  77.70000  0.205727520148E-01
  77.80000  0.341451252070E-01
  77.90000  0.418904593963E-01
  78.00000  0.311822867495E-01
  78.10000  0.294712725658E-01
  78.20000  0.321395199408E-01
  78.30000  0.296520370313E-01
  78.40000  0.299565534710E-01
  78.50000  0.425714658818E-01
  78.60000  0.406074458825E-01
  78.70000  0.249879758132E-01
  78.80000  0.255708293711E-01
  78.90000  0.408552290808E-01
  79.00000  0.427455409855E-01
  79.10000  0.334264549731E-01
  79.20000  0.354593916851E-01
  79.30000  0.353974529771E-01
  79.40000  0.309400871858E-01
  79.50000  0.359403672115E-01
  79.60000  0.494598156832E-01
  79.70000  0.408297918897E-01
  79.80000  0.264752435584E-01
  79.90000  0.322566309829E-01
  80.00000  0.465794344072E-01
  80.10000  0.430714479599E-01
  80.20000  0.368730631319E-01
  80.30000  0.400439188613E-01
  80.40000  0.366409376809E-01
  80.50000  0.322104361049E-01
  80.60000  0.419688927298E-01
  80.70000  0.523336174348E-01
  80.80000  0.380731100464E-01
  80.90000  0.272986332175E-01
  81.00000  0.369231921534E-01
  81.10000  0.476132991297E-01
  81.20000  0.404111415639E-01
  81.30000  0.377638143590E-01
  81.40000  0.396125037931E-01
  81.50000  0.336944641952E-01
  81.60000  0.311684499164E-01
  81.70000  0.436941574164E-01
  81.80000  0.479389829706E-01
  81.90000  0.312073317941E-01
  82.00000  0.253727954529E-01
  82.10000  0.366223410977E-01
  82.20000  0.423236529931E-01
  82.30000  0.338797549478E-01
  82.40000  0.338204489199E-01
  82.50000  0.333026819320E-01
  82.60000  0.269177547163E-01
  82.70000  0.271611048450E-01
  82.80000  0.394792940022E-01
  82.90000  0.372538167130E-01
  83.00000  0.218350487440E-01
  83.10000  0.206805985274E-01
  83.20000  0.313812128571E-01
  83.30000  0.322961426787E-01
  83.40000  0.247508209464E-01
  83.50000  0.258502757522E-01
  83.60000  0.235668861399E-01
  83.70000  0.184525506645E-01
  83.80000  0.209713702577E-01
  83.90000  0.305460950522E-01
  84.00000  0.237981141482E-01
  84.10000  0.124506480368E-01
  84.20000  0.145037097579E-01
  84.30000  0.229287745711E-01
  84.40000  0.203150750620E-01
  84.50000  0.152227711541E-01
  84.60000  0.163219243765E-01
  84.70000  0.133160789055E-01
  84.80000  0.100184387006E-01
  84.90000  0.137156491114E-01
  85.00000  0.193093399053E-01
  85.10000  0.111890804111E-01
  85.20000  0.506875949530E-02
  85.30000  0.820232459701E-02
  85.40000  0.131244356539E-01
  85.50000  0.918449478184E-02
  85.60000  0.762717918027E-02
  85.70000  0.784506830287E-02
  85.80000  0.478693115783E-02
  85.90000  0.328608053919E-02
  86.00000  0.731258779493E-02
  86.10000  0.913344730440E-02
  86.20000  0.294409016165E-02
  86.30000  0.156048393734E-02
  86.40000  0.345732669812E-02
  86.50000  0.475414883534E-02
  86.60000  0.265823825074E-02
  86.70000  0.490324398195E-02
  86.80000  0.332890197712E-02
  86.90000  0.515493036365E-03
  87.00000  0.937339754011E-03
  87.10000  0.491305399199E-02
  87.20000  0.430765884017E-02
  87.30000  0.234121803247E-02
  87.40000  0.369705522149E-02
  87.50000  0.263315803419E-02
  87.60000  0.182117084122E-02
  87.70000  0.457540005794E-02
  87.80000  0.926778475383E-02
  87.90000  0.488584428169E-02
  88.00000  0.256692984146E-02
  88.10000  0.538915355622E-02
  88.20000  0.922960000245E-02
  88.30000  0.776846219101E-02
  88.40000  0.101777765158E-01
  88.50000  0.115232535036E-01
  88.60000  0.719935356233E-02
  88.70000  0.685634865996E-02
  88.80000  0.156216116994E-01
  88.90000  0.198624241575E-01
  89.00000  0.119548293180E-01
  89.10000  0.105987348421E-01
  89.20000  0.164893593127E-01
  89.30000  0.199672264236E-01
  89.40000  0.182519007174E-01
  89.50000  0.230190980138E-01
  89.60000  0.223666478097E-01
  89.70000  0.161268251901E-01
  89.80000  0.185009017382E-01
  89.90000  0.317565922711E-01
  90.00000  0.322577384632E-01
  90.10000  0.210071313169E-01
  90.20000  0.215153110616E-01
  90.30000  0.309050811771E-01
  90.40000  0.331360333628E-01
  90.50000  0.304061590268E-01
  90.60000  0.349274800762E-01
  90.70000  0.324294730833E-01
  90.80000  0.264761795565E-01
  90.90000  0.321330651389E-01
  91.00000  0.463151218875E-01
  91.10000  0.411069933779E-01
  91.20000  0.280816868243E-01
  91.30000  0.317495402775E-01
  91.40000  0.442079007057E-01
  91.50000  0.435344445443E-01
  91.60000  0.385050515363E-01
  91.70000  0.415978014317E-01
  91.80000  0.394282825484E-01
  91.90000  0.352921943700E-01
  92.00000  0.427099049341E-01
  92.10000  0.540215291580E-01
  92.20000  0.436901276650E-01
  92.30000  0.315698995794E-01
  92.40000  0.393029819878E-01
  92.50000  0.529685205390E-01
  92.60000  0.476805540579E-01
  92.70000  0.400255667832E-01
  92.80000  0.426372136724E-01
  92.90000  0.431324739629E-01
  93.00000  0.404602943227E-01
  93.10000  0.469385678066E-01
  93.20000  0.532677945855E-01
  93.30000  0.407467544605E-01
  93.40000  0.319794670120E-01
  93.50000  0.431185888762E-01
  93.60000  0.549303264654E-01
  93.70000  0.445587690589E-01
  93.80000  0.356944579693E-01
  93.90000  0.398498123025E-01
  94.00000  0.435971560292E-01
  94.10000  0.404745242852E-01
  94.20000  0.438597770728E-01
  94.30000  0.457208485590E-01
  94.40000  0.347688151691E-01
  94.50000  0.301639113453E-01
  94.60000  0.423106228111E-01
  94.70000  0.494833272716E-01
  94.80000  0.356872741599E-01
  94.90000  0.280922598239E-01
  95.00000  0.350572216679E-01
  95.10000  0.404183412717E-01
  95.20000  0.349713777236E-01
  95.30000  0.349581770030E-01
  95.40000  0.348124811505E-01
  95.50000  0.279903701556E-01
  95.60000  0.263600413991E-01
  95.70000  0.366787396169E-01
  95.80000  0.384728466773E-01
  95.90000  0.245920751826E-01
  96.00000  0.201771940608E-01
  96.10000  0.293359474552E-01
  96.20000  0.336239021488E-01
  96.30000  0.255722789105E-01
  96.40000  0.236827642728E-01
  96.50000  0.241899407669E-01
  96.60000  0.216594895407E-01
  96.70000  0.208130811134E-01
  96.80000  0.276607064475E-01
  96.90000  0.256901959347E-01
  97.00000  0.149175331329E-01
  97.10000  0.138718407331E-01
  97.20000  0.233019570070E-01
  97.30000  0.246796172503E-01
  97.40000  0.155742935761E-01
  97.50000  0.138722275469E-01
  97.60000  0.163935290398E-01
  97.70000  0.163885316514E-01
  97.80000  0.147158985853E-01
  97.90000  0.182623494131E-01
  98.00000  0.151306862982E-01
  98.10000  0.872909692292E-02
  98.20000  0.973526669126E-02
  98.30000  0.176633985656E-01
  98.40000  0.160673324720E-01
  98.50000  0.798663504889E-02
  98.60000  0.762559774270E-02
  98.70000  0.119583644669E-01
  98.80000  0.122857288691E-01
  98.90000  0.946092904660E-02
  99.00000  0.109277802373E-01
  99.10000  0.871535479624E-02
  99.20000  0.592961155346E-02
  99.30000  0.742283799079E-02
  99.40000  0.131022135703E-01
  99.50000  0.966134671688E-02
  99.60000  0.377203382667E-02
  99.70000  0.479158303045E-02
  99.80000  0.100648761646E-01
  99.90000  0.927377721262E-02
 100.00000  0.571711327741E-02
 100.10000  0.632683559979E-02
 100.20000  0.612868871024E-02
 100.30000  0.533461332824E-02
 100.40000  0.629677931378E-02
 100.50000  0.976663074633E-02
 100.60000  0.590463277040E-02
 100.70000  0.229640836102E-02
 100.80000  0.434275723618E-02
 100.90000  0.970581954615E-02
 101.00000  0.722748553752E-02
 101.10000  0.337481273664E-02
 101.20000  0.410839501237E-02
 101.30000  0.633272651997E-02
 101.40000  0.588418777556E-02
 101.50000  0.561667868601E-02
 101.60000  0.725523095254E-02
 101.70000  0.446638604512E-02
 101.80000  0.274969448258E-02
 101.90000  0.526583221033E-02
 102.00000  0.975869640111E-02
 102.10000  0.577662622070E-02
 102.20000  0.214885214973E-02
 102.30000  0.391692322695E-02
 102.40000  0.826058218496E-02
 102.50000  0.666407616480E-02
 102.60000  0.465904314896E-02
 102.70000  0.539082817064E-02
 102.80000  0.520462956541E-02
 102.90000  0.460091968503E-02
 103.00000  0.640089364244E-02
 103.10000  0.909639714605E-02
 103.20000  0.488554016082E-02
 103.30000  0.231812129878E-02
 103.40000  0.539147120344E-02
 103.50000  0.104274242653E-01
 103.60000  0.678073147162E-02
 103.70000  0.336983257510E-02
 103.80000  0.475038562587E-02
 103.90000  0.786434518501E-02
 104.00000  0.684487292492E-02
 104.10000  0.643187645254E-02
 104.20000  0.745754680954E-02
 104.30000  0.531707151692E-02
 104.40000  0.420243312725E-02
 104.50000  0.729991851446E-02
 104.60000  0.109700964198E-01
 104.70000  0.602111557100E-02
 104.80000  0.273023151974E-02
 104.90000  0.576559402400E-02
 105.00000  0.108548806825E-01
 105.10000  0.777125436879E-02
 105.20000  0.486007234673E-02
 105.30000  0.583294318568E-02
 105.40000  0.745985010412E-02
 105.50000  0.669158537771E-02
 105.60000  0.759816633936E-02
 105.70000  0.906582248716E-02
 105.80000  0.545772244489E-02
 105.90000  0.370980745115E-02
 106.00000  0.733278424994E-02
 106.10000  0.116365834793E-01
 106.20000  0.664885672835E-02
 106.30000  0.303642593447E-02
 106.40000  0.549505839848E-02
 106.50000  0.998869097040E-02
 106.60000  0.760767541251E-02
 106.70000  0.549899484524E-02
 106.80000  0.614219794229E-02
 106.90000  0.627824906355E-02
 107.00000  0.555235008860E-02
 107.10000  0.730380745487E-02
 107.20000  0.921596938617E-02
 107.30000  0.490367173966E-02
 107.40000  0.271381617756E-02
 107.50000  0.604668716205E-02
 107.60000  0.104226843238E-01
 107.70000  0.606094311978E-02
 107.80000  0.273354789812E-02
 107.90000  0.434911213515E-02
 108.00000  0.772947849346E-02
 108.10000  0.607200065145E-02
 108.20000  0.494005520802E-02
 108.30000  0.542625028894E-02
 108.40000  0.431441435975E-02
 108.50000  0.354563333467E-02
 108.60000  0.562440006808E-02
 108.70000  0.785434898278E-02
 108.80000  0.360149125872E-02
 108.90000  0.140568548057E-02
 109.00000  0.390700112447E-02
 109.10000  0.774554355034E-02
 109.20000  0.445185509398E-02
 109.30000  0.207597546685E-02
 109.40000  0.286506461433E-02
 109.50000  0.472075591595E-02
 109.60000  0.372823114020E-02
 109.70000  0.378667820596E-02
 109.80000  0.435850681787E-02
 109.90000  0.224255671179E-02
 110.00000  0.145244974260E-02
 110.10000  0.357331013576E-02
 110.20000  0.595065730262E-02
 110.30000  0.227263847564E-02
 110.40000  0.589431381118E-03
 110.50000  0.209597355746E-02
 110.60000  0.484684738589E-02
 110.70000  0.281030558806E-02
 110.80000  0.206524755628E-02
 110.90000  0.227534672906E-02
 111.00000  0.220317654224E-02
 111.10000  0.170954735891E-02
 111.20000  0.331072282268E-02
 111.30000  0.428915147880E-02
 111.40000  0.122061916794E-02
 111.50000  0.415197373470E-03
 111.60000  0.266387483502E-02
 111.70000  0.513570512427E-02
 111.80000  0.221079820313E-02
 111.90000  0.144792566427E-02
 112.00000  0.214939445293E-02
 112.10000  0.340944775341E-02
 112.20000  0.252979269012E-02
 112.30000  0.398665316333E-02
 112.40000  0.407403301182E-02
 112.50000  0.172681625576E-02
 112.60000  0.143109412422E-02
 112.70000  0.502217421742E-02
 112.80000  0.685328859414E-02
 112.90000  0.267522924200E-02
 113.00000  0.165248660182E-02
 113.10000  0.436484422136E-02
 113.20000  0.708470904534E-02
 113.30000  0.472338806586E-02
 113.40000  0.491229075250E-02
 113.50000  0.526778539586E-02
 113.60000  0.499587374258E-02
 113.70000  0.487359654921E-02
 113.80000  0.865791776385E-02
 113.90000  0.919257170443E-02
 114.00000  0.448054526685E-02
 114.10000  0.386020579609E-02
 114.20000  0.963585957483E-02
 114.30000  0.128307638965E-01
 114.40000  0.728924988166E-02
 114.50000  0.548798889866E-02
 114.60000  0.909082172123E-02
 114.70000  0.125766611046E-01
 114.80000  0.102526541799E-01
 114.90000  0.107038726330E-01
 115.00000  0.112880759473E-01
 115.10000  0.100687039788E-01
 115.20000  0.100510830707E-01
 115.30000  0.154427078235E-01
 115.40000  0.168926071986E-01
 115.50000  0.102176510849E-01
 115.60000  0.863661054211E-02
 115.70000  0.162641441228E-01
 115.80000  0.212673826804E-01
 115.90000  0.142208495224E-01
 116.00000  0.107471460182E-01
 116.10000  0.154456456383E-01
 116.20000  0.205015226736E-01
 116.30000  0.176009908389E-01
 116.40000  0.168610110068E-01
 116.50000  0.180344688665E-01
 116.60000  0.171628292768E-01
 116.70000  0.167019909061E-01
 116.80000  0.220273500270E-01
 116.90000  0.244723110549E-01
 117.00000  0.170117084011E-01
 117.10000  0.141001762308E-01
 117.20000  0.224141912190E-01
 117.30000  0.292597584743E-01
 117.40000  0.211176790447E-01
 117.50000  0.152289470400E-01
 117.60000  0.207058092678E-01
 117.70000  0.281356713072E-01
 117.80000  0.244860120633E-01
 117.90000  0.208627824024E-01
 118.00000  0.225029062317E-01
 118.10000  0.237229214738E-01
 118.20000  0.228028611417E-01
 118.30000  0.257438377143E-01
 118.40000  0.285722968960E-01
 118.50000  0.222637329838E-01
 118.60000  0.184823047366E-01
 118.70000  0.255876946064E-01
 118.80000  0.334790280453E-01
 118.90000  0.254759909791E-01
 119.00000  0.173684541152E-01
 119.10000  0.225977558628E-01
 119.20000  0.324082234922E-01
 119.30000  0.285865767627E-01
 119.40000  0.211634319081E-01
 119.50000  0.225709054301E-01
 119.60000  0.272884514919E-01
 119.70000  0.267374401972E-01
 119.80000  0.253370206823E-01
 119.90000  0.272586056010E-01
 120.00000  0.242191240349E-01
 120.10000  0.211235609949E-01
 120.20000  0.249826218106E-01
 120.30000  0.320577534742E-01
 120.40000  0.259857688954E-01
 120.50000  0.174455824784E-01
 120.60000  0.211048183277E-01
 120.70000  0.318374788629E-01
 120.80000  0.289703564092E-01
 120.90000  0.186609917778E-01
 121.00000  0.188658741550E-01
 121.10000  0.268553261719E-01
 121.20000  0.278046507035E-01
 121.30000  0.216856810292E-01
 121.40000  0.212395717751E-01
 121.50000  0.225020948616E-01
 121.60000  0.221753064415E-01
 121.70000  0.217209677800E-01
 121.80000  0.254982886950E-01
 121.90000  0.226705176932E-01
 122.00000  0.166833874723E-01
 122.10000  0.178611219268E-01
 122.20000  0.264861345508E-01
 122.30000  0.253852025570E-01
 122.40000  0.152251020437E-01
 122.50000  0.138847967882E-01
 122.60000  0.227805172437E-01
 122.70000  0.257406036271E-01
 122.80000  0.169298410267E-01
 122.90000  0.136187337173E-01
 123.00000  0.180809513608E-01
 123.10000  0.216101881024E-01
 123.20000  0.176008912143E-01
 123.30000  0.164218614038E-01
 123.40000  0.166406368756E-01
 123.50000  0.157435737099E-01
 123.60000  0.148155796414E-01
 123.70000  0.182911281658E-01
 123.80000  0.186288382684E-01
 123.90000  0.123240780465E-01
 124.00000  0.103363713157E-01
 124.10000  0.165002143570E-01
 124.20000  0.203504060948E-01
 124.30000  0.124817590973E-01
 124.40000  0.776446500594E-02
 124.50000  0.125038094754E-01
 124.60000  0.186270881158E-01
 124.70000  0.135971764735E-01
 124.80000  0.840941126739E-02
 124.90000  0.993162430650E-02
 125.00000  0.140227456548E-01
 125.10000  0.125406632952E-01
 125.20000  0.101253944113E-01
 125.30000  0.105164665219E-01
 125.40000  0.985853316240E-02
 125.50000  0.900337887491E-02
 125.60000  0.100360075852E-01
 125.70000  0.125471775388E-01
 125.80000  0.859809627988E-02
 125.90000  0.539006309156E-02
 126.00000  0.759346474487E-02
 126.10000  0.129543917002E-01
 126.20000  0.953552290195E-02
 126.30000  0.393845979921E-02
 126.40000  0.484488933510E-02
 126.50000  0.106072103011E-01
 126.60000  0.100591971647E-01
 126.70000  0.454662604479E-02
 126.80000  0.397135714810E-02
 126.90000  0.715228822192E-02
 127.00000  0.846054682780E-02
 127.10000  0.526670899473E-02
 127.20000  0.506189874183E-02
 127.30000  0.509101907486E-02
 127.40000  0.541708053596E-02
 127.50000  0.455779420518E-02
 127.60000  0.629373111967E-02
 127.70000  0.528051153374E-02
 127.80000  0.290246535790E-02
 127.90000  0.268236947130E-02
 128.00000  0.595023200065E-02
 128.10000  0.640355324741E-02
 128.20000  0.213212574811E-02
 128.30000  0.111259704434E-02
 128.40000  0.409241657380E-02
 128.50000  0.655885453160E-02
 128.60000  0.262565217154E-02
 128.70000  0.850714621768E-03
 128.80000  0.223358533320E-02
 128.90000  0.507009851265E-02
 129.00000  0.300482981718E-02
 129.10000  0.151047301190E-02
 129.20000  0.169448055893E-02
 129.30000  0.288571737302E-02
 129.40000  0.246686552920E-02
 129.50000  0.196826794428E-02
 129.60000  0.241056462784E-02
 129.70000  0.140810331136E-02
 129.80000  0.129895580113E-02
 129.90000  0.156743427439E-02
 130.00000  0.321152359594E-02
 130.10000  0.120247456504E-02
 130.20000  0.325253948673E-03
 130.30000  0.664986594024E-03
 130.40000  0.306198364993E-02
 130.50000  0.173924941413E-02
 130.60000  0.321976936910E-04
 130.70000  0.103576866976E-03
 130.80000  0.196945309540E-02
 130.90000  0.207248804090E-02
 131.00000  0.198240055866E-03
 131.10000  0.271834221046E-03
 131.20000  0.773074889548E-03
 131.30000  0.171746412268E-02
 131.40000  0.338068229493E-03
 131.50000  0.796662314582E-03
 131.60000  0.291119415103E-03
 131.70000  0.946819877753E-03
 131.80000  0.268877907309E-03
 131.90000  0.100152708118E-02
 132.00000  0.566126435664E-03
 132.10000  0.285098876040E-03
 132.20000  0.193435280897E-03
 132.30000  0.649801508729E-03
 132.40000  0.100807510290E-02
 132.50000  0.156520597149E-04
 132.60000  0.356187739872E-03
 132.70000  0.141034096059E-03
 132.80000  0.103198649181E-02
 132.90000  0.269151625065E-04
 133.00000  0.665216463865E-03
 133.10000  0.582518720160E-04
 133.20000  0.605814972949E-03
 133.30000  0.951961352604E-04
 133.40000  0.766850984628E-03
 133.50000  0.534141651662E-03
 133.60000  0.156064022918E-03
 133.70000  0.203442180898E-03
 133.80000  0.509393557271E-03
 133.90000  0.110355404529E-02
 134.00000  0.566705933969E-04
 134.10000  0.490595432229E-03
 134.20000  0.203669415499E-03
 134.30000  0.118681989901E-02
 134.40000  0.247927009278E-03
 134.50000  0.955636182718E-03
 134.60000  0.413006834124E-03
 134.70000  0.714703946601E-03
 134.80000  0.365385205718E-03
 134.90000  0.132308686855E-02
 135.00000  0.136434898355E-02
 135.10000  0.236855456982E-03
 135.20000  0.203681789413E-03
 135.30000  0.127906517590E-02
 135.40000  0.262488816892E-02
 135.50000  0.442275098935E-03
 135.60000  0.590765582946E-05
 135.70000  0.863941727484E-03
 135.80000  0.335328853642E-02
 135.90000  0.141097475311E-02
 136.00000  0.199974141261E-03
 136.10000  0.606504461849E-03
 136.20000  0.307173218699E-02
 136.30000  0.246906884881E-02
 136.40000  0.923027611043E-03
 136.50000  0.116226381923E-02
 136.60000  0.224196023513E-02
 136.70000  0.280775668191E-02
 136.80000  0.178206094428E-02
 136.90000  0.265366560319E-02
 137.00000  0.197005434387E-02
 137.10000  0.222962572670E-02
 137.20000  0.212693167415E-02
 137.30000  0.438143428756E-02
 137.40000  0.306976749712E-02
 137.50000  0.144907253996E-02
 137.60000  0.173844691499E-02
 137.70000  0.531061958095E-02
 137.80000  0.527254496953E-02
 137.90000  0.152180268634E-02
 138.00000  0.114361658665E-02
 138.10000  0.495824737812E-02
 138.20000  0.730747009771E-02
 138.30000  0.287904558854E-02
 138.40000  0.126803536042E-02
 138.50000  0.395710418783E-02
 138.60000  0.790123891145E-02
 138.70000  0.482662955564E-02
 138.80000  0.257835018608E-02
 138.90000  0.367181005690E-02
 139.00000  0.694300181837E-02
 139.10000  0.608344606622E-02
 139.20000  0.454917770631E-02
 139.30000  0.506396820181E-02
 139.40000  0.567127722229E-02
 139.50000  0.586890765763E-02
 139.60000  0.599448748543E-02
 139.70000  0.780046457661E-02
 139.80000  0.573245770288E-02
 139.90000  0.464265484232E-02
 140.00000  0.604029627079E-02
 140.10000  0.103721174997E-01
 140.20000  0.779647252569E-02
 140.30000  0.380617124584E-02
 140.40000  0.494174164363E-02
 140.50000  0.112717509304E-01
 140.60000  0.109499276928E-01
 140.70000  0.460161561280E-02
 140.80000  0.400657582031E-02
 140.90000  0.102228733189E-01
 141.00000  0.132456855885E-01
 141.10000  0.692616577622E-02
 141.20000  0.450459709065E-02
 141.30000  0.852424211224E-02
 141.40000  0.133396095078E-01
 141.50000  0.943274121416E-02
 141.60000  0.666232115686E-02
 141.70000  0.811576551450E-02
 141.80000  0.115895455280E-01
 141.90000  0.105203337135E-01
 142.00000  0.931905999779E-02
 142.10000  0.996212241484E-02
 142.20000  0.979551665764E-02
 142.30000  0.960015859432E-02
 142.40000  0.107739710404E-01
 142.50000  0.132428989282E-01
 142.60000  0.986638270058E-02
 142.70000  0.770179170292E-02
 142.80000  0.102365669318E-01
 142.90000  0.160028704885E-01
 143.00000  0.123447079297E-01
 143.10000  0.666377092039E-02
 143.20000  0.838018519133E-02
 143.30000  0.165040404216E-01
 143.40000  0.158001675979E-01
 143.50000  0.761774513443E-02
 143.60000  0.685721158241E-02
 143.70000  0.146387959141E-01
 143.80000  0.179994729037E-01
 143.90000  0.102170139592E-01
 144.00000  0.712851438284E-02
 144.10000  0.120903634824E-01
 144.20000  0.175811920698E-01
 144.30000  0.127895952711E-01
 144.40000  0.923022176074E-02
 144.50000  0.109836494768E-01
 144.60000  0.150599679408E-01
 144.70000  0.136241158349E-01
 144.80000  0.117980316759E-01
 144.90000  0.123663027022E-01
 145.00000  0.125275131458E-01
 145.10000  0.122974637546E-01
 145.20000  0.131061641268E-01
 145.30000  0.153960092814E-01
 145.40000  0.120127311298E-01
 145.50000  0.986512805360E-02
 145.60000  0.122256029066E-01
 145.70000  0.178957810283E-01
 145.80000  0.139817501316E-01
 145.90000  0.813661492339E-02
 146.00000  0.981921105699E-02
 146.10000  0.181349951620E-01
 146.20000  0.171814349327E-01
 146.30000  0.846073251725E-02
 146.40000  0.757501571790E-02
 146.50000  0.158913125595E-01
 146.60000  0.193523647389E-01
 146.70000  0.106194134283E-01
 146.80000  0.694859370094E-02
 146.90000  0.126588224294E-01
 147.00000  0.189717084660E-01
 147.10000  0.131473437606E-01
 147.20000  0.826230547841E-02
 147.30000  0.105959682815E-01
 147.40000  0.163400848723E-01
 147.50000  0.143669239424E-01
 147.60000  0.104690891725E-01
 147.70000  0.108902820276E-01
 147.80000  0.131608065576E-01
 147.90000  0.133553021873E-01
 148.00000  0.118322543298E-01
 148.10000  0.129747802489E-01
 148.20000  0.114507664592E-01
 148.30000  0.107566610976E-01
 148.40000  0.113228872144E-01
 148.50000  0.151503864217E-01
 148.60000  0.122517601897E-01
 148.70000  0.829713913495E-02
 148.80000  0.918028665670E-02
 148.90000  0.156522106810E-01
 149.00000  0.147630723039E-01
 149.10000  0.745715014013E-02
 149.20000  0.659549253821E-02
 149.30000  0.138398797784E-01
 149.40000  0.170292075971E-01
 149.50000  0.864507607436E-02
 149.60000  0.500640989553E-02
 149.70000  0.106541308646E-01
 149.80000  0.173069121493E-01
 149.90000  0.109224709833E-01
 150.00000  0.508037200980E-02
 150.10000  0.781206586304E-02
 150.20000  0.151774576454E-01
 150.30000  0.126807820589E-01
 150.40000  0.642954784793E-02
 150.50000  0.669915864718E-02
 150.60000  0.117978192231E-01
 150.70000  0.127062318974E-01
 150.80000  0.796286857028E-02
 150.90000  0.752871139268E-02
 151.00000  0.911613052169E-02
 151.10000  0.109136766667E-01
 151.20000  0.853035375448E-02
 151.30000  0.918952927258E-02
 151.40000  0.842331720458E-02
 151.50000  0.825973592245E-02
 151.60000  0.763354553322E-02
 151.70000  0.101763018603E-01
 151.80000  0.974630904549E-02
 151.90000  0.630057652014E-02
 152.00000  0.571992476565E-02
 152.10000  0.954975321762E-02
 152.20000  0.117982472666E-01
 152.30000  0.606264004951E-02
 152.40000  0.374970141409E-02
 152.50000  0.743257386740E-02
 152.60000  0.128781664992E-01
 152.70000  0.750969715493E-02
 152.80000  0.268377786667E-02
 152.90000  0.487287489577E-02
 153.00000  0.120321478626E-01
 153.10000  0.961849805575E-02
 153.20000  0.294534555447E-02
 153.30000  0.307971879408E-02
 153.40000  0.952097744973E-02
 153.50000  0.109281191391E-01
 153.60000  0.417956969633E-02
 153.70000  0.264457065300E-02
 153.80000  0.658207774503E-02
 153.90000  0.104918362826E-01
 154.00000  0.556738801869E-02
 154.10000  0.336636515147E-02
 154.20000  0.469762772721E-02
 154.30000  0.847379645389E-02
 154.40000  0.625367968240E-02
 154.50000  0.441415577729E-02
 154.60000  0.457751610258E-02
 154.70000  0.599105784539E-02
 154.80000  0.583564826799E-02
 154.90000  0.493791788314E-02
 155.00000  0.581365296950E-02
 155.10000  0.441418858845E-02
 155.20000  0.451263654482E-02
 155.30000  0.452256742298E-02
 155.40000  0.721621764338E-02
 155.50000  0.450597893061E-02
 155.60000  0.295267545845E-02
 155.70000  0.332353930563E-02
 155.80000  0.759640394425E-02
 155.90000  0.600680342726E-02
 156.00000  0.198715111085E-02
 156.10000  0.189513507032E-02
 156.20000  0.651019170037E-02
 156.30000  0.783472903843E-02
 156.40000  0.217160646410E-02
 156.50000  0.858615436048E-03
 156.60000  0.445601894473E-02
 156.70000  0.871439227798E-02
 156.80000  0.341189258284E-02
 156.90000  0.536872195280E-03
 157.00000  0.244916545558E-02
 157.10000  0.800844988615E-02
 157.20000  0.508158252618E-02
 157.30000  0.943556670309E-03
 157.40000  0.140492552011E-02
 157.50000  0.606530816767E-02
 157.60000  0.627418760030E-02
 157.70000  0.178120847240E-02
 157.80000  0.152628609351E-02
 157.90000  0.388208493807E-02
 158.00000  0.627928198452E-02
 158.10000  0.263116512694E-02
 158.20000  0.238018241856E-02
 158.30000  0.263682200572E-02
 158.40000  0.511956592477E-02
 158.50000  0.314950853629E-02
 158.60000  0.324764341424E-02
 158.70000  0.289898956998E-02
 158.80000  0.348213602197E-02
 158.90000  0.309872524626E-02
 159.00000  0.351305808856E-02
 159.10000  0.427439514030E-02
 159.20000  0.234712016542E-02
 159.30000  0.244558385504E-02
 159.40000  0.299234967849E-02
 159.50000  0.574248854672E-02
 159.60000  0.248547038260E-02
 159.70000  0.151629096470E-02
 159.80000  0.199807880769E-02
 159.90000  0.630324209663E-02
 160.00000  0.393025851043E-02
 160.10000  0.833175032345E-03
 160.20000  0.979197381073E-03
 160.30000  0.551735434340E-02
 160.40000  0.590222659328E-02
 160.50000  0.890271064373E-03
 160.60000  0.305981066886E-03
 160.70000  0.381047852133E-02
 160.80000  0.732448988211E-02
 160.90000  0.192025196301E-02
 161.00000  0.117512422214E-03
 161.10000  0.202983053082E-02
 161.20000  0.735045582273E-02
 161.30000  0.363157204848E-02
 161.40000  0.372091878491E-03
 161.50000  0.972878232535E-03
 161.60000  0.596205913274E-02
 161.70000  0.532174282345E-02
 161.80000  0.989742794082E-03
 161.90000  0.949402862017E-03
 162.00000  0.397796636994E-02
 162.10000  0.623668908826E-02
 162.20000  0.189699053968E-02
 162.30000  0.167525741429E-02
 162.40000  0.249621055072E-02
 162.50000  0.591446827641E-02
 162.60000  0.286428795258E-02
 162.70000  0.251497773277E-02
 162.80000  0.224372521766E-02
 162.90000  0.454703019805E-02
 163.00000  0.354476158967E-02
 163.10000  0.298407435208E-02
 163.20000  0.325749477678E-02
 163.30000  0.304465439851E-02
 163.40000  0.363509034207E-02
 163.50000  0.291555637982E-02
 163.60000  0.479681674806E-02
 163.70000  0.245183476738E-02
 163.80000  0.305219922383E-02
 163.90000  0.246707153529E-02
 164.00000  0.586752499000E-02
 164.10000  0.331449355056E-02
 164.20000  0.210442508664E-02
 164.30000  0.187452854964E-02
 164.40000  0.580720202024E-02
 164.50000  0.535117542546E-02
 164.60000  0.149249229714E-02
 164.70000  0.130379123911E-02
 164.80000  0.465748414330E-02
 164.90000  0.756238302595E-02
 165.00000  0.192873859450E-02
 165.10000  0.784227766347E-03
 165.20000  0.293723817997E-02
 165.30000  0.870725894444E-02
 165.40000  0.364497313407E-02
 165.50000  0.412454999008E-03
 165.60000  0.138041148882E-02
 165.70000  0.818430991382E-02
 165.80000  0.623918724365E-02
 165.90000  0.502421542760E-03
 166.00000  0.447367420669E-03
 166.10000  0.624614499076E-02
 166.20000  0.868745162788E-02
 166.30000  0.143064849853E-02
 166.40000  0.147038046581E-03
 166.50000  0.380167829094E-02
 166.60000  0.988683112191E-02
 166.70000  0.336854895151E-02
 166.80000  0.288995630860E-03
 166.90000  0.187850757865E-02
 167.00000  0.924653752723E-02
 167.10000  0.594021876401E-02
 167.20000  0.761035261530E-03
 167.30000  0.104645764234E-02
 167.40000  0.709799955542E-02
 167.50000  0.826663613899E-02
 167.60000  0.164608883965E-02
 167.70000  0.120791703685E-02
 167.80000  0.453210332531E-02
 167.90000  0.936630157554E-02
 168.00000  0.309152889086E-02
 168.10000  0.184747499444E-02
 168.20000  0.278397457320E-02
 168.30000  0.876759737306E-02
 168.40000  0.496556690982E-02
 168.50000  0.242571477353E-02
 168.60000  0.246120478101E-02
 168.70000  0.682283584448E-02
 168.80000  0.672486387693E-02
 168.90000  0.283280428631E-02
 169.00000  0.334178539991E-02
 169.10000  0.467447677476E-02
 169.20000  0.766454629580E-02
 169.30000  0.333268917298E-02
 169.40000  0.456458943145E-02
 169.50000  0.354284200020E-02
 169.60000  0.727267863335E-02
 169.70000  0.409845267484E-02
 169.80000  0.523066702245E-02
 169.90000  0.403431033706E-02
 170.00000  0.577313953373E-02
 170.10000  0.498036721408E-02
 170.20000  0.500495255977E-02
 170.30000  0.576972357439E-02
 170.40000  0.417571710422E-02
 170.50000  0.550261249270E-02
 170.60000  0.425038440709E-02
 170.70000  0.764903814999E-02
 170.80000  0.372064237771E-02
 170.90000  0.521981346905E-02
 171.00000  0.362526483339E-02
 171.10000  0.850283956323E-02
 171.20000  0.505989456831E-02
 171.30000  0.414121967621E-02
 171.40000  0.338694200562E-02
 171.50000  0.776722855259E-02
 171.60000  0.781163172193E-02
 171.70000  0.313153540388E-02
 171.80000  0.342151691345E-02
 171.90000  0.590120472208E-02
 172.00000  0.106406092311E-01
 172.10000  0.337303689433E-02
 172.20000  0.325768999382E-02
 172.30000  0.386010144772E-02
 172.40000  0.119336843179E-01
 172.50000  0.549025247524E-02
 172.60000  0.261675123592E-02
 172.70000  0.248529723552E-02
 172.80000  0.109313003199E-01
 172.90000  0.917240277894E-02
 173.00000  0.202594040563E-02
 173.10000  0.193656753677E-02
 173.20000  0.805517400971E-02
 173.30000  0.129727825825E-01
 173.40000  0.259057406784E-02
 173.50000  0.177598975403E-02
 173.60000  0.469400008656E-02
 173.70000  0.150798664162E-01
 173.80000  0.522701432692E-02
 173.90000  0.145718865965E-02
 174.00000  0.218527207080E-02
 174.10000  0.142811929637E-01
 174.20000  0.979259794806E-02
 174.30000  0.107311718941E-02
 174.40000  0.104050284819E-02
 174.50000  0.108427795290E-01
 174.60000  0.149503840355E-01
 174.70000  0.170927890585E-02
 174.80000  0.833736082444E-03
 174.90000  0.624522846726E-02
 175.00000  0.183726933247E-01
 175.10000  0.453151827261E-02
 175.20000  0.698702321045E-03
 175.30000  0.239896462741E-02
 175.40000  0.182496654492E-01
 175.50000  0.989754428906E-02
 175.60000  0.382877985527E-03
 175.70000  0.516118384103E-03
 175.80000  0.143928990162E-01
 175.90000  0.165721909230E-01
 176.00000  0.742716427215E-03
 176.10000  0.345264552343E-03
 176.20000  0.846046015638E-02
 176.30000  0.219708151438E-01
 176.40000  0.339337728708E-02
 176.50000  0.644154040547E-03
 176.60000  0.307805935827E-02
 176.70000  0.233969759136E-01
 176.80000  0.949799839869E-02
 176.90000  0.383367222713E-03
 177.00000  0.310891755947E-03
 177.10000  0.197399378130E-01
 177.20000  0.185346159436E-01
 177.30000  0.813036684467E-04
 177.40000  0.413364974596E-03
 177.50000  0.122680987796E-01
 177.60000  0.276897803424E-01
 177.70000  0.195221126822E-02
 177.80000  0.178975578709E-02
 177.90000  0.440876977560E-02
 178.00000  0.328666074426E-01
 178.10000  0.882423533629E-02
 178.20000  0.223379653268E-02
 178.30000  0.163281453913E-03
 178.40000  0.309145315213E-01
 178.50000  0.225407282781E-01
 178.60000  0.901373683278E-03
 178.70000  0.197586439322E-02
 178.80000  0.213584869714E-01
 178.90000  0.426247317828E-01
 179.00000  0.157996062780E-03
 179.10000  0.100775542336E-01
 179.20000  0.771005058737E-02
 179.30000  0.677051698591E-01
 179.40000  0.752534955619E-02
 179.50000  0.254353669175E-01
 179.60000  0.233446557600E-03
 179.70000  0.112065051650E+00
 179.80000  0.597950564871E-01
 179.90000  0.123689319977E+00
 180.00000  0.510023307874E+00
