 # E =    2.26130619213668       eV =    18240.0000000000       1/cm
 #  1801
# DFFCSO.  ACCUM LEV(I),J(I) =  1  0 LEV(F),J(F) =  1  0       , M =  0, WEIGHTED BY  1.00000
   0.10000  0.164278142502E+07
   0.20000  0.754217152652E+06
   0.30000  0.160876170464E+06
   0.40000  0.283092096850E+05
   0.50000  0.528351817432E+05
   0.60000  0.400234141009E+05
   0.70000  0.186911174384E+05
   0.80000  0.202538703352E+05
   0.90000  0.213414483723E+05
   1.00000  0.140697528442E+05
   1.10000  0.963535399609E+04
   1.20000  0.100305158029E+05
   1.30000  0.101769494124E+05
   1.40000  0.770852112870E+04
   1.50000  0.450245766440E+04
   1.60000  0.361405149709E+04
   1.70000  0.451918703434E+04
   1.80000  0.418933509203E+04
   1.90000  0.240752726200E+04
   2.00000  0.134876960355E+04
   2.10000  0.154097964922E+04
   2.20000  0.182517404527E+04
   2.30000  0.153462864764E+04
   2.40000  0.883549492777E+03
   2.50000  0.422219232420E+03
   2.60000  0.500816522870E+03
   2.70000  0.752212966683E+03
   2.80000  0.597233861486E+03
   2.90000  0.196677538084E+03
   3.00000  0.712173370488E+02
   3.10000  0.202282942666E+03
   3.20000  0.247609541017E+03
   3.30000  0.138481392486E+03
   3.40000  0.277324482442E+02
   3.50000  0.134989358628E+02
   3.60000  0.706634340608E+02
   3.70000  0.106167667153E+03
   3.80000  0.706296278131E+02
   3.90000  0.142298490051E+02
   4.00000  0.425512935706E+01
   4.10000  0.341683618618E+02
   4.20000  0.507794840232E+02
   4.30000  0.345633099048E+02
   4.40000  0.107657718973E+02
   4.50000  0.396958959101E+01
   4.60000  0.136635447447E+02
   4.70000  0.208426465564E+02
   4.80000  0.145306261074E+02
   4.90000  0.828291321144E+01
   5.00000  0.125409147736E+02
   5.10000  0.160921026546E+02
   5.20000  0.115924934589E+02
   5.30000  0.585371771039E+01
   5.40000  0.330264411657E+01
   5.50000  0.237339285224E+01
   5.60000  0.219625810123E+01
   5.70000  0.394532503688E+01
   5.80000  0.648383236737E+01
   5.90000  0.569817760656E+01
   6.00000  0.217174090652E+01
   6.10000  0.339782855313E+00
   6.20000  0.235242531798E+00
   6.30000  0.657298894472E-01
   6.40000  0.295977312093E-01
   6.50000  0.144399922761E-01
   6.60000  0.961850141138E-01
   6.70000  0.552133799346E+00
   6.80000  0.854923564062E+00
   6.90000  0.984341667003E+00
   7.00000  0.111243107645E+01
   7.10000  0.152492185619E+01
   7.20000  0.249772390851E+01
   7.30000  0.275664668588E+01
   7.40000  0.218233631824E+01
   7.50000  0.300515808916E+01
   7.60000  0.500578086207E+01
   7.70000  0.570475886967E+01
   7.80000  0.501043169607E+01
   7.90000  0.496842709979E+01
   8.00000  0.624694324845E+01
   8.10000  0.701306455759E+01
   8.20000  0.659991898079E+01
   8.30000  0.745461164387E+01
   8.40000  0.985986722657E+01
   8.50000  0.105482777566E+02
   8.60000  0.899190992135E+01
   8.70000  0.808509701655E+01
   8.80000  0.875244788256E+01
   8.90000  0.912348307189E+01
   9.00000  0.861943910171E+01
   9.10000  0.931752954441E+01
   9.20000  0.115403981186E+02
   9.30000  0.122370890732E+02
   9.40000  0.106054965732E+02
   9.50000  0.946627892932E+01
   9.60000  0.969433647835E+01
   9.70000  0.942971041214E+01
   9.80000  0.842271839788E+01
   9.90000  0.858349357254E+01
  10.00000  0.102163198042E+02
  10.10000  0.109614016591E+02
  10.20000  0.999083494514E+01
  10.30000  0.943274089491E+01
  10.40000  0.984194069563E+01
  10.50000  0.935519253256E+01
  10.60000  0.791572725264E+01
  10.70000  0.746901819910E+01
  10.80000  0.836848717884E+01
  10.90000  0.890885145576E+01
  11.00000  0.846072599177E+01
  11.10000  0.847101284763E+01
  11.20000  0.922301008125E+01
  11.30000  0.894870810746E+01
  11.40000  0.744896691841E+01
  11.50000  0.658377551903E+01
  11.60000  0.687410792579E+01
  11.70000  0.706104020088E+01
  11.80000  0.668864616878E+01
  11.90000  0.676661884166E+01
  12.00000  0.752845411353E+01
  12.10000  0.753218544390E+01
  12.20000  0.628665528861E+01
  12.30000  0.527718497456E+01
  12.40000  0.523363884996E+01
  12.50000  0.522891787125E+01
  12.60000  0.480280349550E+01
  12.70000  0.466963099544E+01
  12.80000  0.515699872829E+01
  12.90000  0.531940786067E+01
  13.00000  0.448389194054E+01
  13.10000  0.355794631988E+01
  13.20000  0.338498747230E+01
  13.30000  0.340329027310E+01
  13.40000  0.306425077016E+01
  13.50000  0.279346334234E+01
  13.60000  0.298636154658E+01
  13.70000  0.317753016792E+01
  13.80000  0.274035578286E+01
  13.90000  0.203480127701E+01
  14.00000  0.182088745521E+01
  14.10000  0.191539400259E+01
  14.20000  0.176213148346E+01
  14.30000  0.150635106063E+01
  14.40000  0.151359088221E+01
  14.50000  0.163902464870E+01
  14.60000  0.145955795290E+01
  14.70000  0.101108216845E+01
  14.80000  0.813061497860E+00
  14.90000  0.939601491239E+00
  15.00000  0.951038546387E+00
  15.10000  0.788381109262E+00
  15.20000  0.724474943561E+00
  15.30000  0.759884030638E+00
  15.40000  0.676807780016E+00
  15.50000  0.431760657423E+00
  15.60000  0.295778354434E+00
  15.70000  0.417165587886E+00
  15.80000  0.523788403126E+00
  15.90000  0.458902345671E+00
  16.00000  0.394261325985E+00
  16.10000  0.378446298095E+00
  16.20000  0.306650193953E+00
  16.30000  0.169157560538E+00
  16.40000  0.874097683238E-01
  16.50000  0.169938704817E+00
  16.60000  0.293299365974E+00
  16.70000  0.292069136976E+00
  16.80000  0.242802294724E+00
  16.90000  0.217416279575E+00
  17.00000  0.160129876675E+00
  17.10000  0.776404967520E-01
  17.20000  0.205053735160E-01
  17.30000  0.346350311885E-01
  17.40000  0.110458255903E+00
  17.50000  0.142944341547E+00
  17.60000  0.115010708445E+00
  17.70000  0.961895761040E-01
  17.80000  0.858273594201E-01
  17.90000  0.784942820635E-01
  18.00000  0.648959252230E-01
  18.10000  0.269213161212E-01
  18.20000  0.272615537990E-01
  18.30000  0.766242335121E-01
  18.40000  0.954744817317E-01
  18.50000  0.896239779221E-01
  18.60000  0.119795483210E+00
  18.70000  0.202233099571E+00
  18.80000  0.275099331566E+00
  18.90000  0.243783321374E+00
  19.00000  0.174712617086E+00
  19.10000  0.205122868902E+00
  19.20000  0.275287904979E+00
  19.30000  0.286883904389E+00
  19.40000  0.306029254843E+00
  19.50000  0.417899060291E+00
  19.60000  0.564256051558E+00
  19.70000  0.586303591188E+00
  19.80000  0.479177971506E+00
  19.90000  0.442474714482E+00
  20.00000  0.518498555688E+00
  20.10000  0.547952794872E+00
  20.20000  0.520267442432E+00
  20.30000  0.571354041954E+00
  20.40000  0.714204471124E+00
  20.50000  0.787509699001E+00
  20.60000  0.690762631654E+00
  20.70000  0.578815646676E+00
  20.80000  0.601808557104E+00
  20.90000  0.642306155759E+00
  21.00000  0.591495687074E+00
  21.10000  0.556538046651E+00
  21.20000  0.629833891157E+00
  21.30000  0.717647809078E+00
  21.40000  0.672987061839E+00
  21.50000  0.538086791806E+00
  21.60000  0.490540957377E+00
  21.70000  0.523097437546E+00
  21.80000  0.493075245669E+00
  21.90000  0.420435324911E+00
  22.00000  0.420945172277E+00
  22.10000  0.486899857934E+00
  22.20000  0.498005343284E+00
  22.30000  0.404384698065E+00
  22.40000  0.322701846993E+00
  22.50000  0.331973389869E+00
  22.60000  0.334970923185E+00
  22.70000  0.277006621761E+00
  22.80000  0.240996919105E+00
  22.90000  0.271802119330E+00
  23.00000  0.306233976490E+00
  23.10000  0.270259232186E+00
  23.20000  0.201296191413E+00
  23.30000  0.194387813081E+00
  23.40000  0.220052169458E+00
  23.50000  0.195473431736E+00
  23.60000  0.155071491943E+00
  23.70000  0.161754688612E+00
  23.80000  0.193305577727E+00
  23.90000  0.189794035546E+00
  24.00000  0.147983419758E+00
  24.10000  0.140986139427E+00
  24.20000  0.183745042395E+00
  24.30000  0.194027447416E+00
  24.40000  0.161738856633E+00
  24.50000  0.156850843321E+00
  24.60000  0.185490714034E+00
  24.70000  0.195397941702E+00
  24.80000  0.169184010715E+00
  24.90000  0.162637626222E+00
  25.00000  0.217505247562E+00
  25.10000  0.264361466361E+00
  25.20000  0.246199962218E+00
  25.30000  0.226138592672E+00
  25.40000  0.251081150174E+00
  25.50000  0.275273960680E+00
  25.60000  0.258432507434E+00
  25.70000  0.239527054587E+00
  25.80000  0.284986433799E+00
  25.90000  0.360115346352E+00
  26.00000  0.368208275048E+00
  26.10000  0.328625615940E+00
  26.20000  0.328903160765E+00
  26.30000  0.361884716662E+00
  26.40000  0.363223601219E+00
  26.50000  0.332210673580E+00
  26.60000  0.341464370868E+00
  26.70000  0.413733243611E+00
  26.80000  0.455053445570E+00
  26.90000  0.413917305406E+00
  27.00000  0.372599714820E+00
  27.10000  0.388029084105E+00
  27.20000  0.410223279391E+00
  27.30000  0.389501837762E+00
  27.40000  0.362365940542E+00
  27.50000  0.394626486370E+00
  27.60000  0.450632414601E+00
  27.70000  0.436317531578E+00
  27.80000  0.370513457262E+00
  27.90000  0.344822895605E+00
  28.00000  0.367707452295E+00
  28.10000  0.376228727868E+00
  28.20000  0.345979827556E+00
  28.30000  0.330488657352E+00
  28.40000  0.364175325709E+00
  28.50000  0.380589628006E+00
  28.60000  0.329646439806E+00
  28.70000  0.271601217181E+00
  28.80000  0.267749811113E+00
  28.90000  0.294127293502E+00
  29.00000  0.293305966477E+00
  29.10000  0.261795485139E+00
  29.20000  0.253601690970E+00
  29.30000  0.272520585436E+00
  29.40000  0.257657581111E+00
  29.50000  0.204186803905E+00
  29.60000  0.171343553546E+00
  29.70000  0.185340760499E+00
  29.80000  0.210307459910E+00
  29.90000  0.200023158146E+00
  30.00000  0.168624412154E+00
  30.10000  0.161846416811E+00
  30.20000  0.166017583880E+00
  30.30000  0.143554093400E+00
  30.40000  0.109136910736E+00
  30.50000  0.995780373613E-01
  30.60000  0.120446797510E+00
  30.70000  0.135427452058E+00
  30.80000  0.114869697541E+00
  30.90000  0.868721770198E-01
  31.00000  0.817088725693E-01
  31.10000  0.809129935214E-01
  31.20000  0.672016670802E-01
  31.30000  0.519470836865E-01
  31.40000  0.529809364869E-01
  31.50000  0.685830754549E-01
  31.60000  0.690625749605E-01
  31.70000  0.458969726230E-01
  31.80000  0.285782545110E-01
  31.90000  0.274998739170E-01
  32.00000  0.283921782910E-01
  32.10000  0.242754538257E-01
  32.20000  0.180435043720E-01
  32.30000  0.196370701850E-01
  32.40000  0.253138361561E-01
  32.50000  0.183621345221E-01
  32.60000  0.577127636271E-02
  32.70000  0.189876111724E-02
  32.80000  0.265287143921E-02
  32.90000  0.401449003905E-02
  33.00000  0.357270995500E-02
  33.10000  0.945894337594E-03
  33.20000  0.175010395253E-02
  33.30000  0.189959451671E-02
  33.40000  0.133455711432E-04
  33.50000  0.347456499310E-02
  33.60000  0.592856979555E-02
  33.70000  0.275185320899E-02
  33.80000  0.175783140745E-02
  33.90000  0.373309294015E-02
  34.00000  0.673683403290E-02
  34.10000  0.855922187418E-02
  34.20000  0.839869101974E-02
  34.30000  0.158056896128E-01
  34.40000  0.269705608139E-01
  34.50000  0.253297541981E-01
  34.60000  0.162791197338E-01
  34.70000  0.149502191286E-01
  34.80000  0.232679165523E-01
  34.90000  0.327896467720E-01
  35.00000  0.329169040850E-01
  35.10000  0.311756698359E-01
  35.20000  0.405737034733E-01
  35.30000  0.477559710468E-01
  35.40000  0.399988296861E-01
  35.50000  0.302203969852E-01
  35.60000  0.334834094905E-01
  35.70000  0.492115435533E-01
  35.80000  0.590850840199E-01
  35.90000  0.513976891710E-01
  36.00000  0.438280838727E-01
  36.10000  0.481633474187E-01
  36.20000  0.506635757713E-01
  36.30000  0.445911987374E-01
  36.40000  0.397812632401E-01
  36.50000  0.481091758352E-01
  36.60000  0.653852365656E-01
  36.70000  0.681563625225E-01
  36.80000  0.521377282108E-01
  36.90000  0.406341855410E-01
  37.00000  0.433181664402E-01
  37.10000  0.499769484213E-01
  37.20000  0.509886558046E-01
  37.30000  0.488132785326E-01
  37.40000  0.560559427453E-01
  37.50000  0.678087414491E-01
  37.60000  0.638640248995E-01
  37.70000  0.475438266844E-01
  37.80000  0.396869882802E-01
  37.90000  0.483492635560E-01
  38.00000  0.627870442997E-01
  38.10000  0.651403616209E-01
  38.20000  0.576828978826E-01
  38.30000  0.584013037145E-01
  38.40000  0.644620164372E-01
  38.50000  0.616161291874E-01
  38.60000  0.526118044539E-01
  38.70000  0.513766772183E-01
  38.80000  0.651582785134E-01
  38.90000  0.791383370775E-01
  39.00000  0.734067251183E-01
  39.10000  0.582236387754E-01
  39.20000  0.548673681518E-01
  39.30000  0.617896346563E-01
  39.40000  0.659398596985E-01
  39.50000  0.626033231971E-01
  39.60000  0.619213705668E-01
  39.70000  0.719392934963E-01
  39.80000  0.767948606097E-01
  39.90000  0.635656579476E-01
  40.00000  0.478626665189E-01
  40.10000  0.471704190990E-01
  40.20000  0.590913434964E-01
  40.30000  0.672714575929E-01
  40.40000  0.618870189208E-01
  40.50000  0.554111617238E-01
  40.60000  0.574669985819E-01
  40.70000  0.563077475676E-01
  40.80000  0.459012788189E-01
  40.90000  0.369070462536E-01
  41.00000  0.401944743637E-01
  41.10000  0.532878821606E-01
  41.20000  0.583256060296E-01
  41.30000  0.479171703795E-01
  41.40000  0.377963333959E-01
  41.50000  0.375698110147E-01
  41.60000  0.404740638384E-01
  41.70000  0.394810108976E-01
  41.80000  0.354636726125E-01
  41.90000  0.373946261547E-01
  42.00000  0.452895724502E-01
  42.10000  0.447058694156E-01
  42.20000  0.337947382136E-01
  42.30000  0.265835660235E-01
  42.40000  0.307823059160E-01
  42.50000  0.411508678578E-01
  42.60000  0.446528396113E-01
  42.70000  0.383030000232E-01
  42.80000  0.348688648780E-01
  42.90000  0.374958587969E-01
  43.00000  0.367364849438E-01
  43.10000  0.313434111658E-01
  43.20000  0.288733051939E-01
  43.30000  0.358915246545E-01
  43.40000  0.464847827447E-01
  43.50000  0.453338568864E-01
  43.60000  0.338260397415E-01
  43.70000  0.275965678893E-01
  43.80000  0.304011645200E-01
  43.90000  0.347807422569E-01
  44.00000  0.345013496504E-01
  44.10000  0.322524130782E-01
  44.20000  0.360016568082E-01
  44.30000  0.405397625029E-01
  44.40000  0.347697530873E-01
  44.50000  0.238744441189E-01
  44.60000  0.196482163511E-01
  44.70000  0.246598229913E-01
  44.80000  0.314214684741E-01
  44.90000  0.302263229460E-01
  45.00000  0.244691134566E-01
  45.10000  0.235563337738E-01
  45.20000  0.244653964996E-01
  45.30000  0.215490543311E-01
  45.40000  0.169370400191E-01
  45.50000  0.154108081717E-01
  45.60000  0.197391128517E-01
  45.70000  0.235234164620E-01
  45.80000  0.190221973800E-01
  45.90000  0.119700774718E-01
  46.00000  0.103607244554E-01
  46.10000  0.136683620799E-01
  46.20000  0.175984767716E-01
  46.30000  0.171049030088E-01
  46.40000  0.139133846253E-01
  46.50000  0.139551590006E-01
  46.60000  0.144847713456E-01
  46.70000  0.115891800816E-01
  46.80000  0.829782261305E-02
  46.90000  0.855109773725E-02
  47.00000  0.143868601914E-01
  47.10000  0.206245099074E-01
  47.20000  0.190108067976E-01
  47.30000  0.130754392803E-01
  47.40000  0.108995849629E-01
  47.50000  0.128452773818E-01
  47.60000  0.152762488285E-01
  47.70000  0.145106931356E-01
  47.80000  0.128443251123E-01
  47.90000  0.158745865189E-01
  48.00000  0.193318800494E-01
  48.10000  0.170810780179E-01
  48.20000  0.130110226355E-01
  48.30000  0.131722351153E-01
  48.40000  0.188113677516E-01
  48.50000  0.236831964566E-01
  48.60000  0.202832025299E-01
  48.70000  0.134637925736E-01
  48.80000  0.116947251681E-01
  48.90000  0.135916914224E-01
  49.00000  0.151293424539E-01
  49.10000  0.153828446145E-01
  49.20000  0.169899437297E-01
  49.30000  0.224637162252E-01
  49.40000  0.255001289990E-01
  49.50000  0.203673431036E-01
  49.60000  0.130503056040E-01
  49.70000  0.107989583057E-01
  49.80000  0.145317154981E-01
  49.90000  0.194520960043E-01
  50.00000  0.195036492078E-01
  50.10000  0.176355915969E-01
  50.20000  0.197655386441E-01
  50.30000  0.233062080120E-01
  50.40000  0.243062855337E-01
  50.50000  0.229690014529E-01
  50.60000  0.224264865616E-01
  50.70000  0.259555340450E-01
  50.80000  0.287338422170E-01
  50.90000  0.245776457229E-01
  51.00000  0.188249907187E-01
  51.10000  0.199357125256E-01
  51.20000  0.289707326688E-01
  51.30000  0.392033151781E-01
  51.40000  0.420965831840E-01
  51.50000  0.396448258952E-01
  51.60000  0.394260081612E-01
  51.70000  0.395656184003E-01
  51.80000  0.354554537378E-01
  51.90000  0.301825670391E-01
  52.00000  0.314783525183E-01
  52.10000  0.427657052215E-01
  52.20000  0.542940118373E-01
  52.30000  0.546278160537E-01
  52.40000  0.489397337633E-01
  52.50000  0.483064489969E-01
  52.60000  0.529031449242E-01
  52.70000  0.549598498847E-01
  52.80000  0.502493486724E-01
  52.90000  0.462123946937E-01
  53.00000  0.504413830656E-01
  53.10000  0.556152381646E-01
  53.20000  0.535428201437E-01
  53.30000  0.501746691340E-01
  53.40000  0.551442566012E-01
  53.50000  0.674323058539E-01
  53.60000  0.735846733455E-01
  53.70000  0.648925496393E-01
  53.80000  0.519734695284E-01
  53.90000  0.475070033957E-01
  54.00000  0.492517736212E-01
  54.10000  0.504439769391E-01
  54.20000  0.516245591687E-01
  54.30000  0.591909026101E-01
  54.40000  0.724694072794E-01
  54.50000  0.775758743633E-01
  54.60000  0.673666344268E-01
  54.70000  0.535404092579E-01
  54.80000  0.488918280984E-01
  54.90000  0.530106338697E-01
  55.00000  0.563344807750E-01
  55.10000  0.543620899667E-01
  55.20000  0.550002421399E-01
  55.30000  0.627147974076E-01
  55.40000  0.688984179427E-01
  55.50000  0.672960769129E-01
  55.60000  0.625942844858E-01
  55.70000  0.625472768805E-01
  55.80000  0.669270446900E-01
  55.90000  0.654429812362E-01
  56.00000  0.547244739600E-01
  56.10000  0.466389768445E-01
  56.20000  0.505547909107E-01
  56.30000  0.624060311172E-01
  56.40000  0.719032635561E-01
  56.50000  0.739919632014E-01
  56.60000  0.737922295611E-01
  56.70000  0.742834782784E-01
  56.80000  0.689835586740E-01
  56.90000  0.564707936375E-01
  57.00000  0.465352913814E-01
  57.10000  0.487344577942E-01
  57.20000  0.613992185145E-01
  57.30000  0.713912983599E-01
  57.40000  0.709438283716E-01
  57.50000  0.675336376602E-01
  57.60000  0.680549220760E-01
  57.70000  0.686805355104E-01
  57.80000  0.636887683383E-01
  57.90000  0.547478055251E-01
  58.00000  0.508182930801E-01
  58.10000  0.545992494155E-01
  58.20000  0.566763965789E-01
  58.30000  0.526401460823E-01
  58.40000  0.504681774172E-01
  58.50000  0.567006801087E-01
  58.60000  0.664535254752E-01
  58.70000  0.675540568107E-01
  58.80000  0.565841684799E-01
  58.90000  0.447002231255E-01
  59.00000  0.397986840878E-01
  59.10000  0.380328455780E-01
  59.20000  0.358332995619E-01
  59.30000  0.363388039460E-01
  59.40000  0.441238141563E-01
  59.50000  0.549634937732E-01
  59.60000  0.564951000882E-01
  59.70000  0.461370619914E-01
  59.80000  0.348445180639E-01
  59.90000  0.305481987057E-01
  60.00000  0.310285404673E-01
  60.10000  0.300344558650E-01
  60.20000  0.268588078330E-01
  60.30000  0.277095525517E-01
  60.40000  0.331298148984E-01
  60.50000  0.359695519402E-01
  60.60000  0.338562177768E-01
  60.70000  0.308949803628E-01
  60.80000  0.308291185659E-01
  60.90000  0.319652345246E-01
  61.00000  0.281428987124E-01
  61.10000  0.195214182124E-01
  61.20000  0.140629443670E-01
  61.30000  0.157606085685E-01
  61.40000  0.218394602796E-01
  61.50000  0.271432680905E-01
  61.60000  0.285947806831E-01
  61.70000  0.284582165809E-01
  61.80000  0.281076748350E-01
  61.90000  0.247422393855E-01
  62.00000  0.184222698431E-01
  62.10000  0.129228148735E-01
  62.20000  0.119720760032E-01
  62.30000  0.160896470278E-01
  62.40000  0.198646650531E-01
  62.50000  0.193601242965E-01
  62.60000  0.180900288408E-01
  62.70000  0.196442370922E-01
  62.80000  0.228901981062E-01
  62.90000  0.236665965158E-01
  63.00000  0.192284202370E-01
  63.10000  0.135647416039E-01
  63.20000  0.113283968694E-01
  63.30000  0.106393481994E-01
  63.40000  0.932906328147E-02
  63.50000  0.920586123977E-02
  63.60000  0.129412685101E-01
  63.70000  0.199342077724E-01
  63.80000  0.236733784996E-01
  63.90000  0.197553118790E-01
  64.00000  0.130802143209E-01
  64.10000  0.951431949757E-02
  64.20000  0.926499725531E-02
  64.30000  0.945805598142E-02
  64.40000  0.814915308029E-02
  64.50000  0.791021219625E-02
  64.60000  0.110863501122E-01
  64.70000  0.143106941696E-01
  64.80000  0.148988812256E-01
  64.90000  0.144104979448E-01
  65.00000  0.148304594342E-01
  65.10000  0.165132362816E-01
  65.20000  0.164265182750E-01
  65.30000  0.120631833122E-01
  65.40000  0.697645767544E-02
  65.50000  0.569051030653E-02
  65.60000  0.898438965427E-02
  65.70000  0.147110554208E-01
  65.80000  0.187260104051E-01
  65.90000  0.199309726998E-01
  66.00000  0.209597684280E-01
  66.10000  0.218920027711E-01
  66.20000  0.209610130658E-01
  66.30000  0.179841484506E-01
  66.40000  0.149446235858E-01
  66.50000  0.155491335703E-01
  66.60000  0.192992139953E-01
  66.70000  0.210703598362E-01
  66.80000  0.204839944449E-01
  66.90000  0.223292052943E-01
  67.00000  0.289823533365E-01
  67.10000  0.365768013994E-01
  67.20000  0.376674075757E-01
  67.30000  0.314218960771E-01
  67.40000  0.254705960263E-01
  67.50000  0.238751506902E-01
  67.60000  0.240897755088E-01
  67.70000  0.245479881749E-01
  67.80000  0.278487272897E-01
  67.90000  0.370405276946E-01
  68.00000  0.476626411191E-01
  68.10000  0.500729393356E-01
  68.20000  0.435466019456E-01
  68.30000  0.368680143528E-01
  68.40000  0.358231408211E-01
  68.50000  0.379733032717E-01
  68.60000  0.375340529144E-01
  68.70000  0.349012632826E-01
  68.80000  0.366638705659E-01
  68.90000  0.436047078802E-01
  69.00000  0.496089981738E-01
  69.10000  0.515690368058E-01
  69.20000  0.519425057821E-01
  69.30000  0.541045916128E-01
  69.40000  0.558638133735E-01
  69.50000  0.510207369535E-01
  69.60000  0.409545214414E-01
  69.70000  0.351171268271E-01
  69.80000  0.392424716102E-01
  69.90000  0.500632518495E-01
  70.00000  0.590857378692E-01
  70.10000  0.619547775144E-01
  70.20000  0.624429908575E-01
  70.30000  0.630725638193E-01
  70.40000  0.607808397245E-01
  70.50000  0.542452161784E-01
  70.60000  0.477137223000E-01
  70.70000  0.476198622955E-01
  70.80000  0.542868602485E-01
  70.90000  0.595647071790E-01
  71.00000  0.591846013282E-01
  71.10000  0.591285982027E-01
  71.20000  0.652423400610E-01
  71.30000  0.743949097922E-01
  71.40000  0.772101279944E-01
  71.50000  0.699709161129E-01
  71.60000  0.607113109572E-01
  71.70000  0.570712572347E-01
  71.80000  0.570545683228E-01
  71.90000  0.571163567558E-01
  72.00000  0.595873909996E-01
  72.10000  0.690953393107E-01
  72.20000  0.828611881636E-01
  72.30000  0.890956567308E-01
  72.40000  0.821659578213E-01
  72.50000  0.709601954797E-01
  72.60000  0.660977841368E-01
  72.70000  0.680294458164E-01
  72.80000  0.696288345924E-01
  72.90000  0.675654987493E-01
  73.00000  0.677639214793E-01
  73.10000  0.743930149227E-01
  73.20000  0.818486052174E-01
  73.30000  0.840391727003E-01
  73.40000  0.823783793189E-01
  73.50000  0.822334017389E-01
  73.60000  0.842917761126E-01
  73.70000  0.816841357537E-01
  73.80000  0.712790490470E-01
  73.90000  0.615693182447E-01
  74.00000  0.621922892838E-01
  74.10000  0.727439924192E-01
  74.20000  0.839282560613E-01
  74.30000  0.877347593597E-01
  74.40000  0.861244714420E-01
  74.50000  0.845106589760E-01
  74.60000  0.817842434055E-01
  74.70000  0.748401889057E-01
  74.80000  0.661831463911E-01
  74.90000  0.627359691086E-01
  75.00000  0.676959847889E-01
  75.10000  0.742280066128E-01
  75.20000  0.742994241747E-01
  75.30000  0.707706454364E-01
  75.40000  0.716982696090E-01
  75.50000  0.780698225568E-01
  75.60000  0.820540898934E-01
  75.70000  0.765869314022E-01
  75.80000  0.657512131525E-01
  75.90000  0.589526636106E-01
  76.00000  0.576754481949E-01
  76.10000  0.575085181690E-01
  76.20000  0.575279558929E-01
  76.30000  0.613488612872E-01
  76.40000  0.701893590130E-01
  76.50000  0.767103652549E-01
  76.60000  0.727406062675E-01
  76.70000  0.615989367191E-01
  76.80000  0.534257470647E-01
  76.90000  0.526055457631E-01
  77.00000  0.547488220184E-01
  77.10000  0.536307905566E-01
  77.20000  0.503894138446E-01
  77.30000  0.509923368405E-01
  77.40000  0.556072650122E-01
  77.50000  0.591697849882E-01
  77.60000  0.589535461189E-01
  77.70000  0.567907910187E-01
  77.80000  0.558566150599E-01
  77.90000  0.546917800645E-01
  78.00000  0.489108678311E-01
  78.10000  0.402732854472E-01
  78.20000  0.360056223360E-01
  78.30000  0.401315752255E-01
  78.40000  0.490255431063E-01
  78.50000  0.542925892935E-01
  78.60000  0.525056059785E-01
  78.70000  0.486370474797E-01
  78.80000  0.468880967138E-01
  78.90000  0.457468903733E-01
  79.00000  0.423603186401E-01
  79.10000  0.373959267920E-01
  79.20000  0.353930129030E-01
  79.30000  0.376952561820E-01
  79.40000  0.393256801643E-01
  79.50000  0.376346095671E-01
  79.60000  0.364381337009E-01
  79.70000  0.396804539885E-01
  79.80000  0.453664254414E-01
  79.90000  0.462555890931E-01
  80.00000  0.391964831647E-01
  80.10000  0.303662555177E-01
  80.20000  0.263718210287E-01
  80.30000  0.270630291179E-01
  80.40000  0.287644660588E-01
  80.50000  0.295165539967E-01
  80.60000  0.311622619235E-01
  80.70000  0.346590229262E-01
  80.80000  0.361986987252E-01
  80.90000  0.332127286328E-01
  81.00000  0.283874659951E-01
  81.10000  0.256003075748E-01
  81.20000  0.258164704184E-01
  81.30000  0.257083836740E-01
  81.40000  0.222360469008E-01
  81.50000  0.181576388709E-01
  81.60000  0.179180085966E-01
  81.70000  0.219184410805E-01
  81.80000  0.267662296762E-01
  81.90000  0.281734653596E-01
  82.00000  0.257682229504E-01
  82.10000  0.229274362684E-01
  82.20000  0.208198608855E-01
  82.30000  0.182770372639E-01
  82.40000  0.152331484399E-01
  82.50000  0.133178287771E-01
  82.60000  0.146742042530E-01
  82.70000  0.180456720128E-01
  82.80000  0.191211287578E-01
  82.90000  0.173409714888E-01
  83.00000  0.163044478485E-01
  83.10000  0.182635974411E-01
  83.20000  0.214169082403E-01
  83.30000  0.212544009260E-01
  83.40000  0.166416920571E-01
  83.50000  0.120327333390E-01
  83.60000  0.107734127416E-01
  83.70000  0.120212820888E-01
  83.80000  0.136994501565E-01
  83.90000  0.148248423323E-01
  84.00000  0.165770007645E-01
  84.10000  0.193160031479E-01
  84.20000  0.204231499608E-01
  84.30000  0.187211297041E-01
  84.40000  0.161966866135E-01
  84.50000  0.151312856552E-01
  84.60000  0.161697692582E-01
  84.70000  0.169264352177E-01
  84.80000  0.150530675437E-01
  84.90000  0.126411009620E-01
  85.00000  0.132264980450E-01
  85.10000  0.175174488903E-01
  85.20000  0.227612752295E-01
  85.30000  0.246902900937E-01
  85.40000  0.228047442603E-01
  85.50000  0.206296403800E-01
  85.60000  0.197612600843E-01
  85.70000  0.190423999081E-01
  85.80000  0.176045007901E-01
  85.90000  0.166097153773E-01
  86.00000  0.185549147580E-01
  86.10000  0.225330043732E-01
  86.20000  0.243228752474E-01
  86.30000  0.232879924735E-01
  86.40000  0.230353783055E-01
  86.50000  0.260429118330E-01
  86.60000  0.302064081975E-01
  86.70000  0.303050572918E-01
  86.80000  0.252509680374E-01
  86.90000  0.203311012806E-01
  87.00000  0.197235397075E-01
  87.10000  0.225835425729E-01
  87.20000  0.258126212727E-01
  87.30000  0.277541479473E-01
  87.40000  0.299654790392E-01
  87.50000  0.331744090657E-01
  87.60000  0.345588543045E-01
  87.70000  0.325815669171E-01
  87.80000  0.294608477767E-01
  87.90000  0.284233109399E-01
  88.00000  0.303004272423E-01
  88.10000  0.316191144046E-01
  88.20000  0.294387662606E-01
  88.30000  0.266987047513E-01
  88.40000  0.281410247877E-01
  88.50000  0.343632389655E-01
  88.60000  0.409171349066E-01
  88.70000  0.424535909379E-01
  88.80000  0.393882976366E-01
  88.90000  0.365135244976E-01
  89.00000  0.355315998698E-01
  89.10000  0.346823219166E-01
  89.20000  0.330503793964E-01
  89.30000  0.326680709697E-01
  89.40000  0.362335143271E-01
  89.50000  0.415401049343E-01
  89.60000  0.433533784410E-01
  89.70000  0.415978973717E-01
  89.80000  0.411666409931E-01
  89.90000  0.449494187097E-01
  90.00000  0.497146997803E-01
  90.10000  0.491768460175E-01
  90.20000  0.428854705950E-01
  90.30000  0.375261989438E-01
  90.40000  0.378313714311E-01
  90.50000  0.422445282918E-01
  90.60000  0.465160883707E-01
  90.70000  0.488369170614E-01
  90.80000  0.514060762447E-01
  90.90000  0.549782054761E-01
  91.00000  0.562098458421E-01
  91.10000  0.534854241027E-01
  91.20000  0.498419983881E-01
  91.30000  0.494990998073E-01
  91.40000  0.528475840458E-01
  91.50000  0.548443519851E-01
  91.60000  0.521045312657E-01
  91.70000  0.487981043798E-01
  91.80000  0.509359012211E-01
  91.90000  0.587452390941E-01
  92.00000  0.660352347795E-01
  92.10000  0.667483988018E-01
  92.20000  0.625350997375E-01
  92.30000  0.593983594936E-01
  92.40000  0.589096592495E-01
  92.50000  0.585343957677E-01
  92.60000  0.572065366592E-01
  92.70000  0.576180791348E-01
  92.80000  0.624221603281E-01
  92.90000  0.681867197358E-01
  93.00000  0.690542338842E-01
  93.10000  0.658282489085E-01
  93.20000  0.647205697698E-01
  93.30000  0.688874913558E-01
  93.40000  0.739260960154E-01
  93.50000  0.726288944312E-01
  93.60000  0.652447900285E-01
  93.70000  0.596831678821E-01
  93.80000  0.609468428843E-01
  93.90000  0.665428300387E-01
  94.00000  0.710187063066E-01
  94.10000  0.724722494440E-01
  94.20000  0.738433789943E-01
  94.30000  0.762061358265E-01
  94.40000  0.761462401240E-01
  94.50000  0.721637376284E-01
  94.60000  0.677677225899E-01
  94.70000  0.675603676273E-01
  94.80000  0.713377399803E-01
  94.90000  0.730304547228E-01
  95.00000  0.692473934307E-01
  95.10000  0.649936348674E-01
  95.20000  0.667835628280E-01
  95.30000  0.743668119476E-01
  95.40000  0.805734245297E-01
  95.50000  0.792965695104E-01
  95.60000  0.731984839350E-01
  95.70000  0.690239781718E-01
  95.80000  0.683525960246E-01
  95.90000  0.681709131790E-01
  96.00000  0.667603275247E-01
  96.10000  0.664580613175E-01
  96.20000  0.698622743356E-01
  96.30000  0.738586264074E-01
  96.40000  0.733329988654E-01
  96.50000  0.693775887300E-01
  96.60000  0.677559335707E-01
  96.70000  0.712356276982E-01
  96.80000  0.754124460611E-01
  96.90000  0.733591112122E-01
  97.00000  0.655110045955E-01
  97.10000  0.596086862415E-01
  97.20000  0.606466461989E-01
  97.30000  0.661519379559E-01
  97.40000  0.700160476635E-01
  97.50000  0.696550612070E-01
  97.60000  0.684159492344E-01
  97.70000  0.688961426751E-01
  97.80000  0.690292246279E-01
  97.90000  0.667315234646E-01
  98.00000  0.634445781813E-01
  98.10000  0.626801017838E-01
  98.20000  0.650309127268E-01
  98.30000  0.658570732462E-01
  98.40000  0.621772532978E-01
  98.50000  0.580316778346E-01
  98.60000  0.591833417478E-01
  98.70000  0.658092109016E-01
  98.80000  0.712796566892E-01
  98.90000  0.693878904885E-01
  99.00000  0.625596324402E-01
  99.10000  0.579948254800E-01
  99.20000  0.582872432060E-01
  99.30000  0.601930237254E-01
  99.40000  0.598509733551E-01
  99.50000  0.579329059680E-01
  99.60000  0.580649659900E-01
  99.70000  0.600434836173E-01
  99.80000  0.604008121346E-01
  99.90000  0.585627180437E-01
 100.00000  0.575136777335E-01
 100.10000  0.596375659307E-01
 100.20000  0.624539592527E-01
 100.30000  0.605246668241E-01
 100.40000  0.536561796048E-01
 100.50000  0.480657577974E-01
 100.60000  0.486568715306E-01
 100.70000  0.538739180048E-01
 100.80000  0.573870080146E-01
 100.90000  0.555061639500E-01
 101.00000  0.517139536837E-01
 101.10000  0.507233594696E-01
 101.20000  0.523711183691E-01
 101.30000  0.533058492838E-01
 101.40000  0.514494226597E-01
 101.50000  0.487406681503E-01
 101.60000  0.479124807154E-01
 101.70000  0.476039501395E-01
 101.80000  0.454294411108E-01
 101.90000  0.427122091358E-01
 102.00000  0.428439879716E-01
 102.10000  0.468250146650E-01
 102.20000  0.504798711944E-01
 102.30000  0.486707729498E-01
 102.40000  0.427356452025E-01
 102.50000  0.386745927874E-01
 102.60000  0.395447941238E-01
 102.70000  0.426622707164E-01
 102.80000  0.428586189696E-01
 102.90000  0.390998232836E-01
 103.00000  0.357001325700E-01
 103.10000  0.356226549057E-01
 103.20000  0.374588810404E-01
 103.30000  0.384723865731E-01
 103.40000  0.376860372856E-01
 103.50000  0.368229907912E-01
 103.60000  0.368645531725E-01
 103.70000  0.357405330588E-01
 103.80000  0.324137509559E-01
 103.90000  0.291418484657E-01
 104.00000  0.287611959550E-01
 104.10000  0.314575192697E-01
 104.20000  0.334157616520E-01
 104.30000  0.312886578460E-01
 104.40000  0.272722828628E-01
 104.50000  0.258453538730E-01
 104.60000  0.282195638706E-01
 104.70000  0.312445495811E-01
 104.80000  0.306500422385E-01
 104.90000  0.265960543390E-01
 105.00000  0.232373737397E-01
 105.10000  0.226680966372E-01
 105.20000  0.235632241420E-01
 105.30000  0.238332821284E-01
 105.40000  0.230173403854E-01
 105.50000  0.228021545358E-01
 105.60000  0.235674600170E-01
 105.70000  0.233328744463E-01
 105.80000  0.215587838701E-01
 105.90000  0.199080073511E-01
 106.00000  0.200609155020E-01
 106.10000  0.217020748551E-01
 106.20000  0.218629051389E-01
 106.30000  0.189499563451E-01
 106.40000  0.155662282909E-01
 106.50000  0.149094755640E-01
 106.60000  0.173811107550E-01
 106.70000  0.201868970571E-01
 106.80000  0.199510716746E-01
 106.90000  0.172292949378E-01
 107.00000  0.153821255246E-01
 107.10000  0.158181888954E-01
 107.20000  0.172735389315E-01
 107.30000  0.174797025059E-01
 107.40000  0.158175778826E-01
 107.50000  0.143210221498E-01
 107.60000  0.140792697598E-01
 107.70000  0.140330162206E-01
 107.80000  0.136014038169E-01
 107.90000  0.132801624754E-01
 108.00000  0.140733494774E-01
 108.10000  0.158427819972E-01
 108.20000  0.162721154487E-01
 108.30000  0.143748009698E-01
 108.40000  0.122353174808E-01
 108.50000  0.120382555634E-01
 108.60000  0.139463562185E-01
 108.70000  0.155529053632E-01
 108.80000  0.143438012278E-01
 108.90000  0.115389327511E-01
 109.00000  0.102424635835E-01
 109.10000  0.115654330368E-01
 109.20000  0.140871783107E-01
 109.30000  0.150533997473E-01
 109.40000  0.136521485575E-01
 109.50000  0.121239625447E-01
 109.60000  0.120134217604E-01
 109.70000  0.127656204718E-01
 109.80000  0.132249479854E-01
 109.90000  0.127466564623E-01
 110.00000  0.123336029541E-01
 110.10000  0.128382482121E-01
 110.20000  0.130612893589E-01
 110.30000  0.122860198713E-01
 110.40000  0.115223877923E-01
 110.50000  0.120360683622E-01
 110.60000  0.140445456110E-01
 110.70000  0.154374910467E-01
 110.80000  0.141372683921E-01
 110.90000  0.115550239847E-01
 111.00000  0.105171916052E-01
 111.10000  0.120506827755E-01
 111.20000  0.145495995932E-01
 111.30000  0.149845834069E-01
 111.40000  0.129335122087E-01
 111.50000  0.112025134811E-01
 111.60000  0.116862652416E-01
 111.70000  0.137912073097E-01
 111.80000  0.153578600555E-01
 111.90000  0.148148291180E-01
 112.00000  0.134471704479E-01
 112.10000  0.130374893383E-01
 112.20000  0.132873312925E-01
 112.30000  0.133677024962E-01
 112.40000  0.130314974431E-01
 112.50000  0.129619370165E-01
 112.60000  0.139945169022E-01
 112.70000  0.148927118357E-01
 112.80000  0.141350854331E-01
 112.90000  0.127141520898E-01
 113.00000  0.125994933016E-01
 113.10000  0.146035186221E-01
 113.20000  0.170591748311E-01
 113.30000  0.169480687056E-01
 113.40000  0.142999746414E-01
 113.50000  0.122741778609E-01
 113.60000  0.129993593815E-01
 113.70000  0.157648253698E-01
 113.80000  0.175649266333E-01
 113.90000  0.164642686063E-01
 114.00000  0.144188523386E-01
 114.10000  0.141154883242E-01
 114.20000  0.157666604342E-01
 114.30000  0.177307141603E-01
 114.40000  0.181208385832E-01
 114.50000  0.172284343187E-01
 114.60000  0.169384670032E-01
 114.70000  0.173404453595E-01
 114.80000  0.173940149502E-01
 114.90000  0.170243786761E-01
 115.00000  0.170655607799E-01
 115.10000  0.185552709015E-01
 115.20000  0.205502229159E-01
 115.30000  0.205498097503E-01
 115.40000  0.186317873534E-01
 115.50000  0.174908747483E-01
 115.60000  0.190790233324E-01
 115.70000  0.224902828454E-01
 115.80000  0.240810986399E-01
 115.90000  0.219460561926E-01
 116.00000  0.188980300354E-01
 116.10000  0.185201260958E-01
 116.20000  0.212899336861E-01
 116.30000  0.244368678956E-01
 116.40000  0.247158077719E-01
 116.50000  0.226871030097E-01
 116.60000  0.216210503139E-01
 116.70000  0.227667442868E-01
 116.80000  0.248409108370E-01
 116.90000  0.259265790647E-01
 117.00000  0.256146210375E-01
 117.10000  0.256332601681E-01
 117.20000  0.265167554344E-01
 117.30000  0.267628929522E-01
 117.40000  0.260174518533E-01
 117.50000  0.256710208169E-01
 117.60000  0.273151178214E-01
 117.70000  0.304687513575E-01
 117.80000  0.318074127079E-01
 117.90000  0.297187857887E-01
 118.00000  0.270838022098E-01
 118.10000  0.275101543663E-01
 118.20000  0.313797063832E-01
 118.30000  0.349629735283E-01
 118.40000  0.342773386789E-01
 118.50000  0.306428994818E-01
 118.60000  0.288051440988E-01
 118.70000  0.309605663465E-01
 118.80000  0.350383496281E-01
 118.90000  0.369954499824E-01
 119.00000  0.356066733701E-01
 119.10000  0.339235216865E-01
 119.20000  0.343272965139E-01
 119.30000  0.359967852213E-01
 119.40000  0.371061100646E-01
 119.50000  0.369859977304E-01
 119.60000  0.370802621340E-01
 119.70000  0.383500262988E-01
 119.80000  0.389371863495E-01
 119.90000  0.375719703840E-01
 120.00000  0.360221577569E-01
 120.10000  0.369112031372E-01
 120.20000  0.406480739461E-01
 120.30000  0.436881112997E-01
 120.40000  0.423491595429E-01
 120.50000  0.383741557056E-01
 120.60000  0.367457561444E-01
 120.70000  0.397738323288E-01
 120.80000  0.446404792862E-01
 120.90000  0.459866004477E-01
 121.00000  0.426149995910E-01
 121.10000  0.391278423762E-01
 121.20000  0.396026316425E-01
 121.30000  0.434347864380E-01
 121.40000  0.466505634204E-01
 121.50000  0.463268049572E-01
 121.60000  0.442587016367E-01
 121.70000  0.437408729917E-01
 121.80000  0.449153991732E-01
 121.90000  0.460119313353E-01
 122.00000  0.460376323248E-01
 122.10000  0.459752157963E-01
 122.20000  0.473484459734E-01
 122.30000  0.488162931519E-01
 122.40000  0.479478203443E-01
 122.50000  0.456330957339E-01
 122.60000  0.451385838202E-01
 122.70000  0.483234969150E-01
 122.80000  0.527622490617E-01
 122.90000  0.534058194424E-01
 123.00000  0.494196576988E-01
 123.10000  0.457416774154E-01
 123.20000  0.468746421841E-01
 123.30000  0.520611507944E-01
 123.40000  0.557752882890E-01
 123.50000  0.539383480817E-01
 123.60000  0.493756816084E-01
 123.70000  0.477390066677E-01
 123.80000  0.506975009087E-01
 123.90000  0.550307886394E-01
 124.00000  0.563124040558E-01
 124.10000  0.541916652593E-01
 124.20000  0.523857418745E-01
 124.30000  0.528601021535E-01
 124.40000  0.542394479377E-01
 124.50000  0.547369061341E-01
 124.60000  0.542986994861E-01
 124.70000  0.547384017434E-01
 124.80000  0.563422843184E-01
 124.90000  0.565521920341E-01
 125.00000  0.544696586513E-01
 125.10000  0.527148079517E-01
 125.20000  0.542820884418E-01
 125.30000  0.588718005942E-01
 125.40000  0.617986414486E-01
 125.50000  0.594388819144E-01
 125.60000  0.547094066384E-01
 125.70000  0.534241709311E-01
 125.80000  0.575930561184E-01
 125.90000  0.631057021092E-01
 126.00000  0.637413335876E-01
 126.10000  0.590201243445E-01
 126.20000  0.548297949087E-01
 126.30000  0.557579491580E-01
 126.40000  0.605516247134E-01
 126.50000  0.639562557974E-01
 126.60000  0.626566477677E-01
 126.70000  0.593712088625E-01
 126.80000  0.584177973583E-01
 126.90000  0.602412332396E-01
 127.00000  0.624037116322E-01
 127.10000  0.628298182047E-01
 127.20000  0.622566990688E-01
 127.30000  0.628049118032E-01
 127.40000  0.638196474038E-01
 127.50000  0.632273023731E-01
 127.60000  0.614953694124E-01
 127.70000  0.611564382533E-01
 127.80000  0.638974346932E-01
 127.90000  0.675119562700E-01
 128.00000  0.673766255028E-01
 128.10000  0.631173403595E-01
 128.20000  0.597109252118E-01
 128.30000  0.614894711549E-01
 128.40000  0.673173265883E-01
 128.50000  0.709509004024E-01
 128.60000  0.681524880032E-01
 128.70000  0.625492004452E-01
 128.80000  0.608590999882E-01
 128.90000  0.651247202681E-01
 129.00000  0.709179778061E-01
 129.10000  0.719899625590E-01
 129.20000  0.678518614587E-01
 129.30000  0.640660144339E-01
 129.40000  0.646295914328E-01
 129.50000  0.682380732086E-01
 129.60000  0.706989217212E-01
 129.70000  0.697232912977E-01
 129.80000  0.676759826415E-01
 129.90000  0.674124758255E-01
 130.00000  0.682912602814E-01
 130.10000  0.685862710570E-01
 130.20000  0.681404821257E-01
 130.30000  0.685286917711E-01
 130.40000  0.707335520901E-01
 130.50000  0.722722799813E-01
 130.60000  0.704461533545E-01
 130.70000  0.670330571642E-01
 130.80000  0.662543291855E-01
 130.90000  0.699712271167E-01
 131.00000  0.747761711724E-01
 131.10000  0.748238414143E-01
 131.20000  0.696659185568E-01
 131.30000  0.653153970042E-01
 131.40000  0.669038334858E-01
 131.50000  0.731681428119E-01
 131.60000  0.773036576048E-01
 131.70000  0.745770706008E-01
 131.80000  0.685479157205E-01
 131.90000  0.661940931914E-01
 132.00000  0.697508701483E-01
 132.10000  0.750651505393E-01
 132.20000  0.761562487379E-01
 132.30000  0.723451132513E-01
 132.40000  0.687051710274E-01
 132.50000  0.688392453779E-01
 132.60000  0.715620700089E-01
 132.70000  0.734452937824E-01
 132.80000  0.727241373941E-01
 132.90000  0.714053220508E-01
 133.00000  0.715687833028E-01
 133.10000  0.720567528035E-01
 133.20000  0.714353385551E-01
 133.30000  0.704093585313E-01
 133.40000  0.709478645758E-01
 133.50000  0.736905197025E-01
 133.60000  0.755270705789E-01
 133.70000  0.733207245486E-01
 133.80000  0.690860413915E-01
 133.90000  0.676643464704E-01
 134.00000  0.712234511725E-01
 134.10000  0.762629010026E-01
 134.20000  0.764927777933E-01
 134.30000  0.709931599309E-01
 134.40000  0.658568019623E-01
 134.50000  0.666819756438E-01
 134.60000  0.726366505244E-01
 134.70000  0.770245238310E-01
 134.80000  0.746223304037E-01
 134.90000  0.684329398960E-01
 135.00000  0.654894254619E-01
 135.10000  0.684895968116E-01
 135.20000  0.737085508712E-01
 135.30000  0.750837462110E-01
 135.40000  0.713121637611E-01
 135.50000  0.671690167759E-01
 135.60000  0.665969387598E-01
 135.70000  0.688315881419E-01
 135.80000  0.705390598719E-01
 135.90000  0.695742654165E-01
 136.00000  0.676085750499E-01
 136.10000  0.670562649517E-01
 136.20000  0.672299327370E-01
 136.30000  0.666474256330E-01
 136.40000  0.655595294618E-01
 136.50000  0.655424717049E-01
 136.60000  0.675439599432E-01
 136.70000  0.691952587606E-01
 136.80000  0.674215565213E-01
 136.90000  0.635355459496E-01
 137.00000  0.617474252673E-01
 137.10000  0.643725912050E-01
 137.20000  0.688452857348E-01
 137.30000  0.693999624311E-01
 137.40000  0.644592450938E-01
 137.50000  0.592257873344E-01
 137.60000  0.592298855138E-01
 137.70000  0.644546771176E-01
 137.80000  0.689607489817E-01
 137.90000  0.671144589058E-01
 138.00000  0.609334658236E-01
 138.10000  0.573423673569E-01
 138.20000  0.598504099425E-01
 138.30000  0.654172150034E-01
 138.40000  0.675837045006E-01
 138.50000  0.639149201094E-01
 138.60000  0.589977839224E-01
 138.70000  0.579164336469E-01
 138.80000  0.608216346776E-01
 138.90000  0.638743932561E-01
 139.00000  0.634031362417E-01
 139.10000  0.603667855521E-01
 139.20000  0.584547740298E-01
 139.30000  0.586655268008E-01
 139.40000  0.594579783319E-01
 139.50000  0.593307750727E-01
 139.60000  0.583648860334E-01
 139.70000  0.582078073220E-01
 139.80000  0.587322088917E-01
 139.90000  0.578397261801E-01
 140.00000  0.554815621311E-01
 140.10000  0.538646152819E-01
 140.20000  0.549338672768E-01
 140.30000  0.579013533900E-01
 140.40000  0.587042414686E-01
 140.50000  0.552742097048E-01
 140.60000  0.509879713101E-01
 140.70000  0.503934757806E-01
 140.80000  0.543359829995E-01
 140.90000  0.584620740956E-01
 141.00000  0.573253833445E-01
 141.10000  0.516714045574E-01
 141.20000  0.476057434664E-01
 141.30000  0.491857736776E-01
 141.40000  0.544695178526E-01
 141.50000  0.571201387442E-01
 141.60000  0.535375042679E-01
 141.70000  0.476670963783E-01
 141.80000  0.455749427458E-01
 141.90000  0.486884908839E-01
 142.00000  0.530205226645E-01
 142.10000  0.531886898581E-01
 142.20000  0.489196448477E-01
 142.30000  0.451191909681E-01
 142.40000  0.451218421598E-01
 142.50000  0.478862936712E-01
 142.60000  0.498098614936E-01
 142.70000  0.484876900029E-01
 142.80000  0.458147838008E-01
 142.90000  0.446938012564E-01
 143.00000  0.451582963628E-01
 143.10000  0.458213540022E-01
 143.20000  0.455798963761E-01
 143.30000  0.448261037333E-01
 143.40000  0.449770138307E-01
 143.50000  0.453556490460E-01
 143.60000  0.443648204264E-01
 143.70000  0.426041745705E-01
 143.80000  0.418629715743E-01
 143.90000  0.433416514130E-01
 144.00000  0.457064572007E-01
 144.10000  0.454294646195E-01
 144.20000  0.419616424406E-01
 144.30000  0.388646520463E-01
 144.40000  0.393401410946E-01
 144.50000  0.430588505650E-01
 144.60000  0.455982571898E-01
 144.70000  0.431188164273E-01
 144.80000  0.379293066148E-01
 144.90000  0.354240717127E-01
 145.00000  0.379261841561E-01
 145.10000  0.425496470805E-01
 145.20000  0.435292243094E-01
 145.30000  0.391851373466E-01
 145.40000  0.343040762438E-01
 145.50000  0.337615192554E-01
 145.60000  0.376389409863E-01
 145.70000  0.413916826156E-01
 145.80000  0.403455348427E-01
 145.90000  0.357158310910E-01
 146.00000  0.326825389049E-01
 146.10000  0.338212637215E-01
 146.20000  0.373584356501E-01
 146.30000  0.390444481731E-01
 146.40000  0.368076224825E-01
 146.50000  0.335352734195E-01
 146.60000  0.325171269070E-01
 146.70000  0.338463009604E-01
 146.80000  0.355371912303E-01
 146.90000  0.353482357148E-01
 147.00000  0.336177455946E-01
 147.10000  0.325918780262E-01
 147.20000  0.325498560577E-01
 147.30000  0.325308629366E-01
 147.40000  0.321510761929E-01
 147.50000  0.315834923616E-01
 147.60000  0.318327469359E-01
 147.70000  0.325881679920E-01
 147.80000  0.319193411630E-01
 147.90000  0.299125521120E-01
 148.00000  0.284994275137E-01
 148.10000  0.291268595325E-01
 148.20000  0.314451953749E-01
 148.30000  0.323861906419E-01
 148.40000  0.299412760267E-01
 148.50000  0.265243361137E-01
 148.60000  0.255763065361E-01
 148.70000  0.280655832419E-01
 148.80000  0.313117520566E-01
 148.90000  0.309407955716E-01
 149.00000  0.268256368709E-01
 149.10000  0.234047306645E-01
 149.20000  0.239840897689E-01
 149.30000  0.278269972073E-01
 149.40000  0.304300119277E-01
 149.50000  0.281969311382E-01
 149.60000  0.235242227053E-01
 149.70000  0.213289954338E-01
 149.80000  0.233976062217E-01
 149.90000  0.272616926905E-01
 150.00000  0.281613115944E-01
 150.10000  0.247423646574E-01
 150.20000  0.209735153574E-01
 150.30000  0.204908825197E-01
 150.40000  0.232295148500E-01
 150.50000  0.259971659779E-01
 150.60000  0.253426947129E-01
 150.70000  0.221835165662E-01
 150.80000  0.202124192888E-01
 150.90000  0.208848782126E-01
 151.00000  0.230664695228E-01
 151.10000  0.241665841623E-01
 151.20000  0.227780989942E-01
 151.30000  0.208736583139E-01
 151.40000  0.203052168378E-01
 151.50000  0.207599630234E-01
 151.60000  0.213697062062E-01
 151.70000  0.210680965027E-01
 151.80000  0.201211429413E-01
 151.90000  0.198385797908E-01
 152.00000  0.197385113227E-01
 152.10000  0.190801706414E-01
 152.20000  0.183307344794E-01
 152.30000  0.179704635621E-01
 152.40000  0.186575494431E-01
 152.50000  0.197139945071E-01
 152.60000  0.191223839862E-01
 152.70000  0.172150292862E-01
 152.80000  0.160264357294E-01
 152.90000  0.167414172665E-01
 153.00000  0.189995217972E-01
 153.10000  0.200410537619E-01
 153.20000  0.180186570756E-01
 153.30000  0.151492344029E-01
 153.40000  0.143115287954E-01
 153.50000  0.162554802229E-01
 153.60000  0.189552133540E-01
 153.70000  0.187255589366E-01
 153.80000  0.153638941890E-01
 153.90000  0.125479071673E-01
 154.00000  0.128524267487E-01
 154.10000  0.158674775958E-01
 154.20000  0.181660807628E-01
 154.30000  0.165819513332E-01
 154.40000  0.129407473040E-01
 154.50000  0.112220789103E-01
 154.60000  0.128852940144E-01
 154.70000  0.162308985678E-01
 154.80000  0.173012349621E-01
 154.90000  0.146121302742E-01
 155.00000  0.114556907349E-01
 155.10000  0.109165386642E-01
 155.20000  0.131037045537E-01
 155.30000  0.155449816115E-01
 155.40000  0.150137970087E-01
 155.50000  0.120710318504E-01
 155.60000  0.100796084840E-01
 155.70000  0.104486310330E-01
 155.80000  0.124111624709E-01
 155.90000  0.136206188470E-01
 156.00000  0.123420397310E-01
 156.10000  0.103327438013E-01
 156.20000  0.967059938608E-02
 156.30000  0.103649694726E-01
 156.40000  0.116221432613E-01
 156.50000  0.118140195777E-01
 156.60000  0.106484843600E-01
 156.70000  0.986451502257E-02
 156.80000  0.983314995212E-02
 156.90000  0.100775481721E-01
 157.00000  0.103692325391E-01
 157.10000  0.100457926659E-01
 157.20000  0.970721167782E-02
 157.30000  0.996259476830E-02
 157.40000  0.979536992085E-02
 157.50000  0.920452525623E-02
 157.60000  0.882128417973E-02
 157.70000  0.881732995708E-02
 157.80000  0.965435997442E-02
 157.90000  0.102381508191E-01
 158.00000  0.924687793600E-02
 158.10000  0.786641768361E-02
 158.20000  0.737519254244E-02
 158.30000  0.818851083334E-02
 158.40000  0.976343436389E-02
 158.50000  0.978568156023E-02
 158.60000  0.784643708848E-02
 158.70000  0.622466246302E-02
 158.80000  0.628323273685E-02
 158.90000  0.808551723262E-02
 159.00000  0.976676055417E-02
 159.10000  0.880431931816E-02
 159.20000  0.631582007057E-02
 159.30000  0.505808764558E-02
 159.40000  0.601039283693E-02
 159.50000  0.843372004165E-02
 159.60000  0.942318426386E-02
 159.70000  0.740461310389E-02
 159.80000  0.492061576929E-02
 159.90000  0.440347876489E-02
 160.00000  0.614924025585E-02
 160.10000  0.849803578388E-02
 160.20000  0.834997130944E-02
 160.30000  0.578394592132E-02
 160.40000  0.391947782425E-02
 160.50000  0.425713785002E-02
 160.60000  0.642055281443E-02
 160.70000  0.808304674420E-02
 160.80000  0.687683890653E-02
 160.90000  0.443623117757E-02
 161.00000  0.343846517219E-02
 161.10000  0.440275716241E-02
 161.20000  0.649554896930E-02
 161.30000  0.718701190850E-02
 161.40000  0.544780184068E-02
 161.50000  0.371491557489E-02
 161.60000  0.356242044552E-02
 161.70000  0.489239606967E-02
 161.80000  0.658954319664E-02
 161.90000  0.641571967428E-02
 162.00000  0.476861924018E-02
 162.10000  0.390336464272E-02
 162.20000  0.419517693596E-02
 162.30000  0.535985434970E-02
 162.40000  0.619607741494E-02
 162.50000  0.534447151746E-02
 162.60000  0.420739983233E-02
 162.70000  0.393483372492E-02
 162.80000  0.407708164078E-02
 162.90000  0.462160524992E-02
 163.00000  0.465168065819E-02
 163.10000  0.389777006714E-02
 163.20000  0.369203007127E-02
 163.30000  0.369947068883E-02
 163.40000  0.352761697643E-02
 163.50000  0.366468393444E-02
 163.60000  0.350875692264E-02
 163.70000  0.344641740390E-02
 163.80000  0.389724517456E-02
 163.90000  0.369845455556E-02
 164.00000  0.323259390629E-02
 164.10000  0.315200368544E-02
 164.20000  0.312032022220E-02
 164.30000  0.372894649646E-02
 164.40000  0.423800088197E-02
 164.50000  0.352235232280E-02
 164.60000  0.279998072333E-02
 164.70000  0.263350477901E-02
 164.80000  0.306664744372E-02
 164.90000  0.423466992700E-02
 165.00000  0.432335009811E-02
 165.10000  0.303661602983E-02
 165.20000  0.220929611085E-02
 165.30000  0.224953556018E-02
 165.40000  0.335977761920E-02
 165.50000  0.461360227261E-02
 165.60000  0.389410475969E-02
 165.70000  0.225292723646E-02
 165.80000  0.158366447880E-02
 165.90000  0.209110112452E-02
 166.00000  0.375813319680E-02
 166.10000  0.456261507719E-02
 166.20000  0.307933020307E-02
 166.30000  0.149972315758E-02
 166.40000  0.124568833297E-02
 166.50000  0.242011300626E-02
 166.60000  0.433854663776E-02
 166.70000  0.430439745857E-02
 166.80000  0.232347213678E-02
 166.90000  0.108812378670E-02
 167.00000  0.134246346180E-02
 167.10000  0.306375464648E-02
 167.20000  0.462367342967E-02
 167.30000  0.358566658733E-02
 167.40000  0.156331931205E-02
 167.50000  0.858432282837E-03
 167.60000  0.162873022583E-02
 167.70000  0.361389066089E-02
 167.80000  0.438599709518E-02
 167.90000  0.265728930592E-02
 168.00000  0.105805630837E-02
 168.10000  0.905249369401E-03
 168.20000  0.213068990243E-02
 168.30000  0.398791712902E-02
 168.40000  0.376548475029E-02
 168.50000  0.182196278130E-02
 168.60000  0.835265348093E-03
 168.70000  0.109147385665E-02
 168.80000  0.258719945690E-02
 168.90000  0.390514857950E-02
 169.00000  0.284139944885E-02
 169.10000  0.120625566744E-02
 169.20000  0.806710282724E-03
 169.30000  0.139130903905E-02
 169.40000  0.302032867936E-02
 169.50000  0.358743059490E-02
 169.60000  0.209425853466E-02
 169.70000  0.106547860650E-02
 169.80000  0.106159184330E-02
 169.90000  0.188531575716E-02
 170.00000  0.331715337561E-02
 170.10000  0.303838397580E-02
 170.20000  0.165474963356E-02
 170.30000  0.129830979189E-02
 170.40000  0.144067295132E-02
 170.50000  0.237621749484E-02
 170.60000  0.334839713639E-02
 170.70000  0.251334729260E-02
 170.80000  0.164136362370E-02
 170.90000  0.163926459348E-02
 171.00000  0.180539590909E-02
 171.10000  0.287040595376E-02
 171.20000  0.322529540881E-02
 171.30000  0.209462467273E-02
 171.40000  0.171432361950E-02
 171.50000  0.171583557510E-02
 171.60000  0.190818186415E-02
 171.70000  0.278691449418E-02
 171.80000  0.240636184867E-02
 171.90000  0.161068787347E-02
 172.00000  0.186706375729E-02
 172.10000  0.167487347914E-02
 172.20000  0.176798042099E-02
 172.30000  0.224203214572E-02
 172.40000  0.172295110678E-02
 172.50000  0.190242778324E-02
 172.60000  0.237151543073E-02
 172.70000  0.179130386324E-02
 172.80000  0.196068341879E-02
 172.90000  0.212438194536E-02
 173.00000  0.177212975204E-02
 173.10000  0.247932718997E-02
 173.20000  0.245245598781E-02
 173.30000  0.173717605050E-02
 173.40000  0.205915054286E-02
 173.50000  0.182033470391E-02
 173.60000  0.186457116518E-02
 173.70000  0.276721654589E-02
 173.80000  0.213246061033E-02
 173.90000  0.155927336392E-02
 174.00000  0.181922050449E-02
 174.10000  0.152675882494E-02
 174.20000  0.243431505150E-02
 174.30000  0.313187620488E-02
 174.40000  0.191627657322E-02
 174.50000  0.162158210822E-02
 174.60000  0.168538338912E-02
 174.70000  0.174410701425E-02
 174.80000  0.323241932962E-02
 174.90000  0.305882028368E-02
 175.00000  0.156376784849E-02
 175.10000  0.153272985094E-02
 175.20000  0.134086604113E-02
 175.30000  0.216932377474E-02
 175.40000  0.379803507202E-02
 175.50000  0.255252799196E-02
 175.60000  0.117323520649E-02
 175.70000  0.122889576783E-02
 175.80000  0.126516405866E-02
 175.90000  0.330077014737E-02
 176.00000  0.432674248748E-02
 176.10000  0.206976073335E-02
 176.20000  0.116356059792E-02
 176.30000  0.119211758528E-02
 176.40000  0.190945835130E-02
 176.50000  0.461131454006E-02
 176.60000  0.409647837544E-02
 176.70000  0.146699895702E-02
 176.80000  0.124484841174E-02
 176.90000  0.111523401722E-02
 177.00000  0.281611869411E-02
 177.10000  0.527262619660E-02
 177.20000  0.301876980838E-02
 177.30000  0.101632990267E-02
 177.40000  0.123273331382E-02
 177.50000  0.113225279344E-02
 177.60000  0.417345918590E-02
 177.70000  0.542424547633E-02
 177.80000  0.183100565439E-02
 177.90000  0.984139719688E-03
 178.00000  0.950753721047E-03
 178.10000  0.176364383900E-02
 178.20000  0.635876852796E-02
 178.30000  0.521101661948E-02
 178.40000  0.805500711889E-03
 178.50000  0.952339093622E-03
 178.60000  0.465777715514E-03
 178.70000  0.415924722508E-02
 178.80000  0.953846176871E-02
 178.90000  0.427631274898E-02
 179.00000  0.738318033972E-03
 179.10000  0.216561566120E-02
 179.20000  0.120908474391E-02
 179.30000  0.945396707333E-02
 179.40000  0.128637957965E-01
 179.50000  0.281306887483E-02
 179.60000  0.718680190668E-02
 179.70000  0.854351791428E-02
 179.80000  0.519594019532E-02
 179.90000  0.511830224577E-01
 180.00000  0.925329513527E-01
