    0.1000      0.173302477834E+07
    0.2000      0.795626624766E+06
    0.3000      0.167586104789E+06
    0.4000      0.302563214124E+05
    0.5000      0.641547540198E+05
    0.6000      0.544438484916E+05
    0.7000      0.268514762359E+05
    0.8000      0.221491026371E+05
    0.9000      0.229328364608E+05
    1.0000      0.185732792096E+05
    1.1000      0.151690545003E+05
    1.2000      0.136348200950E+05
    1.3000      0.115219916684E+05
    1.4000      0.869607151163E+04
    1.5000      0.657060260050E+04
    1.6000      0.632584534946E+04
    1.7000      0.657823915143E+04
    1.8000      0.513459050298E+04
    1.9000      0.296343163415E+04
    2.0000      0.235836251467E+04
    2.1000      0.299129429924E+04
    2.2000      0.305605704439E+04
    2.3000      0.215846423739E+04
    2.4000      0.120288526131E+04
    2.5000      0.943030926736E+03
    2.6000      0.130006430988E+04
    2.7000      0.149412904444E+04
    2.8000      0.103922809838E+04
    2.9000      0.461022471004E+03
    3.0000      0.413922277492E+03
    3.1000      0.683430116862E+03
    3.2000      0.716932655636E+03
    3.3000      0.467166077314E+03
    3.4000      0.251832409504E+03
    3.5000      0.248745305279E+03
    3.6000      0.358738974410E+03
    3.7000      0.388201830570E+03
    3.8000      0.285430682793E+03
    3.9000      0.175795179917E+03
    4.0000      0.174181244691E+03
    4.1000      0.244566778595E+03
    4.2000      0.274687651645E+03
    4.3000      0.225998087285E+03
    4.4000      0.156335702841E+03
    4.5000      0.129200958420E+03
    4.6000      0.149102278009E+03
    4.7000      0.173202174821E+03
    4.8000      0.168818884848E+03
    4.9000      0.147794601955E+03
    5.0000      0.132588146007E+03
    5.1000      0.122945560950E+03
    5.2000      0.113549511084E+03
    5.3000      0.106459530427E+03
    5.4000      0.101268558932E+03
    5.5000      0.955887500824E+02
    5.6000      0.904433916107E+02
    5.7000      0.881897831269E+02
    5.8000      0.871942191030E+02
    5.9000      0.830663113125E+02
    6.0000      0.775681247045E+02
    6.1000      0.759931865318E+02
    6.2000      0.765187824448E+02
    6.3000      0.738479834311E+02
    6.4000      0.672286974204E+02
    6.5000      0.603473358114E+02
    6.6000      0.585652188720E+02
    6.7000      0.633340597103E+02
    6.8000      0.695409282354E+02
    6.9000      0.710732899676E+02
    7.0000      0.660922542989E+02
    7.1000      0.582715289137E+02
    7.2000      0.531029973421E+02
    7.3000      0.519991495823E+02
    7.4000      0.536477676121E+02
    7.5000      0.570016857417E+02
    7.6000      0.590993962175E+02
    7.7000      0.567791508606E+02
    7.8000      0.513286318048E+02
    7.9000      0.471315015797E+02
    8.0000      0.465982501224E+02
    8.1000      0.478967542268E+02
    8.2000      0.486959579351E+02
    8.3000      0.494429002026E+02
    8.4000      0.496610086932E+02
    8.5000      0.471482037651E+02
    8.6000      0.434159862509E+02
    8.7000      0.427552768179E+02
    8.8000      0.457150442822E+02
    8.9000      0.485305045748E+02
    9.0000      0.486508560147E+02
    9.1000      0.475654827100E+02
    9.2000      0.467404395497E+02
    9.3000      0.450868119962E+02
    9.4000      0.432124170499E+02
    9.5000      0.439102248731E+02
    9.6000      0.466737262418E+02
    9.7000      0.478533216962E+02
    9.8000      0.461801475831E+02
    9.9000      0.439127972369E+02
   10.0000      0.426961376498E+02
   10.1000      0.415248190356E+02
   10.2000      0.401170046660E+02
   10.3000      0.401599411582E+02
   10.4000      0.412184739833E+02
   10.5000      0.405867320025E+02
   10.6000      0.380168537863E+02
   10.7000      0.359214065434E+02
   10.8000      0.353494885027E+02
   10.9000      0.350279371003E+02
   11.0000      0.342891474077E+02
   11.1000      0.342179079155E+02
   11.2000      0.347403643649E+02
   11.3000      0.340058116876E+02
   11.4000      0.320321417546E+02
   11.5000      0.309704434860E+02
   11.6000      0.314406126045E+02
   11.7000      0.320169365181E+02
   11.8000      0.319532772437E+02
   11.9000      0.320503000593E+02
   12.0000      0.325427438740E+02
   12.1000      0.321992529297E+02
   12.2000      0.308108551120E+02
   12.3000      0.300092551115E+02
   12.4000      0.304171608523E+02
   12.5000      0.308290518696E+02
   12.6000      0.305380933584E+02
   12.7000      0.301926216228E+02
   12.8000      0.302454990956E+02
   12.9000      0.299700943447E+02
   13.0000      0.288611193643E+02
   13.1000      0.278248007085E+02
   13.2000      0.275333533763E+02
   13.3000      0.272252884383E+02
   13.4000      0.263003044634E+02
   13.5000      0.253405365781E+02
   13.6000      0.250039048262E+02
   13.7000      0.250091723979E+02
   13.8000      0.246899855344E+02
   13.9000      0.241299992790E+02
   14.0000      0.237275328113E+02
   14.1000      0.230974905371E+02
   14.2000      0.218211199378E+02
   14.3000      0.204888960430E+02
   14.4000      0.199704823051E+02
   14.5000      0.203652575843E+02
   14.6000      0.210452466714E+02
   14.7000      0.214644776393E+02
   14.8000      0.215012655698E+02
   14.9000      0.209189336826E+02
   15.0000      0.195152763986E+02
   15.1000      0.179065463360E+02
   15.2000      0.170900737926E+02
   15.3000      0.174072344334E+02
   15.4000      0.183828273319E+02
   15.5000      0.192532394458E+02
   15.6000      0.195215597611E+02
   15.7000      0.189743807587E+02
   15.8000      0.175975852431E+02
   15.9000      0.159450554744E+02
   16.0000      0.149113813110E+02
   16.1000      0.148536319512E+02
   16.2000      0.154104826143E+02
   16.3000      0.159443112793E+02
   16.4000      0.159766524530E+02
   16.5000      0.154037176348E+02
   16.6000      0.143788670263E+02
   16.7000      0.132856925082E+02
   16.8000      0.126407569365E+02
   16.9000      0.125729398164E+02
   17.0000      0.127153471313E+02
   17.1000      0.126578176355E+02
   17.2000      0.122330867606E+02
   17.3000      0.116118791909E+02
   17.4000      0.111494334059E+02
   17.5000      0.110660569129E+02
   17.6000      0.113668658366E+02
   17.7000      0.117938070645E+02
   17.8000      0.118921131731E+02
   17.9000      0.114118074810E+02
   18.0000      0.105094331349E+02
   18.1000      0.966365105259E+01
   18.2000      0.945488390770E+01
   18.3000      0.100857205941E+02
   18.4000      0.111798263964E+02
   18.5000      0.121006025642E+02
   18.6000      0.123028254312E+02
   18.7000      0.116177973800E+02
   18.8000      0.103524820595E+02
   18.9000      0.912496754257E+01
   19.0000      0.863754132264E+01
   19.1000      0.921080746506E+01
   19.2000      0.104065325316E+02
   19.3000      0.114069052256E+02
   19.4000      0.116384674294E+02
   19.5000      0.109948328113E+02
   19.6000      0.976894859749E+01
   19.7000      0.847067832701E+01
   19.8000      0.768729989735E+01
   19.9000      0.781126524618E+01
   20.0000      0.860470639997E+01
   20.1000      0.935307184406E+01
   20.2000      0.955257174258E+01
   20.3000      0.917924482961E+01
   20.4000      0.847155001625E+01
   20.5000      0.770221367035E+01
   20.6000      0.713970304983E+01
   20.7000      0.704720848486E+01
   20.8000      0.740678211977E+01
   20.9000      0.780115214524E+01
   21.0000      0.788785118553E+01
   21.1000      0.773413014888E+01
   21.2000      0.757354320683E+01
   21.3000      0.750526173813E+01
   21.4000      0.748174939797E+01
   21.5000      0.749438723543E+01
   21.6000      0.757949114784E+01
   21.7000      0.761482318388E+01
   21.8000      0.745428697406E+01
   21.9000      0.722749382121E+01
   22.0000      0.719512122532E+01
   22.1000      0.742268235422E+01
   22.2000      0.772672784447E+01
   22.3000      0.788710082561E+01
   22.4000      0.785279114702E+01
   22.5000      0.764950482395E+01
   22.6000      0.727544536419E+01
   22.7000      0.686064665566E+01
   22.8000      0.665473761238E+01
   22.9000      0.675948392248E+01
   23.0000      0.702891272357E+01
   23.1000      0.721527936910E+01
   23.2000      0.719455984189E+01
   23.3000      0.700637000334E+01
   23.4000      0.669384778912E+01
   23.5000      0.631749015554E+01
   23.6000      0.603834822868E+01
   23.7000      0.596921141301E+01
   23.8000      0.605257343801E+01
   23.9000      0.614291860878E+01
   24.0000      0.615561553537E+01
   24.1000      0.612990277490E+01
   24.2000      0.609969461624E+01
   24.3000      0.602184424102E+01
   24.4000      0.590702065139E+01
   24.5000      0.581819454290E+01
   24.6000      0.574948091315E+01
   24.7000      0.565932591483E+01
   24.8000      0.556933830415E+01
   24.9000      0.558116583394E+01
   25.0000      0.575470713369E+01
   25.1000      0.598422301370E+01
   25.2000      0.612385159940E+01
   25.3000      0.613539117828E+01
   25.4000      0.601387486868E+01
   25.5000      0.575487479185E+01
   25.6000      0.544256860596E+01
   25.7000      0.525985187285E+01
   25.8000      0.535669890386E+01
   25.9000      0.567157440020E+01
   26.0000      0.597722167839E+01
   26.1000      0.612040304962E+01
   26.2000      0.606274591509E+01
   26.3000      0.578827282911E+01
   26.4000      0.535073300352E+01
   26.5000      0.493380308232E+01
   26.6000      0.476401469175E+01
   26.7000      0.491003227529E+01
   26.8000      0.519692212574E+01
   26.9000      0.540989680086E+01
   27.0000      0.546862481110E+01
   27.1000      0.534854869507E+01
   27.2000      0.503686062916E+01
   27.3000      0.461481617537E+01
   27.4000      0.427211572426E+01
   27.5000      0.417403708882E+01
   27.6000      0.428983845761E+01
   27.7000      0.444510728387E+01
   27.8000      0.454083936175E+01
   27.9000      0.457237397797E+01
   28.0000      0.451482841516E+01
   28.1000      0.434034125968E+01
   28.2000      0.409967818732E+01
   28.3000      0.391970675427E+01
   28.4000      0.387466060007E+01
   28.5000      0.389591678037E+01
   28.6000      0.390215810831E+01
   28.7000      0.391555016461E+01
   28.8000      0.396988855147E+01
   28.9000      0.402915428558E+01
   29.0000      0.403364374893E+01
   29.1000      0.397989453723E+01
   29.2000      0.392220585017E+01
   29.3000      0.386887175568E+01
   29.4000      0.377307316073E+01
   29.5000      0.365452607888E+01
   29.6000      0.359980384141E+01
   29.7000      0.365055437874E+01
   29.8000      0.376114115195E+01
   29.9000      0.384895266060E+01
   30.0000      0.387944807072E+01
   30.1000      0.386056573773E+01
   30.2000      0.377108409690E+01
   30.3000      0.360180381457E+01
   30.4000      0.342064097640E+01
   30.5000      0.331876216225E+01
   30.6000      0.333127799854E+01
   30.7000      0.341166507129E+01
   30.8000      0.348533071122E+01
   30.9000      0.352350511423E+01
   31.0000      0.351537321123E+01
   31.1000      0.343506134486E+01
   31.2000      0.329221878998E+01
   31.3000      0.314488208463E+01
   31.4000      0.305533023218E+01
   31.5000      0.304443785903E+01
   31.6000      0.307479208675E+01
   31.7000      0.310704745496E+01
   31.8000      0.313525832824E+01
   31.9000      0.314761702006E+01
   32.0000      0.312786489667E+01
   32.1000      0.308242795757E+01
   32.2000      0.303287578467E+01
   32.3000      0.300380410970E+01
   32.4000      0.299635341755E+01
   32.5000      0.298878548637E+01
   32.6000      0.297963677500E+01
   32.7000      0.298009093766E+01
   32.8000      0.299096318834E+01
   32.9000      0.301508540724E+01
   33.0000      0.305007313676E+01
   33.1000      0.308574237061E+01
   33.2000      0.311224456595E+01
   33.3000      0.311152582567E+01
   33.4000      0.307694036974E+01
   33.5000      0.302494395069E+01
   33.6000      0.297251675639E+01
   33.7000      0.294291785503E+01
   33.8000      0.296063918548E+01
   33.9000      0.302104718847E+01
   34.0000      0.309648012575E+01
   34.1000      0.315086292357E+01
   34.2000      0.315621721989E+01
   34.3000      0.311345902058E+01
   34.4000      0.303410021241E+01
   34.5000      0.293623028543E+01
   34.6000      0.286380537300E+01
   34.7000      0.285516072750E+01
   34.8000      0.290869066180E+01
   34.9000      0.298865009764E+01
   35.0000      0.304710763047E+01
   35.1000      0.306050670617E+01
   35.2000      0.302954215205E+01
   35.3000      0.295249258261E+01
   35.4000      0.284747608856E+01
   35.5000      0.276316623210E+01
   35.6000      0.273809943712E+01
   35.7000      0.277278139727E+01
   35.8000      0.282965803049E+01
   35.9000      0.286836612855E+01
   36.0000      0.288107051856E+01
   36.1000      0.286660287402E+01
   36.2000      0.281519599916E+01
   36.3000      0.273874182277E+01
   36.4000      0.267117853949E+01
   36.5000      0.264222234724E+01
   36.6000      0.265212636815E+01
   36.7000      0.266944933489E+01
   36.8000      0.267562179830E+01
   36.9000      0.267963767778E+01
   37.0000      0.268128830265E+01
   37.1000      0.266784807020E+01
   37.2000      0.263499578331E+01
   37.3000      0.259496798510E+01
   37.4000      0.256929972799E+01
   37.5000      0.255788437752E+01
   37.6000      0.254158490848E+01
   37.7000      0.252273978107E+01
   37.8000      0.251953995204E+01
   37.9000      0.253551638335E+01
   38.0000      0.255453684702E+01
   38.1000      0.255437949574E+01
   38.2000      0.253506771110E+01
   38.3000      0.251449382187E+01
   38.4000      0.249212129925E+01
   38.5000      0.245892615914E+01
   38.6000      0.242493206332E+01
   38.7000      0.241029821489E+01
   38.8000      0.242401511494E+01
   38.9000      0.244728715679E+01
   39.0000      0.245213160714E+01
   39.1000      0.243977262363E+01
   39.2000      0.242465977129E+01
   39.3000      0.240325399545E+01
   39.4000      0.236678329649E+01
   39.5000      0.232007868700E+01
   39.6000      0.228426800408E+01
   39.7000      0.227483140090E+01
   39.8000      0.227647739714E+01
   39.9000      0.227010085141E+01
   40.0000      0.226126178048E+01
   40.1000      0.225740347491E+01
   40.2000      0.224976042595E+01
   40.3000      0.222194528100E+01
   40.4000      0.217094154263E+01
   40.5000      0.212026379154E+01
   40.6000      0.208989402916E+01
   40.7000      0.207329881994E+01
   40.8000      0.206291951357E+01
   40.9000      0.206249056617E+01
   41.0000      0.207343112940E+01
   41.1000      0.208464896799E+01
   41.2000      0.207379581608E+01
   41.3000      0.203523217809E+01
   41.4000      0.199201506022E+01
   41.5000      0.196310113199E+01
   41.6000      0.194886508663E+01
   41.7000      0.194471021138E+01
   41.8000      0.194906352501E+01
   41.9000      0.196484648999E+01
   42.0000      0.198447142950E+01
   42.1000      0.198712026961E+01
   42.2000      0.196856361764E+01
   42.3000      0.194544338446E+01
   42.4000      0.193142668843E+01
   42.5000      0.192751858813E+01
   42.6000      0.192482679148E+01
   42.7000      0.192149894081E+01
   42.8000      0.192836460407E+01
   42.9000      0.194398538047E+01
   43.0000      0.195318326960E+01
   43.1000      0.195038363376E+01
   43.2000      0.194224546125E+01
   43.3000      0.193783033685E+01
   43.4000      0.193537023147E+01
   43.5000      0.192359294143E+01
   43.6000      0.190690120130E+01
   43.7000      0.190213252815E+01
   43.8000      0.191158249972E+01
   43.9000      0.192388453769E+01
   44.0000      0.192839431332E+01
   44.1000      0.192524520750E+01
   44.2000      0.192252291575E+01
   44.3000      0.191694077690E+01
   44.4000      0.190009583357E+01
   44.5000      0.188013468545E+01
   44.6000      0.187127977709E+01
   44.7000      0.187661251461E+01
   44.8000      0.188663621994E+01
   44.9000      0.188837900813E+01
   45.0000      0.188280007112E+01
   45.1000      0.187859714498E+01
   45.2000      0.187321516401E+01
   45.3000      0.186210297870E+01
   45.4000      0.184916435774E+01
   45.5000      0.184128614593E+01
   45.6000      0.184240221850E+01
   45.7000      0.184537043997E+01
   45.8000      0.184045566302E+01
   45.9000      0.183172412358E+01
   46.0000      0.182651700022E+01
   46.1000      0.182420628527E+01
   46.2000      0.182064780952E+01
   46.3000      0.181164743877E+01
   46.4000      0.180061444341E+01
   46.5000      0.179494985294E+01
   46.6000      0.179195192272E+01
   46.7000      0.178646456929E+01
   46.8000      0.178019145466E+01
   46.9000      0.177635300484E+01
   47.0000      0.177657570343E+01
   47.1000      0.177539715155E+01
   47.2000      0.176502135665E+01
   47.3000      0.175055103691E+01
   47.4000      0.174181475467E+01
   47.5000      0.173966975810E+01
   47.6000      0.173950641674E+01
   47.7000      0.173628807126E+01
   47.8000      0.173145374848E+01
   47.9000      0.173010026209E+01
   48.0000      0.172757663447E+01
   48.1000      0.171802632286E+01
   48.2000      0.170673773899E+01
   48.3000      0.170146641357E+01
   48.4000      0.170400791459E+01
   48.5000      0.170714255397E+01
   48.6000      0.170194239955E+01
   48.7000      0.169239787340E+01
   48.8000      0.168655751938E+01
   48.9000      0.168266471609E+01
   49.0000      0.167678791561E+01
   49.1000      0.166913647488E+01
   49.2000      0.166397095547E+01
   49.3000      0.166455439640E+01
   49.4000      0.166393149118E+01
   49.5000      0.165518032767E+01
   49.6000      0.164346967095E+01
   49.7000      0.163548295481E+01
   49.8000      0.163143792645E+01
   49.9000      0.162617998889E+01
   50.0000      0.161446506989E+01
   50.1000      0.160101848119E+01
   50.2000      0.159320880498E+01
   50.3000      0.158869531112E+01
   50.4000      0.158292445246E+01
   50.5000      0.157530664752E+01
   50.6000      0.156797692488E+01
   50.7000      0.156284490891E+01
   50.8000      0.155400082063E+01
   50.9000      0.153554446506E+01
   51.0000      0.151461247180E+01
   51.1000      0.150181951469E+01
   51.2000      0.149953334154E+01
   51.3000      0.150128288879E+01
   51.4000      0.149809413142E+01
   51.5000      0.149088582544E+01
   51.6000      0.148544165069E+01
   51.7000      0.147798425748E+01
   51.8000      0.146310372833E+01
   51.9000      0.144479533328E+01
   52.0000      0.143275860140E+01
   52.1000      0.143231271155E+01
   52.2000      0.143496818615E+01
   52.3000      0.142990923675E+01
   52.4000      0.142211421680E+01
   52.5000      0.142126089003E+01
   52.6000      0.142514233065E+01
   52.7000      0.142378662402E+01
   52.8000      0.141215572768E+01
   52.9000      0.139850727911E+01
   53.0000      0.139221992569E+01
   53.1000      0.138803540720E+01
   53.2000      0.137970934368E+01
   53.3000      0.137444678013E+01
   53.4000      0.138156710717E+01
   53.5000      0.139784054488E+01
   53.6000      0.140664070843E+01
   53.7000      0.139677672866E+01
   53.8000      0.137814913165E+01
   53.9000      0.136443717719E+01
   54.0000      0.135555043328E+01
   54.1000      0.134749594525E+01
   54.2000      0.134344630086E+01
   54.3000      0.135109211338E+01
   54.4000      0.136878184911E+01
   54.5000      0.137969954279E+01
   54.6000      0.137330772517E+01
   54.7000      0.135892210034E+01
   54.8000      0.134856161250E+01
   54.9000      0.134264558676E+01
   55.0000      0.133393539191E+01
   55.1000      0.132130127151E+01
   55.2000      0.131585411839E+01
   55.3000      0.132353504202E+01
   55.4000      0.133473100010E+01
   55.5000      0.134029748150E+01
   55.6000      0.134143196954E+01
   55.7000      0.134290783216E+01
   55.8000      0.134281564822E+01
   55.9000      0.133116429243E+01
   56.0000      0.130715182322E+01
   56.1000      0.128672910070E+01
   56.2000      0.128310345509E+01
   56.3000      0.129409906254E+01
   56.4000      0.130874909150E+01
   56.5000      0.131927395367E+01
   56.6000      0.132703857974E+01
   56.7000      0.133132147585E+01
   56.8000      0.132317963930E+01
   56.9000      0.130108767538E+01
   57.0000      0.127741077127E+01
   57.1000      0.126596635953E+01
   57.2000      0.126919167414E+01
   57.3000      0.127633822262E+01
   57.4000      0.127971860300E+01
   57.5000      0.128473325848E+01
   57.6000      0.129454133993E+01
   57.7000      0.130090276988E+01
   57.8000      0.129464825645E+01
   57.9000      0.127662875879E+01
   58.0000      0.125813326559E+01
   58.1000      0.124624914589E+01
   58.2000      0.123616395181E+01
   58.3000      0.122678447576E+01
   58.4000      0.122720079081E+01
   58.5000      0.124229826083E+01
   58.6000      0.126289739217E+01
   58.7000      0.127134388167E+01
   58.8000      0.126001228086E+01
   58.9000      0.123905226237E+01
   59.0000      0.121870999164E+01
   59.1000      0.119958613279E+01
   59.2000      0.118311665274E+01
   59.3000      0.117659990718E+01
   59.4000      0.118645463740E+01
   59.5000      0.120684658823E+01
   59.6000      0.122065000693E+01
   59.7000      0.121943319588E+01
   59.8000      0.120975672970E+01
   59.9000      0.119806295776E+01
   60.0000      0.118365939577E+01
   60.1000      0.116430120545E+01
   60.2000      0.114480921254E+01
   60.3000      0.113666605079E+01
   60.4000      0.114311896723E+01
   60.5000      0.115572407369E+01
   60.6000      0.116741224751E+01
   60.7000      0.117630249339E+01
   60.8000      0.118105629365E+01
   60.9000      0.117727664970E+01
   61.0000      0.115933709296E+01
   61.1000      0.113136237956E+01
   61.2000      0.110760640946E+01
   61.3000      0.109816635490E+01
   61.4000      0.110351092390E+01
   61.5000      0.111766514126E+01
   61.6000      0.113337959442E+01
   61.7000      0.114711202211E+01
   61.8000      0.115457478202E+01
   61.9000      0.114913632616E+01
   62.0000      0.113038625438E+01
   62.1000      0.110557094850E+01
   62.2000      0.108463342604E+01
   62.3000      0.107445144753E+01
   62.4000      0.107365288812E+01
   62.5000      0.107890448056E+01
   62.6000      0.109100713672E+01
   62.7000      0.110825361753E+01
   62.8000      0.112300820705E+01
   62.9000      0.112567468465E+01
   63.0000      0.111157346617E+01
   63.1000      0.108726008826E+01
   63.2000      0.106323940415E+01
   63.3000      0.104430492710E+01
   63.4000      0.103358391026E+01
   63.5000      0.103535441724E+01
   63.6000      0.105101049896E+01
   63.7000      0.107487622893E+01
   63.8000      0.109318143927E+01
   63.9000      0.109510229605E+01
   64.0000      0.108263043589E+01
   64.1000      0.106298637187E+01
   64.2000      0.104099574034E+01
   64.3000      0.102007148840E+01
   64.4000      0.100451532262E+01
   64.5000      0.100108341060E+01
   64.6000      0.101236815799E+01
   64.7000      0.103092091251E+01
   64.8000      0.104737995009E+01
   64.9000      0.105679802046E+01
   65.0000      0.105698049250E+01
   65.1000      0.104742307180E+01
   65.2000      0.102776489175E+01
   65.3000      0.100117067276E+01
   65.4000      0.978118717502E+00
   65.5000      0.968561725875E+00
   65.6000      0.974912054493E+00
   65.7000      0.992415318181E+00
   65.8000      0.101145626850E+01
   65.9000      0.102468447488E+01
   66.0000      0.102961095759E+01
   66.1000      0.102389181706E+01
   66.2000      0.100705428787E+01
   66.3000      0.983696838636E+00
   66.4000      0.962230298716E+00
   66.5000      0.951795611591E+00
   66.6000      0.954361077874E+00
   66.7000      0.963816240566E+00
   66.8000      0.976027679480E+00
   66.9000      0.990450761957E+00
   67.0000      0.100408159822E+01
   67.1000      0.100948575789E+01
   67.2000      0.999003982941E+00
   67.3000      0.975140975272E+00
   67.4000      0.950969263911E+00
   67.5000      0.935917859506E+00
   67.6000      0.931016977272E+00
   67.7000      0.935597622592E+00
   67.8000      0.950177403954E+00
   67.9000      0.973129076959E+00
   68.0000      0.994204576704E+00
   68.1000      0.999182578811E+00
   68.2000      0.985854599199E+00
   68.3000      0.964932028974E+00
   68.4000      0.946443374454E+00
   68.5000      0.932997821933E+00
   68.6000      0.923277059368E+00
   68.7000      0.920213684795E+00
   68.8000      0.929905376362E+00
   68.9000      0.949567527156E+00
   69.0000      0.967858585587E+00
   69.1000      0.976890188928E+00
   69.2000      0.976348253198E+00
   69.3000      0.969419395004E+00
   69.4000      0.956230542604E+00
   69.5000      0.934875024459E+00
   69.6000      0.911770638094E+00
   69.7000      0.900293014601E+00
   69.8000      0.907364598992E+00
   69.9000      0.927772330311E+00
   70.0000      0.948870131391E+00
   70.1000      0.961499821124E+00
   70.2000      0.965475502924E+00
   70.3000      0.961380299938E+00
   70.4000      0.946946941946E+00
   70.5000      0.924279070933E+00
   70.6000      0.902503562451E+00
   70.7000      0.892516689879E+00
   70.8000      0.897041302700E+00
   70.9000      0.907589522646E+00
   71.0000      0.917184732267E+00
   71.1000      0.927694222574E+00
   71.2000      0.940634251840E+00
   71.3000      0.949646239275E+00
   71.4000      0.944424489284E+00
   71.5000      0.923116752630E+00
   71.6000      0.897748902593E+00
   71.7000      0.880507355367E+00
   71.8000      0.872894281164E+00
   71.9000      0.872844318522E+00
   72.0000      0.881828641706E+00
   72.1000      0.901456524678E+00
   72.2000      0.924584865468E+00
   72.3000      0.935235469786E+00
   72.4000      0.925430147687E+00
   72.5000      0.904403492621E+00
   72.6000      0.885426639442E+00
   72.7000      0.872783384461E+00
   72.8000      0.863184259951E+00
   72.9000      0.856114704587E+00
   73.0000      0.858397386814E+00
   73.1000      0.872707640927E+00
   73.2000      0.889990169086E+00
   73.3000      0.900060978551E+00
   73.4000      0.901092668426E+00
   73.5000      0.897027635742E+00
   73.6000      0.889219342572E+00
   73.7000      0.873321494270E+00
   73.8000      0.849923237502E+00
   73.9000      0.831307676396E+00
   74.0000      0.829603214702E+00
   74.1000      0.844604985580E+00
   74.2000      0.864861493161E+00
   74.3000      0.878738321652E+00
   74.4000      0.884427538073E+00
   74.5000      0.884591659130E+00
   74.6000      0.877124040699E+00
   74.7000      0.859981271888E+00
   74.8000      0.838585249156E+00
   74.9000      0.823757381173E+00
   75.0000      0.822168643975E+00
   75.1000      0.828729819368E+00
   75.2000      0.834922293802E+00
   75.3000      0.841270449098E+00
   75.4000      0.852440214356E+00
   75.5000      0.865847766375E+00
   75.6000      0.870922259564E+00
   75.7000      0.859774006038E+00
   75.8000      0.838131340052E+00
   75.9000      0.818945602454E+00
   76.0000      0.807679847205E+00
   76.1000      0.802901065227E+00
   76.2000      0.804888337814E+00
   76.3000      0.816475296472E+00
   76.4000      0.836244477391E+00
   76.5000      0.853008531286E+00
   76.6000      0.854859830678E+00
   76.7000      0.842997615907E+00
   76.8000      0.827826394532E+00
   76.9000      0.816040988255E+00
   77.0000      0.806640135525E+00
   77.1000      0.796881405274E+00
   77.2000      0.790610471217E+00
   77.3000      0.794860569634E+00
   77.4000      0.808616020117E+00
   77.5000      0.823602938251E+00
   77.6000      0.833055684088E+00
   77.7000      0.835497649879E+00
   77.8000      0.832617916249E+00
   77.9000      0.823577952859E+00
   78.0000      0.806422806963E+00
   78.1000      0.786514918395E+00
   78.2000      0.774829158807E+00
   78.3000      0.777932430628E+00
   78.4000      0.792444876056E+00
   78.5000      0.807823400557E+00
   78.6000      0.817101223604E+00
   78.7000      0.821693391802E+00
   78.8000      0.823209143848E+00
   78.9000      0.819040160010E+00
   79.0000      0.807097131329E+00
   79.1000      0.790734197679E+00
   79.2000      0.778365306923E+00
   79.3000      0.774883351856E+00
   79.4000      0.777119608718E+00
   79.5000      0.782029217786E+00
   79.6000      0.791250304845E+00
   79.7000      0.805456264665E+00
   79.8000      0.819047145712E+00
   79.9000      0.821920894182E+00
   80.0000      0.810051917541E+00
   80.1000      0.791297733252E+00
   80.2000      0.775781165958E+00
   80.3000      0.767175269337E+00
   80.4000      0.764631526442E+00
   80.5000      0.767410891688E+00
   80.6000      0.776779569881E+00
   80.7000      0.791328235457E+00
   80.8000      0.803595430606E+00
   80.9000      0.807308271184E+00
   81.0000      0.802863156056E+00
   81.1000      0.794073019172E+00
   81.2000      0.783863520252E+00
   81.3000      0.772087574267E+00
   81.4000      0.759231025531E+00
   81.5000      0.751052461809E+00
   81.6000      0.753483599446E+00
   81.7000      0.766110983101E+00
   81.8000      0.782507140732E+00
   81.9000      0.794310022547E+00
   82.0000      0.797665912171E+00
   82.1000      0.794181373188E+00
   82.2000      0.785226531133E+00
   82.3000      0.771575097254E+00
   82.4000      0.756413603671E+00
   82.5000      0.745114290584E+00
   82.6000      0.742742894383E+00
   82.7000      0.748930299533E+00
   82.8000      0.757949197738E+00
   82.9000      0.766310856430E+00
   83.0000      0.774274706379E+00
   83.1000      0.781144019972E+00
   83.2000      0.783194678282E+00
   83.3000      0.775745601472E+00
   83.4000      0.759661667992E+00
   83.5000      0.742989219491E+00
   83.6000      0.732762779001E+00
   83.7000      0.730489140007E+00
   83.8000      0.734529883816E+00
   83.9000      0.742605994144E+00
   84.0000      0.753286552876E+00
   84.1000      0.763599470915E+00
   84.2000      0.767882278055E+00
   84.3000      0.763417019755E+00
   84.4000      0.752800572409E+00
   84.5000      0.740678635697E+00
   84.6000      0.730755256535E+00
   84.7000      0.723420786310E+00
   84.8000      0.718223703430E+00
   84.9000      0.717846097478E+00
   85.0000      0.724761516666E+00
   85.1000      0.737061257462E+00
   85.2000      0.748683588544E+00
   85.3000      0.752669847857E+00
   85.4000      0.747435544267E+00
   85.5000      0.737204292922E+00
   85.6000      0.725611328714E+00
   85.7000      0.714266947117E+00
   85.8000      0.705126547391E+00
   85.9000      0.701372196903E+00
   86.0000      0.705868421278E+00
   86.1000      0.716179371143E+00
   86.2000      0.725341632956E+00
   86.3000      0.729915309388E+00
   86.4000      0.731487947324E+00
   86.5000      0.731612057010E+00
   86.6000      0.728481150397E+00
   86.7000      0.718510152342E+00
   86.8000      0.703323736927E+00
   86.9000      0.691071531363E+00
   87.0000      0.687778319149E+00
   87.1000      0.692809650620E+00
   87.2000      0.701810900178E+00
   87.3000      0.710940965922E+00
   87.4000      0.719177110319E+00
   87.5000      0.724884049473E+00
   87.6000      0.723903294433E+00
   87.7000      0.715030575382E+00
   87.8000      0.702402037492E+00
   87.9000      0.691907298948E+00
   88.0000      0.686779136179E+00
   88.1000      0.685057272758E+00
   88.2000      0.684208255833E+00
   88.3000      0.686408985692E+00
   88.4000      0.694531771365E+00
   88.5000      0.706632871482E+00
   88.6000      0.715913407341E+00
   88.7000      0.715755259437E+00
   88.8000      0.706790331233E+00
   88.9000      0.695282894236E+00
   89.0000      0.685102110889E+00
   89.1000      0.676782311458E+00
   89.2000      0.671272775319E+00
   89.3000      0.671429473533E+00
   89.4000      0.679303422333E+00
   89.5000      0.690730609832E+00
   89.6000      0.698015467777E+00
   89.7000      0.699059935353E+00
   89.8000      0.697686083812E+00
   89.9000      0.696722376656E+00
   90.0000      0.693827055089E+00
   90.1000      0.684470710180E+00
   90.2000      0.670444125943E+00
   90.3000      0.660376815763E+00
   90.4000      0.659882698843E+00
   90.5000      0.666998392650E+00
   90.6000      0.676105452042E+00
   90.7000      0.683549030268E+00
   90.8000      0.689622291725E+00
   90.9000      0.693568698024E+00
   91.0000      0.691466617586E+00
   91.1000      0.682371568435E+00
   91.2000      0.670994197427E+00
   91.3000      0.663524118506E+00
   91.4000      0.661921969483E+00
   91.5000      0.661961221360E+00
   91.6000      0.660266490866E+00
   91.7000      0.660252927350E+00
   91.8000      0.666527687689E+00
   91.9000      0.677603289619E+00
   92.0000      0.685835014630E+00
   92.1000      0.684516277952E+00
   92.2000      0.675648060802E+00
   92.3000      0.666355827732E+00
   92.4000      0.659680657652E+00
   92.5000      0.654523744001E+00
   92.6000      0.650895369125E+00
   92.7000      0.651866147510E+00
   92.8000      0.659540778045E+00
   92.9000      0.669147713005E+00
   93.0000      0.673241720059E+00
   93.1000      0.671398949152E+00
   93.2000      0.669258893285E+00
   93.3000      0.670040928590E+00
   93.4000      0.669965165970E+00
   93.5000      0.662960485514E+00
   93.6000      0.650717346317E+00
   93.7000      0.642408175826E+00
   93.8000      0.643605561650E+00
   93.9000      0.651510006464E+00
   94.0000      0.659693236675E+00
   94.1000      0.664966790803E+00
   94.2000      0.668991609396E+00
   94.3000      0.671859015890E+00
   94.4000      0.669775753166E+00
   94.5000      0.661666026997E+00
   94.6000      0.652155669988E+00
   94.7000      0.647232900808E+00
   94.8000      0.647852403444E+00
   94.9000      0.648566594278E+00
   95.0000      0.646011565857E+00
   95.1000      0.644685378889E+00
   95.2000      0.650135808533E+00
   95.3000      0.660852234489E+00
   95.4000      0.668476716219E+00
   95.5000      0.666258066441E+00
   95.6000      0.657036218923E+00
   95.7000      0.648431615715E+00
   95.8000      0.643202393726E+00
   95.9000      0.639453703195E+00
   96.0000      0.636306435226E+00
   96.1000      0.636476054994E+00
   96.2000      0.642295021012E+00
   96.3000      0.649734780719E+00
   96.4000      0.652444205113E+00
   96.5000      0.650443842161E+00
   96.6000      0.648904512576E+00
   96.7000      0.650512434627E+00
   96.8000      0.651223983986E+00
   96.9000      0.644889957982E+00
   97.0000      0.633057244780E+00
   97.1000      0.624595160472E+00
   97.2000      0.625182490329E+00
   97.3000      0.632296519529E+00
   97.4000      0.639125291535E+00
   97.5000      0.642067353048E+00
   97.6000      0.643473815144E+00
   97.7000      0.645165582351E+00
   97.8000      0.644652835296E+00
   97.9000      0.639927409107E+00
   98.0000      0.633069707132E+00
   98.1000      0.628625375980E+00
   98.2000      0.628231429994E+00
   98.3000      0.627935442841E+00
   98.4000      0.624953759682E+00
   98.5000      0.623087479490E+00
   98.6000      0.627476281154E+00
   98.7000      0.637329344286E+00
   98.8000      0.644912891081E+00
   98.9000      0.643216786268E+00
   99.0000      0.634559474862E+00
   99.1000      0.626739843298E+00
   99.2000      0.623300677135E+00
   99.3000      0.621924907841E+00
   99.4000      0.619498222250E+00
   99.5000      0.617202405419E+00
   99.6000      0.618784851688E+00
   99.7000      0.623600472600E+00
   99.8000      0.627244012156E+00
   99.9000      0.628069759931E+00
  100.0000      0.628258125393E+00
  100.1000      0.629843349241E+00
  100.2000      0.630435366758E+00
  100.3000      0.625084469351E+00
  100.4000      0.614454076452E+00
  100.5000      0.605815687296E+00
  100.6000      0.604943348837E+00
  100.7000      0.610583687761E+00
  100.8000      0.616049030934E+00
  100.9000      0.616892308134E+00
  101.0000      0.615791922888E+00
  101.1000      0.616776085365E+00
  101.2000      0.619128344984E+00
  101.3000      0.619165504255E+00
  101.4000      0.614921274245E+00
  101.5000      0.609002759802E+00
  101.6000      0.605138985092E+00
  101.7000      0.602848369282E+00
  101.8000      0.600207143986E+00
  101.9000      0.598572256221E+00
  102.0000      0.601033504868E+00
  102.1000      0.607972358117E+00
  102.2000      0.614326401394E+00
  102.3000      0.614076542968E+00
  102.4000      0.608092079379E+00
  102.5000      0.602508299818E+00
  102.6000      0.600939607648E+00
  102.7000      0.601363596224E+00
  102.8000      0.599233069635E+00
  102.9000      0.594116426692E+00
  103.0000      0.590832436100E+00
  103.1000      0.592471040223E+00
  103.2000      0.597153611872E+00
  103.3000      0.601212678911E+00
  103.4000      0.602716310946E+00
  103.5000      0.602795901245E+00
  103.6000      0.602289047627E+00
  103.7000      0.599317667153E+00
  103.8000      0.593306740797E+00
  103.9000      0.587242493317E+00
  104.0000      0.584819005374E+00
  104.1000      0.586872318974E+00
  104.2000      0.589730860413E+00
  104.3000      0.589696449803E+00
  104.4000      0.588382828683E+00
  104.5000      0.589650009862E+00
  104.6000      0.594057761951E+00
  104.7000      0.597805935645E+00
  104.8000      0.596251094453E+00
  104.9000      0.589788899662E+00
  105.0000      0.583409334658E+00
  105.1000      0.580211252016E+00
  105.2000      0.579575213425E+00
  105.3000      0.579680500190E+00
  105.4000      0.580033077983E+00
  105.5000      0.582071113263E+00
  105.6000      0.585639316630E+00
  105.7000      0.587941877824E+00
  105.8000      0.587616876135E+00
  105.9000      0.585870313996E+00
  106.0000      0.584443523912E+00
  106.1000      0.583459957658E+00
  106.2000      0.580564882704E+00
  106.3000      0.574879890829E+00
  106.4000      0.569771596852E+00
  106.5000      0.569015897565E+00
  106.6000      0.573066659777E+00
  106.7000      0.578541479362E+00
  106.8000      0.581129796909E+00
  106.9000      0.580572084920E+00
  107.0000      0.579763228911E+00
  107.1000      0.579905362170E+00
  107.2000      0.579679718403E+00
  107.3000      0.577024253794E+00
  107.4000      0.571949714260E+00
  107.5000      0.567424458559E+00
  107.6000      0.565358094059E+00
  107.7000      0.565041956215E+00
  107.8000      0.565762558211E+00
  107.9000      0.567598395398E+00
  108.0000      0.570975335963E+00
  108.1000      0.575031980588E+00
  108.2000      0.576711557615E+00
  108.3000      0.574585619565E+00
  108.4000      0.570835957888E+00
  108.5000      0.568182285703E+00
  108.6000      0.567420516459E+00
  108.7000      0.566645206496E+00
  108.8000      0.563744740476E+00
  108.9000      0.560319995827E+00
  109.0000      0.559693492411E+00
  109.1000      0.562765500862E+00
  109.2000      0.567431506991E+00
  109.3000      0.570104093935E+00
  109.4000      0.569419035052E+00
  109.5000      0.567508571879E+00
  109.6000      0.566099627622E+00
  109.7000      0.564928085421E+00
  109.8000      0.563229788850E+00
  109.9000      0.560889556264E+00
  110.0000      0.559437933393E+00
  110.1000      0.559976928250E+00
  110.2000      0.561151512948E+00
  110.3000      0.561842594844E+00
  110.4000      0.562642989760E+00
  110.5000      0.564439536025E+00
  110.6000      0.567043318554E+00
  110.7000      0.567985846619E+00
  110.8000      0.565148490791E+00
  110.9000      0.560385667167E+00
  111.0000      0.557250584933E+00
  111.1000      0.557360774904E+00
  111.2000      0.559324122052E+00
  111.3000      0.560050627944E+00
  111.4000      0.558992037158E+00
  111.5000      0.558777006403E+00
  111.6000      0.560925801791E+00
  111.7000      0.564264640189E+00
  111.8000      0.566101499583E+00
  111.9000      0.564676119791E+00
  112.0000      0.561483110957E+00
  112.1000      0.558725322382E+00
  112.2000      0.556557618390E+00
  112.3000      0.554611061577E+00
  112.4000      0.553087988940E+00
  112.5000      0.552942180357E+00
  112.6000      0.554889008667E+00
  112.7000      0.557192700919E+00
  112.8000      0.557744243848E+00
  112.9000      0.557147691589E+00
  113.0000      0.557197090969E+00
  113.1000      0.558579467165E+00
  113.2000      0.559524507648E+00
  113.3000      0.557128272787E+00
  113.4000      0.551902442296E+00
  113.5000      0.547685444172E+00
  113.6000      0.547101470893E+00
  113.7000      0.549528162373E+00
  113.8000      0.551742483795E+00
  113.9000      0.551514242650E+00
  114.0000      0.550510514951E+00
  114.1000      0.551071492863E+00
  114.2000      0.553017830549E+00
  114.3000      0.554450028490E+00
  114.4000      0.553522697916E+00
  114.5000      0.550825065924E+00
  114.6000      0.548599836891E+00
  114.7000      0.547232722652E+00
  114.8000      0.545960011161E+00
  114.9000      0.544993974177E+00
  115.0000      0.545318911802E+00
  115.1000      0.547780953107E+00
  115.2000      0.550914997264E+00
  115.3000      0.551662697535E+00
  115.4000      0.549813686486E+00
  115.5000      0.548066428975E+00
  115.6000      0.548462525347E+00
  115.7000      0.550148904156E+00
  115.8000      0.549606096241E+00
  115.9000      0.545268539396E+00
  116.0000      0.540422519469E+00
  116.1000      0.538981178985E+00
  116.2000      0.541428495419E+00
  116.3000      0.544756457005E+00
  116.4000      0.545432546572E+00
  116.5000      0.543764190107E+00
  116.6000      0.542765622297E+00
  116.7000      0.543442012432E+00
  116.8000      0.544418699765E+00
  116.9000      0.543944193843E+00
  117.0000      0.541938193867E+00
  117.1000      0.540407170464E+00
  117.2000      0.540008104876E+00
  117.3000      0.539298732428E+00
  117.4000      0.538034463052E+00
  117.5000      0.537693243585E+00
  117.6000      0.539742018241E+00
  117.7000      0.543318347150E+00
  117.8000      0.544675994155E+00
  117.9000      0.542022172236E+00
  118.0000      0.538355927207E+00
  118.1000      0.537510953031E+00
  118.2000      0.540021891778E+00
  118.3000      0.542258983342E+00
  118.4000      0.540409567712E+00
  118.5000      0.536033763777E+00
  118.6000      0.534020483796E+00
  118.7000      0.536478766020E+00
  118.8000      0.541078090888E+00
  118.9000      0.543507127304E+00
  119.0000      0.542344181972E+00
  119.1000      0.540478933004E+00
  119.2000      0.540152834230E+00
  119.3000      0.540530649974E+00
  119.4000      0.539997958013E+00
  119.5000      0.538245821994E+00
  119.6000      0.537009031803E+00
  119.7000      0.537328862349E+00
  119.8000      0.537288950048E+00
  119.9000      0.535587019697E+00
  120.0000      0.534007445310E+00
  120.1000      0.535092833076E+00
  120.2000      0.538974668849E+00
  120.3000      0.541757502407E+00
  120.4000      0.539584339608E+00
  120.5000      0.534311296069E+00
  120.6000      0.531188388157E+00
  120.7000      0.532744058794E+00
  120.8000      0.536275992278E+00
  120.9000      0.536524719097E+00
  121.0000      0.532424733666E+00
  121.1000      0.528654096899E+00
  121.2000      0.529201266372E+00
  121.3000      0.533234659230E+00
  121.4000      0.536552294705E+00
  121.5000      0.536089326263E+00
  121.6000      0.533557450203E+00
  121.7000      0.532180614264E+00
  121.8000      0.532095327502E+00
  121.9000      0.531689471201E+00
  122.0000      0.530274438709E+00
  122.1000      0.529111774619E+00
  122.2000      0.529813513270E+00
  122.3000      0.530945980862E+00
  122.4000      0.529960887013E+00
  122.5000      0.527707068191E+00
  122.6000      0.527411654045E+00
  122.7000      0.530769303688E+00
  122.8000      0.535083499207E+00
  122.9000      0.535112222245E+00
  123.0000      0.530064639444E+00
  123.1000      0.525116637212E+00
  123.2000      0.525018392935E+00
  123.3000      0.529150170862E+00
  123.4000      0.532049151337E+00
  123.5000      0.529704454064E+00
  123.6000      0.524997740836E+00
  123.7000      0.523530212193E+00
  123.8000      0.526782573254E+00
  123.9000      0.531300381482E+00
  124.0000      0.532490294287E+00
  124.1000      0.529924100763E+00
  124.2000      0.527283582499E+00
  124.3000      0.526534621212E+00
  124.4000      0.526406917624E+00
  124.5000      0.525358089408E+00
  124.6000      0.523621610655E+00
  124.7000      0.523178808730E+00
  124.8000      0.524296280765E+00
  124.9000      0.524299720379E+00
  125.0000      0.522209549534E+00
  125.1000      0.520609085784E+00
  125.2000      0.522394271811E+00
  125.3000      0.527048997032E+00
  125.4000      0.529654555789E+00
  125.5000      0.526508547688E+00
  125.6000      0.520659737982E+00
  125.7000      0.518144466472E+00
  125.8000      0.521131616201E+00
  125.9000      0.525574158308E+00
  126.0000      0.525296736877E+00
  126.1000      0.519898860879E+00
  126.2000      0.515326099632E+00
  126.3000      0.516116244039E+00
  126.4000      0.520863306543E+00
  126.5000      0.524149099158E+00
  126.6000      0.522559994195E+00
  126.7000      0.518776215099E+00
  126.8000      0.517098792601E+00
  126.9000      0.517987421650E+00
  127.0000      0.519099261233E+00
  127.1000      0.518526686976E+00
  127.2000      0.517154447532E+00
  127.3000      0.517136875203E+00
  127.4000      0.517745485437E+00
  127.5000      0.516822324403E+00
  127.6000      0.514804690675E+00
  127.7000      0.514205427288E+00
  127.8000      0.516623443854E+00
  127.9000      0.519704992886E+00
  128.0000      0.518734120489E+00
  128.1000      0.513399987053E+00
  128.2000      0.508865974980E+00
  128.3000      0.509639705343E+00
  128.4000      0.514656570110E+00
  128.5000      0.517665690925E+00
  128.6000      0.514428770529E+00
  128.7000      0.508603669077E+00
  128.8000      0.506903526036E+00
  128.9000      0.511266317469E+00
  129.0000      0.517087379345E+00
  129.1000      0.517964827696E+00
  129.2000      0.513350881632E+00
  129.3000      0.508831922117E+00
  129.4000      0.508461793246E+00
  129.5000      0.511009161874E+00
  129.6000      0.512388344315E+00
  129.7000      0.510445421377E+00
  129.8000      0.507657136785E+00
  129.9000      0.506913705301E+00
  130.0000      0.507533208796E+00
  130.1000      0.507723948178E+00
  130.2000      0.507266437269E+00
  130.3000      0.507656309384E+00
  130.4000      0.509759956444E+00
  130.5000      0.510975923932E+00
  130.6000      0.508562872306E+00
  130.7000      0.504371554276E+00
  130.8000      0.502760064611E+00
  130.9000      0.505699919246E+00
  131.0000      0.509827551526E+00
  131.1000      0.509314170913E+00
  131.2000      0.503755777942E+00
  131.3000      0.499226055468E+00
  131.4000      0.500860761724E+00
  131.5000      0.507298268350E+00
  131.6000      0.511573175080E+00
  131.7000      0.508825825055E+00
  131.8000      0.502584213915E+00
  131.9000      0.499861157009E+00
  132.0000      0.502927368900E+00
  132.1000      0.507643369719E+00
  132.2000      0.508055800209E+00
  132.3000      0.503564706278E+00
  132.4000      0.499354623699E+00
  132.5000      0.499105408575E+00
  132.6000      0.501632996390E+00
  132.7000      0.503452284806E+00
  132.8000      0.502731735010E+00
  132.9000      0.501429874719E+00
  133.0000      0.501588184970E+00
  133.1000      0.502007488074E+00
  133.2000      0.501224199912E+00
  133.3000      0.499948773922E+00
  133.4000      0.500191925744E+00
  133.5000      0.502643719592E+00
  133.6000      0.504225071727E+00
  133.7000      0.501814259927E+00
  133.8000      0.497445044627E+00
  133.9000      0.495978941805E+00
  134.0000      0.499575277226E+00
  134.1000      0.504676914860E+00
  134.2000      0.504915740585E+00
  134.3000      0.499331970289E+00
  134.4000      0.494044822700E+00
  134.5000      0.494707953352E+00
  134.6000      0.500515255211E+00
  134.7000      0.504754016603E+00
  134.8000      0.502191144319E+00
  134.9000      0.495875129543E+00
  135.0000      0.492915819402E+00
  135.1000      0.496038916889E+00
  135.2000      0.501451668177E+00
  135.3000      0.502970370348E+00
  135.4000      0.499211634821E+00
  135.5000      0.494956917465E+00
  135.6000      0.494194301665E+00
  135.7000      0.496171658474E+00
  135.8000      0.497525757116E+00
  135.9000      0.496104784071E+00
  136.0000      0.493654545954E+00
  136.1000      0.492719368952E+00
  136.2000      0.492709837461E+00
  136.3000      0.492153890248E+00
  136.4000      0.491248417317E+00
  136.5000      0.491516381313E+00
  136.6000      0.493882614424E+00
  136.7000      0.495955017858E+00
  136.8000      0.494599574211E+00
  136.9000      0.491048687824E+00
  137.0000      0.489460381790E+00
  137.1000      0.492155903914E+00
  137.2000      0.496613524631E+00
  137.3000      0.497111021575E+00
  137.4000      0.492107706767E+00
  137.5000      0.486856633271E+00
  137.6000      0.486950331079E+00
  137.7000      0.492406326679E+00
  137.8000      0.497254782344E+00
  137.9000      0.495787750078E+00
  138.0000      0.489971456330E+00
  138.1000      0.486732070195E+00
  138.2000      0.489587986646E+00
  138.3000      0.495455000927E+00
  138.4000      0.497789187350E+00
  138.5000      0.494120804893E+00
  138.6000      0.489116879538E+00
  138.7000      0.488002064742E+00
  138.8000      0.491004354070E+00
  138.9000      0.494240943591E+00
  139.0000      0.493947500006E+00
  139.1000      0.491059510702E+00
  139.2000      0.489332491422E+00
  139.3000      0.489817740201E+00
  139.4000      0.490916033275E+00
  139.5000      0.490984209325E+00
  139.6000      0.490008369262E+00
  139.7000      0.489679793673E+00
  139.8000      0.490003794373E+00
  139.9000      0.488976224633E+00
  140.0000      0.486544467428E+00
  140.1000      0.484874143067E+00
  140.2000      0.485926748340E+00
  140.3000      0.488996913380E+00
  140.4000      0.490081558498E+00
  140.5000      0.487076252144E+00
  140.6000      0.483251816270E+00
  140.7000      0.483066321609E+00
  140.8000      0.487338377138E+00
  140.9000      0.491718918880E+00
  141.0000      0.490750111999E+00
  141.1000      0.485162058305E+00
  141.2000      0.481086200919E+00
  141.3000      0.482651356902E+00
  141.4000      0.487979475657E+00
  141.5000      0.490743125103E+00
  141.6000      0.487322174124E+00
  141.7000      0.481675391826E+00
  141.8000      0.479918334866E+00
  141.9000      0.483489386688E+00
  142.0000      0.488311786407E+00
  142.1000      0.488857442891E+00
  142.2000      0.484776091263E+00
  142.3000      0.481030917429E+00
  142.4000      0.481070675345E+00
  142.5000      0.483893200790E+00
  142.6000      0.485829031213E+00
  142.7000      0.484414682410E+00
  142.8000      0.481621089432E+00
  142.9000      0.480533925022E+00
  143.0000      0.481309128646E+00
  143.1000      0.482499017142E+00
  143.2000      0.482818802807E+00
  143.3000      0.482540805915E+00
  143.4000      0.483121491779E+00
  143.5000      0.483986545507E+00
  143.6000      0.483540506044E+00
  143.7000      0.482250075138E+00
  143.8000      0.481772640862E+00
  143.9000      0.483326175381E+00
  144.0000      0.485731455615E+00
  144.1000      0.485598254923E+00
  144.2000      0.482384404942E+00
  144.3000      0.479567159335E+00
  144.4000      0.480296719661E+00
  144.5000      0.484280584923E+00
  144.6000      0.487150136722E+00
  144.7000      0.485044006591E+00
  144.8000      0.480176875812E+00
  144.9000      0.477861103809E+00
  145.0000      0.480410629018E+00
  145.1000      0.484978144065E+00
  145.2000      0.485825564127E+00
  145.3000      0.481286467631E+00
  145.4000      0.476196077419E+00
  145.5000      0.475525860712E+00
  145.6000      0.479439365274E+00
  145.7000      0.483391290343E+00
  145.8000      0.482642258854E+00
  145.9000      0.478373093058E+00
  146.0000      0.475805628739E+00
  146.1000      0.477557424891E+00
  146.2000      0.481786624805E+00
  146.3000      0.484068214753E+00
  146.4000      0.482192955634E+00
  146.5000      0.479080616292E+00
  146.6000      0.478177436702E+00
  146.7000      0.479676309434E+00
  146.8000      0.481526791402E+00
  146.9000      0.481353283819E+00
  147.0000      0.479485344761E+00
  147.1000      0.478342151790E+00
  147.2000      0.478393122781E+00
  147.3000      0.478682414595E+00
  147.4000      0.478636337339E+00
  147.5000      0.478242427976E+00
  147.6000      0.478511418208E+00
  147.7000      0.479293076861E+00
  147.8000      0.478762989077E+00
  147.9000      0.476927547184E+00
  148.0000      0.475545953690E+00
  148.1000      0.476008175725E+00
  148.2000      0.478104670326E+00
  148.3000      0.478966427733E+00
  148.4000      0.476651314246E+00
  148.5000      0.473472878610E+00
  148.6000      0.472746645477E+00
  148.7000      0.475433898909E+00
  148.8000      0.478947859053E+00
  148.9000      0.478969601197E+00
  149.0000      0.475306854557E+00
  149.1000      0.472274996600E+00
  149.2000      0.473118126205E+00
  149.3000      0.477135766347E+00
  149.4000      0.479885473597E+00
  149.5000      0.477783603932E+00
  149.6000      0.473207923301E+00
  149.7000      0.471086710931E+00
  149.8000      0.473256773697E+00
  149.9000      0.477280592012E+00
  150.0000      0.478365875850E+00
  150.1000      0.475108147502E+00
  150.2000      0.471485044871E+00
  150.3000      0.471196997587E+00
  150.4000      0.474206953239E+00
  150.5000      0.477249501143E+00
  150.6000      0.476763428943E+00
  150.7000      0.473658101087E+00
  150.8000      0.471759652799E+00
  150.9000      0.472668515996E+00
  151.0000      0.475246674149E+00
  151.1000      0.476749732092E+00
  151.2000      0.475642850828E+00
  151.3000      0.473951383482E+00
  151.4000      0.473696579644E+00
  151.5000      0.474631595744E+00
  151.6000      0.475729849071E+00
  151.7000      0.475673478049E+00
  151.8000      0.474637448629E+00
  151.9000      0.474089345900E+00
  152.0000      0.473770854399E+00
  152.1000      0.472988008637E+00
  152.2000      0.472053180227E+00
  152.3000      0.471311521581E+00
  152.4000      0.471518366474E+00
  152.5000      0.472274023968E+00
  152.6000      0.471758343998E+00
  152.7000      0.470241194185E+00
  152.8000      0.469529293067E+00
  152.9000      0.470667009367E+00
  153.0000      0.473364513699E+00
  153.1000      0.475005899409E+00
  153.2000      0.473737761469E+00
  153.3000      0.471573582839E+00
  153.4000      0.471167398608E+00
  153.5000      0.473224778491E+00
  153.6000      0.475861657839E+00
  153.7000      0.475541447593E+00
  153.8000      0.472071022979E+00
  153.9000      0.469038009834E+00
  154.0000      0.468982132109E+00
  154.1000      0.471592489255E+00
  154.2000      0.473589210788E+00
  154.3000      0.471865590100E+00
  154.4000      0.468194227515E+00
  154.5000      0.466478781718E+00
  154.6000      0.468161653798E+00
  154.7000      0.471567930965E+00
  154.8000      0.472734102888E+00
  154.9000      0.470128060046E+00
  155.0000      0.467013727098E+00
  155.1000      0.466506334997E+00
  155.2000      0.468763155864E+00
  155.3000      0.471309308880E+00
  155.4000      0.470868615949E+00
  155.5000      0.467991155544E+00
  155.6000      0.466116815712E+00
  155.7000      0.466748424986E+00
  155.8000      0.469110646640E+00
  155.9000      0.470724038982E+00
  156.0000      0.469721704854E+00
  156.1000      0.467871798697E+00
  156.2000      0.467386257517E+00
  156.3000      0.468360147423E+00
  156.4000      0.469909951597E+00
  156.5000      0.470220763145E+00
  156.6000      0.468934618411E+00
  156.7000      0.467950234357E+00
  156.8000      0.467872482938E+00
  156.9000      0.468285289148E+00
  157.0000      0.468785199442E+00
  157.1000      0.468503590582E+00
  157.2000      0.468051015210E+00
  157.3000      0.468260809246E+00
  157.4000      0.468294087520E+00
  157.5000      0.468061457804E+00
  157.6000      0.467913384292E+00
  157.7000      0.467843711284E+00
  157.8000      0.468427844349E+00
  157.9000      0.468841466356E+00
  158.0000      0.467886909307E+00
  158.1000      0.466601058820E+00
  158.2000      0.466026169589E+00
  158.3000      0.466545225348E+00
  158.4000      0.467848298309E+00
  158.5000      0.467876803521E+00
  158.6000      0.466230180782E+00
  158.7000      0.464947642428E+00
  158.8000      0.465167228408E+00
  158.9000      0.466973213334E+00
  159.0000      0.468707067429E+00
  159.1000      0.467969499128E+00
  159.2000      0.465758174834E+00
  159.3000      0.464586978249E+00
  159.4000      0.465328921011E+00
  159.5000      0.467382766211E+00
  159.6000      0.468068236264E+00
  159.7000      0.465895941535E+00
  159.8000      0.463307402724E+00
  159.9000      0.462609082006E+00
  160.0000      0.464119651088E+00
  160.1000      0.466337985369E+00
  160.2000      0.466287740948E+00
  160.3000      0.464012957044E+00
  160.4000      0.462489427746E+00
  160.5000      0.463113128944E+00
  160.6000      0.465520572435E+00
  160.7000      0.467447365587E+00
  160.8000      0.466527558777E+00
  160.9000      0.464322640721E+00
  161.0000      0.463441572631E+00
  161.1000      0.464407748208E+00
  161.2000      0.466443085861E+00
  161.3000      0.467052434304E+00
  161.4000      0.465202508222E+00
  161.5000      0.463337085983E+00
  161.6000      0.463077279867E+00
  161.7000      0.464372383932E+00
  161.8000      0.466091203390E+00
  161.9000      0.465923224416E+00
  162.0000      0.464225254037E+00
  162.1000      0.463296090203E+00
  162.2000      0.463576449847E+00
  162.3000      0.464761787645E+00
  162.4000      0.465528068271E+00
  162.5000      0.464412282541E+00
  162.6000      0.462863231280E+00
  162.7000      0.462198752830E+00
  162.8000      0.462089538860E+00
  162.9000      0.462475383938E+00
  163.0000      0.462294650416E+00
  163.1000      0.461233598654E+00
  163.2000      0.460774102459E+00
  163.3000      0.460785612589E+00
  163.4000      0.460911781372E+00
  163.5000      0.461452099714E+00
  163.6000      0.461580682757E+00
  163.7000      0.461665383053E+00
  163.8000      0.462322251715E+00
  163.9000      0.462555479960E+00
  164.0000      0.462660906920E+00
  164.1000      0.463005620378E+00
  164.2000      0.463063752800E+00
  164.3000      0.463542379253E+00
  164.4000      0.463994746309E+00
  164.5000      0.463439762745E+00
  164.6000      0.462932205200E+00
  164.7000      0.462755325647E+00
  164.8000      0.462893205928E+00
  164.9000      0.463734749874E+00
  165.0000      0.463764924655E+00
  165.1000      0.462705169405E+00
  165.2000      0.462103140656E+00
  165.3000      0.462086632824E+00
  165.4000      0.462890551499E+00
  165.5000      0.463884593385E+00
  165.6000      0.463164319765E+00
  165.7000      0.461660040842E+00
  165.8000      0.460934235642E+00
  165.9000      0.461018457047E+00
  166.0000      0.462082317513E+00
  166.1000      0.462452506265E+00
  166.2000      0.460843972823E+00
  166.3000      0.459248093729E+00
  166.4000      0.458792329502E+00
  166.5000      0.459541371171E+00
  166.6000      0.461084783713E+00
  166.7000      0.461009560063E+00
  166.8000      0.459302061402E+00
  166.9000      0.458351475152E+00
  167.0000      0.458640257925E+00
  167.1000      0.460197871146E+00
  167.2000      0.461675052370E+00
  167.3000      0.460805012435E+00
  167.4000      0.459061321104E+00
  167.5000      0.458444123905E+00
  167.6000      0.458979842657E+00
  167.7000      0.460593595566E+00
  167.8000      0.461156597024E+00
  167.9000      0.459481832603E+00
  168.0000      0.458023137350E+00
  168.1000      0.457868641180E+00
  168.2000      0.458944793470E+00
  168.3000      0.460736612951E+00
  168.4000      0.460742698470E+00
  168.5000      0.459282573358E+00
  168.6000      0.458790984690E+00
  168.7000      0.459364934804E+00
  168.8000      0.461051406710E+00
  168.9000      0.462627816652E+00
  169.0000      0.461979313509E+00
  169.1000      0.460784137042E+00
  169.2000      0.460626786434E+00
  169.3000      0.461170037147E+00
  169.4000      0.462596490322E+00
  169.5000      0.462972992063E+00
  169.6000      0.461336705724E+00
  169.7000      0.460092753411E+00
  169.8000      0.459678620872E+00
  169.9000      0.459921825750E+00
  170.0000      0.460755902028E+00
  170.1000      0.459985691994E+00
  170.2000      0.458205487731E+00
  170.3000      0.457447437294E+00
  170.4000      0.457130191071E+00
  170.5000      0.457616098173E+00
  170.6000      0.458264219831E+00
  170.7000      0.457275691239E+00
  170.8000      0.456372367027E+00
  170.9000      0.456394152173E+00
  171.0000      0.456634431134E+00
  171.1000      0.457873311722E+00
  171.2000      0.458526684688E+00
  171.3000      0.457784167631E+00
  171.4000      0.457823635239E+00
  171.5000      0.458238366896E+00
  171.6000      0.458824940550E+00
  171.7000      0.460059774799E+00
  171.8000      0.459955486029E+00
  171.9000      0.459325052222E+00
  172.0000      0.459638145804E+00
  172.1000      0.459412689673E+00
  172.2000      0.459386676551E+00
  172.3000      0.459631273977E+00
  172.4000      0.458754697764E+00
  172.5000      0.458489392600E+00
  172.6000      0.458516616842E+00
  172.7000      0.457575550643E+00
  172.8000      0.457475293416E+00
  172.9000      0.457413055998E+00
  173.0000      0.456864031518E+00
  173.1000      0.457479185100E+00
  173.2000      0.457562670861E+00
  173.3000      0.457162035196E+00
  173.4000      0.457871794884E+00
  173.5000      0.457939524074E+00
  173.6000      0.458187644211E+00
  173.7000      0.459304453356E+00
  173.8000      0.458980136589E+00
  173.9000      0.458740073353E+00
  174.0000      0.459166113289E+00
  174.1000      0.458762803093E+00
  174.2000      0.459384672206E+00
  174.3000      0.459831784803E+00
  174.4000      0.458499738790E+00
  174.5000      0.458112576901E+00
  174.6000      0.457920002853E+00
  174.7000      0.457534448287E+00
  174.8000      0.458596974036E+00
  174.9000      0.458246000907E+00
  175.0000      0.456831349796E+00
  175.1000      0.456909005440E+00
  175.2000      0.456634497862E+00
  175.3000      0.457237765120E+00
  175.4000      0.458761416437E+00
  175.5000      0.457696793768E+00
  175.6000      0.456643826995E+00
  175.7000      0.456843617706E+00
  175.8000      0.456673760983E+00
  175.9000      0.458334494234E+00
  176.0000      0.459141501383E+00
  176.1000      0.456931123721E+00
  176.2000      0.456110914481E+00
  176.3000      0.455949353451E+00
  176.4000      0.456172736753E+00
  176.5000      0.458404503149E+00
  176.6000      0.457787507910E+00
  176.7000      0.455426474992E+00
  176.8000      0.455505410510E+00
  176.9000      0.455416633037E+00
  177.0000      0.457021192559E+00
  177.1000      0.459674174123E+00
  177.2000      0.458166022520E+00
  177.3000      0.457226772038E+00
  177.4000      0.458294669968E+00
  177.5000      0.458550694519E+00
  177.6000      0.461708118452E+00
  177.7000      0.463291137151E+00
  177.8000      0.460339971771E+00
  177.9000      0.460010564465E+00
  178.0000      0.459834593173E+00
  178.1000      0.459815472088E+00
  178.2000      0.463430009337E+00
  178.3000      0.461684435146E+00
  178.4000      0.457038677588E+00
  178.5000      0.456765373757E+00
  178.6000      0.455248372456E+00
  178.7000      0.457541246999E+00
  178.8000      0.461867169343E+00
  178.9000      0.456362707785E+00
  179.0000      0.453134849627E+00
  179.1000      0.454700626305E+00
  179.2000      0.453372697920E+00
  179.3000      0.461326852685E+00
  179.4000      0.465515597089E+00
  179.5000      0.457646309050E+00
  179.6000      0.464726771275E+00
  179.7000      0.467776023624E+00
  179.8000      0.464350068127E+00
  179.9000      0.509292599056E+00
  180.0000      0.550072932515E+00
