    0.1000      0.106998926159E+07
    0.2000      0.750707459187E+06
    0.3000      0.396852063061E+06
    0.4000      0.142686782656E+06
    0.5000      0.289049905765E+05
    0.6000      0.122328749450E+05
    0.7000      0.263328952557E+05
    0.8000      0.316686734033E+05
    0.9000      0.234410301020E+05
    1.0000      0.122670314913E+05
    1.1000      0.606261734989E+04
    1.2000      0.536262463777E+04
    1.3000      0.696326955440E+04
    1.4000      0.791606686909E+04
    1.5000      0.714048288503E+04
    1.6000      0.528784253759E+04
    1.7000      0.368833399895E+04
    1.8000      0.313736639569E+04
    1.9000      0.341132804427E+04
    2.0000      0.375327688007E+04
    2.1000      0.363582201164E+04
    2.2000      0.307144442842E+04
    2.3000      0.242881058800E+04
    2.4000      0.210368673536E+04
    2.5000      0.225193447777E+04
    2.6000      0.265994415075E+04
    2.7000      0.287381706282E+04
    2.8000      0.258330757439E+04
    2.9000      0.193510687886E+04
    3.0000      0.141616295428E+04
    3.1000      0.138950616325E+04
    3.2000      0.176524083215E+04
    3.3000      0.212727382485E+04
    3.4000      0.212956184948E+04
    3.5000      0.175125834020E+04
    3.6000      0.124113250610E+04
    3.7000      0.895724282047E+03
    3.8000      0.869034036015E+03
    3.9000      0.109722221598E+04
    4.0000      0.135049278022E+04
    4.1000      0.139272234847E+04
    4.2000      0.115529777287E+04
    4.3000      0.784470320007E+03
    4.4000      0.513911009623E+03
    4.5000      0.477565402572E+03
    4.6000      0.626622484418E+03
    4.7000      0.798642277375E+03
    4.8000      0.849578200187E+03
    4.9000      0.738460563081E+03
    5.0000      0.529067080109E+03
    5.1000      0.336406210661E+03
    5.2000      0.255686312504E+03
    5.3000      0.305488160601E+03
    5.4000      0.417971914722E+03
    5.5000      0.489735879925E+03
    5.6000      0.458515728412E+03
    5.7000      0.342868101303E+03
    5.8000      0.215740929432E+03
    5.9000      0.144051141293E+03
    6.0000      0.147589820548E+03
    6.1000      0.199236314908E+03
    6.2000      0.251269061082E+03
    6.3000      0.264573063101E+03
    6.4000      0.227935387607E+03
    6.5000      0.161596698873E+03
    6.6000      0.102906887746E+03
    6.7000      0.812633842358E+02
    6.8000      0.992936914985E+02
    6.9000      0.134148285246E+03
    7.0000      0.156392573276E+03
    7.1000      0.150100291951E+03
    7.2000      0.119771656114E+03
    7.3000      0.831623544299E+02
    7.4000      0.588106102124E+02
    7.5000      0.562350535227E+02
    7.6000      0.719969292518E+02
    7.7000      0.925227955172E+02
    7.8000      0.102707397293E+03
    7.9000      0.953957708820E+02
    8.0000      0.750968309152E+02
    8.1000      0.536066336924E+02
    8.2000      0.416720023517E+02
    8.3000      0.428816750552E+02
    8.4000      0.529453394110E+02
    8.5000      0.634779499475E+02
    8.6000      0.672740661264E+02
    8.7000      0.620627541977E+02
    8.8000      0.510909491383E+02
    8.9000      0.406423315474E+02
    9.0000      0.360288883418E+02
    9.1000      0.383979592981E+02
    9.2000      0.443864470509E+02
    9.3000      0.487829658337E+02
    9.4000      0.480949925116E+02
    9.5000      0.424683719792E+02
    9.6000      0.350689166157E+02
    9.7000      0.298198888112E+02
    9.8000      0.289804363106E+02
    9.9000      0.318978643129E+02
   10.0000      0.356872242492E+02
   10.1000      0.373553721941E+02
   10.2000      0.357508931898E+02
   10.3000      0.319700427233E+02
   10.4000      0.282440642715E+02
   10.5000      0.263797746417E+02
   10.6000      0.268068427221E+02
   10.7000      0.286357996903E+02
   10.8000      0.304205924705E+02
   10.9000      0.309744036245E+02
   11.0000      0.298372914662E+02
   11.1000      0.274175985811E+02
   11.2000      0.248260320798E+02
   11.3000      0.232776599612E+02
   11.4000      0.232875002090E+02
   11.5000      0.243383098350E+02
   11.6000      0.253812318961E+02
   11.7000      0.256932786006E+02
   11.8000      0.253161128234E+02
   11.9000      0.247966270670E+02
   12.0000      0.245774261416E+02
   12.1000      0.246115613376E+02
   12.2000      0.245181916421E+02
   12.3000      0.240451389907E+02
   12.4000      0.232901659174E+02
   12.5000      0.224844500796E+02
   12.6000      0.217209708247E+02
   12.7000      0.209994007766E+02
   12.8000      0.204344054454E+02
   12.9000      0.202563539364E+02
   13.0000      0.205654056480E+02
   13.1000      0.211338203899E+02
   13.2000      0.215043263363E+02
   13.3000      0.213389800594E+02
   13.4000      0.207026951071E+02
   13.5000      0.199714701708E+02
   13.6000      0.194389519650E+02
   13.7000      0.190682627940E+02
   13.8000      0.186615283971E+02
   13.9000      0.181812982358E+02
   14.0000      0.178012422543E+02
   14.1000      0.176648070754E+02
   14.2000      0.176869451474E+02
   14.3000      0.176305292780E+02
   14.4000      0.173588968206E+02
   14.5000      0.169853710200E+02
   14.6000      0.167452297643E+02
   14.7000      0.167208437839E+02
   14.8000      0.167489324062E+02
   14.9000      0.166332518788E+02
   15.0000      0.163870069263E+02
   15.1000      0.161912688997E+02
   15.2000      0.161420097593E+02
   15.3000      0.161169737657E+02
   15.4000      0.159078450889E+02
   15.5000      0.154463774034E+02
   15.6000      0.148813056804E+02
   15.7000      0.144368977964E+02
   15.8000      0.142065087033E+02
   15.9000      0.141081734515E+02
   16.0000      0.140461168557E+02
   16.1000      0.140592061468E+02
   16.2000      0.142521831888E+02
   16.3000      0.146058638175E+02
   16.4000      0.149244615540E+02
   16.5000      0.149867590900E+02
   16.6000      0.147222450526E+02
   16.7000      0.142388793167E+02
   16.8000      0.137055202756E+02
   16.9000      0.132216193481E+02
   17.0000      0.128020011598E+02
   17.1000      0.124748018252E+02
   17.2000      0.123468180498E+02
   17.3000      0.125228790093E+02
   17.4000      0.129679490656E+02
   17.5000      0.134918075794E+02
   17.6000      0.138787115445E+02
   17.7000      0.140144985548E+02
   17.8000      0.139026011945E+02
   17.9000      0.136010085646E+02
   18.0000      0.131667067541E+02
   18.1000      0.126560413537E+02
   18.2000      0.121638236598E+02
   18.3000      0.118298927315E+02
   18.4000      0.117664442942E+02
   18.5000      0.119682264834E+02
   18.6000      0.123117464983E+02
   18.7000      0.126436105562E+02
   18.8000      0.128564233336E+02
   18.9000      0.128975774912E+02
   19.0000      0.127511441366E+02
   19.1000      0.124355927840E+02
   19.2000      0.120122519065E+02
   19.3000      0.115852944277E+02
   19.4000      0.112779564407E+02
   19.5000      0.111791948920E+02
   19.6000      0.112929151133E+02
   19.7000      0.115400628325E+02
   19.8000      0.118083058532E+02
   19.9000      0.119925756675E+02
   20.0000      0.120078236999E+02
   20.1000      0.118075682459E+02
   20.2000      0.114145100215E+02
   20.3000      0.109257815953E+02
   20.4000      0.104783786711E+02
   20.5000      0.102004316092E+02
   20.6000      0.101705243409E+02
   20.7000      0.103944106395E+02
   20.8000      0.108085931319E+02
   20.9000      0.113029392675E+02
   21.0000      0.117394082970E+02
   21.1000      0.119723856341E+02
   21.2000      0.118973094315E+02
   21.3000      0.115101179789E+02
   21.4000      0.109192777253E+02
   21.5000      0.102944803177E+02
   21.6000      0.979962108407E+01
   21.7000      0.955252133175E+01
   21.8000      0.961099836516E+01
   21.9000      0.996937877436E+01
   22.0000      0.105545954416E+02
   22.1000      0.112214325860E+02
   22.2000      0.117708603518E+02
   22.3000      0.120179635403E+02
   22.4000      0.118807030362E+02
   22.5000      0.114155449054E+02
   22.6000      0.107721744753E+02
   22.7000      0.101198647564E+02
   22.8000      0.960402181212E+01
   22.9000      0.933560848397E+01
   23.0000      0.938363020280E+01
   23.1000      0.975163586359E+01
   23.2000      0.103465787751E+02
   23.3000      0.109777096870E+02
   23.4000      0.114213597752E+02
   23.5000      0.115264462022E+02
   23.6000      0.112783778257E+02
   23.7000      0.107746459738E+02
   23.8000      0.101551130647E+02
   23.9000      0.955598782314E+01
   24.0000      0.910236551661E+01
   24.1000      0.890554831138E+01
   24.2000      0.903433477809E+01
   24.3000      0.946448754249E+01
   24.4000      0.100502728691E+02
   24.5000      0.105681152714E+02
   24.6000      0.108232049851E+02
   24.7000      0.107382953506E+02
   24.8000      0.103578537511E+02
   24.9000      0.978988821548E+01
   25.0000      0.915655042461E+01
   25.1000      0.858484059050E+01
   25.2000      0.820999047599E+01
   25.3000      0.815150216250E+01
   25.4000      0.845372588858E+01
   25.5000      0.903115034483E+01
   25.6000      0.968004458602E+01
   25.7000      0.101705840407E+02
   25.8000      0.103524367437E+02
   25.9000      0.101931365668E+02
   26.0000      0.974440385256E+01
   26.1000      0.909753223176E+01
   26.2000      0.837168569551E+01
   26.3000      0.772110998639E+01
   26.4000      0.731967071768E+01
   26.5000      0.730112049658E+01
   26.6000      0.768246279741E+01
   26.7000      0.833486475858E+01
   26.8000      0.904018407377E+01
   26.9000      0.959223892200E+01
   27.0000      0.986265421386E+01
   27.1000      0.980156583613E+01
   27.2000      0.941324233969E+01
   27.3000      0.875196492124E+01
   27.4000      0.793767338308E+01
   27.5000      0.715608320368E+01
   27.6000      0.661269869744E+01
   27.7000      0.644960232894E+01
   27.8000      0.667946379629E+01
   27.9000      0.719023175192E+01
   28.0000      0.781187568308E+01
   28.1000      0.838289966963E+01
   28.2000      0.877482493974E+01
   28.3000      0.889134475740E+01
   28.4000      0.867815638099E+01
   28.5000      0.815083409324E+01
   28.6000      0.741627897617E+01
   28.7000      0.665619182280E+01
   28.8000      0.606382468227E+01
   28.9000      0.576728924767E+01
   29.0000      0.579216357325E+01
   29.1000      0.608050269529E+01
   29.2000      0.653160970165E+01
   29.3000      0.702674405540E+01
   29.4000      0.743861469904E+01
   29.5000      0.764812185614E+01
   29.6000      0.757687105550E+01
   29.7000      0.722208650252E+01
   29.8000      0.666949416466E+01
   29.9000      0.606582414535E+01
   30.0000      0.556080898034E+01
   30.1000      0.525651479469E+01
   30.2000      0.519184104426E+01
   30.3000      0.535225092172E+01
   30.4000      0.568021944478E+01
   30.5000      0.608171076639E+01
   30.6000      0.644006293282E+01
   30.7000      0.664285302841E+01
   30.8000      0.661627962561E+01
   30.9000      0.635359853540E+01
   31.0000      0.591933567014E+01
   31.1000      0.542222092702E+01
   31.2000      0.497480383839E+01
   31.3000      0.466496383469E+01
   31.4000      0.454416871074E+01
   31.5000      0.462185346036E+01
   31.6000      0.486263799996E+01
   31.7000      0.519166699851E+01
   31.8000      0.550990837494E+01
   31.9000      0.571804358805E+01
   32.0000      0.574594960876E+01
   32.1000      0.557607800813E+01
   32.2000      0.524576027352E+01
   32.3000      0.482885949512E+01
   32.4000      0.441211589540E+01
   32.5000      0.407611735080E+01
   32.6000      0.388010726195E+01
   32.7000      0.385102965829E+01
   32.8000      0.397954180754E+01
   32.9000      0.422146638652E+01
   33.0000      0.450438702282E+01
   33.1000      0.474469623116E+01
   33.2000      0.487365335653E+01
   33.3000      0.485813089389E+01
   33.4000      0.470491067087E+01
   33.5000      0.445200348616E+01
   33.6000      0.415512362264E+01
   33.7000      0.387353279797E+01
   33.8000      0.365913676029E+01
   33.9000      0.355070162977E+01
   34.0000      0.356792631405E+01
   34.1000      0.370226822018E+01
   34.2000      0.391377025820E+01
   34.3000      0.414343076838E+01
   34.4000      0.433486225316E+01
   34.5000      0.445076284162E+01
   34.6000      0.447785471558E+01
   34.7000      0.442264468248E+01
   34.8000      0.430311517097E+01
   34.9000      0.414352418135E+01
   35.0000      0.397579397009E+01
   35.1000      0.383937800305E+01
   35.2000      0.376975431162E+01
   35.3000      0.378141846913E+01
   35.4000      0.386153804769E+01
   35.5000      0.397949577761E+01
   35.6000      0.410265398366E+01
   35.7000      0.420730435224E+01
   35.8000      0.428010149123E+01
   35.9000      0.431203715427E+01
   36.0000      0.429428640097E+01
   36.1000      0.422444145763E+01
   36.2000      0.411708306101E+01
   36.3000      0.400290708797E+01
   36.4000      0.391290144305E+01
   36.5000      0.386188571102E+01
   36.6000      0.384498404588E+01
   36.7000      0.384668304807E+01
   36.8000      0.385325241373E+01
   36.9000      0.385867501396E+01
   37.0000      0.385961854814E+01
   37.1000      0.384666942460E+01
   37.2000      0.380557256894E+01
   37.3000      0.373033202627E+01
   37.4000      0.363308087808E+01
   37.5000      0.353827537026E+01
   37.6000      0.346679630683E+01
   37.7000      0.342439729043E+01
   37.8000      0.340239480262E+01
   37.9000      0.338827486135E+01
   38.0000      0.337642272774E+01
   38.1000      0.336816927684E+01
   38.2000      0.336144043154E+01
   38.3000      0.334410569451E+01
   38.4000      0.330150725748E+01
   38.5000      0.323034637158E+01
   38.6000      0.314349973671E+01
   38.7000      0.306164030513E+01
   38.8000      0.300021010422E+01
   38.9000      0.296231422754E+01
   39.0000      0.294272574209E+01
   39.1000      0.293873146308E+01
   39.2000      0.295540377546E+01
   39.3000      0.299794892255E+01
   39.4000      0.306007080517E+01
   39.5000      0.312308943952E+01
   39.6000      0.316721255245E+01
   39.7000      0.318305437497E+01
   39.8000      0.317373816677E+01
   39.9000      0.314794753457E+01
   40.0000      0.311107971120E+01
   40.1000      0.306324303592E+01
   40.2000      0.300686161455E+01
   40.3000      0.295485097468E+01
   40.4000      0.292741554412E+01
   40.5000      0.293885112583E+01
   40.6000      0.298803943170E+01
   40.7000      0.306105770351E+01
   40.8000      0.314109675047E+01
   40.9000      0.321630908158E+01
   41.0000      0.328032841737E+01
   41.1000      0.332658827088E+01
   41.2000      0.334398958330E+01
   41.3000      0.332167185553E+01
   41.4000      0.325980375185E+01
   41.5000      0.317379569010E+01
   41.6000      0.308605913554E+01
   41.7000      0.301366421434E+01
   41.8000      0.296279226222E+01
   41.9000      0.293194018716E+01
   42.0000      0.291867223874E+01
   42.1000      0.292332402105E+01
   42.2000      0.294566200045E+01
   42.3000      0.297797660945E+01
   42.4000      0.300427010016E+01
   42.5000      0.300919801252E+01
   42.6000      0.298783428273E+01
   42.7000      0.294611754402E+01
   42.8000      0.289314706075E+01
   42.9000      0.283393175722E+01
   43.0000      0.276821669177E+01
   43.1000      0.269518941498E+01
   43.2000      0.261941305483E+01
   43.3000      0.255114642072E+01
   43.4000      0.249915208608E+01
   43.5000      0.246372519039E+01
   43.6000      0.243842189568E+01
   43.7000      0.241806886983E+01
   43.8000      0.240355531636E+01
   43.9000      0.239926628348E+01
   44.0000      0.240695222353E+01
   44.1000      0.242168919759E+01
   44.2000      0.243360041368E+01
   44.3000      0.243473912377E+01
   44.4000      0.242463123154E+01
   44.5000      0.240805718340E+01
   44.6000      0.238786995822E+01
   44.7000      0.236191914497E+01
   44.8000      0.232718889734E+01
   44.9000      0.228549349796E+01
   45.0000      0.224488253283E+01
   45.1000      0.221593610165E+01
   45.2000      0.220568322798E+01
   45.3000      0.221396092149E+01
   45.4000      0.223604637950E+01
   45.5000      0.226874272860E+01
   45.6000      0.231220086681E+01
   45.7000      0.236524088139E+01
   45.8000      0.242060519775E+01
   45.9000      0.246600022924E+01
   46.0000      0.248968798457E+01
   46.1000      0.248606391880E+01
   46.2000      0.245777622415E+01
   46.3000      0.241291703342E+01
   46.4000      0.235965507254E+01
   46.5000      0.230401937463E+01
   46.6000      0.225276610056E+01
   46.7000      0.221588695602E+01
   46.8000      0.220367650094E+01
   46.9000      0.222076515933E+01
   47.0000      0.226273181308E+01
   47.1000      0.231740853811E+01
   47.2000      0.236970283115E+01
   47.3000      0.240733765394E+01
   47.4000      0.242365806283E+01
   47.5000      0.241581038245E+01
   47.6000      0.238214086559E+01
   47.7000      0.232331578919E+01
   47.8000      0.224548656544E+01
   47.9000      0.216055475020E+01
   48.0000      0.208255747501E+01
   48.1000      0.202296806350E+01
   48.2000      0.198725828205E+01
   48.3000      0.197423430930E+01
   48.4000      0.197876960396E+01
   48.5000      0.199534430794E+01
   48.6000      0.201859360420E+01
   48.7000      0.204153791165E+01
   48.8000      0.205566034144E+01
   48.9000      0.205380038290E+01
   49.0000      0.203291816641E+01
   49.1000      0.199493007766E+01
   49.2000      0.194590764570E+01
   49.3000      0.189370924275E+01
   49.4000      0.184496701322E+01
   49.5000      0.180398936181E+01
   49.6000      0.177397616861E+01
   49.7000      0.175755120394E+01
   49.8000      0.175525656163E+01
   49.9000      0.176439432113E+01
   50.0000      0.177982710895E+01
   50.1000      0.179556564818E+01
   50.2000      0.180638100676E+01
   50.3000      0.180961946837E+01
   50.4000      0.180595858692E+01
   50.5000      0.179798346513E+01
   50.6000      0.178837192453E+01
   50.7000      0.177965071805E+01
   50.8000      0.177439222618E+01
   50.9000      0.177440537477E+01
   51.0000      0.177999404136E+01
   51.1000      0.179018251455E+01
   51.2000      0.180285939934E+01
   51.3000      0.181471004465E+01
   51.4000      0.182228837434E+01
   51.5000      0.182374762437E+01
   51.6000      0.181924187183E+01
   51.7000      0.181016063861E+01
   51.8000      0.179878484522E+01
   51.9000      0.178806197828E+01
   52.0000      0.178058297258E+01
   52.1000      0.177783758433E+01
   52.2000      0.178064771431E+01
   52.3000      0.178937092896E+01
   52.4000      0.180304225614E+01
   52.5000      0.181898582066E+01
   52.6000      0.183366892935E+01
   52.7000      0.184354320629E+01
   52.8000      0.184554031075E+01
   52.9000      0.183810911856E+01
   53.0000      0.182207287238E+01
   53.1000      0.179988181034E+01
   53.2000      0.177423771068E+01
   53.3000      0.174787506527E+01
   53.4000      0.172385545217E+01
   53.5000      0.170501400377E+01
   53.6000      0.169317323548E+01
   53.7000      0.168890043818E+01
   53.8000      0.169112755301E+01
   53.9000      0.169677905093E+01
   54.0000      0.170185259112E+01
   54.1000      0.170350078911E+01
   54.2000      0.170078769864E+01
   54.3000      0.169376496324E+01
   54.4000      0.168267250514E+01
   54.5000      0.166787611889E+01
   54.6000      0.164991249388E+01
   54.7000      0.162985926985E+01
   54.8000      0.160999298597E+01
   54.9000      0.159324469009E+01
   55.0000      0.158124965984E+01
   55.1000      0.157339371800E+01
   55.2000      0.156813277006E+01
   55.3000      0.156469203742E+01
   55.4000      0.156335412125E+01
   55.5000      0.156473250778E+01
   55.6000      0.156873600955E+01
   55.7000      0.157367168687E+01
   55.8000      0.157678355301E+01
   55.9000      0.157657720732E+01
   56.0000      0.157438951408E+01
   56.1000      0.157297221626E+01
   56.2000      0.157376346723E+01
   56.3000      0.157590093230E+01
   56.4000      0.157737497620E+01
   56.5000      0.157682449419E+01
   56.6000      0.157476120896E+01
   56.7000      0.157316108511E+01
   56.8000      0.157324571750E+01
   56.9000      0.157383299084E+01
   57.0000      0.157280363749E+01
   57.1000      0.157020922516E+01
   57.2000      0.156912804870E+01
   57.3000      0.157328483700E+01
   57.4000      0.158396769340E+01
   57.5000      0.159871322272E+01
   57.6000      0.161262176689E+01
   57.7000      0.162166857880E+01
   57.8000      0.162532622342E+01
   57.9000      0.162561535620E+01
   58.0000      0.162364161589E+01
   58.1000      0.161801251532E+01
   58.2000      0.160699154766E+01
   58.3000      0.159154380470E+01
   58.4000      0.157593986220E+01
   58.5000      0.156542961966E+01
   58.6000      0.156269547359E+01
   58.7000      0.156586372035E+01
   58.8000      0.157036721237E+01
   58.9000      0.157335139461E+01
   59.0000      0.157588304379E+01
   59.1000      0.158047527879E+01
   59.2000      0.158704495193E+01
   59.3000      0.159178117059E+01
   59.4000      0.158969240238E+01
   59.5000      0.157832693913E+01
   59.6000      0.155965278714E+01
   59.7000      0.153831966067E+01
   59.8000      0.151759400776E+01
   59.9000      0.149726296194E+01
   60.0000      0.147606709464E+01
   60.1000      0.145565130940E+01
   60.2000      0.144111089389E+01
   60.3000      0.143742261540E+01
   60.4000      0.144530372564E+01
   60.5000      0.146001083266E+01
   60.6000      0.147410525426E+01
   60.7000      0.148227785959E+01
   60.8000      0.148407231953E+01
   60.9000      0.148181365809E+01
   61.0000      0.147630449593E+01
   61.1000      0.146545700109E+01
   61.2000      0.144714554217E+01
   61.3000      0.142264550486E+01
   61.4000      0.139703446118E+01
   61.5000      0.137622951715E+01
   61.6000      0.136301391342E+01
   61.7000      0.135548069879E+01
   61.8000      0.134980556593E+01
   61.9000      0.134486675021E+01
   62.0000      0.134363365438E+01
   62.1000      0.134976879539E+01
   62.2000      0.136334544074E+01
   62.3000      0.137998494337E+01
   62.4000      0.139372464171E+01
   62.5000      0.140088214613E+01
   62.6000      0.140180080661E+01
   62.7000      0.139893679264E+01
   62.8000      0.139313989190E+01
   62.9000      0.138241176067E+01
   63.0000      0.136485171952E+01
   63.1000      0.134232274129E+01
   63.2000      0.132054408330E+01
   63.3000      0.130555502207E+01
   63.4000      0.129988465883E+01
   63.5000      0.130142941474E+01
   63.6000      0.130586036929E+01
   63.7000      0.131065409035E+01
   63.8000      0.131689358263E+01
   63.9000      0.132684054107E+01
   64.0000      0.134009693527E+01
   64.1000      0.135279142612E+01
   64.2000      0.136039937692E+01
   64.3000      0.136098250682E+01
   64.4000      0.135599945776E+01
   64.5000      0.134833913706E+01
   64.6000      0.133930828620E+01
   64.7000      0.132747739615E+01
   64.8000      0.131103195564E+01
   64.9000      0.129135782033E+01
   65.0000      0.127364322897E+01
   65.1000      0.126358266521E+01
   65.2000      0.126353542232E+01
   65.3000      0.127144516586E+01
   65.4000      0.128283767766E+01
   65.5000      0.129404547009E+01
   65.6000      0.130408479924E+01
   65.7000      0.131346920027E+01
   65.8000      0.132129535358E+01
   65.9000      0.132426749933E+01
   66.0000      0.131913639308E+01
   66.1000      0.130580770352E+01
   66.2000      0.128782549356E+01
   66.3000      0.127001989651E+01
   66.4000      0.125544039323E+01
   66.5000      0.124388735819E+01
   66.6000      0.123335351048E+01
   66.7000      0.122329975502E+01
   66.8000      0.121634829318E+01
   66.9000      0.121628239180E+01
   67.0000      0.122447086563E+01
   67.1000      0.123843183654E+01
   67.2000      0.125350337112E+01
   67.3000      0.126571552513E+01
   67.4000      0.127360140465E+01
   67.5000      0.127766138064E+01
   67.6000      0.127796331018E+01
   67.7000      0.127252198661E+01
   67.8000      0.125877378542E+01
   67.9000      0.123681904409E+01
   68.0000      0.121075948866E+01
   68.1000      0.118665989979E+01
   68.2000      0.116909146723E+01
   68.3000      0.115896215673E+01
   68.4000      0.115406742886E+01
   68.5000      0.115198941616E+01
   68.6000      0.115285225771E+01
   68.7000      0.115902080623E+01
   68.8000      0.117194260739E+01
   68.9000      0.118965672222E+01
   69.0000      0.120752202038E+01
   69.1000      0.122107879412E+01
   69.2000      0.122835332022E+01
   69.3000      0.122995584717E+01
   69.4000      0.122702186417E+01
   69.5000      0.121888209263E+01
   69.6000      0.120320348390E+01
   69.7000      0.117905238906E+01
   69.8000      0.114969033457E+01
   69.9000      0.112186165777E+01
   70.0000      0.110210075875E+01
   70.1000      0.109325526729E+01
   70.2000      0.109370059843E+01
   70.3000      0.109958966784E+01
   70.4000      0.110835237562E+01
   70.5000      0.112029680696E+01
   70.6000      0.113664968842E+01
   70.7000      0.115628382582E+01
   70.8000      0.117494147783E+01
   70.9000      0.118774522353E+01
   71.0000      0.119232944699E+01
   71.1000      0.118985808609E+01
   71.2000      0.118329559477E+01
   71.3000      0.117437156866E+01
   71.4000      0.116203631472E+01
   71.5000      0.114434800638E+01
   71.6000      0.112214135747E+01
   71.7000      0.110039901783E+01
   71.8000      0.108557938181E+01
   71.9000      0.108139157110E+01
   72.0000      0.108661325869E+01
   72.1000      0.109640058663E+01
   72.2000      0.110595596199E+01
   72.3000      0.111366716438E+01
   72.4000      0.112094976821E+01
   72.5000      0.112908584083E+01
   72.6000      0.113668857125E+01
   72.7000      0.114060198866E+01
   72.8000      0.113897289666E+01
   72.9000      0.113316420972E+01
   73.0000      0.112680277211E+01
   73.1000      0.112279937288E+01
   73.2000      0.112075733476E+01
   73.3000      0.111729375765E+01
   73.4000      0.110946033209E+01
   73.5000      0.109802478252E+01
   73.6000      0.108715839227E+01
   73.7000      0.108091592126E+01
   73.8000      0.108000861840E+01
   73.9000      0.108150116787E+01
   74.0000      0.108132375927E+01
   74.1000      0.107754293476E+01
   74.2000      0.107169864661E+01
   74.3000      0.106690162232E+01
   74.4000      0.106460807978E+01
   74.5000      0.106353482102E+01
   74.6000      0.106161744393E+01
   74.7000      0.105851886337E+01
   74.8000      0.105612169164E+01
   74.9000      0.105677462408E+01
   75.0000      0.106083466989E+01
   75.1000      0.106561328478E+01
   75.2000      0.106708991928E+01
   75.3000      0.106323998072E+01
   75.4000      0.105574204787E+01
   75.5000      0.104832713800E+01
   75.6000      0.104358311036E+01
   75.7000      0.104117176954E+01
   75.8000      0.103855469315E+01
   75.9000      0.103333707750E+01
   76.0000      0.102542009349E+01
   76.1000      0.101711740579E+01
   76.2000      0.101100388732E+01
   76.3000      0.100772330826E+01
   76.4000      0.100606208365E+01
   76.5000      0.100484400751E+01
   76.6000      0.100436920581E+01
   76.7000      0.100614176645E+01
   76.8000      0.101132564512E+01
   76.9000      0.101913447847E+01
   77.0000      0.102661879897E+01
   77.1000      0.103053687578E+01
   77.2000      0.102983022099E+01
   77.3000      0.102620716682E+01
   77.4000      0.102234555506E+01
   77.5000      0.101966262146E+01
   77.6000      0.101750071002E+01
   77.7000      0.101401776658E+01
   77.8000      0.100804390678E+01
   77.9000      0.100050996563E+01
   78.0000      0.994002654931E+00
   78.1000      0.990684005702E+00
   78.2000      0.990736420966E+00
   78.3000      0.992814168675E+00
   78.4000      0.995602637623E+00
   78.5000      0.998804800320E+00
   78.6000      0.100293387980E+01
   78.7000      0.100820949739E+01
   78.8000      0.101342026276E+01
   78.9000      0.101607615326E+01
   79.0000      0.101422834910E+01
   79.1000      0.100826451315E+01
   79.2000      0.100073110667E+01
   79.3000      0.994434169449E+00
   79.4000      0.990647002732E+00
   79.5000      0.988647215725E+00
   79.6000      0.986680372717E+00
   79.7000      0.983695614447E+00
   79.8000      0.980414040316E+00
   79.9000      0.978532137243E+00
   80.0000      0.978856100350E+00
   80.1000      0.980471471620E+00
   80.2000      0.981663382408E+00
   80.3000      0.981335404305E+00
   80.4000      0.979642116450E+00
   80.5000      0.977550469392E+00
   80.6000      0.975664696428E+00
   80.7000      0.973279409813E+00
   80.8000      0.968862270102E+00
   80.9000      0.961754270099E+00
   81.0000      0.953207025481E+00
   81.1000      0.945572360540E+00
   81.2000      0.940593734413E+00
   81.3000      0.938355410449E+00
   81.4000      0.937461909665E+00
   81.5000      0.936225520157E+00
   81.6000      0.934082110647E+00
   81.7000      0.931941707338E+00
   81.8000      0.930989812548E+00
   81.9000      0.931290557186E+00
   82.0000      0.931755682084E+00
   82.1000      0.931231961257E+00
   82.2000      0.929383753312E+00
   82.3000      0.926750582745E+00
   82.4000      0.924126118137E+00
   82.5000      0.921660671666E+00
   82.6000      0.918528783827E+00
   82.7000      0.913810466682E+00
   82.8000      0.907768639358E+00
   82.9000      0.901980655811E+00
   83.0000      0.898185300900E+00
   83.1000      0.897127936946E+00
   83.2000      0.898266686922E+00
   83.3000      0.900261892407E+00
   83.4000      0.901933924685E+00
   83.5000      0.903073407323E+00
   83.6000      0.904254401110E+00
   83.7000      0.905800675115E+00
   83.8000      0.907222138839E+00
   83.9000      0.907761188262E+00
   84.0000      0.907197194968E+00
   84.1000      0.906048673583E+00
   84.2000      0.905236578283E+00
   84.3000      0.905481867245E+00
   84.4000      0.906701833557E+00
   84.5000      0.908041039226E+00
   84.6000      0.908754576823E+00
   84.7000      0.908963964190E+00
   84.8000      0.909362171149E+00
   84.9000      0.910360470608E+00
   85.0000      0.911663565403E+00
   85.1000      0.912434156694E+00
   85.2000      0.911792329834E+00
   85.3000      0.909504989906E+00
   85.4000      0.906350398155E+00
   85.5000      0.903583414457E+00
   85.6000      0.902001241639E+00
   85.7000      0.901695375480E+00
   85.8000      0.902539322890E+00
   85.9000      0.904570515479E+00
   86.0000      0.907944389497E+00
   86.1000      0.912692277254E+00
   86.2000      0.918341499668E+00
   86.3000      0.923636120485E+00
   86.4000      0.926966155542E+00
   86.5000      0.927380652971E+00
   86.6000      0.925095685702E+00
   86.7000      0.921000740869E+00
   86.8000      0.915889888534E+00
   86.9000      0.910097046701E+00
   87.0000      0.903533086171E+00
   87.1000      0.896087561560E+00
   87.2000      0.888256375246E+00
   87.3000      0.881281219735E+00
   87.4000      0.876403707339E+00
   87.5000      0.874051391408E+00
   87.6000      0.873865288691E+00
   87.7000      0.875282792089E+00
   87.8000      0.877935801857E+00
   87.9000      0.881712279012E+00
   88.0000      0.886530840933E+00
   88.1000      0.891825631157E+00
   88.2000      0.896273612495E+00
   88.3000      0.898397034814E+00
   88.4000      0.897550651571E+00
   88.5000      0.894166083786E+00
   88.6000      0.889115131915E+00
   88.7000      0.882993738429E+00
   88.8000      0.875813220110E+00
   88.9000      0.867162579697E+00
   89.0000      0.856896063463E+00
   89.1000      0.845898045911E+00
   89.2000      0.835990634390E+00
   89.3000      0.828908277091E+00
   89.4000      0.825436494214E+00
   89.5000      0.825426877935E+00
   89.6000      0.828276302124E+00
   89.7000      0.833345002397E+00
   89.8000      0.840170696165E+00
   89.9000      0.848271383362E+00
   90.0000      0.856592942326E+00
   90.1000      0.863391491878E+00
   90.2000      0.867036793982E+00
   90.3000      0.866951676304E+00
   90.4000      0.863711488820E+00
   90.5000      0.858420288268E+00
   90.6000      0.852008281994E+00
   90.7000      0.844782675813E+00
   90.8000      0.836520370720E+00
   90.9000      0.827254360191E+00
   91.0000      0.818037047871E+00
   91.1000      0.810688130755E+00
   91.2000      0.806721850358E+00
   91.3000      0.806562671797E+00
   91.4000      0.809549572561E+00
   91.5000      0.814443588148E+00
   91.6000      0.820148284091E+00
   91.7000      0.826254163924E+00
   91.8000      0.832823641384E+00
   91.9000      0.839576482528E+00
   92.0000      0.845523684248E+00
   92.1000      0.849510825026E+00
   92.2000      0.850933613588E+00
   92.3000      0.849927540954E+00
   92.4000      0.847090816343E+00
   92.5000      0.842954995707E+00
   92.6000      0.837462115672E+00
   92.7000      0.830070787637E+00
   92.8000      0.820690465898E+00
   92.9000      0.810481327799E+00
   93.0000      0.801539092497E+00
   93.1000      0.795792206409E+00
   93.2000      0.794084390525E+00
   93.3000      0.795901671196E+00
   93.4000      0.799813359442E+00
   93.5000      0.804491503395E+00
   93.6000      0.809528996808E+00
   93.7000      0.815183494207E+00
   93.8000      0.821387892231E+00
   93.9000      0.827230665626E+00
   94.0000      0.831335046506E+00
   94.1000      0.832574940956E+00
   94.2000      0.830623632764E+00
   94.3000      0.826086213155E+00
   94.4000      0.819980228699E+00
   94.5000      0.812903232062E+00
   94.6000      0.804841317043E+00
   94.7000      0.795861714997E+00
   94.8000      0.786743775127E+00
   94.9000      0.778800638661E+00
   95.0000      0.773189402587E+00
   95.1000      0.770267609279E+00
   95.2000      0.769314055386E+00
   95.3000      0.768962011802E+00
   95.4000      0.768287015598E+00
   95.5000      0.767573113545E+00
   95.6000      0.767915415942E+00
   95.7000      0.770143631433E+00
   95.8000      0.774118477219E+00
   95.9000      0.778737614950E+00
   96.0000      0.782461879756E+00
   96.1000      0.784149918460E+00
   96.2000      0.783652228338E+00
   96.3000      0.781531446748E+00
   96.4000      0.778225912331E+00
   96.5000      0.773669211793E+00
   96.6000      0.767641074602E+00
   96.7000      0.760246347502E+00
   96.8000      0.752134126511E+00
   96.9000      0.744446599338E+00
   97.0000      0.738379128077E+00
   97.1000      0.734520036455E+00
   97.2000      0.732691465619E+00
   97.3000      0.732537255460E+00
   97.4000      0.734086786285E+00
   97.5000      0.737652781848E+00
   97.6000      0.743339348043E+00
   97.7000      0.750619049720E+00
   97.8000      0.758151122867E+00
   97.9000      0.764124935054E+00
   98.0000      0.767220278566E+00
   98.1000      0.767413660478E+00
   98.2000      0.765768076077E+00
   98.3000      0.763484625219E+00
   98.4000      0.761151313303E+00
   98.5000      0.758577385211E+00
   98.6000      0.755126488682E+00
   98.7000      0.750437447064E+00
   98.8000      0.745042139187E+00
   98.9000      0.740160604269E+00
   99.0000      0.736820503747E+00
   99.1000      0.735299272434E+00
   99.2000      0.735332708515E+00
   99.3000      0.736593918484E+00
   99.4000      0.739001286213E+00
   99.5000      0.742776434505E+00
   99.6000      0.748112988294E+00
   99.7000      0.754590151181E+00
   99.8000      0.761045457673E+00
   99.9000      0.766227253635E+00
  100.0000      0.769493208436E+00
  100.1000      0.770832090211E+00
  100.2000      0.770424881853E+00
  100.3000      0.768245382630E+00
  100.4000      0.763875544929E+00
  100.5000      0.756735775057E+00
  100.6000      0.746818480700E+00
  100.7000      0.735283064835E+00
  100.8000      0.724146574626E+00
  100.9000      0.715333637562E+00
  101.0000      0.709964161240E+00
  101.1000      0.708183493386E+00
  101.2000      0.709361189209E+00
  101.3000      0.712609950415E+00
  101.4000      0.717368330708E+00
  101.5000      0.723451864285E+00
  101.6000      0.730542335165E+00
  101.7000      0.737839576803E+00
  101.8000      0.744237236616E+00
  101.9000      0.748661236359E+00
  102.0000      0.750349437766E+00
  102.1000      0.749142065651E+00
  102.2000      0.745533372455E+00
  102.3000      0.740248249806E+00
  102.4000      0.733800755917E+00
  102.5000      0.726554525612E+00
  102.6000      0.719020202997E+00
  102.7000      0.711920938121E+00
  102.8000      0.706085983838E+00
  102.9000      0.702291034890E+00
  103.0000      0.700915978988E+00
  103.1000      0.701664892583E+00
  103.2000      0.703874053501E+00
  103.3000      0.707204535552E+00
  103.4000      0.711900995875E+00
  103.5000      0.718384227307E+00
  103.6000      0.726662018373E+00
  103.7000      0.735925483990E+00
  103.8000      0.744528301721E+00
  103.9000      0.750627012751E+00
  104.0000      0.753228488536E+00
  104.1000      0.752666175165E+00
  104.2000      0.750024485846E+00
  104.3000      0.746214723203E+00
  104.4000      0.741537967714E+00
  104.5000      0.735835285184E+00
  104.6000      0.729011036476E+00
  104.7000      0.721644565466E+00
  104.8000      0.715091376367E+00
  104.9000      0.710753020110E+00
  105.0000      0.709217774557E+00
  105.1000      0.710175406058E+00
  105.2000      0.712974891382E+00
  105.3000      0.717088400629E+00
  105.4000      0.722206788737E+00
  105.5000      0.728054330470E+00
  105.6000      0.733996080216E+00
  105.7000      0.738826378170E+00
  105.8000      0.741246869564E+00
  105.9000      0.740716441978E+00
  106.0000      0.737730197400E+00
  106.1000      0.733289815321E+00
  106.2000      0.728209801798E+00
  106.3000      0.722739756935E+00
  106.4000      0.716565898476E+00
  106.5000      0.709270476423E+00
  106.6000      0.701044623146E+00
  106.7000      0.692929940726E+00
  106.8000      0.686261017870E+00
  106.9000      0.681931347259E+00
  107.0000      0.680104631139E+00
  107.1000      0.680295281596E+00
  107.2000      0.681652209374E+00
  107.3000      0.683477146033E+00
  107.4000      0.685643231243E+00
  107.5000      0.688420885190E+00
  107.6000      0.691925241037E+00
  107.7000      0.695825470562E+00
  107.8000      0.699424999910E+00
  107.9000      0.701863925864E+00
  108.0000      0.702465389397E+00
  108.1000      0.701145408352E+00
  108.2000      0.698394781874E+00
  108.3000      0.694744766731E+00
  108.4000      0.690380036144E+00
  108.5000      0.685301759630E+00
  108.6000      0.679669455617E+00
  108.7000      0.673956670746E+00
  108.8000      0.668921262634E+00
  108.9000      0.665309622058E+00
  109.0000      0.663326452987E+00
  109.1000      0.662467895901E+00
  109.2000      0.662135251497E+00
  109.3000      0.662405942714E+00
  109.4000      0.664080420088E+00
  109.5000      0.668017352328E+00
  109.6000      0.674356970920E+00
  109.7000      0.682083003461E+00
  109.8000      0.689277475852E+00
  109.9000      0.694168853656E+00
  110.0000      0.696215577564E+00
  110.1000      0.696155991689E+00
  110.2000      0.695040663627E+00
  110.3000      0.693296245859E+00
  110.4000      0.690530125357E+00
  110.5000      0.686000253582E+00
  110.6000      0.679423550420E+00
  110.7000      0.671597566846E+00
  110.8000      0.664174997932E+00
  110.9000      0.658666961518E+00
  111.0000      0.655683149192E+00
  111.1000      0.655055348988E+00
  111.2000      0.656392429968E+00
  111.3000      0.659427727872E+00
  111.4000      0.664044985196E+00
  111.5000      0.670020639692E+00
  111.6000      0.676607071688E+00
  111.7000      0.682490536131E+00
  111.8000      0.686459847714E+00
  111.9000      0.688171980440E+00
  112.0000      0.688197852390E+00
  112.1000      0.687434072118E+00
  112.2000      0.686487203542E+00
  112.3000      0.685321710466E+00
  112.4000      0.683315629020E+00
  112.5000      0.679868098283E+00
  112.6000      0.675135737790E+00
  112.7000      0.670092156883E+00
  112.8000      0.665840589228E+00
  112.9000      0.662922259087E+00
  113.0000      0.661093334493E+00
  113.1000      0.659509667674E+00
  113.2000      0.657281167418E+00
  113.3000      0.654213107262E+00
  113.4000      0.651079665321E+00
  113.5000      0.649076505515E+00
  113.6000      0.649032138961E+00
  113.7000      0.651062242521E+00
  113.8000      0.654660083482E+00
  113.9000      0.659006965361E+00
  114.0000      0.663449898358E+00
  114.1000      0.667817505083E+00
  114.2000      0.672152302837E+00
  114.3000      0.676163926717E+00
  114.4000      0.679124820369E+00
  114.5000      0.680262617857E+00
  114.6000      0.679142104604E+00
  114.7000      0.675835847963E+00
  114.8000      0.670913264483E+00
  114.9000      0.665116198115E+00
  115.0000      0.658884760988E+00
  115.1000      0.652344149407E+00
  115.2000      0.645856654951E+00
  115.3000      0.640412462013E+00
  115.4000      0.637366975081E+00
  115.5000      0.637816929815E+00
  115.6000      0.642023218733E+00
  115.7000      0.649116177758E+00
  115.8000      0.657434020214E+00
  115.9000      0.665511130576E+00
  116.0000      0.672880611735E+00
  116.1000      0.679891119556E+00
  116.2000      0.686845357689E+00
  116.3000      0.693329914414E+00
  116.4000      0.698139433462E+00
  116.5000      0.699793677977E+00
  116.6000      0.697473435270E+00
  116.7000      0.691713927958E+00
  116.8000      0.684106974707E+00
  116.9000      0.676259314866E+00
  117.0000      0.669052530622E+00
  117.1000      0.662685311827E+00
  117.2000      0.657116136922E+00
  117.3000      0.652492438020E+00
  117.4000      0.649330762907E+00
  117.5000      0.648192627325E+00
  117.6000      0.649053084426E+00
  117.7000      0.651138200505E+00
  117.8000      0.653520224067E+00
  117.9000      0.655758524680E+00
  118.0000      0.657938373321E+00
  118.1000      0.660281679940E+00
  118.2000      0.662725366385E+00
  118.3000      0.664664597591E+00
  118.4000      0.665140331581E+00
  118.5000      0.663538810391E+00
  118.6000      0.660146799783E+00
  118.7000      0.655903301780E+00
  118.8000      0.651664559148E+00
  118.9000      0.647734798309E+00
  119.0000      0.643845515793E+00
  119.1000      0.639420147468E+00
  119.2000      0.634093277537E+00
  119.3000      0.628211528465E+00
  119.4000      0.622780188547E+00
  119.5000      0.618887055892E+00
  119.6000      0.617233183797E+00
  119.7000      0.618025705155E+00
  119.8000      0.620995263333E+00
  119.9000      0.625546610079E+00
  120.0000      0.631163068324E+00
  120.1000      0.637688483369E+00
  120.2000      0.645096784100E+00
  120.3000      0.653064685788E+00
  120.4000      0.660833461231E+00
  120.5000      0.667330968677E+00
  120.6000      0.671426387802E+00
  120.7000      0.672393199877E+00
  120.8000      0.670314657444E+00
  120.9000      0.665912277702E+00
  121.0000      0.659953052162E+00
  121.1000      0.652963945293E+00
  121.2000      0.645439116230E+00
  121.3000      0.638080969850E+00
  121.4000      0.631818862315E+00
  121.5000      0.627629291479E+00
  121.6000      0.626098849463E+00
  121.7000      0.626956034996E+00
  121.8000      0.629203706475E+00
  121.9000      0.631920815996E+00
  122.0000      0.634876691271E+00
  122.1000      0.638341912504E+00
  122.2000      0.642453553495E+00
  122.3000      0.646731121020E+00
  122.4000      0.650006843580E+00
  122.5000      0.650922165965E+00
  122.6000      0.648827351303E+00
  122.7000      0.644282869972E+00
  122.8000      0.638571575033E+00
  122.9000      0.632759754470E+00
  123.0000      0.627232122414E+00
  123.1000      0.621849905410E+00
  123.2000      0.616358308998E+00
  123.3000      0.610817808260E+00
  123.4000      0.605800898647E+00
  123.5000      0.602060221611E+00
  123.6000      0.599970761842E+00
  123.7000      0.599422422842E+00
  123.8000      0.600169213798E+00
  123.9000      0.602047822216E+00
  124.0000      0.604918273239E+00
  124.1000      0.608624485065E+00
  124.2000      0.612973215611E+00
  124.3000      0.617608379945E+00
  124.4000      0.622023076338E+00
  124.5000      0.625826748246E+00
  124.6000      0.628877144129E+00
  124.7000      0.631100119061E+00
  124.8000      0.632377284852E+00
  124.9000      0.632644715930E+00
  125.0000      0.631875732970E+00
  125.1000      0.629944264258E+00
  125.2000      0.626733264736E+00
  125.3000      0.622410094222E+00
  125.4000      0.617455743201E+00
  125.5000      0.612476465250E+00
  125.6000      0.608065942781E+00
  125.7000      0.604640698867E+00
  125.8000      0.602224810140E+00
  125.9000      0.600569495203E+00
  126.0000      0.599655313760E+00
  126.1000      0.599945020062E+00
  126.2000      0.602043345514E+00
  126.3000      0.606195875113E+00
  126.4000      0.612037293161E+00
  126.5000      0.618590841506E+00
  126.6000      0.624582725895E+00
  126.7000      0.629069374513E+00
  126.8000      0.631835672469E+00
  126.9000      0.633105602200E+00
  127.0000      0.632997732884E+00
  127.1000      0.631393258382E+00
  127.2000      0.628165970041E+00
  127.3000      0.623407371191E+00
  127.4000      0.617594839354E+00
  127.5000      0.611618135611E+00
  127.6000      0.606425682401E+00
  127.7000      0.602540217289E+00
  127.8000      0.600032957506E+00
  127.9000      0.598899745962E+00
  128.0000      0.599233938541E+00
  128.1000      0.601068011991E+00
  128.2000      0.604224951701E+00
  128.3000      0.608243427650E+00
  128.4000      0.612325662178E+00
  128.5000      0.615563254574E+00
  128.6000      0.617450264111E+00
  128.7000      0.618113511573E+00
  128.8000      0.617986804658E+00
  128.9000      0.617402900213E+00
  129.0000      0.616468327285E+00
  129.1000      0.615060404743E+00
  129.2000      0.612904181445E+00
  129.3000      0.609870748762E+00
  129.4000      0.606213940525E+00
  129.5000      0.602360971989E+00
  129.6000      0.598543020546E+00
  129.7000      0.594764622204E+00
  129.8000      0.590988700049E+00
  129.9000      0.587213926361E+00
  130.0000      0.583555545501E+00
  130.1000      0.580396307218E+00
  130.2000      0.578296831706E+00
  130.3000      0.577664795786E+00
  130.4000      0.578642213804E+00
  130.5000      0.581269181507E+00
  130.6000      0.585508894993E+00
  130.7000      0.591115163664E+00
  130.8000      0.597678723006E+00
  130.9000      0.604766744176E+00
  131.0000      0.611876087878E+00
  131.1000      0.618394855747E+00
  131.2000      0.623805838016E+00
  131.3000      0.627837607330E+00
  131.4000      0.630347918259E+00
  131.5000      0.631260185392E+00
  131.6000      0.630692095086E+00
  131.7000      0.628927079183E+00
  131.8000      0.626187661687E+00
  131.9000      0.622617557184E+00
  132.0000      0.618480105273E+00
  132.1000      0.614177938135E+00
  132.2000      0.610102911099E+00
  132.3000      0.606590809042E+00
  132.4000      0.603864803115E+00
  132.5000      0.601837081267E+00
  132.6000      0.600132480946E+00
  132.7000      0.598505668549E+00
  132.8000      0.597122767679E+00
  132.9000      0.596337410806E+00
  133.0000      0.596323433761E+00
  133.1000      0.596915633548E+00
  133.2000      0.597586437124E+00
  133.3000      0.597602675459E+00
  133.4000      0.596472385690E+00
  133.5000      0.594264507308E+00
  133.6000      0.591337957843E+00
  133.7000      0.587849819296E+00
  133.8000      0.583694369875E+00
  133.9000      0.578791024567E+00
  134.0000      0.573278486112E+00
  134.1000      0.567570842393E+00
  134.2000      0.562314327916E+00
  134.3000      0.558089611830E+00
  134.4000      0.555078131708E+00
  134.5000      0.553211588961E+00
  134.6000      0.552660814168E+00
  134.7000      0.553953707536E+00
  134.8000      0.557600039823E+00
  134.9000      0.563743798434E+00
  135.0000      0.572056802460E+00
  135.1000      0.581757652879E+00
  135.2000      0.591857707974E+00
  135.3000      0.601603629121E+00
  135.4000      0.610618013012E+00
  135.5000      0.618562948226E+00
  135.6000      0.624879881641E+00
  135.7000      0.628935059441E+00
  135.8000      0.630212062030E+00
  135.9000      0.628355032805E+00
  136.0000      0.623313691561E+00
  136.1000      0.615537319514E+00
  136.2000      0.605873517596E+00
  136.3000      0.595285067595E+00
  136.4000      0.584720350879E+00
  136.5000      0.575004150482E+00
  136.6000      0.566587206003E+00
  136.7000      0.559525750782E+00
  136.8000      0.553875733341E+00
  136.9000      0.549960776143E+00
  137.0000      0.548140974814E+00
  137.1000      0.548470691003E+00
  137.2000      0.550610439507E+00
  137.3000      0.553893944571E+00
  137.4000      0.557548305816E+00
  137.5000      0.561134873664E+00
  137.6000      0.564778667632E+00
  137.7000      0.568773670053E+00
  137.8000      0.573033272540E+00
  137.9000      0.577080838471E+00
  138.0000      0.580425643444E+00
  138.1000      0.582779106607E+00
  138.2000      0.584052760161E+00
  138.3000      0.584256469384E+00
  138.4000      0.583239308805E+00
  138.5000      0.580532505526E+00
  138.6000      0.575748545549E+00
  138.7000      0.569241398804E+00
  138.8000      0.562203076442E+00
  138.9000      0.556105794835E+00
  139.0000      0.552139983278E+00
  139.1000      0.550956879232E+00
  139.2000      0.552614574813E+00
  139.3000      0.556804061621E+00
  139.4000      0.563285141148E+00
  139.5000      0.571994545807E+00
  139.6000      0.582648164191E+00
  139.7000      0.594425113942E+00
  139.8000      0.606092421713E+00
  139.9000      0.616234109535E+00
  140.0000      0.623427218255E+00
  140.1000      0.626621477190E+00
  140.2000      0.625570086929E+00
  140.3000      0.620818959238E+00
  140.4000      0.613315861293E+00
  140.5000      0.604070244071E+00
  140.6000      0.593892710099E+00
  140.7000      0.583171052350E+00
  140.8000      0.572040832870E+00
  140.9000      0.560969062323E+00
  141.0000      0.551016915394E+00
  141.1000      0.543383145936E+00
  141.2000      0.538787627896E+00
  141.3000      0.537248372283E+00
  141.4000      0.538199440470E+00
  141.5000      0.540860656609E+00
  141.6000      0.544797197039E+00
  141.7000      0.550151030508E+00
  141.8000      0.557154104224E+00
  141.9000      0.565501056841E+00
  142.0000      0.574347619632E+00
  142.1000      0.582748502329E+00
  142.2000      0.589938717976E+00
  142.3000      0.595403947124E+00
  142.4000      0.598863425068E+00
  142.5000      0.600058512235E+00
  142.6000      0.598556161080E+00
  142.7000      0.594033147781E+00
  142.8000      0.586811234603E+00
  142.9000      0.577906507839E+00
  143.0000      0.568564624728E+00
  143.1000      0.559883876704E+00
  143.2000      0.552675570138E+00
  143.3000      0.547355101094E+00
  143.4000      0.544021000517E+00
  143.5000      0.542820202701E+00
  143.6000      0.544124556698E+00
  143.7000      0.548248812118E+00
  143.8000      0.555148048511E+00
  143.9000      0.564368156084E+00
  144.0000      0.574987494601E+00
  144.1000      0.585606294406E+00
  144.2000      0.594795478116E+00
  144.3000      0.601763120693E+00
  144.4000      0.606503159238E+00
  144.5000      0.609358833706E+00
  144.6000      0.610528249961E+00
  144.7000      0.609743295027E+00
  144.8000      0.606216338466E+00
  144.9000      0.599175654619E+00
  145.0000      0.588789017719E+00
  145.1000      0.576499915808E+00
  145.2000      0.564337815487E+00
  145.3000      0.553945326365E+00
  145.4000      0.546082893995E+00
  145.5000      0.540646094859E+00
  145.6000      0.537102335922E+00
  145.7000      0.535226603282E+00
  145.8000      0.535497619183E+00
  145.9000      0.538638716833E+00
  146.0000      0.544845433386E+00
  146.1000      0.553534509624E+00
  146.2000      0.563570679109E+00
  146.3000      0.573560790256E+00
  146.4000      0.582257758093E+00
  146.5000      0.589022930094E+00
  146.6000      0.593850525507E+00
  146.7000      0.596907432270E+00
  146.8000      0.598196473547E+00
  146.9000      0.597556773088E+00
  147.0000      0.594683703938E+00
  147.1000      0.589228870669E+00
  147.2000      0.581223932830E+00
  147.3000      0.571399057843E+00
  147.4000      0.560876233911E+00
  147.5000      0.550628354646E+00
  147.6000      0.541335962949E+00
  147.7000      0.533520052977E+00
  147.8000      0.527627845275E+00
  147.9000      0.524162593603E+00
  148.0000      0.523758323672E+00
  148.1000      0.526814620961E+00
  148.2000      0.532974370110E+00
  148.3000      0.541212991298E+00
  148.4000      0.550465804125E+00
  148.5000      0.559984456485E+00
  148.6000      0.569211212800E+00
  148.7000      0.577574158317E+00
  148.8000      0.584315518614E+00
  148.9000      0.588390257093E+00
  149.0000      0.588826350199E+00
  149.1000      0.585481965523E+00
  149.2000      0.579331349601E+00
  149.3000      0.571891048513E+00
  149.4000      0.564471150474E+00
  149.5000      0.557814157219E+00
  149.6000      0.551990227647E+00
  149.7000      0.546556548043E+00
  149.8000      0.541159409461E+00
  149.9000      0.536105517359E+00
  150.0000      0.532247525921E+00
  150.1000      0.530423566570E+00
  150.2000      0.531067496649E+00
  150.3000      0.534004448518E+00
  150.4000      0.538378912611E+00
  150.5000      0.543123622305E+00
  150.6000      0.547871674245E+00
  150.7000      0.553333038249E+00
  150.8000      0.560652952044E+00
  150.9000      0.570409571848E+00
  151.0000      0.581951113799E+00
  151.1000      0.593293111648E+00
  151.2000      0.601825648888E+00
  151.3000      0.605716559356E+00
  151.4000      0.604891408236E+00
  151.5000      0.600623775912E+00
  151.6000      0.594309141585E+00
  151.7000      0.586643387251E+00
  151.8000      0.577565387938E+00
  151.9000      0.566735910512E+00
  152.0000      0.554370988009E+00
  152.1000      0.541849180753E+00
  152.2000      0.531314584009E+00
  152.3000      0.524547014835E+00
  152.4000      0.522223783752E+00
  152.5000      0.523942969187E+00
  152.6000      0.528517338707E+00
  152.7000      0.534412741738E+00
  152.8000      0.540446949709E+00
  152.9000      0.546243327789E+00
  153.0000      0.551964564150E+00
  153.1000      0.557774892474E+00
  153.2000      0.563578162507E+00
  153.3000      0.568899880050E+00
  153.4000      0.572900906641E+00
  153.5000      0.574906014231E+00
  153.6000      0.575120318946E+00
  153.7000      0.574575612708E+00
  153.8000      0.574283278115E+00
  153.9000      0.574568680357E+00
  154.0000      0.575042413521E+00
  154.1000      0.574928698050E+00
  154.2000      0.573627281992E+00
  154.3000      0.571298949045E+00
  154.4000      0.568780167667E+00
  154.5000      0.566744757823E+00
  154.6000      0.565173085713E+00
  154.7000      0.563750810297E+00
  154.8000      0.562458166058E+00
  154.9000      0.561624002948E+00
  155.0000      0.561645783063E+00
  155.1000      0.562639174926E+00
  155.2000      0.564060370990E+00
  155.3000      0.564775191189E+00
  155.4000      0.563886304824E+00
  155.5000      0.561481966656E+00
  155.6000      0.558387175611E+00
  155.7000      0.555372705726E+00
  155.8000      0.552755898035E+00
  155.9000      0.550409285378E+00
  156.0000      0.547886399386E+00
  156.1000      0.544821802827E+00
  156.2000      0.541428009417E+00
  156.3000      0.538423515257E+00
  156.4000      0.536468470632E+00
  156.5000      0.535877554727E+00
  156.6000      0.536658019359E+00
  156.7000      0.538383545659E+00
  156.8000      0.540189184280E+00
  156.9000      0.541410911400E+00
  157.0000      0.542308588875E+00
  157.1000      0.543990453145E+00
  157.2000      0.547692325558E+00
  157.3000      0.554005385113E+00
  157.4000      0.562253543207E+00
  157.5000      0.570449525648E+00
  157.6000      0.576406150058E+00
  157.7000      0.579313065759E+00
  157.8000      0.580150458469E+00
  157.9000      0.580580268605E+00
  158.0000      0.581549848679E+00
  158.1000      0.582614261046E+00
  158.2000      0.582165604322E+00
  158.3000      0.578590335041E+00
  158.4000      0.571779496349E+00
  158.5000      0.563565742772E+00
  158.6000      0.556511585238E+00
  158.7000      0.552307071454E+00
  158.8000      0.551088320790E+00
  158.9000      0.551630012496E+00
  159.0000      0.552034868476E+00
  159.1000      0.550862691929E+00
  159.2000      0.548060968975E+00
  159.3000      0.544779918383E+00
  159.4000      0.542358964086E+00
  159.5000      0.541545241621E+00
  159.6000      0.542185350655E+00
  159.7000      0.543183344146E+00
  159.8000      0.543103037646E+00
  159.9000      0.541403111436E+00
  160.0000      0.539074230871E+00
  160.1000      0.537872443086E+00
  160.2000      0.538990199206E+00
  160.3000      0.542247912983E+00
  160.4000      0.546026446930E+00
  160.5000      0.548054146144E+00
  160.6000      0.547001308212E+00
  160.7000      0.543671967777E+00
  160.8000      0.540475791065E+00
  160.9000      0.539752477986E+00
  161.0000      0.542593846689E+00
  161.1000      0.548677657013E+00
  161.2000      0.556693179140E+00
  161.3000      0.565218083104E+00
  161.4000      0.573642263839E+00
  161.5000      0.582155431679E+00
  161.6000      0.590782973155E+00
  161.7000      0.598738507004E+00
  161.8000      0.604648064698E+00
  161.9000      0.606963946849E+00
  162.0000      0.604346218230E+00
  162.1000      0.596380577575E+00
  162.2000      0.584132485064E+00
  162.3000      0.569705554337E+00
  162.4000      0.555243604347E+00
  162.5000      0.542313521899E+00
  162.6000      0.531625037286E+00
  162.7000      0.522896981641E+00
  162.8000      0.515374601095E+00
  162.9000      0.508832588140E+00
  163.0000      0.503818696730E+00
  163.1000      0.500860335755E+00
  163.2000      0.499856745805E+00
  163.3000      0.500271183131E+00
  163.4000      0.501534016490E+00
  163.5000      0.503416730980E+00
  163.6000      0.506489995185E+00
  163.7000      0.512034549673E+00
  163.8000      0.521039842743E+00
  163.9000      0.533416391218E+00
  164.0000      0.548354826758E+00
  164.1000      0.564986109367E+00
  164.2000      0.582391787893E+00
  164.3000      0.599414821200E+00
  164.4000      0.614736851835E+00
  164.5000      0.626862382189E+00
  164.6000      0.634157859505E+00
  164.7000      0.635546846061E+00
  164.8000      0.631256241586E+00
  164.9000      0.622502665811E+00
  165.0000      0.610593105086E+00
  165.1000      0.596634853244E+00
  165.2000      0.581655484856E+00
  165.3000      0.566418111764E+00
  165.4000      0.551342563792E+00
  165.5000      0.536910101080E+00
  165.6000      0.523814559918E+00
  165.7000      0.512592090547E+00
  165.8000      0.503564312580E+00
  165.9000      0.497142444529E+00
  166.0000      0.493595131929E+00
  166.1000      0.492561624067E+00
  166.2000      0.493449902303E+00
  166.3000      0.496349036558E+00
  166.4000      0.502112998648E+00
  166.5000      0.511632816639E+00
  166.6000      0.525147658919E+00
  166.7000      0.541652237260E+00
  166.8000      0.558593989394E+00
  166.9000      0.572853437566E+00
  167.0000      0.582712457069E+00
  167.1000      0.588725669828E+00
  167.2000      0.592630507694E+00
  167.3000      0.595772520026E+00
  167.4000      0.598294131962E+00
  167.5000      0.599057902743E+00
  167.6000      0.596462774479E+00
  167.7000      0.590097673042E+00
  167.8000      0.581630808794E+00
  167.9000      0.573682543110E+00
  168.0000      0.568001066281E+00
  168.1000      0.564786252007E+00
  168.2000      0.562994248370E+00
  168.3000      0.560894325047E+00
  168.4000      0.557120313050E+00
  168.5000      0.551825921634E+00
  168.6000      0.546565997945E+00
  168.7000      0.543002003480E+00
  168.8000      0.542022677860E+00
  168.9000      0.543594464727E+00
  169.0000      0.546558609838E+00
  169.1000      0.548869615550E+00
  169.2000      0.549027093779E+00
  169.3000      0.547406863760E+00
  169.4000      0.545915056837E+00
  169.5000      0.546634602410E+00
  169.6000      0.550743648209E+00
  169.7000      0.557739732012E+00
  169.8000      0.565339198484E+00
  169.9000      0.571090641248E+00
  170.0000      0.574699924363E+00
  170.1000      0.578368600966E+00
  170.2000      0.584731522061E+00
  170.3000      0.594639420378E+00
  170.4000      0.606220885258E+00
  170.5000      0.615285894162E+00
  170.6000      0.617427272111E+00
  170.7000      0.611163252071E+00
  170.8000      0.599294098488E+00
  170.9000      0.586941918081E+00
  171.0000      0.578496906606E+00
  171.1000      0.576036302205E+00
  171.2000      0.579211593881E+00
  171.3000      0.586075152513E+00
  171.4000      0.594902137124E+00
  171.5000      0.605610258848E+00
  171.6000      0.618888167087E+00
  171.7000      0.634103644231E+00
  171.8000      0.648637799907E+00
  171.9000      0.658745797422E+00
  172.0000      0.660514760156E+00
  172.1000      0.651151098533E+00
  172.2000      0.630867493654E+00
  172.3000      0.603533926470E+00
  172.4000      0.575066244728E+00
  172.5000      0.551305730783E+00
  172.6000      0.536628347010E+00
  172.7000      0.532624994235E+00
  172.8000      0.537483568130E+00
  172.9000      0.547764464925E+00
  173.0000      0.561231768889E+00
  173.1000      0.577475151371E+00
  173.2000      0.596192740984E+00
  173.3000      0.615572253849E+00
  173.4000      0.631695531311E+00
  173.5000      0.639094889002E+00
  173.6000      0.633547582642E+00
  173.7000      0.616020331758E+00
  173.8000      0.593519493883E+00
  173.9000      0.575302258641E+00
  174.0000      0.568179268823E+00
  174.1000      0.574299741010E+00
  174.2000      0.591261007390E+00
  174.3000      0.614056145646E+00
  174.4000      0.638507809163E+00
  174.5000      0.663309171975E+00
  174.6000      0.688297457309E+00
  174.7000      0.711678834806E+00
  174.8000      0.729995251490E+00
  174.9000      0.739840290498E+00
  175.0000      0.738796645223E+00
  175.1000      0.726231433085E+00
  175.2000      0.704496389138E+00
  175.3000      0.678472707103E+00
  175.4000      0.653322106230E+00
  175.5000      0.633226241393E+00
  175.6000      0.621216259568E+00
  175.7000      0.617837018212E+00
  175.8000      0.620182172370E+00
  175.9000      0.624528317348E+00
  176.0000      0.630282165141E+00
  176.1000      0.640349100888E+00
  176.2000      0.658182891999E+00
  176.3000      0.684736904789E+00
  176.4000      0.716105446540E+00
  176.5000      0.743118526984E+00
  176.6000      0.755943814496E+00
  176.7000      0.751314230111E+00
  176.8000      0.734423599383E+00
  176.9000      0.713573230496E+00
  177.0000      0.694432900271E+00
  177.1000      0.678567549719E+00
  177.2000      0.664896302220E+00
  177.3000      0.653305702892E+00
  177.4000      0.649330594171E+00
  177.5000      0.664052126145E+00
  177.6000      0.706574738590E+00
  177.7000      0.777002608305E+00
  177.8000      0.867081944994E+00
  177.9000      0.964248909936E+00
  178.0000      0.105343149921E+01
  178.1000      0.111898047026E+01
  178.2000      0.114826569672E+01
  178.3000      0.113309165109E+01
  178.4000      0.107006219268E+01
  178.5000      0.965025529793E+00
  178.6000      0.836900098659E+00
  178.7000      0.712192316304E+00
  178.8000      0.616179128862E+00
  178.9000      0.572982055890E+00
  179.0000      0.610382362387E+00
  179.1000      0.757068874710E+00
  179.2000      0.103386025967E+01
  179.3000      0.144553497205E+01
  179.4000      0.196987052659E+01
  179.5000      0.254808247528E+01
  179.6000      0.309781357882E+01
  179.7000      0.355024505959E+01
  179.8000      0.387517313940E+01
  179.9000      0.406967103423E+01
  180.0000      0.413473789136E+01
