    0.1000      0.277337988472E+07
    0.2000      0.647591916830E+06
    0.3000      0.599425796315E+05
    0.4000      0.151808204926E+06
    0.5000      0.746351626897E+05
    0.6000      0.337475933830E+05
    0.7000      0.405247200761E+05
    0.8000      0.278187391412E+05
    0.9000      0.198659491418E+05
    1.0000      0.115001836371E+05
    1.1000      0.998875683354E+04
    1.2000      0.945469538370E+04
    1.3000      0.511552112163E+04
    1.4000      0.323133643827E+04
    1.5000      0.305004865698E+04
    1.6000      0.287609385714E+04
    1.7000      0.154578403067E+04
    1.8000      0.911592471205E+03
    1.9000      0.147964193624E+04
    2.0000      0.110842030562E+04
    2.1000      0.474890439248E+03
    2.2000      0.654816945070E+03
    2.3000      0.830788350839E+03
    2.4000      0.594986288316E+03
    2.5000      0.361651756373E+03
    2.6000      0.400258681670E+03
    2.7000      0.530416705174E+03
    2.8000      0.381166928544E+03
    2.9000      0.239571565299E+03
    3.0000      0.302896918804E+03
    3.1000      0.308784209244E+03
    3.2000      0.247980573919E+03
    3.3000      0.229026797544E+03
    3.4000      0.240461976243E+03
    3.5000      0.220978903735E+03
    3.6000      0.232967511203E+03
    3.7000      0.255524376949E+03
    3.8000      0.235627625563E+03
    3.9000      0.214896258891E+03
    4.0000      0.191637651790E+03
    4.1000      0.189120998193E+03
    4.2000      0.206846315091E+03
    4.3000      0.210346225919E+03
    4.4000      0.185084191474E+03
    4.5000      0.173216661228E+03
    4.6000      0.179930581869E+03
    4.7000      0.169548786890E+03
    4.8000      0.162882554032E+03
    4.9000      0.151520977157E+03
    5.0000      0.135752662262E+03
    5.1000      0.134663588099E+03
    5.2000      0.141307302091E+03
    5.3000      0.135696190361E+03
    5.4000      0.123512203840E+03
    5.5000      0.122028990114E+03
    5.6000      0.117776411195E+03
    5.7000      0.118080648083E+03
    5.8000      0.118529775944E+03
    5.9000      0.108940422894E+03
    6.0000      0.101701544503E+03
    6.1000      0.101240466410E+03
    6.2000      0.101843359587E+03
    6.3000      0.987111582511E+02
    6.4000      0.964053001568E+02
    6.5000      0.891092767867E+02
    6.6000      0.863105163941E+02
    6.7000      0.910703156013E+02
    6.8000      0.866542922116E+02
    6.9000      0.781828700585E+02
    7.0000      0.733161418672E+02
    7.1000      0.703234762622E+02
    7.2000      0.700361980468E+02
    7.3000      0.781524292904E+02
    7.4000      0.803937803276E+02
    7.5000      0.705228631288E+02
    7.6000      0.651213979120E+02
    7.7000      0.622103786782E+02
    7.8000      0.590740912421E+02
    7.9000      0.621097389296E+02
    8.0000      0.679455452223E+02
    8.1000      0.649675822335E+02
    8.2000      0.590670660609E+02
    8.3000      0.576205564929E+02
    8.4000      0.526546828221E+02
    8.5000      0.492360178719E+02
    8.6000      0.514499720523E+02
    8.7000      0.518737554586E+02
    8.8000      0.479452412909E+02
    8.9000      0.459779984694E+02
    9.0000      0.445592740586E+02
    9.1000      0.396854292584E+02
    9.2000      0.386061085408E+02
    9.3000      0.395819664788E+02
    9.4000      0.379895219301E+02
    9.5000      0.366449431353E+02
    9.6000      0.368755257737E+02
    9.7000      0.346026871204E+02
    9.8000      0.310029101258E+02
    9.9000      0.319877780232E+02
   10.0000      0.333888292825E+02
   10.1000      0.335084298927E+02
   10.2000      0.339675950246E+02
   10.3000      0.321604310109E+02
   10.4000      0.275719598168E+02
   10.5000      0.259846944156E+02
   10.6000      0.297333653028E+02
   10.7000      0.320989879762E+02
   10.8000      0.319567046853E+02
   10.9000      0.298385589103E+02
   11.0000      0.250513089617E+02
   11.1000      0.217942472995E+02
   11.2000      0.241023510330E+02
   11.3000      0.283495235718E+02
   11.4000      0.282833309800E+02
   11.5000      0.258530371288E+02
   11.6000      0.229277721099E+02
   11.7000      0.204182853372E+02
   11.8000      0.208862145378E+02
   11.9000      0.233595304039E+02
   12.0000      0.239771239993E+02
   12.1000      0.217353750747E+02
   12.2000      0.204981735002E+02
   12.3000      0.205086874277E+02
   12.4000      0.205362377586E+02
   12.5000      0.204732329798E+02
   12.6000      0.197787263480E+02
   12.7000      0.186817998186E+02
   12.8000      0.180511991511E+02
   12.9000      0.190266949467E+02
   13.0000      0.194869322645E+02
   13.1000      0.181499953416E+02
   13.2000      0.162889017564E+02
   13.3000      0.154670329185E+02
   13.4000      0.159166098013E+02
   13.5000      0.162965927494E+02
   13.6000      0.163462108801E+02
   13.7000      0.151996194848E+02
   13.8000      0.135835475137E+02
   13.9000      0.131889047394E+02
   14.0000      0.139642708645E+02
   14.1000      0.142883693878E+02
   14.2000      0.133099172117E+02
   14.3000      0.125389192668E+02
   14.4000      0.122757978131E+02
   14.5000      0.127585494966E+02
   14.6000      0.136025824388E+02
   14.7000      0.134223227125E+02
   14.8000      0.120252830843E+02
   14.9000      0.109272476153E+02
   15.0000      0.116292053305E+02
   15.1000      0.129523133035E+02
   15.2000      0.138376426967E+02
   15.3000      0.134293973425E+02
   15.4000      0.116723679460E+02
   15.5000      0.102989206187E+02
   15.6000      0.106335839768E+02
   15.7000      0.121385706577E+02
   15.8000      0.129206716119E+02
   15.9000      0.127374404809E+02
   16.0000      0.116634134855E+02
   16.1000      0.102722507316E+02
   16.2000      0.989422997815E+01
   16.3000      0.105371036326E+02
   16.4000      0.111634054933E+02
   16.5000      0.111546328228E+02
   16.6000      0.112677699658E+02
   16.7000      0.110701625496E+02
   16.8000      0.102235620455E+02
   16.9000      0.962342654253E+01
   17.0000      0.953007215000E+01
   17.1000      0.972003265202E+01
   17.2000      0.103182520018E+02
   17.3000      0.114612911525E+02
   17.4000      0.114488009707E+02
   17.5000      0.987902298170E+01
   17.6000      0.858074005414E+01
   17.7000      0.843390640414E+01
   17.8000      0.915159198516E+01
   17.9000      0.104160574696E+02
   18.0000      0.115288515283E+02
   18.1000      0.106617937100E+02
   18.2000      0.846767585411E+01
   18.3000      0.739069129484E+01
   18.4000      0.778040582115E+01
   18.5000      0.872485397357E+01
   18.6000      0.977966293366E+01
   18.7000      0.102998912807E+02
   18.8000      0.905245253872E+01
   18.9000      0.726212957508E+01
   19.0000      0.681268053491E+01
   19.1000      0.727497704644E+01
   19.2000      0.786095230247E+01
   19.3000      0.860624871708E+01
   19.4000      0.904592117396E+01
   19.5000      0.815050166383E+01
   19.6000      0.693608225257E+01
   19.7000      0.658187728002E+01
   19.8000      0.666721996034E+01
   19.9000      0.704545400932E+01
   20.0000      0.792330090914E+01
   20.1000      0.856349939221E+01
   20.2000      0.788725892736E+01
   20.3000      0.674816606199E+01
   20.4000      0.614505754936E+01
   20.5000      0.605302521961E+01
   20.6000      0.661132080539E+01
   20.7000      0.767054072792E+01
   20.8000      0.820618941836E+01
   20.9000      0.738271039842E+01
   21.0000      0.617694173628E+01
   21.1000      0.553800872166E+01
   21.2000      0.557757949628E+01
   21.3000      0.632194763087E+01
   21.4000      0.727745579548E+01
   21.5000      0.749372007591E+01
   21.6000      0.658648846446E+01
   21.7000      0.556789197269E+01
   21.8000      0.511145381321E+01
   21.9000      0.526545604559E+01
   22.0000      0.599036776503E+01
   22.1000      0.672600936010E+01
   22.2000      0.676188072610E+01
   22.3000      0.602162750251E+01
   22.4000      0.531582239802E+01
   22.5000      0.497129642360E+01
   22.6000      0.507624733668E+01
   22.7000      0.570155888009E+01
   22.8000      0.631496646110E+01
   22.9000      0.634255307652E+01
   23.0000      0.581250293370E+01
   23.1000      0.528763482387E+01
   23.2000      0.489715314224E+01
   23.3000      0.489099273437E+01
   23.4000      0.545505436656E+01
   23.5000      0.602100564003E+01
   23.6000      0.604535181639E+01
   23.7000      0.560125645015E+01
   23.8000      0.511042031782E+01
   23.9000      0.464141366420E+01
   24.0000      0.457032271166E+01
   24.1000      0.510464897230E+01
   24.2000      0.562360957545E+01
   24.3000      0.560792790652E+01
   24.4000      0.518389680298E+01
   24.5000      0.472027799941E+01
   24.6000      0.425240334797E+01
   24.7000      0.417546990599E+01
   24.8000      0.468126439567E+01
   24.9000      0.516501872849E+01
   25.0000      0.514207390605E+01
   25.1000      0.476660054855E+01
   25.2000      0.438300877783E+01
   25.3000      0.397823703930E+01
   25.4000      0.390050136618E+01
   25.5000      0.435872750632E+01
   25.6000      0.483339022908E+01
   25.7000      0.484519686832E+01
   25.8000      0.452785745887E+01
   25.9000      0.421728038593E+01
   26.0000      0.385643474632E+01
   26.1000      0.373430946287E+01
   26.2000      0.411404064934E+01
   26.3000      0.458182392549E+01
   26.4000      0.462331281370E+01
   26.5000      0.432553509750E+01
   26.6000      0.403768056719E+01
   26.7000      0.368013299009E+01
   26.8000      0.348900505708E+01
   26.9000      0.378341363987E+01
   27.0000      0.424057351298E+01
   27.1000      0.429965437597E+01
   27.2000      0.400339161691E+01
   27.3000      0.372356291978E+01
   27.4000      0.337609778346E+01
   27.5000      0.314972125112E+01
   27.6000      0.339099831240E+01
   27.7000      0.384697212649E+01
   27.8000      0.393428372146E+01
   27.9000      0.366320644435E+01
   28.0000      0.341430569815E+01
   28.1000      0.311055306490E+01
   28.2000      0.289964084895E+01
   28.3000      0.311786854465E+01
   28.4000      0.356837266604E+01
   28.5000      0.368753675059E+01
   28.6000      0.346194466194E+01
   28.7000      0.325327944199E+01
   28.8000      0.300047382396E+01
   28.9000      0.282144615599E+01
   29.0000      0.301158616894E+01
   29.1000      0.342258804123E+01
   29.2000      0.355145820021E+01
   29.3000      0.336733880806E+01
   29.4000      0.318464801363E+01
   29.5000      0.296235769520E+01
   29.6000      0.280333136020E+01
   29.7000      0.294587703698E+01
   29.8000      0.328200534692E+01
   29.9000      0.339607733183E+01
   30.0000      0.324793748479E+01
   30.1000      0.308249591125E+01
   30.2000      0.287347836682E+01
   30.3000      0.272465887036E+01
   30.4000      0.281736039393E+01
   30.5000      0.307083579262E+01
   30.6000      0.316507388837E+01
   30.7000      0.306221745394E+01
   30.8000      0.292408188696E+01
   30.9000      0.272533442558E+01
   31.0000      0.258639171194E+01
   31.1000      0.264552525116E+01
   31.2000      0.283279798281E+01
   31.3000      0.291558787148E+01
   31.4000      0.287131782771E+01
   31.5000      0.277597964801E+01
   31.6000      0.258885531206E+01
   31.7000      0.245901162085E+01
   31.8000      0.250304432260E+01
   31.9000      0.264653406153E+01
   32.0000      0.272363338806E+01
   32.1000      0.273757494584E+01
   32.2000      0.268924685895E+01
   32.3000      0.251044839753E+01
   32.4000      0.238196360942E+01
   32.5000      0.242021992026E+01
   32.6000      0.253688567610E+01
   32.7000      0.260444424031E+01
   32.8000      0.265682671374E+01
   32.9000      0.264452462157E+01
   33.0000      0.246762387820E+01
   33.1000      0.232894087548E+01
   33.2000      0.236100109678E+01
   33.3000      0.246116055968E+01
   33.4000      0.250968394916E+01
   33.5000      0.256978387380E+01
   33.6000      0.257666469821E+01
   33.7000      0.240213979947E+01
   33.8000      0.224879429548E+01
   33.9000      0.227302660413E+01
   34.0000      0.236638655462E+01
   34.1000      0.239063379802E+01
   34.2000      0.243175317794E+01
   34.3000      0.244747316039E+01
   34.4000      0.229030701871E+01
   34.5000      0.213289173003E+01
   34.6000      0.215370384826E+01
   34.7000      0.225313700420E+01
   34.8000      0.225814758735E+01
   34.9000      0.226721614624E+01
   35.0000      0.229128070730E+01
   35.1000      0.217550053609E+01
   35.2000      0.203351872926E+01
   35.3000      0.205579351837E+01
   35.4000      0.216906689391E+01
   35.5000      0.216345373525E+01
   35.6000      0.213734502502E+01
   35.7000      0.217049792123E+01
   35.8000      0.211404186278E+01
   35.9000      0.200200257111E+01
   36.0000      0.202062063683E+01
   36.1000      0.213981815636E+01
   36.2000      0.212591559518E+01
   36.3000      0.206394923853E+01
   36.4000      0.209958563269E+01
   36.5000      0.210351115070E+01
   36.6000      0.202363011067E+01
   36.7000      0.202303243828E+01
   36.8000      0.212721497044E+01
   36.9000      0.210343404524E+01
   37.0000      0.201032115722E+01
   37.1000      0.203842233034E+01
   37.2000      0.209042042668E+01
   37.3000      0.203821733371E+01
   37.4000      0.200453417758E+01
   37.5000      0.207387874919E+01
   37.6000      0.204317418777E+01
   37.7000      0.193525682544E+01
   37.8000      0.195212806172E+01
   37.9000      0.203656497764E+01
   38.0000      0.200918374551E+01
   38.1000      0.194131543103E+01
   38.2000      0.196905103276E+01
   38.3000      0.194236810100E+01
   38.4000      0.184455637570E+01
   38.5000      0.185343399570E+01
   38.6000      0.195388914072E+01
   38.7000      0.194952647045E+01
   38.8000      0.185901064393E+01
   38.9000      0.185095456156E+01
   39.0000      0.183945204970E+01
   39.1000      0.177287817682E+01
   39.2000      0.177794767691E+01
   39.3000      0.187704028686E+01
   39.4000      0.189028034878E+01
   39.5000      0.179253497938E+01
   39.6000      0.176026622417E+01
   39.7000      0.176752921133E+01
   39.8000      0.173895845737E+01
   39.9000      0.173832669468E+01
   40.0000      0.181734228821E+01
   40.1000      0.183967194113E+01
   40.2000      0.175004545968E+01
   40.3000      0.170525220139E+01
   40.4000      0.172430018050E+01
   40.5000      0.172687316500E+01
   40.6000      0.171855560993E+01
   40.7000      0.176511975974E+01
   40.8000      0.178580247352E+01
   40.9000      0.171552383220E+01
   41.0000      0.167091008296E+01
   41.1000      0.169058408660E+01
   41.2000      0.170774860100E+01
   41.3000      0.169174740912E+01
   41.4000      0.170800394430E+01
   41.5000      0.172246288435E+01
   41.6000      0.167579758244E+01
   41.7000      0.164026178110E+01
   41.8000      0.165219820439E+01
   41.9000      0.166895902242E+01
   42.0000      0.164979541805E+01
   42.1000      0.164890471286E+01
   42.2000      0.165709509125E+01
   42.3000      0.163006813207E+01
   42.4000      0.160707368368E+01
   42.5000      0.160933515446E+01
   42.6000      0.161688932072E+01
   42.7000      0.159962915802E+01
   42.8000      0.159828525025E+01
   42.9000      0.160323125912E+01
   43.0000      0.158474434680E+01
   43.1000      0.157113167104E+01
   43.2000      0.156925969444E+01
   43.3000      0.156838595934E+01
   43.4000      0.155461379591E+01
   43.5000      0.156204249075E+01
   43.6000      0.156602280949E+01
   43.7000      0.154369996869E+01
   43.8000      0.153265013076E+01
   43.9000      0.153674314682E+01
   44.0000      0.153592653860E+01
   44.1000      0.152163554837E+01
   44.2000      0.153454844418E+01
   44.3000      0.153917128974E+01
   44.4000      0.150788941641E+01
   44.5000      0.149337191585E+01
   44.6000      0.151160504939E+01
   44.7000      0.152134781124E+01
   44.8000      0.149923145908E+01
   44.9000      0.150393527488E+01
   45.0000      0.151023006715E+01
   45.1000      0.147678841141E+01
   45.2000      0.145716795027E+01
   45.3000      0.148931840335E+01
   45.4000      0.151509014653E+01
   45.5000      0.147949848764E+01
   45.6000      0.146098783283E+01
   45.7000      0.147053329059E+01
   45.8000      0.145150898910E+01
   45.9000      0.142978345092E+01
   46.0000      0.146409413282E+01
   46.1000      0.150197466363E+01
   46.2000      0.145486095898E+01
   46.3000      0.140761216402E+01
   46.4000      0.142129773438E+01
   46.5000      0.143292561434E+01
   46.6000      0.141397364360E+01
   46.7000      0.143134380776E+01
   46.8000      0.146950796538E+01
   46.9000      0.142241723464E+01
   47.0000      0.135598215867E+01
   47.1000      0.137229154729E+01
   47.2000      0.141963088905E+01
   47.3000      0.140738625494E+01
   47.4000      0.139115847359E+01
   47.5000      0.141549393489E+01
   47.6000      0.138523418384E+01
   47.7000      0.132100015906E+01
   47.8000      0.133457984846E+01
   47.9000      0.140546912130E+01
   48.0000      0.140106729728E+01
   48.1000      0.134758126986E+01
   48.2000      0.134947676735E+01
   48.3000      0.134982608220E+01
   48.4000      0.131042056786E+01
   48.5000      0.131290108988E+01
   48.6000      0.138165840895E+01
   48.7000      0.138398033463E+01
   48.8000      0.130714959680E+01
   48.9000      0.128759183307E+01
   49.0000      0.132056279815E+01
   49.1000      0.131822923632E+01
   49.2000      0.130253689845E+01
   49.3000      0.134241328866E+01
   49.4000      0.134974066995E+01
   49.5000      0.127562136589E+01
   49.6000      0.124361348833E+01
   49.7000      0.129649927609E+01
   49.8000      0.132755243658E+01
   49.9000      0.129300377628E+01
   50.0000      0.128946912115E+01
   50.1000      0.130028760434E+01
   50.2000      0.125486093852E+01
   50.3000      0.122243847315E+01
   50.4000      0.127314432852E+01
   50.5000      0.132103469662E+01
   50.6000      0.127551927163E+01
   50.7000      0.123290578233E+01
   50.8000      0.124547251049E+01
   50.9000      0.124195854419E+01
   51.0000      0.121800820940E+01
   51.1000      0.124499415614E+01
   51.2000      0.128914446537E+01
   51.3000      0.124673882485E+01
   51.4000      0.118546158865E+01
   51.5000      0.119757993986E+01
   51.6000      0.123134521279E+01
   51.7000      0.121898711682E+01
   51.8000      0.121133211764E+01
   51.9000      0.123637684594E+01
   52.0000      0.121016315845E+01
   52.1000      0.115474569418E+01
   52.2000      0.116266592912E+01
   52.3000      0.121480300387E+01
   52.4000      0.121268562757E+01
   52.5000      0.117543571124E+01
   52.6000      0.117749969873E+01
   52.7000      0.117389061045E+01
   52.8000      0.114168082230E+01
   52.9000      0.114115020960E+01
   53.0000      0.118800394868E+01
   53.1000      0.119193802144E+01
   53.2000      0.114147219089E+01
   53.3000      0.112657335551E+01
   53.4000      0.114270712250E+01
   53.5000      0.113850621403E+01
   53.6000      0.112794005281E+01
   53.7000      0.115264196759E+01
   53.8000      0.115850967208E+01
   53.9000      0.111375648563E+01
   54.0000      0.109223570974E+01
   54.1000      0.111748514622E+01
   54.2000      0.113396733995E+01
   54.3000      0.111549629803E+01
   54.4000      0.111395607287E+01
   54.5000      0.111932027131E+01
   54.6000      0.109333038442E+01
   54.7000      0.107432560544E+01
   54.8000      0.109608166981E+01
   54.9000      0.112008041739E+01
   55.0000      0.109894035724E+01
   55.1000      0.107882436552E+01
   55.2000      0.108268135568E+01
   55.3000      0.107776669710E+01
   55.4000      0.106558390875E+01
   55.5000      0.107544095129E+01
   55.6000      0.109559202183E+01
   55.7000      0.107760444557E+01
   55.8000      0.105172373651E+01
   55.9000      0.105379474699E+01
   56.0000      0.106322470323E+01
   56.1000      0.105740324717E+01
   56.2000      0.105433478949E+01
   56.3000      0.106567190346E+01
   56.4000      0.105398910514E+01
   56.5000      0.103224684164E+01
   56.6000      0.103261799539E+01
   56.7000      0.104717824570E+01
   56.8000      0.104512956582E+01
   56.9000      0.103373041701E+01
   57.0000      0.103741104205E+01
   57.1000      0.103140754909E+01
   57.2000      0.101655830105E+01
   57.3000      0.101551208650E+01
   57.4000      0.102983784226E+01
   57.5000      0.102958904118E+01
   57.6000      0.101486147001E+01
   57.7000      0.101426897684E+01
   57.8000      0.101186466402E+01
   57.9000      0.100176098771E+01
   58.0000      0.999457791997E+00
   58.1000      0.101323929905E+01
   58.2000      0.101424895318E+01
   58.3000      0.997233051500E+00
   58.4000      0.993739979214E+00
   58.5000      0.995047566562E+00
   58.6000      0.988956132305E+00
   58.7000      0.984973914195E+00
   58.8000      0.998519432155E+00
   58.9000      0.100086352328E+01
   59.0000      0.979756593330E+00
   59.1000      0.971822030821E+00
   59.2000      0.979615078414E+00
   59.3000      0.981442916285E+00
   59.4000      0.974123217750E+00
   59.5000      0.982796403709E+00
   59.6000      0.986382824769E+00
   59.7000      0.963316386263E+00
   59.8000      0.950205347920E+00
   59.9000      0.965579018403E+00
   60.0000      0.979838184723E+00
   60.1000      0.966984550985E+00
   60.2000      0.961404639060E+00
   60.3000      0.965722705675E+00
   60.4000      0.951206541931E+00
   60.5000      0.936755454549E+00
   60.6000      0.953309279978E+00
   60.7000      0.977343818593E+00
   60.8000      0.959796801558E+00
   60.9000      0.934789534569E+00
   61.0000      0.938946585796E+00
   61.1000      0.946198831682E+00
   61.2000      0.937816930476E+00
   61.3000      0.941813972236E+00
   61.4000      0.963020423725E+00
   61.5000      0.947990885996E+00
   61.6000      0.912549425532E+00
   61.7000      0.914648749613E+00
   61.8000      0.945566907067E+00
   61.9000      0.948310325780E+00
   62.0000      0.928585751766E+00
   62.1000      0.931970752964E+00
   62.2000      0.930621707672E+00
   62.3000      0.907019389235E+00
   62.4000      0.904153984621E+00
   62.5000      0.940886840810E+00
   62.6000      0.952624768321E+00
   62.7000      0.913803388487E+00
   62.8000      0.894737826206E+00
   62.9000      0.912159922617E+00
   63.0000      0.919498871690E+00
   63.1000      0.909177097215E+00
   63.2000      0.923456627716E+00
   63.3000      0.936414708343E+00
   63.4000      0.901906146588E+00
   63.5000      0.872648986965E+00
   63.6000      0.899134296819E+00
   63.7000      0.934814210025E+00
   63.8000      0.918430597825E+00
   63.9000      0.894753841266E+00
   64.0000      0.901457979958E+00
   64.1000      0.897365117155E+00
   64.2000      0.878492758662E+00
   64.3000      0.892768757426E+00
   64.4000      0.930937127059E+00
   64.5000      0.916177334440E+00
   64.6000      0.868669925549E+00
   64.7000      0.866753271084E+00
   64.8000      0.898054933913E+00
   64.9000      0.901599367197E+00
   65.0000      0.887726737334E+00
   65.1000      0.899642401240E+00
   65.2000      0.896816796871E+00
   65.3000      0.860542021034E+00
   65.4000      0.852173318584E+00
   65.5000      0.894122064818E+00
   65.6000      0.913860091207E+00
   65.7000      0.877453800408E+00
   65.8000      0.855932309630E+00
   65.9000      0.868648243513E+00
   66.0000      0.870356949156E+00
   66.1000      0.859451817073E+00
   66.2000      0.876983997765E+00
   66.3000      0.895546359657E+00
   66.4000      0.862260030415E+00
   66.5000      0.826871908343E+00
   66.6000      0.845316707013E+00
   66.7000      0.879474806232E+00
   66.8000      0.869479860624E+00
   66.9000      0.847825721280E+00
   67.0000      0.852299767449E+00
   67.1000      0.846779816334E+00
   67.2000      0.825850651545E+00
   67.3000      0.833310561651E+00
   67.4000      0.868322000602E+00
   67.5000      0.862613485029E+00
   67.6000      0.820183511958E+00
   67.7000      0.810623992122E+00
   67.8000      0.833659781661E+00
   67.9000      0.839338311459E+00
   68.0000      0.826533321111E+00
   68.1000      0.833801386850E+00
   68.2000      0.835137855516E+00
   68.3000      0.806565360064E+00
   68.4000      0.792996251444E+00
   68.5000      0.821506261775E+00
   68.6000      0.842930579844E+00
   68.7000      0.817538226478E+00
   68.8000      0.795040988424E+00
   68.9000      0.801980425842E+00
   69.0000      0.806196627321E+00
   69.1000      0.797472830938E+00
   69.2000      0.805650619224E+00
   69.3000      0.822714567982E+00
   69.4000      0.803729726569E+00
   69.5000      0.774354329230E+00
   69.6000      0.781328730794E+00
   69.7000      0.808068425018E+00
   69.8000      0.806298273076E+00
   69.9000      0.788014866816E+00
   70.0000      0.788998964654E+00
   70.1000      0.788777612423E+00
   70.2000      0.775896513384E+00
   70.3000      0.776298058811E+00
   70.4000      0.799625714421E+00
   70.5000      0.802463654412E+00
   70.6000      0.774718432223E+00
   70.7000      0.763731169871E+00
   70.8000      0.778312852639E+00
   70.9000      0.786799383435E+00
   71.0000      0.778481522425E+00
   71.1000      0.780599271679E+00
   71.2000      0.784550844378E+00
   71.3000      0.769126628101E+00
   71.4000      0.757750269514E+00
   71.5000      0.772001984032E+00
   71.6000      0.789346629173E+00
   71.7000      0.777336915772E+00
   71.8000      0.761374111913E+00
   71.9000      0.764206439594E+00
   72.0000      0.768897925853E+00
   72.1000      0.764728907266E+00
   72.2000      0.766335044465E+00
   72.3000      0.777362643223E+00
   72.4000      0.769547944455E+00
   72.5000      0.751549048432E+00
   72.6000      0.751875428834E+00
   72.7000      0.767311034104E+00
   72.8000      0.769938457856E+00
   72.9000      0.758634954039E+00
   73.0000      0.757621569648E+00
   73.1000      0.758085852632E+00
   73.2000      0.751379145512E+00
   73.3000      0.748839896662E+00
   73.4000      0.760122255385E+00
   73.5000      0.764766836825E+00
   73.6000      0.749920936734E+00
   73.7000      0.741358166628E+00
   73.8000      0.747319825294E+00
   73.9000      0.753212697713E+00
   74.0000      0.748457873412E+00
   74.1000      0.747588211875E+00
   74.2000      0.750402565439E+00
   74.3000      0.742074097036E+00
   74.4000      0.733942782829E+00
   74.5000      0.738904665180E+00
   74.6000      0.749614066713E+00
   74.7000      0.744520424136E+00
   74.8000      0.734057540237E+00
   74.9000      0.733922625028E+00
   75.0000      0.735420964261E+00
   75.1000      0.732573709041E+00
   75.2000      0.731653059429E+00
   75.3000      0.738495259378E+00
   75.4000      0.735100293534E+00
   75.5000      0.723135835577E+00
   75.6000      0.720837959753E+00
   75.7000      0.728503227206E+00
   75.8000      0.731043596145E+00
   75.9000      0.723874615606E+00
   76.0000      0.723002336614E+00
   76.1000      0.722527612945E+00
   76.2000      0.716240853505E+00
   76.3000      0.712887476916E+00
   76.4000      0.719945645532E+00
   76.5000      0.724982916858E+00
   76.6000      0.714823433757E+00
   76.7000      0.707401455225E+00
   76.8000      0.709592977808E+00
   76.9000      0.712245241588E+00
   77.0000      0.708817090997E+00
   77.1000      0.709131294727E+00
   77.2000      0.712968600150E+00
   77.3000      0.705132355063E+00
   77.4000      0.695966334773E+00
   77.5000      0.698757213430E+00
   77.6000      0.708482349407E+00
   77.7000      0.705797490838E+00
   77.8000      0.696639683649E+00
   77.9000      0.696270435988E+00
   78.0000      0.696023678377E+00
   78.1000      0.691711030704E+00
   78.2000      0.691211601061E+00
   78.3000      0.700290943224E+00
   78.4000      0.699147164134E+00
   78.5000      0.684916268601E+00
   78.6000      0.680151573609E+00
   78.7000      0.688505275249E+00
   78.8000      0.693418332063E+00
   78.9000      0.686413934573E+00
   79.0000      0.684870650156E+00
   79.1000      0.685838716459E+00
   79.2000      0.678300804299E+00
   79.3000      0.672554870108E+00
   79.4000      0.681230686458E+00
   79.5000      0.691507934852E+00
   79.6000      0.680605530942E+00
   79.7000      0.666851197974E+00
   79.8000      0.669455624275E+00
   79.9000      0.678043879479E+00
   80.0000      0.676057273387E+00
   80.1000      0.672129031287E+00
   80.2000      0.676645668664E+00
   80.3000      0.671532116770E+00
   80.4000      0.658663142876E+00
   80.5000      0.659427958572E+00
   80.6000      0.676331750358E+00
   80.7000      0.679149192190E+00
   80.8000      0.661210207710E+00
   80.9000      0.653720149671E+00
   81.0000      0.661635537479E+00
   81.1000      0.665856728478E+00
   81.2000      0.660617412697E+00
   81.3000      0.663921258486E+00
   81.4000      0.667683071050E+00
   81.5000      0.653990111657E+00
   81.6000      0.642518550171E+00
   81.7000      0.654715145235E+00
   81.8000      0.672997027106E+00
   81.9000      0.663680322500E+00
   82.0000      0.644745104589E+00
   82.1000      0.645505946344E+00
   82.2000      0.654826808031E+00
   82.3000      0.653384087443E+00
   82.4000      0.650626612268E+00
   82.5000      0.659580264082E+00
   82.6000      0.655910206452E+00
   82.7000      0.636560216021E+00
   82.8000      0.633699559020E+00
   82.9000      0.656209063429E+00
   83.0000      0.666557291289E+00
   83.1000      0.646166650086E+00
   83.2000      0.632569123325E+00
   83.3000      0.640836113347E+00
   83.4000      0.647896000824E+00
   83.5000      0.642778366712E+00
   83.6000      0.646090388043E+00
   83.7000      0.654403468867E+00
   83.8000      0.640622845312E+00
   83.9000      0.622379628256E+00
   84.0000      0.632606429648E+00
   84.1000      0.658366928806E+00
   84.2000      0.654373493961E+00
   84.3000      0.629366131893E+00
   84.4000      0.625425516661E+00
   84.5000      0.638387710451E+00
   84.6000      0.640752354450E+00
   84.7000      0.635430366090E+00
   84.8000      0.643552874073E+00
   84.9000      0.644818174191E+00
   85.0000      0.624414639759E+00
   85.1000      0.614869502435E+00
   85.2000      0.637171940574E+00
   85.3000      0.656372093423E+00
   85.4000      0.637971283380E+00
   85.5000      0.616341966140E+00
   85.6000      0.622848742811E+00
   85.7000      0.636625911042E+00
   85.8000      0.633590546994E+00
   85.9000      0.630395524072E+00
   86.0000      0.638702248171E+00
   86.1000      0.631379036997E+00
   86.2000      0.611734176768E+00
   86.3000      0.614867458005E+00
   86.4000      0.642249947828E+00
   86.5000      0.647180379333E+00
   86.6000      0.620132825170E+00
   86.7000      0.607877320368E+00
   86.8000      0.622907429882E+00
   86.9000      0.633631727500E+00
   87.0000      0.625871001618E+00
   87.1000      0.625031665351E+00
   87.2000      0.629889920950E+00
   87.3000      0.617918319842E+00
   87.4000      0.605318342826E+00
   87.5000      0.619392922008E+00
   87.6000      0.642418927704E+00
   87.7000      0.631710544089E+00
   87.8000      0.604793889872E+00
   87.9000      0.604795284447E+00
   88.0000      0.624777904107E+00
   88.1000      0.629203569741E+00
   88.2000      0.618353694908E+00
   88.3000      0.619092488980E+00
   88.4000      0.620420835327E+00
   88.5000      0.609260769371E+00
   88.6000      0.605531358476E+00
   88.7000      0.624588572622E+00
   88.8000      0.636308451757E+00
   88.9000      0.615244581106E+00
   89.0000      0.596279305113E+00
   89.1000      0.607764925696E+00
   89.2000      0.627176262799E+00
   89.3000      0.623038167945E+00
   89.4000      0.611324801966E+00
   89.5000      0.613279701849E+00
   89.6000      0.613366918245E+00
   89.7000      0.605822990989E+00
   89.8000      0.608641071601E+00
   89.9000      0.625784973674E+00
   90.0000      0.624799851481E+00
   90.1000      0.602020360222E+00
   90.2000      0.594769637152E+00
   90.3000      0.613091821587E+00
   90.4000      0.625600471329E+00
   90.5000      0.613645410155E+00
   90.6000      0.604125358485E+00
   90.7000      0.607807354102E+00
   90.8000      0.608581283106E+00
   90.9000      0.604238419324E+00
   91.0000      0.609887779444E+00
   91.1000      0.620517513565E+00
   91.2000      0.610962362592E+00
   91.3000      0.593886512049E+00
   91.4000      0.597158636510E+00
   91.5000      0.615620721880E+00
   91.6000      0.617883273410E+00
   91.7000      0.602765514514E+00
   91.8000      0.598028839932E+00
   91.9000      0.603628284399E+00
   92.0000      0.604908211340E+00
   92.1000      0.601937046215E+00
   92.2000      0.607358761998E+00
   92.3000      0.610603563468E+00
   92.4000      0.598853413707E+00
   92.5000      0.590135321100E+00
   92.6000      0.599180741982E+00
   92.7000      0.612085148012E+00
   92.8000      0.605711794002E+00
   92.9000      0.593048520068E+00
   93.0000      0.593307258933E+00
   93.1000      0.599410021970E+00
   93.2000      0.599227349807E+00
   93.3000      0.596478688973E+00
   93.4000      0.600244447811E+00
   93.5000      0.598302186941E+00
   93.6000      0.588981539993E+00
   93.7000      0.586962658786E+00
   93.8000      0.596899462780E+00
   93.9000      0.602079063592E+00
   94.0000      0.592013423702E+00
   94.1000      0.584816586835E+00
   94.2000      0.588137150015E+00
   94.3000      0.592724450380E+00
   94.4000      0.590226886301E+00
   94.5000      0.588438842310E+00
   94.6000      0.590422301368E+00
   94.7000      0.586283348464E+00
   94.8000      0.580672133144E+00
   94.9000      0.582531939449E+00
   95.0000      0.590485841799E+00
   95.1000      0.589102034452E+00
   95.2000      0.579888216790E+00
   95.3000      0.577579417427E+00
   95.4000      0.581707464282E+00
   95.5000      0.583660770857E+00
   95.6000      0.580111459418E+00
   95.7000      0.580133820833E+00
   95.8000      0.580234145462E+00
   95.9000      0.575676592564E+00
   96.0000      0.572863445215E+00
   96.1000      0.576863483701E+00
   96.2000      0.581694636861E+00
   96.3000      0.576176726131E+00
   96.4000      0.569666596214E+00
   96.5000      0.570390579862E+00
   96.6000      0.574382097526E+00
   96.7000      0.573819394672E+00
   96.8000      0.570925955899E+00
   96.9000      0.572056158089E+00
   97.0000      0.570307861454E+00
   97.1000      0.566195596560E+00
   97.2000      0.565669071464E+00
   97.3000      0.571196766802E+00
   97.4000      0.572341693484E+00
   97.5000      0.564887159757E+00
   97.6000      0.561224551766E+00
   97.7000      0.564373451145E+00
   97.8000      0.568031818456E+00
   97.9000      0.565325935035E+00
   98.0000      0.563440358497E+00
   98.1000      0.564184247782E+00
   98.2000      0.561573889906E+00
   98.3000      0.558565780996E+00
   98.4000      0.560389369680E+00
   98.5000      0.566014039562E+00
   98.6000      0.563054675994E+00
   98.7000      0.555396251269E+00
   98.8000      0.554626961558E+00
   98.9000      0.560289319210E+00
   99.0000      0.562455388442E+00
   99.1000      0.557529521494E+00
   99.2000      0.555951467254E+00
   99.3000      0.556273511328E+00
   99.4000      0.554583371278E+00
   99.5000      0.552833016652E+00
   99.6000      0.556223477081E+00
   99.7000      0.559672410151E+00
   99.8000      0.553600757024E+00
   99.9000      0.547550325758E+00
  100.0000      0.550178683689E+00
  100.1000      0.557439442945E+00
  100.2000      0.556223171013E+00
  100.3000      0.549488702170E+00
  100.4000      0.548478349883E+00
  100.5000      0.550294758425E+00
  100.6000      0.550213612008E+00
  100.7000      0.548712324959E+00
  100.8000      0.551773814746E+00
  100.9000      0.551941205215E+00
  101.0000      0.545343448010E+00
  101.1000      0.542140703796E+00
  101.2000      0.547734390323E+00
  101.3000      0.553763695716E+00
  101.4000      0.548124662551E+00
  101.5000      0.541035751993E+00
  101.6000      0.542007297162E+00
  101.7000      0.546591639443E+00
  101.8000      0.546351680381E+00
  101.9000      0.543413530325E+00
  102.0000      0.544651960794E+00
  102.1000      0.543099271864E+00
  102.2000      0.538555977828E+00
  102.3000      0.537901786041E+00
  102.4000      0.544389369487E+00
  102.5000      0.546485516224E+00
  102.6000      0.537905752466E+00
  102.7000      0.532651027137E+00
  102.8000      0.537085131581E+00
  102.9000      0.543382570262E+00
  103.0000      0.540315470271E+00
  103.1000      0.535312901067E+00
  103.2000      0.535632496012E+00
  103.3000      0.535870185800E+00
  103.4000      0.534075551572E+00
  103.5000      0.534178449646E+00
  103.6000      0.538970604360E+00
  103.7000      0.537041767702E+00
  103.8000      0.528808364251E+00
  103.9000      0.526917439804E+00
  104.0000      0.534532354729E+00
  104.1000      0.539238698554E+00
  104.2000      0.531822263084E+00
  104.3000      0.525801119659E+00
  104.4000      0.527973207551E+00
  104.5000      0.532069730487E+00
  104.6000      0.530631380052E+00
  104.7000      0.528691769074E+00
  104.8000      0.530403326347E+00
  104.9000      0.527634339780E+00
  105.0000      0.522698939684E+00
  105.1000      0.523580677047E+00
  105.2000      0.531401512797E+00
  105.3000      0.531530632591E+00
  105.4000      0.521328046583E+00
  105.5000      0.517013212798E+00
  105.6000      0.523629803390E+00
  105.7000      0.530018160687E+00
  105.8000      0.525015645319E+00
  105.9000      0.519436834076E+00
  106.0000      0.520310269372E+00
  106.1000      0.521755692336E+00
  106.2000      0.520249422234E+00
  106.3000      0.520409481220E+00
  106.4000      0.524657668441E+00
  106.5000      0.521398964540E+00
  106.6000      0.513095171749E+00
  106.7000      0.512644257680E+00
  106.8000      0.522384305796E+00
  106.9000      0.526118913601E+00
  107.0000      0.515756441421E+00
  107.1000      0.508729296340E+00
  107.2000      0.513611065082E+00
  107.3000      0.520894992313E+00
  107.4000      0.518119522457E+00
  107.5000      0.512909299211E+00
  107.6000      0.513462624535E+00
  107.7000      0.513185260199E+00
  107.8000      0.510458107931E+00
  107.9000      0.511145954896E+00
  108.0000      0.517963872546E+00
  108.1000      0.516534758769E+00
  108.2000      0.505496985015E+00
  108.3000      0.501965237217E+00
  108.4000      0.512133458296E+00
  108.5000      0.519990337913E+00
  108.6000      0.510895342432E+00
  108.7000      0.500891578466E+00
  108.8000      0.503745913058E+00
  108.9000      0.511959119385E+00
  109.0000      0.511490993772E+00
  109.1000      0.506174346265E+00
  109.2000      0.506626304510E+00
  109.3000      0.506202138823E+00
  109.4000      0.502239988851E+00
  109.5000      0.501954329808E+00
  109.6000      0.510337186368E+00
  109.7000      0.512521935147E+00
  109.8000      0.500488016790E+00
  109.9000      0.492940981272E+00
  110.0000      0.502029577517E+00
  110.1000      0.514082668670E+00
  110.2000      0.507845155234E+00
  110.3000      0.494690785351E+00
  110.4000      0.494659077382E+00
  110.5000      0.503885801187E+00
  110.6000      0.506310122566E+00
  110.7000      0.500587178379E+00
  110.8000      0.500094853032E+00
  110.9000      0.500804873312E+00
  111.0000      0.496827505016E+00
  111.1000      0.494716038510E+00
  111.2000      0.502520125130E+00
  111.3000      0.508555223615E+00
  111.4000      0.497844560869E+00
  111.5000      0.486270502941E+00
  111.6000      0.492362906109E+00
  111.7000      0.507803769635E+00
  111.8000      0.506446813062E+00
  111.9000      0.491075988119E+00
  112.0000      0.486925374895E+00
  112.1000      0.496736290179E+00
  112.2000      0.502998532180E+00
  112.3000      0.497049719504E+00
  112.4000      0.493514205881E+00
  112.5000      0.495085172478E+00
  112.6000      0.493003480666E+00
  112.7000      0.489653574962E+00
  112.8000      0.494644281724E+00
  112.9000      0.503209165964E+00
  113.0000      0.496438880281E+00
  113.1000      0.482586059064E+00
  113.2000      0.483977712748E+00
  113.3000      0.500354663805E+00
  113.4000      0.504908895364E+00
  113.5000      0.489214163431E+00
  113.6000      0.479687681094E+00
  113.7000      0.488487620754E+00
  113.8000      0.499500539544E+00
  113.9000      0.495299015430E+00
  114.0000      0.487433154701E+00
  114.1000      0.488207157418E+00
  114.2000      0.489771475614E+00
  114.3000      0.487441035295E+00
  114.4000      0.488112228089E+00
  114.5000      0.495690561196E+00
  114.6000      0.493837133282E+00
  114.7000      0.480866902465E+00
  114.8000      0.477296104335E+00
  114.9000      0.491253917474E+00
  115.0000      0.501292117457E+00
  115.1000      0.488501645715E+00
  115.2000      0.473978986186E+00
  115.3000      0.479169478509E+00
  115.4000      0.493980765534E+00
  115.5000      0.493877855500E+00
  115.6000      0.481810835519E+00
  115.7000      0.478702752444E+00
  115.8000      0.483567669087E+00
  115.9000      0.485329097455E+00
  116.0000      0.482805653151E+00
  116.1000      0.485769717544E+00
  116.2000      0.487559190511E+00
  116.3000      0.479161329286E+00
  116.4000      0.472834492567E+00
  116.5000      0.481142285541E+00
  116.6000      0.493466253391E+00
  116.7000      0.486362288121E+00
  116.8000      0.469746773409E+00
  116.9000      0.469437686558E+00
  117.0000      0.485148270562E+00
  117.1000      0.491069765425E+00
  117.2000      0.477962804159E+00
  117.3000      0.469143312891E+00
  117.4000      0.474629861617E+00
  117.5000      0.482032390154E+00
  117.6000      0.479457424322E+00
  117.7000      0.475671217632E+00
  117.8000      0.477171186018E+00
  117.9000      0.474926630525E+00
  118.0000      0.469964925755E+00
  118.1000      0.471938898290E+00
  118.2000      0.481842193087E+00
  118.3000      0.480933692288E+00
  118.4000      0.466944313802E+00
  118.5000      0.461709187682E+00
  118.6000      0.473877083561E+00
  118.7000      0.484464062096E+00
  118.8000      0.474539932248E+00
  118.9000      0.461187762293E+00
  119.0000      0.463722396168E+00
  119.1000      0.475255398021E+00
  119.2000      0.476495172105E+00
  119.3000      0.467857472355E+00
  119.4000      0.465389552184E+00
  119.5000      0.467686002504E+00
  119.6000      0.467696479517E+00
  119.7000      0.465826232438E+00
  119.8000      0.469268648964E+00
  119.9000      0.471439608498E+00
  120.0000      0.463523534461E+00
  120.1000      0.456838141336E+00
  120.2000      0.462629342039E+00
  120.3000      0.473579385365E+00
  120.4000      0.469463675155E+00
  120.5000      0.455918371493E+00
  120.6000      0.453909309270E+00
  120.7000      0.465073510342E+00
  120.8000      0.471051772811E+00
  120.9000      0.462089364867E+00
  121.0000      0.454811874132E+00
  121.1000      0.457605265910E+00
  121.2000      0.462847767607E+00
  121.3000      0.461606600115E+00
  121.4000      0.458710644624E+00
  121.5000      0.459813542398E+00
  121.6000      0.458074501542E+00
  121.7000      0.454277780547E+00
  121.8000      0.454668619387E+00
  121.9000      0.461384414775E+00
  122.0000      0.461940091326E+00
  122.1000      0.452607359430E+00
  122.2000      0.447985313088E+00
  122.3000      0.454851413839E+00
  122.4000      0.462892695345E+00
  122.5000      0.457575437199E+00
  122.6000      0.448434584672E+00
  122.7000      0.448747027083E+00
  122.8000      0.455723337581E+00
  122.9000      0.457540091023E+00
  123.0000      0.451967003267E+00
  123.1000      0.449868833557E+00
  123.2000      0.450923186237E+00
  123.3000      0.451323195833E+00
  123.4000      0.450047109406E+00
  123.5000      0.451396614303E+00
  123.6000      0.453200103269E+00
  123.7000      0.449088609416E+00
  123.8000      0.445161605180E+00
  123.9000      0.447210068160E+00
  124.0000      0.453398228987E+00
  124.1000      0.452125669068E+00
  124.2000      0.444786038449E+00
  124.3000      0.442863965168E+00
  124.4000      0.447880224512E+00
  124.5000      0.451840066179E+00
  124.6000      0.447575310812E+00
  124.7000      0.443694247799E+00
  124.8000      0.444463679675E+00
  124.9000      0.446807664931E+00
  125.0000      0.446513102821E+00
  125.1000      0.444937405062E+00
  125.2000      0.445848775573E+00
  125.3000      0.444671627994E+00
  125.4000      0.442651292361E+00
  125.5000      0.442456728750E+00
  125.6000      0.445834653232E+00
  125.7000      0.446827897434E+00
  125.8000      0.442276182288E+00
  125.9000      0.439852859364E+00
  126.0000      0.442201899707E+00
  126.1000      0.446214253360E+00
  126.2000      0.444229830825E+00
  126.3000      0.440358606618E+00
  126.4000      0.440197246380E+00
  126.5000      0.442213908191E+00
  126.6000      0.443097639169E+00
  126.7000      0.441244008857E+00
  126.8000      0.441528475983E+00
  126.9000      0.441295901827E+00
  127.0000      0.439962221317E+00
  127.1000      0.439260636617E+00
  127.2000      0.441142262942E+00
  127.3000      0.443197964117E+00
  127.4000      0.439930018863E+00
  127.5000      0.436950983730E+00
  127.6000      0.437986108630E+00
  127.7000      0.442177267995E+00
  127.8000      0.442060675537E+00
  127.9000      0.437811587572E+00
  128.0000      0.436717302018E+00
  128.1000      0.438696041250E+00
  128.2000      0.440771289984E+00
  128.3000      0.438830353959E+00
  128.4000      0.437730009277E+00
  128.5000      0.437911895835E+00
  128.6000      0.437190519631E+00
  128.7000      0.436386044008E+00
  128.8000      0.436969393692E+00
  128.9000      0.439624194795E+00
  129.0000      0.437648636159E+00
  129.1000      0.433820516335E+00
  129.2000      0.433700451573E+00
  129.3000      0.438392895534E+00
  129.4000      0.440490323313E+00
  129.5000      0.435152633297E+00
  129.6000      0.431578207077E+00
  129.7000      0.433940804769E+00
  129.8000      0.438868182601E+00
  129.9000      0.437485340366E+00
  130.0000      0.432819322378E+00
  130.1000      0.432238413355E+00
  130.2000      0.434413423763E+00
  130.3000      0.435738085915E+00
  130.4000      0.433757503844E+00
  130.5000      0.433819214389E+00
  130.6000      0.433816611844E+00
  130.7000      0.431965764365E+00
  130.8000      0.430790739743E+00
  130.9000      0.433001285991E+00
  131.0000      0.436366070023E+00
  131.1000      0.432738051249E+00
  131.2000      0.427653441009E+00
  131.3000      0.428554882934E+00
  131.4000      0.435323380959E+00
  131.5000      0.436765166888E+00
  131.6000      0.429445769352E+00
  131.7000      0.425588616842E+00
  131.8000      0.429894740824E+00
  131.9000      0.436077980776E+00
  132.0000      0.433212921671E+00
  132.1000      0.427164249826E+00
  132.2000      0.426928889836E+00
  132.3000      0.430839331380E+00
  132.4000      0.432522166721E+00
  132.5000      0.429467969853E+00
  132.6000      0.428846727063E+00
  132.7000      0.429098843081E+00
  132.8000      0.428315111255E+00
  132.9000      0.427357770992E+00
  133.0000      0.429395557250E+00
  133.1000      0.432048880788E+00
  133.2000      0.427971352579E+00
  133.3000      0.423310981279E+00
  133.4000      0.425022968672E+00
  133.5000      0.432345881604E+00
  133.6000      0.432563259980E+00
  133.7000      0.424050664196E+00
  133.8000      0.420498981619E+00
  133.9000      0.426769305786E+00
  134.0000      0.433843262560E+00
  134.1000      0.429041772031E+00
  134.2000      0.421134713515E+00
  134.3000      0.421586619518E+00
  134.4000      0.428407485221E+00
  134.5000      0.430541579136E+00
  134.6000      0.424804921943E+00
  134.7000      0.422136559267E+00
  134.8000      0.423904327325E+00
  134.9000      0.426254169275E+00
  135.0000      0.425053384894E+00
  135.1000      0.424395271993E+00
  135.2000      0.425534311427E+00
  135.3000      0.423396569535E+00
  135.4000      0.420989497570E+00
  135.5000      0.422195469329E+00
  135.6000      0.427698916489E+00
  135.7000      0.426912577746E+00
  135.8000      0.419504144915E+00
  135.9000      0.417090447673E+00
  136.0000      0.423897419664E+00
  136.1000      0.430338030976E+00
  136.2000      0.423991609562E+00
  136.3000      0.415405262358E+00
  136.4000      0.417007601021E+00
  136.5000      0.426301634765E+00
  136.6000      0.428058557639E+00
  136.7000      0.419148444496E+00
  136.8000      0.414688199379E+00
  136.9000      0.419261593276E+00
  137.0000      0.425420364889E+00
  137.1000      0.422745518709E+00
  137.2000      0.417587897295E+00
  137.3000      0.417628485291E+00
  137.4000      0.420078431220E+00
  137.5000      0.420843229510E+00
  137.6000      0.419141805257E+00
  137.7000      0.420349770871E+00
  137.8000      0.419947968634E+00
  137.9000      0.416927645076E+00
  138.0000      0.415767405862E+00
  138.1000      0.419845114174E+00
  138.2000      0.423750777313E+00
  138.3000      0.418259501106E+00
  138.4000      0.411944591655E+00
  138.5000      0.414125552285E+00
  138.6000      0.423005222374E+00
  138.7000      0.423534616181E+00
  138.8000      0.413712970767E+00
  138.9000      0.409401957450E+00
  139.0000      0.416320160271E+00
  139.1000      0.424494669283E+00
  139.2000      0.419685832859E+00
  139.3000      0.410894737044E+00
  139.4000      0.411191054312E+00
  139.5000      0.418907441459E+00
  139.6000      0.421845302831E+00
  139.7000      0.415440697604E+00
  139.8000      0.411826314261E+00
  139.9000      0.413961437103E+00
  140.0000      0.417534564051E+00
  140.1000      0.416397816053E+00
  140.2000      0.414299560193E+00
  140.3000      0.414991824977E+00
  140.4000      0.414187340147E+00
  140.5000      0.412951551477E+00
  140.6000      0.413183756370E+00
  140.7000      0.417242663887E+00
  140.8000      0.416984562668E+00
  140.9000      0.411069732676E+00
  141.0000      0.408763177323E+00
  141.1000      0.414219568823E+00
  141.2000      0.420428053215E+00
  141.3000      0.415087270159E+00
  141.4000      0.406911749152E+00
  141.5000      0.408085073626E+00
  141.6000      0.417657271875E+00
  141.7000      0.420425626227E+00
  141.8000      0.411051235234E+00
  141.9000      0.405395424955E+00
  142.0000      0.410675669124E+00
  142.1000      0.419175870997E+00
  142.2000      0.416383994748E+00
  142.3000      0.407944262113E+00
  142.4000      0.406861876257E+00
  142.5000      0.412718935983E+00
  142.6000      0.416351705830E+00
  142.7000      0.411709247252E+00
  142.8000      0.408580841952E+00
  142.9000      0.409709797702E+00
  143.0000      0.412104068674E+00
  143.1000      0.411788626820E+00
  143.2000      0.410704937585E+00
  143.3000      0.412062058555E+00
  143.4000      0.410618647477E+00
  143.5000      0.408480651215E+00
  143.6000      0.408593830783E+00
  143.7000      0.413167665169E+00
  143.8000      0.414134365886E+00
  143.9000      0.407831765811E+00
  144.0000      0.404366849443E+00
  144.1000      0.408973906160E+00
  144.2000      0.416327920205E+00
  144.3000      0.412568259304E+00
  144.4000      0.403587957737E+00
  144.5000      0.402965397703E+00
  144.6000      0.411819267347E+00
  144.7000      0.416599440897E+00
  144.8000      0.408201665307E+00
  144.9000      0.401135027888E+00
  145.0000      0.404865611224E+00
  145.1000      0.414095269568E+00
  145.2000      0.413582683854E+00
  145.3000      0.404907325971E+00
  145.4000      0.402496727767E+00
  145.5000      0.408072438663E+00
  145.6000      0.413396315431E+00
  145.7000      0.409416216669E+00
  145.8000      0.404858333009E+00
  145.9000      0.405519183291E+00
  146.0000      0.408722956800E+00
  146.1000      0.409362416043E+00
  146.2000      0.406972460795E+00
  146.3000      0.407489245660E+00
  146.4000      0.407150385574E+00
  146.5000      0.406134003726E+00
  146.6000      0.405631506336E+00
  146.7000      0.408549080803E+00
  146.8000      0.410591021325E+00
  146.9000      0.405995243742E+00
  147.0000      0.402440677799E+00
  147.1000      0.405114478857E+00
  147.2000      0.412250286667E+00
  147.3000      0.410805283421E+00
  147.4000      0.402305105241E+00
  147.5000      0.400104165920E+00
  147.6000      0.407709999379E+00
  147.7000      0.414462447989E+00
  147.8000      0.407548902446E+00
  147.9000      0.398872147343E+00
  148.0000      0.400859655997E+00
  148.1000      0.410957988413E+00
  148.2000      0.412854471603E+00
  148.3000      0.402953556758E+00
  148.4000      0.397926217588E+00
  148.5000      0.403577650377E+00
  148.6000      0.411765974696E+00
  148.7000      0.408408462394E+00
  148.8000      0.400442866551E+00
  148.9000      0.399964553819E+00
  149.0000      0.405998060740E+00
  149.1000      0.409444073746E+00
  149.2000      0.404538459949E+00
  149.3000      0.401583341226E+00
  149.4000      0.402835208846E+00
  149.5000      0.405657163738E+00
  149.6000      0.405238975001E+00
  149.7000      0.403604662644E+00
  149.8000      0.404565042836E+00
  149.9000      0.403494248413E+00
  150.0000      0.402310923080E+00
  150.1000      0.402244254145E+00
  150.2000      0.406040518217E+00
  150.3000      0.406610782320E+00
  150.4000      0.401211286380E+00
  150.5000      0.398629214508E+00
  150.6000      0.402928513358E+00
  150.7000      0.409691038320E+00
  150.8000      0.405668551049E+00
  150.9000      0.397323226691E+00
  151.0000      0.397228380766E+00
  151.1000      0.406577027749E+00
  151.2000      0.411246135313E+00
  151.3000      0.401877704216E+00
  151.4000      0.394379897200E+00
  151.5000      0.399145079888E+00
  151.6000      0.410242528894E+00
  151.7000      0.408955342925E+00
  151.8000      0.397424235084E+00
  151.9000      0.394129386655E+00
  152.0000      0.402816073065E+00
  152.1000      0.410934414753E+00
  152.2000      0.404213213759E+00
  152.3000      0.395282968256E+00
  152.4000      0.396745962237E+00
  152.5000      0.405820866737E+00
  152.6000      0.408268238355E+00
  152.7000      0.400302343414E+00
  152.8000      0.396456636600E+00
  152.9000      0.399939340450E+00
  153.0000      0.405583889929E+00
  153.1000      0.403564720466E+00
  153.2000      0.399063117512E+00
  153.3000      0.398984643165E+00
  153.4000      0.400747916641E+00
  153.5000      0.401936630278E+00
  153.6000      0.400121950673E+00
  153.7000      0.401102702821E+00
  153.8000      0.400908949515E+00
  153.9000      0.398897259529E+00
  154.0000      0.398077573459E+00
  154.1000      0.400793577769E+00
  154.2000      0.404625076788E+00
  154.3000      0.400367902596E+00
  154.4000      0.395258696518E+00
  154.5000      0.396464087104E+00
  154.6000      0.404497188345E+00
  154.7000      0.406046801031E+00
  154.8000      0.396740408893E+00
  154.9000      0.391857763225E+00
  155.0000      0.398346340296E+00
  155.1000      0.408467499848E+00
  155.2000      0.403861272627E+00
  155.3000      0.392124512155E+00
  155.4000      0.391172906890E+00
  155.5000      0.402749538175E+00
  155.6000      0.409558785067E+00
  155.7000      0.398747332509E+00
  155.8000      0.388903133732E+00
  155.9000      0.393652192742E+00
  156.0000      0.406850861509E+00
  156.1000      0.406796892747E+00
  156.2000      0.393668318408E+00
  156.3000      0.389002874837E+00
  156.4000      0.398192200800E+00
  156.5000      0.408219671507E+00
  156.6000      0.401692871627E+00
  156.7000      0.391129668353E+00
  156.8000      0.391825189787E+00
  156.9000      0.401732474099E+00
  157.0000      0.405522662761E+00
  157.1000      0.396755318495E+00
  157.2000      0.391659941631E+00
  157.3000      0.395168017894E+00
  157.4000      0.402176314076E+00
  157.5000      0.400773007036E+00
  157.6000      0.395037244721E+00
  157.7000      0.394557148116E+00
  157.8000      0.397216982728E+00
  157.9000      0.399675863567E+00
  158.0000      0.397087721738E+00
  158.1000      0.396732398910E+00
  158.2000      0.396883999127E+00
  158.3000      0.395991683637E+00
  158.4000      0.395362681943E+00
  158.5000      0.396400358261E+00
  158.6000      0.399866569360E+00
  158.7000      0.396720026536E+00
  158.8000      0.392511556212E+00
  158.9000      0.392882106633E+00
  159.0000      0.399740233455E+00
  159.1000      0.402259020949E+00
  159.2000      0.394033010487E+00
  159.3000      0.389029953181E+00
  159.4000      0.394126493967E+00
  159.5000      0.404439012608E+00
  159.6000      0.401129515808E+00
  159.7000      0.389188390507E+00
  159.8000      0.387037317536E+00
  159.9000      0.398244610714E+00
  160.0000      0.406850264137E+00
  160.1000      0.396206612528E+00
  160.2000      0.384541190038E+00
  160.3000      0.388437644329E+00
  160.4000      0.403661439113E+00
  160.5000      0.405538263178E+00
  160.6000      0.390071184754E+00
  160.7000      0.382815843076E+00
  160.8000      0.393351974546E+00
  160.9000      0.407537818521E+00
  161.0000      0.400736249795E+00
  161.1000      0.385253286715E+00
  161.2000      0.384649278297E+00
  161.3000      0.399486686367E+00
  161.4000      0.407517570579E+00
  161.5000      0.394354443526E+00
  161.6000      0.383312584906E+00
  161.7000      0.389006069174E+00
  161.8000      0.403684001440E+00
  161.9000      0.403142478186E+00
  162.0000      0.388844467966E+00
  162.1000      0.384256020155E+00
  162.2000      0.393650066545E+00
  162.3000      0.403824662357E+00
  162.4000      0.396718185717E+00
  162.5000      0.386406409791E+00
  162.6000      0.387248597716E+00
  162.7000      0.396882529177E+00
  162.8000      0.400596523528E+00
  162.9000      0.391915227789E+00
  163.0000      0.387570406710E+00
  163.1000      0.390745643402E+00
  163.2000      0.397531188188E+00
  163.3000      0.396028884589E+00
  163.4000      0.390687311643E+00
  163.5000      0.390528313016E+00
  163.6000      0.392694068237E+00
  163.7000      0.395304467479E+00
  163.8000      0.392676261083E+00
  163.9000      0.392817855264E+00
  164.0000      0.392931859000E+00
  164.1000      0.392221680537E+00
  164.2000      0.391969159063E+00
  164.3000      0.392727363204E+00
  164.4000      0.396289277349E+00
  164.5000      0.392965147584E+00
  164.6000      0.389404854449E+00
  164.7000      0.389498603408E+00
  164.8000      0.395745576602E+00
  164.9000      0.398000491815E+00
  165.0000      0.389857206186E+00
  165.1000      0.385495534990E+00
  165.2000      0.389932594339E+00
  165.3000      0.400052202701E+00
  165.4000      0.396574448827E+00
  165.5000      0.385214027988E+00
  165.6000      0.383426091346E+00
  165.7000      0.394350452051E+00
  165.8000      0.403230517630E+00
  165.9000      0.392203172496E+00
  166.0000      0.380855642890E+00
  166.1000      0.384719249009E+00
  166.2000      0.400657353628E+00
  166.3000      0.402576657909E+00
  166.4000      0.385804564519E+00
  166.5000      0.378192847192E+00
  166.6000      0.389580190708E+00
  166.7000      0.405810338801E+00
  166.8000      0.397705429890E+00
  166.9000      0.379655225613E+00
  167.0000      0.378920369477E+00
  167.1000      0.397022863878E+00
  167.2000      0.407234182678E+00
  167.3000      0.390236225093E+00
  167.4000      0.375800739149E+00
  167.5000      0.383480194848E+00
  167.6000      0.404312438402E+00
  167.7000      0.403822189195E+00
  167.8000      0.382619844798E+00
  167.9000      0.375339489614E+00
  168.0000      0.390963731588E+00
  168.1000      0.408454452059E+00
  168.2000      0.396530483415E+00
  168.3000      0.376980788287E+00
  168.4000      0.378353571160E+00
  168.5000      0.398883486517E+00
  168.6000      0.407160857750E+00
  168.7000      0.387650109267E+00
  168.8000      0.374467024096E+00
  168.9000      0.384125290581E+00
  169.0000      0.404667542853E+00
  169.1000      0.401235140756E+00
  169.2000      0.380508274303E+00
  169.3000      0.375699437488E+00
  169.4000      0.391690517140E+00
  169.5000      0.406664519657E+00
  169.6000      0.393293350259E+00
  169.7000      0.376959360208E+00
  169.8000      0.380063362223E+00
  169.9000      0.398753889743E+00
  170.0000      0.403831624584E+00
  170.1000      0.385829877111E+00
  170.2000      0.376748416259E+00
  170.3000      0.385926273322E+00
  170.4000      0.402710639937E+00
  170.5000      0.397369650727E+00
  170.6000      0.381112535220E+00
  170.7000      0.379169330107E+00
  170.8000      0.392146181501E+00
  170.9000      0.402768655115E+00
  171.0000      0.390491957369E+00
  171.1000      0.380014156797E+00
  171.2000      0.383169773779E+00
  171.3000      0.396911070543E+00
  171.4000      0.398802424141E+00
  171.5000      0.385385337751E+00
  171.6000      0.381235517698E+00
  171.7000      0.387347223595E+00
  171.8000      0.398639935293E+00
  171.9000      0.393066693288E+00
  172.0000      0.383780839604E+00
  172.1000      0.383785905565E+00
  172.2000      0.391394329462E+00
  172.3000      0.397513503154E+00
  172.4000      0.388633451690E+00
  172.5000      0.385007213994E+00
  172.6000      0.386241549825E+00
  172.7000      0.393690296920E+00
  172.8000      0.393441263947E+00
  172.9000      0.386483900039E+00
  173.0000      0.386558140242E+00
  173.1000      0.387592321970E+00
  173.2000      0.393264453632E+00
  173.3000      0.388985135027E+00
  173.4000      0.387504172746E+00
  173.5000      0.387746554209E+00
  173.6000      0.388894762032E+00
  173.7000      0.391480035757E+00
  173.8000      0.387620212587E+00
  173.9000      0.390642039910E+00
  174.0000      0.388244880609E+00
  174.1000      0.389636778371E+00
  174.2000      0.388769813118E+00
  174.3000      0.389388109828E+00
  174.4000      0.392472753183E+00
  174.5000      0.387248485071E+00
  174.6000      0.388302335174E+00
  174.7000      0.386727261932E+00
  174.8000      0.393261818669E+00
  174.9000      0.391813486324E+00
  175.0000      0.386221423296E+00
  175.1000      0.386556132785E+00
  175.2000      0.388648846033E+00
  175.3000      0.397400529050E+00
  175.4000      0.389473934363E+00
  175.5000      0.385551546054E+00
  175.6000      0.385179925323E+00
  175.7000      0.393780977909E+00
  175.8000      0.398081699537E+00
  175.9000      0.385637177731E+00
  176.0000      0.383524078424E+00
  176.1000      0.385395924499E+00
  176.2000      0.399793060212E+00
  176.3000      0.394412123733E+00
  176.4000      0.382373291950E+00
  176.5000      0.381746590890E+00
  176.6000      0.390535173016E+00
  176.7000      0.404411020584E+00
  176.8000      0.388782362908E+00
  176.9000      0.380869476268E+00
  177.0000      0.381905467467E+00
  177.1000      0.399887106209E+00
  177.2000      0.403817904464E+00
  177.3000      0.382755159787E+00
  177.4000      0.379278778138E+00
  177.5000      0.385512763133E+00
  177.6000      0.409777415931E+00
  177.7000      0.397193480032E+00
  177.8000      0.378919429054E+00
  177.9000      0.378630932487E+00
  178.0000      0.396089132614E+00
  178.1000      0.416271786934E+00
  178.2000      0.388136093008E+00
  178.3000      0.378668120451E+00
  178.4000      0.380783814799E+00
  178.5000      0.413352399729E+00
  178.6000      0.414509122328E+00
  178.7000      0.379738950177E+00
  178.8000      0.377871356023E+00
  178.9000      0.388072754476E+00
  179.0000      0.434141344441E+00
  179.1000      0.401600405094E+00
  179.2000      0.376022144964E+00
  179.3000      0.375441744438E+00
  179.4000      0.412919610435E+00
  179.5000      0.460167461719E+00
  179.6000      0.381093895731E+00
  179.7000      0.396933401650E+00
  179.8000      0.374511071801E+00
  179.9000      0.611233747625E+00
  180.0000      0.938605075043E+00
