# O+CO(0,0) elastic diff. cross section
# E = 0.017 eV
# angle, CS (1e-16 cm^2)
0.1	338925.45758043334
0.2	325539.8780585666
0.3	304308.38276859996
0.4	276727.757064
0.5	244669.87531469998
0.6	210193.40206586666
0.7	175346.13350333332
0.8	141981.86697713332
0.9	111612.4955272
1.	85310.09427786666
1.1	63666.13736063333
1.2	46806.912626599995
1.3	34456.9342328
1.4	26036.7213046
1.5	20778.371340866666
1.6	17842.110943133335
1.7	16419.203475299997
1.8	15810.614937033333
1.9	15475.840091833332
2.	15051.36578576667
2.1	14342.594399266667
2.2	13296.09206462
2.3	11960.486313773334
2.4	10444.24520262
2.5	8877.21169235
2.6	7380.59922376
2.7	6047.69452322
2.8	4935.237490386667
2.9	4063.70982608
3.	3423.752522336667
3.1	2985.665212873333
3.2	2709.2931104433333
3.3	2552.3643929766663
3.4	2476.2562715289996
3.5	2449.019925394
3.6	2446.125701786
3.7	2449.726318783333
3.8	2447.2840293756667
3.9	2430.236318087333
4.	2393.0853113446665
4.1	2332.993184718333
4.2	2249.732106348667
4.3	2145.7187438583333
4.4	2025.8662668476666
4.5	1897.0841316276665
4.6	1767.4009627416665
4.7	1644.827556734
4.8	1536.173971087
4.9	1446.0638625663335
5.	1376.3491059343332
5.1	1326.0351613066666
5.2	1291.7111306903332
5.3	1268.369278836
5.4	1250.4230830173333
5.5	1232.7058076626665
5.6	1211.2551686173333
5.7	1183.753790031
5.8	1149.5815094963332
5.9	1109.5226931373331
6.	1065.2402334206668
6.1	1018.6646693289999
6.2	971.4471479723334
6.3	924.5925058473333
6.4	878.3341065656666
6.5	832.2495040553333
6.6	785.560065524
6.7	737.5200804346666
6.8	687.7882037226666
6.9	636.686912037
7.	585.288960139
7.1	535.3145264326666
7.2	488.8679722196
7.3	448.07874820206666
7.4	414.7296513851667
7.5	389.95429730856665
7.6	374.0658992807333
7.7	366.5468268473999
7.8	366.1910849368667
7.9	371.35854510576667
8.	380.2778117616
8.1	391.3283842976666
8.2	403.24282555466664
8.3	415.1927496689999
8.4	426.752530259
8.5	437.7643145303333
8.6	448.1502721946666
8.7	457.728115724
8.8	466.0820007263333
8.9	472.52453081733336
9.	476.1611867993334
9.1	476.04220076033334
9.2	471.365003665
9.3	461.6778812306666
9.4	447.0349539803333
9.5	428.06372830966666
9.6	405.9262413053333
9.7	382.17839281733336
9.8	358.55394669933327
9.9	336.71507785166665
10.	318.0171561387
10.1	303.3309239716
10.2	292.95191316583333
10.3	286.60825688756665
10.4	283.5583193084
10.5	282.7530287807333
10.6	283.02767765986664
10.7	283.2858185573666
10.8	282.6434742688999
10.9	280.51329838886664
11.	276.6226251973667
11.1	270.9732539642
11.2	263.7614547787333
11.3	255.2821702813667
11.4	245.84111389456666
11.5	235.69310838916664
11.6	225.01626040326667
11.7	213.92167658623333
11.8	202.48967652506667
11.9	190.81767792386668
12.	179.0631576711
12.1	167.46742033406665
12.2	156.35153341849997
12.3	146.08325487496666
12.4	137.02130694266666
12.5	129.44923987303332
12.6	123.51410420716667
12.7	119.18461130353333
12.8	116.23958611673334
12.9	114.29119803233334
13.	112.84009944116667
13.1	111.35281469386666
13.2	109.34696753946665
13.3	106.46822163386665
13.4	102.5444777387
13.5	97.60753029843332
13.6	91.87900145166665
13.7	85.72449975736666
13.8	79.58606446796666
13.9	73.90677605913334
14.	69.06219285203333
14.1	65.31095228076666
14.2	62.772080135766664
14.3	61.43043659406666
14.4	61.165701041573335
14.5	61.79569034108667
14.6	63.122571778966666
14.7	64.97104420320333
14.8	67.21054454196333
14.9	69.75816156194999
15.	72.56403451950666
15.1	75.58535966155
15.2	78.75773637552334
15.3	81.97292583141999
15.4	85.07019357111332
15.5	87.84481182027334
15.6	90.07292437232333
15.7	91.54788067520667
15.8	92.12026695963334
15.9	91.73281855286666
16.	90.44236104526665
16.1	88.42361151427333
16.2	85.95341928798666
16.3	83.37798257221999
16.4	81.06888612080999
16.5	79.37579511378999
16.6	78.58395909381
16.7	78.88334760816666
16.8	80.35362113312999
16.9	82.96584810721
17.	86.59862679615333
17.1	91.06372566401001
17.2	96.13500253494334
17.3	101.57441600156332
17.4	107.15031795432999
17.5	112.64556070961
17.6	117.85572542886999
17.7	122.58036647796999
17.8	126.61200657681667
17.9	129.72831102883998
18.	131.6922591876933
18.1	132.26333429650666
18.2	131.22013662033666
18.3	128.39193585463335
18.4	123.69413312694333
18.5	117.16096091092334
18.6	108.96839864682666
18.7	99.44135425224331
18.8	89.04149880083999
18.9	78.33532256277333
19.	67.94540384434333
19.1	58.490887576586665
19.2	50.52517551914333
19.3	44.479449213413325
19.4	40.61977198862
19.5	39.02333499679333
19.6	39.57636395838
19.7	41.99288218450333
19.8	45.85055207176333
19.9	50.63770895296666
20.	55.80476986412666
20.1	60.81349941517334
20.2	65.17894823006999
20.3	68.50085945094332
20.4	70.48348842071665
20.5	70.94464494510666
20.6	69.81601194024333
20.7	67.13726790359
20.8	63.04629127489333
20.9	57.76696719207334
21.	51.59516483543667
21.1	44.88263338899
21.2	38.01813561299333
21.3	31.40523254573
21.4	25.43673267582333
21.5	20.466767777869997
21.6	16.782505194626665
21.7	14.578370953613332
21.8	13.936092628236667
21.9	14.813717821156667
22.	17.045988916906666
22.1	20.357151815553333
22.2	24.385649431953333
22.3	28.71847231666333
22.4	32.931498015593334
22.5	36.63120008679667
22.6	39.492817046843335
22.7	41.290498778
22.8	41.91602908576667
22.9	41.38428409786667
23.	39.8253738305
23.1	37.4651409849
23.2	34.59708594956667
23.3	31.549643789433333
23.4	28.652952340966664
23.5	26.208833217933332
23.6	24.466785105766665
23.7	23.6075716215
23.8	23.734724797866665
23.9	24.873217809066663
24.	26.973862758899998
24.1	29.92174005893333
24.2	33.54713440723333
24.3	37.63791136166667
24.4	41.9528297018
24.5	46.23574873696666
24.6	50.230897617100005
24.7	53.69924862193333
24.8	56.435603565633336
24.9	58.28538335923333
25.	59.15949256336667
25.1	59.0452182721
25.2	58.01108506646666
25.3	56.20401310303333
25.4	53.83799514036667
25.5	51.1746925481
25.6	48.49763884626667
25.7	46.08288229716667
25.8	44.16966221923333
25.9	42.93492905036667
26.	42.47512018169999
26.1	42.79764305083333
26.2	43.8231506139
26.3	45.398152772766664
26.4	47.31604985006666
26.5	49.343539395166665
26.6	51.24871067389999
26.7	52.827085436766666
26.8	53.92237032773333
26.9	54.439644167199994
27.	54.34993297369999
27.1	53.68641452696667
27.2	52.533635192999995
27.3	51.0119467464
27.4	49.259777048400004
27.5	47.41631052456666
27.6	45.606723930066664
27.7	43.93141417146666
27.8	42.459820985166665
27.9	41.228649909
28.	40.24368077246667
28.1	39.48399763836667
28.2	38.90742891923333
28.3	38.4562066087
28.4	38.0622509376
28.5	37.65193720263333
28.6	37.15057616356667
28.7	36.4870348136
28.8	35.59888701183333
28.9	34.43822314253333
29.	32.977835997566665
29.1	31.217053016666668
29.2	29.186136709966664
29.3	26.948043611866666
29.4	24.596489410933334
29.5	22.249719435933333
29.6	20.040063398433333
29.7	18.100135438133332
29.8	16.547265883266665
29.9	15.468261866533334
30.	14.906768769766666
30.1	14.855286351979998
30.2	15.253303082746669
30.3	15.992144810953334
30.4	16.92613963768
30.5	17.88875424559
30.6	18.71162174528333
30.7	19.243978715949996
30.8	19.370016850476667
30.9	19.022017912686664
31.	18.18780010286333
31.1	16.91183407974666
31.2	15.290243086866667
31.3	13.46064764715
31.4	11.588347119453333
31.5	9.850591660723332
31.6	8.420685018783333
31.7	7.4534146841933335
31.8	7.0729088637199995
31.9	7.36356293203
32.	8.364251482576666
32.1	10.065715655286667
32.2	12.410827156266667
32.3	15.297382015933334
32.4	18.58313666993333
32.5	22.092909953099998
32.6	25.62767022403333
32.7	28.975545973266662
32.8	31.924600795433335
32.9	34.27699157946667
33.	35.863811086933325
33.1	36.55956506571667
33.2	36.29493413711
33.3	35.066310965490004
33.4	32.94065706301
33.5	30.05452983079333
33.6	26.606680371236667
33.7	22.844356216759998
33.8	19.044256325966664
33.9	15.489847716433333
34.	12.44733080433
34.1	10.142824872213332
34.2	8.743273917946667
34.3	8.343145174946667
34.4	8.95826942241
34.5	10.527267493866667
34.6	12.920065579973334
34.7	15.952170824346666
34.8	19.402781968676663
34.9	23.034524864269997
35.	26.61264877398
35.1	29.921857605623334
35.2	32.77949487003333
35.3	35.04443964025666
35.4	36.62168707186667
35.5	37.46308379969
35.6	37.565003474533334
35.7	36.96386141656666
35.8	35.73030178761667
35.9	33.962699655659996
36.	31.780374811886663
36.1	29.316685770323335
36.2	26.712018335699998
36.3	24.10663593775
36.4	21.63342160722
36.5	19.41068906405667
36.6	17.53542691541
36.7	16.07750900179333
36.8	15.075500889066667
36.9	14.534676251599999
37.	14.427708836583335
37.1	14.698234634203333
37.2	15.267120784329999
37.3	16.04089029134
37.4	16.921404177619998
37.5	17.815663476546664
37.6	18.64451589535
37.7	19.34916317227333
37.8	19.894658690093333
37.9	20.27001990364333
38.	20.485087161623333
38.1	20.564753651526665
38.2	20.541584132376666
38.3	20.44806290028
38.4	20.30972462468
38.5	20.14022459167333
38.6	19.93903595821
38.7	19.691990867526666
38.8	19.37439713224
38.9	18.95604993855333
39.	18.40718856341333
39.1	17.704360818353333
39.2	16.8352553919
39.3	15.80181179917
39.4	14.621260238489997
39.5	13.325107719739998
39.6	11.956403642749999
39.7	10.56583530976
39.8	9.20729482742
39.9	7.933524867236667
40.	6.79231795015
40.1	5.823554876589999
40.2	5.057170793283333
40.3	4.51197505632
40.4	4.19515267552
40.5	4.102251524776666
40.6	4.21750291903
40.7	4.5144109051833325
40.8	4.956646413363333
40.9	5.49936386068
41.	6.091093402016665
41.1	6.6763365883966665
41.2	7.1989057394366665
41.3	7.605911239009999
41.4	7.8521414816999995
41.5	7.904429852406666
41.6	7.7454957041300005
41.7	7.376710415103333
41.8	6.8192928384833325
41.9	6.113583125976666
42.	5.316265354866666
42.1	4.495677317949999
42.2	3.7256187494666664
42.3	3.0783014626999994
42.4	2.617234856055333
42.5	2.390878866681933
42.6	2.4278131904449998
42.7	2.7339773656833337
42.8	3.2922620899633337
42.9	4.064423310216666
43.	4.99499834386
43.1	6.016674421079999
43.2	7.056428038706665
43.3	8.041732214073333
43.4	8.906210447392667
43.5	9.594274570309
43.6	10.064480378538665
43.7	10.291528844896334
43.8	10.266996864984666
43.9	9.998978338661
44.	9.510849173676334
44.1	8.839349793646331
44.2	8.032128693713666
44.3	7.144837743036668
44.4	6.237838446012999
44.5	5.372583096441333
44.6	4.607777802303333
44.7	3.995505044678
44.8	3.577561476646333
44.9	3.3823275758226665
45.	3.4225070394033335
45.1	3.6940404867566663
45.2	4.176406319636666
45.3	4.834379988423333
45.4	5.621150741223333
45.5	6.482518733143333
45.6	7.361744045086667
45.7	8.204518791289999
45.8	8.963502789299998
45.9	9.601910275653333
46.	10.095755755536667
46.1	10.434545346923333
46.2	10.620410415883333
46.3	10.665891554743332
46.4	10.590760669743332
46.5	10.418388939669999
46.6	10.17220950267
46.7	9.872779343276665
46.8	9.535822618583333
46.9	9.171458622638665
47.	8.784612825476334
47.1	8.376414648588666
47.2	7.946234574629665
47.3	7.493931109526334
47.4	7.021876867047332
47.5	6.536408699578335
47.6	6.0484806024073325
47.7	5.5734605509329995
47.8	5.130169646913666
47.9	4.7393830613459995
48.	4.4220759175553335
48.1	4.197695914711666
48.2	4.082685471476999
48.3	4.0893792699923335
48.4	4.225295383109334
48.5	4.4927473435
48.6	4.88865224832
48.7	5.404407097586667
48.8	6.025749844949999
48.9	6.732598928309999
49.	7.498952999169999
49.1	8.293006197663333
49.2	9.077671914866666
49.3	9.81169605014
49.4	10.451476918876667
49.5	10.95360230944
49.6	11.277983287676665
49.7	11.391333347953331
49.8	11.270635390886667
49.9	10.9061788891
50.	10.303749043043332
50.1	9.48561248291
50.2	8.490063620143333
50.3	7.369456462113332
50.4	6.1868263598199995
50.5	5.011379393783333
50.6	3.91326920684
50.7	2.9581717415599997
50.8	2.2021946576066664
50.9	1.68761681013
51.	1.439850773941
51.1	1.465873841613
51.2	1.7542026463486666
51.3	2.2763188694139997
51.4	2.9893122004823334
51.5	3.8394099737459997
51.6	4.766020035151667
51.7	5.705923510001334
51.8	6.597306804847001
51.9	7.383400139294867
52.	8.015573248744033
52.1	8.455809725473033
52.2	8.678527951779065
52.3	8.671735455966333
52.4	8.437500353146334
52.5	7.991710684281
52.6	7.363085345574332
52.7	6.591412765929666
52.8	5.725033686834999
52.9	4.817652049571
53.	3.924643895308999
53.1	3.0991220392320002
53.2	2.388084410551
53.3	1.8290079741906666
53.4	1.4472354590563334
53.5	1.2544350926623333
53.6	1.2483007434206665
53.7	1.4135169906349998
53.8	1.7238624907600002
53.9	2.1451893031966667
54.	2.6389167172956665
54.1	3.16563034575
54.2	3.6883867993343333
54.3	4.175387686720333
54.4	4.6017921771529995
54.5	4.950567165522666
54.6	5.212407698733666
54.7	5.384877928662
54.8	5.471008297138667
54.9	5.4776276826383326
55.	5.4137067257333324
55.1	5.288944587664999
55.2	5.112756344701333
55.3	4.893726836942333
55.4	4.639505725079333
55.5	4.357043486004
55.6	4.053021191767
55.7	3.734314489316333
55.8	3.408353653926666
55.9	3.083289579787
56.	2.767937515498333
56.1	2.4715310822406664
56.2	2.2033642165473335
56.3	1.972417781286
56.4	1.787056828896333
56.5	1.654847578228667
56.6	1.5824905996679999
56.7	1.5758134025583335
56.8	1.639727279487
56.9	1.778042408932333
57.	1.9930578819593334
57.1	2.2848971830856666
57.2	2.6506341907406665
57.3	3.0833333799686664
57.4	3.571191655929
57.5	4.097001179587666
57.6	4.638141754629333
57.7	5.1672556476113325
57.8	5.6536644214309995
57.9	6.0654719260153325
58.	6.372180472965001
58.1	6.5475497477366655
58.2	6.572368110398333
58.3	6.436794711326998
58.4	6.141970641602333
58.5	5.700681611575334
58.6	5.136969534476666
58.7	4.484717524114
58.8	3.785352766578
58.9	3.0849073294066667
59.	2.430736018455667
59.1	1.868207201044433
59.2	1.4376583634553999
59.3	1.1718505221906668
59.4	1.0940764623973334
59.5	1.2169914092023333
59.6	1.542155229080333
59.7	2.0602141543433334
59.8	2.7516144794473334
59.9	3.5877323581689997
60.	4.532318774309667
60.1	5.543188274439999
60.2	6.574112562393332
60.3	7.576903613300001
60.4	8.503675985723333
60.5	9.309259680113332
60.6	9.953694669403333
60.7	10.404684032936665
60.8	10.639827512739998
60.9	10.648416828839999
61.	10.432562762709999
61.1	10.007451794083334
61.2	9.400599468253333
61.3	8.650072422773333
61.4	7.801776621183333
61.5	6.9060355268533336
61.6	6.013786464446666
61.7	5.172786566539999
61.8	4.42422844663
61.9	3.8001165318966663
62.	3.321654667363333
62.1	2.99876018174
62.2	2.8306711988633335
62.3	2.8074765688366665
62.4	2.9122927453533336
62.5	3.123754189443333
62.6	3.418479558823333
62.7	3.773221766863333
62.8	4.166494488616666
62.9	4.579573800283333
63.	4.996882148406667
63.1	5.4058548812666665
63.2	5.79645354056
63.3	6.160517617066667
63.4	6.4911370178
63.5	6.782186942256666
63.6	7.028105925674
63.7	7.223929825682667
63.8	7.365533029766667
63.9	7.449984492420333
64.	7.475907633425667
64.1	7.443741667726
64.2	7.355834113143333
64.3	7.216341784323333
64.4	7.030969122696666
64.5	6.806615943346667
64.6	6.5510309779933324
64.7	6.27256633937
64.8	5.9801002471033335
64.9	5.683146218496667
65.	5.392106982353333
65.1	5.1185744844766665
65.2	4.875537766953333
65.3	4.677349641763333
65.4	4.539326751073333
65.5	4.476914327193333
65.6	4.504427825543333
65.7	4.633473797163333
65.8	4.87123409855
65.9	5.2188536954933324
66.	5.670190116240001
66.1	6.211156354019999
66.2	6.819821411909999
66.3	7.467334353196667
66.4	8.119625113789999
66.5	8.739727449916666
66.6	9.290484089603332
66.7	9.737344825849998
66.8	10.050961565046666
66.9	10.20931925893333
67.	10.19921029248
67.1	10.016949329853333
67.2	9.668320553823333
67.3	9.167834898326666
67.4	8.537439498009999
67.5	7.804858088173334
67.6	7.001747806976667
67.7	6.161838223643334
67.8	5.319179882636666
67.9	4.506582009506666
68.	3.75427251489
68.1	3.0887769420433333
68.2	2.5319925576366664
68.3	2.10043159812
68.4	1.8046218616683334
68.5	1.6486778008216665
68.6	1.6300828655133333
68.7	1.7397449649499999
68.8	1.9623934226033333
68.9	2.277372370303333
69.	2.6598510726666666
69.1	3.0824199551799993
69.2	3.5169803828266666
69.3	3.9367778620066667
69.4	4.318384596416666
69.5	4.643418835416666
69.6	4.899801758673333
69.7	5.08239852125
69.8	5.192963012433333
69.9	5.239394814213333
70.	5.234407239996666
70.1	5.193781953046667
70.2	5.13443560909
70.3	5.072539206596666
70.4	5.021909728123333
70.5	4.992841149396666
70.6	4.991468294653333
70.7	5.01967579718
70.8	5.075489454673333
70.9	5.153830170916667
71.	5.247478819846666
71.1	5.348095902536667
71.2	5.447159869483333
71.3	5.536725595976666
71.4	5.609950705806666
71.5	5.661383013039999
71.6	5.687039585833333
71.7	5.684331833783333
71.8	5.651899802943333
71.9	5.589413805716667
72.	5.497386264899999
72.1	5.377016247896666
72.2	5.230068929793333
72.3	5.058776783013333
72.4	4.86574179112
72.5	4.653819620186
72.6	4.4259765429836655
72.7	4.185125201742333
72.8	3.9339618501389997
72.9	3.674840821145333
73.	3.4097273379413338
73.1	3.140264551431333
73.2	2.8679742090253333
73.3	2.594584635976333
73.4	2.3224492607156666
73.5	2.054990043180333
73.6	1.7970797252363333
73.7	1.5552706904153333
73.8	1.3377898271673332
73.9	1.1542480619033333
74.	1.0150562578973332
74.1	0.9305887535603334
74.2	0.9101827719440001
74.3	0.9610970320216667
74.4	1.087568821714
74.5	1.2901018192073332
74.6	1.5650878086189999
74.7	1.9048192329433333
74.8	2.297894666636666
74.9	2.7299656813099995
75.	3.1847305423599996
75.1	3.645054544843333
75.2	4.094091643316666
75.3	4.5162962696166655
75.4	4.89824317324
75.5	5.229209741163333
75.6	5.501511893773333
75.7	5.710614661756666
75.8	5.855057564869999
75.9	5.9362415036266665
76.	5.958119465713333
76.1	5.926821560566666
76.2	5.850230486179999
76.3	5.737511240176667
76.4	5.598592410613333
76.5	5.443597690600001
76.6	5.282235304493334
76.7	5.123167860433333
76.8	4.973402338336666
76.9	4.837755263309999
77.	4.718457355495
77.1	4.614961589922332
77.2	4.524006611073
77.3	4.43996375444
77.4	4.35546270451
77.5	4.26225234727
77.6	4.152215578796667
77.7	4.018426357529999
77.8	3.8561203589899997
77.9	3.663451726656666
78.	3.441929332226666
78.1	3.196464914156666
78.2	2.9350172184799996
78.3	2.6678728091933337
78.4	2.4066561388966665
78.5	2.1631997534166665
78.6	1.9484233441933334
78.7	1.7713646233099998
78.8	1.6384769352506665
78.9	1.5532635843293332
79.	1.516265577972
79.1	1.5253676979463333
79.2	1.5763466033499998
79.3	1.6635605366266666
79.4	1.7806758196033334
79.5	1.92133919535
79.6	2.0797321209699997
79.7	2.250976044413333
79.8	2.431388736843333
79.9	2.6186144156266664
80.	2.8116608182099996
80.1	3.010873987346666
80.2	3.21786886875
80.3	3.435415806773334
80.4	3.6672656271733333
80.5	3.9178848584366666
80.6	4.192071830296666
80.7	4.49443555303
80.8	4.828741354946667
80.9	5.197156669513333
81.	5.59946171821
81.1	6.032316866646667
81.2	6.48869510409
81.3	6.9575896613733335
81.4	7.424090658316667
81.5	7.869891028163332
81.6	8.274233932463332
81.7	8.615257292893332
81.8	8.871633791939999
81.9	9.024355512513333
82.	9.058479617616666
82.1	8.964641510776667
82.2	8.740157967076666
82.3	8.38958394432
82.4	7.924648162396666
82.5	7.36356548841
82.6	6.729797892136667
82.7	6.050399087940001
82.8	5.354121472299999
82.9	4.669481534813333
83.	4.022970049006666
83.1	3.4375592687900003
83.2	2.9316083226266665
83.3	2.51820973363
83.4	2.20496469111
83.5	1.9941310016866665
83.6	1.8830610566866666
83.7	1.8648391999399998
83.8	1.9290361990366665
83.9	2.0625177538033332
84.	2.25026724418
84.1	2.476203517093333
84.2	2.7239873813099997
84.3	2.97781319726
84.4	3.2231750266766666
84.5	3.447583317376666
84.6	3.641192770448667
84.7	3.7972900752510004
84.8	3.912586095837
84.9	3.9872636839366664
85.	4.024750193946666
85.1	4.031211274513333
85.2	4.0147958844466665
85.3	3.9846966269666666
85.4	3.9501187763433334
85.5	3.919270521183333
85.6	3.89849194841
85.7	3.89162907579
85.8	3.899732163176666
85.9	3.9211174987799997
86.	3.9517840670499997
86.1	3.9861277976133325
86.2	4.017853940833334
86.3	4.040959394993333
86.4	4.050646566019999
86.5	4.044040760003333
86.6	4.02061295203
86.7	3.982254429313333
86.8	3.93300200399
86.9	3.8784635898126667
87.	3.825035529446
87.1	3.7790285730296667
87.2	3.745825350627
87.3	3.7291787456713337
87.4	3.7307314818579997
87.5	3.749798822463333
87.6	3.7834160950266664
87.7	3.8266179394699997
87.8	3.87289205329
87.9	3.91473934256
88.	3.944274349473333
88.1	3.953811622196666
88.2	3.936400732476666
88.3	3.8862899760000005
88.4	3.79931226752
88.5	3.6731938905133337
88.6	3.507787140923334
88.7	3.3052229717233335
88.8	3.069972283366667
88.9	2.8087978297899996
89.	2.530575840805333
89.1	2.2459694550506666
89.2	1.9669456115936665
89.3	1.7061424122803333
89.4	1.476113128513
89.5	1.28849308619
89.6	1.1531533184106666
89.7	1.0774169279586667
89.8	1.0654179332633333
89.9	1.1176763574633333
90.	1.2309471371843332
90.1	1.398375225761
90.2	1.6099576569553333
90.3	1.8532791607566665
90.4	2.1144557827696664
90.5	2.379195539333333
90.6	2.6338704285866665
90.7	2.8664926421566665
90.8	3.067500098583333
90.9	3.2302807344766657
91.	3.35139762882
91.1	3.430512930016667
91.2	3.470042235556666
91.3	3.4745977281599996
91.4	3.4502947568233333
91.5	3.4040015463643334
91.6	3.342606384705333
91.7	3.272363770687666
91.8	3.1983643186729998
91.9	3.124156356798
92.	3.0515328296106667
92.1	2.98048654224
92.2	2.9093296097536667
92.3	2.834967653813333
92.4	2.753313781996667
92.5	2.6598199875633335
92.6	2.550093636233333
92.7	2.4205548627466666
92.8	2.2690790051366667
92.9	2.0955595296333334
93.	1.9023242267833331
93.1	1.6943430806
93.2	1.4791810660266667
93.3	1.2666724584813331
93.4	1.0683226205679999
93.5	0.8964749770803333
93.6	0.7633106871545667
93.7	0.6797721706419333
93.8	0.654515734136
93.9	0.6930009444106666
94.	0.7968145336833334
94.1	0.9633054737796667
94.2	1.1855777881539997
94.3	1.4528520979423334
94.4	1.7511698745253332
94.5	2.064380121422
94.6	2.3753206407396665
94.7	2.6670882710779997
94.8	2.9242864179476666
94.9	3.1341442209809998
95.	3.2874185722259996
95.1	3.3790151825800003
95.2	3.4082941783833327
95.3	3.3790550578999996
95.4	3.29922135897
95.5	3.1802642901200002
95.6	3.0364156918566665
95.7	2.8837246548833333
95.8	2.739011096633333
95.9	2.61876663371
96.	2.5380512047599995
96.1	2.509435159213333
96.2	2.542041342763333
96.3	2.640748573196667
96.4	2.8056236584099996
96.5	3.0316497310866666
96.6	3.3088103413799996
96.7	3.622568991593333
96.8	3.9547524031033334
96.9	4.284805234219999
97.	4.591339159686667
97.1	4.853856815323333
97.2	5.054498231346667
97.3	5.179640266276666
97.4	5.221182334276666
97.5	5.177375549983333
97.6	5.05309521438
97.7	4.859513310503333
97.8	4.61319122243
97.9	4.334675103716666
98.	4.046729318983333
98.1	3.772380661263333
98.2	3.532963328256667
98.3	3.34635035068
98.4	3.2255325167399995
98.5	3.1776645441566664
98.6	3.2036459473466667
98.7	3.2982474906263333
98.8	3.4507402763213335
98.9	3.6459396434366664
99.	3.8655448557266667
99.1	4.089640578079333
99.2	4.298227442890999
99.3	4.472664258507333
99.4	4.5969293705301
99.5	4.658638023063967
99.6	4.6497809368893
99.7	4.567172395791333
99.8	4.412611466747666
99.9	4.192767438627333
100.	3.918802211546
100.1	3.605741849570667
100.2	3.271610997010667
100.3	2.9363508613136666
100.4	2.620555765053333
100.5	2.3440842376496667
100.6	2.1246251584196667
100.7	1.9763225538206666
100.8	1.908578424636
100.9	1.9251560651243331
101.	2.023693179276666
101.1	2.195703916836667
101.2	2.427104126416
101.3	2.699239930217
101.4	2.9903434606336665
101.5	3.2772893017556664
101.6	3.5374882216319996
101.7	3.750736615530333
101.8	3.9008433692613336
101.9	3.976880121943333
102.	3.9739427404156666
102.1	3.893365497122333
102.2	3.7423878998770004
102.3	3.5333300012223328
102.4	3.2823786893329996
102.5	3.0081198668783333
102.6	2.729966618375
102.7	2.466630894063333
102.8	2.2347676677506665
102.9	2.047889701319
103.	1.9156130844289998
103.1	1.8432543165036663
103.2	1.831764272285
103.3	1.877957232734
103.4	1.9749767736056665
103.5	2.112935048333
103.6	2.2796661433956666
103.7	2.461544344357667
103.8	2.6443301124576664
103.9	2.8140162778863336
104.	2.957651478025
104.1	3.0641161278378335
104.2	3.12481925361
104.3	3.1342752851881994
104.4	3.090512475770433
104.5	2.995263194026333
104.6	2.8538940774030666
104.7	2.6750521642118668
104.8	2.470030416667133
104.9	2.2518889351699998
105.	2.034401363101
105.1	1.8309235551416667
105.2	1.6532981711863333
105.3	1.5109107983489998
105.4	1.4099992914793333
105.5	1.3532897646333333
105.6	1.3399939889996668
105.7	1.3661594588383332
105.8	1.4253213399586664
105.9	1.509370777224
106.	1.6095311598890003
106.1	1.7173255609296665
106.2	1.8254251538266666
106.3	1.928288390413
106.4	2.0225308496046663
106.5	2.107001580441333
106.6	2.182578625355
106.7	2.251729527533333
106.8	2.3179080148416666
106.9	2.3848728925596667
107.	2.4560181362083333
107.1	2.5337945582696664
107.2	2.619285116057
107.3	2.711971125004
107.4	2.809699353932333
107.5	2.908834390029334
107.6	3.0045604234713332
107.7	3.0912842074789992
107.8	3.1630873117293334
107.9	3.2141801361716666
108.	3.2393202869919997
108.1	3.2341707635853334
108.2	3.1955857635473337
108.3	3.121821203437666
108.4	3.012671890489333
108.5	2.869537719517333
108.6	2.6954186738116666
108.7	2.4948349754393333
108.8	2.2736668121049997
108.9	2.03890947421
109.	1.7983452079023332
109.1	1.5601420840909999
109.2	1.3324010138796667
109.3	1.1226823316026666
109.4	0.9375506744573334
109.5	0.7821793256466667
109.6	0.6600518759993332
109.7	0.5727903016689999
109.8	0.5201257138496667
109.9	0.5000131583016666
110.	0.5088771731656666
110.1	0.5419623250346667
110.2	0.5937540035023333
110.3	0.6584299973723333
110.4	0.73030276788
110.5	0.8042153739669999
110.6	0.875859962796
110.7	0.9419958528503334
110.8	1.0005538065726667
110.9	1.050623467625
111.	1.0923314591016666
111.1	1.126627548084
111.2	1.1550047184106664
111.3	1.179185067888333
111.4	1.2008063903733333
111.5	1.2211436508686666
111.6	1.240895293204
111.7	1.2600569102583332
111.8	1.2778951562429999
111.9	1.2930240399426665
112.	1.3035750842653333
112.1	1.307443273899
112.2	1.3025829527436665
112.3	1.2873222997229998
112.4	1.260661939358
112.5	1.2225228140293334
112.6	1.1739108948269998
112.7	1.1169719274003334
112.8	1.0549184162583334
112.9	0.9918233585326668
113.	0.932290203145
113.1	0.8810247640156668
113.2	0.8423502733949999
113.3	0.8197188773059999
113.4	0.8152791018743333
113.5	0.8295571973153333
113.6	0.8612999830336667
113.7	0.907508579109
113.8	0.9636684999733334
113.9	1.024155553221
114.	1.0827730107803333
114.1	1.133357594139
114.2	1.1703829283979998
114.3	1.1894906426323333
114.4	1.1878907128556666
114.5	1.1645917083343331
114.6	1.1204448382906667
114.7	1.0580091560749998
114.8	0.9812653419079999
114.9	0.895219525543
115.	0.8054453838863332
115.1	0.7176124525933334
115.2	0.6370426095789999
115.3	0.568327130337
115.4	0.5150258717153333
115.5	0.479460001493
115.6	0.46260160868633327
115.7	0.464058078566
115.8	0.48214613300199993
115.9	0.5140491920483332
116.	0.5560511558429999
116.1	0.6038387237139999
116.2	0.6528620214316667
116.3	0.6987390339646666
116.4	0.7376831023326667
116.5	0.7669251225953333
116.6	0.7850943014333334
116.7	0.792515134484
116.8	0.7913757470013333
116.9	0.7857258753639998
117.	0.7812730418616667
117.1	0.7849633296486666
117.2	0.8043576332979999
117.3	0.8468428055093332
117.4	0.9187458033606666
117.5	1.0244429451909998
117.6	1.1655708668276665
117.7	1.3404468005299999
117.8	1.5437913499306666
117.9	1.7668174744036667
118.	1.9977081008553332
118.1	2.2224571558843333
118.2	2.4260018155223335
118.3	2.593534592457
118.4	2.711858621647
118.5	2.770642047521333
118.6	2.7634387256333337
118.7	2.68837045844
118.8	2.5484060482419997
118.9	2.3512183009319996
119.	2.1086450463966666
119.1	1.8358183026816666
119.2	1.550052644727333
119.3	1.2695976175646666
119.4	1.0123599177166667
119.5	0.7946912344616666
119.6	0.6303205180929999
119.7	0.5294888942614666
119.8	0.49832501554316666
119.9	0.538480964237
120.	0.6470352655036666
120.1	0.8166601860780001
120.2	1.03604418567
120.3	1.2905552936456666
120.4	1.5631251716843333
120.5	1.8353248397580002
120.6	2.0885904238819997
120.7	2.305540956012333
120.8	2.4713117425066664
120.9	2.5748089879226663
121.	2.609778083633
121.1	2.5755734775506665
121.2	2.4775260826009995
121.3	2.326827107419333
121.4	2.1398851512999997
121.5	1.9371638535606666
121.6	1.7415650839573331
121.7	1.5764802124286663
121.8	1.4636809305010001
121.9	1.421253281493
122.	1.461787719543333
122.1	1.5910210335250001
122.2	1.8070836468976668
122.3	2.100442949917
122.4	2.454558074416
122.5	2.847184033725333
122.6	3.2521938808906663
122.7	3.641735513337
122.8	3.9885111185669997
122.9	4.2679644122083324
123.	4.4601822627126655
123.1	4.551358168274667
123.2	4.534718235371333
123.3	4.410867812144333
123.4	4.187571269966666
123.5	3.8790227468103335
123.6	3.504698424573333
123.7	3.0879000606453335
123.8	2.6541061897679996
123.9	2.2292443879976664
124.	1.8379887413429998
124.1	1.5021746167503336
124.2	1.239410666792
124.3	1.0619571686900333
124.4	0.9759303729159999
124.5	0.9808833213336667
124.6	1.0698025206150001
124.7	1.2295445707506667
124.8	1.4417154172703333
124.9	1.6839664923929996
125.	1.9316474604443332
125.1	2.159717330764
125.2	2.3447788958316664
125.3	2.4670716069429997
125.4	2.512241268808
125.5	2.472706633643
125.6	2.3484663675743334
125.7	2.1472351608409994
125.8	1.8838615969006667
125.9	1.5790559672709998
126.	1.2575340616034665
126.1	0.9457523925104332
126.2	0.6694611897431666
126.3	0.4513260015939333
126.4	0.30886281957966666
126.5	0.2528957922727
126.6	0.2866858249122333
126.7	0.4058013345493333
126.8	0.5987199483663332
126.9	0.8480730886193333
127.	1.132383745803
127.1	1.4281078995656664
127.2	1.7117748295673334
127.3	1.9620299518870001
127.4	2.1614115848563333
127.5	2.2977338487786665
127.6	2.3649946339446664
127.7	2.3637736588606666
127.8	2.301126054568333
127.9	2.1900087275513327
128.	2.0482992493786663
128.1	1.8974813327163331
128.2	1.7610794299786667
128.3	1.662930397705
128.4	1.6253848934403332
128.5	1.667536577549
128.6	1.8035832306806665
128.7	2.041429025353333
128.8	2.3816386280649997
128.9	2.816848102855
129.	3.3317214014563334
129.1	3.903512236932333
129.2	4.503248877740333
129.3	5.097505851653
129.4	5.650666348706332
129.5	6.127519222630334
129.6	6.495983342072
129.7	6.729718234470333
129.8	6.810370703385666
129.9	6.729226720876666
130.	6.488086717189999
130.1	6.099256238707666
130.2	5.584634465952666
130.3	4.9739788696173335
130.4	4.302512625097
130.5	3.6081103775756667
130.6	2.9283383835753334
130.7	2.297632064676333
130.8	1.7448677336196665
130.9	1.2915306801256665
131.	0.9506077595866667
131.1	0.7262501250063332
131.2	0.6141720568589999
131.3	0.6026846941786665
131.4	0.674215628701
131.5	0.8071398987343332
131.6	0.977744347061
131.7	1.1621619899536666
131.8	1.3381404297869999
131.9	1.4865421857583332
132.	1.5925093637260002
132.1	1.6462559878619998
132.2	1.643476135607
132.3	1.585374300152
132.4	1.478337370481
132.5	1.333277560527
132.6	1.1646851488153334
132.7	0.9894411755943333
132.8	0.8254543600426666
132.9	0.6902030106896666
133.	0.599279563619
133.1	0.565049194326
133.2	0.5955405507806666
133.3	0.6936819920136666
133.4	0.8569778264449999
133.5	1.0776849840013334
133.6	1.343503050576333
133.7	1.6387342225393333
133.8	1.9458115497236665
133.9	2.247042372576667
134.	2.5263777530646667
134.1	2.7710050474193335
134.2	2.9725736512266665
134.3	3.1279033867669996
134.4	3.2390866464799997
134.5	3.3129710312936664
134.6	3.3600880164673335
134.7	3.3931635593816667
134.8	3.425398192358667
134.9	3.468729705351333
135.	3.532287949711333
135.1	3.621220163147
135.2	3.736012297015333
135.3	3.8723658785939996
135.4	4.0216210520803335
135.5	4.171654254870667
135.6	4.308131163590666
135.7	4.415966741685
135.8	4.480835704407999
135.9	4.490586628229
136.	4.436437056389
136.1	4.313859789
136.2	4.123106431899666
136.3	3.8693483609030004
136.4	3.5624441622853333
136.5	3.2163647368859998
136.6	2.848322702933667
136.7	2.477662916988
136.8	2.1245779926179997
136.9	1.8087188087526667
137.	1.5477767226223333
137.1	1.356121960930333
137.2	1.2435904811846668
137.3	1.2145171408156665
137.4	1.2671129833286665
137.5	1.3932752776523334
137.6	1.5788976930993333
137.7	1.8047133052726665
137.8	2.0476560170146665
137.9	2.2826702125613334
138.	2.4848404325823332
138.1	2.6316608265886665
138.2	2.7052269693990003
138.3	2.6941181705246664
138.4	2.5947518752933334
138.5	2.4120344364686663
138.6	2.1592011203789996
138.7	1.856824990782
138.8	1.5310682055719997
138.9	1.2113375456873332
139.	0.9275764095766666
139.1	0.7074683030706665
139.2	0.5738364084473333
139.3	0.5424994727106666
139.4	0.620790273328
139.5	0.8068675561016666
139.6	1.089866296366
139.7	1.4508457027746666
139.8	1.8644196615043334
139.9	2.3008978247196663
140.	2.728731432588666
140.1	3.1170468949973333
140.2	3.438059823276
140.3	3.6691881718273334
140.4	3.7947199903819997
140.5	3.8069336015960005
140.6	3.7066112681603327
140.7	3.5029284252796664
140.8	3.2127376589343326
140.9	2.859299456903333
141.	2.470540879414333
141.1	2.076949519506333
141.2	1.7092339667183332
141.3	1.395903133577
141.4	1.1609337798856667
141.5	1.02170571748
141.6	0.9873839732909999
141.7	1.0579128887103333
141.8	1.2237556912683334
141.9	1.4664631497033334
142.	1.7600877815193332
142.1	2.0733801498329996
142.2	2.3726186499313333
142.3	2.6248439274399997
142.4	2.8012049592109998
142.5	2.880086542998
142.6	2.8496856315783337
142.7	2.709740513709667
142.8	2.4721908323049995
142.9	2.160650794798
143.	1.808700807076
143.1	1.4571291358479999
143.2	1.1503691921313333
143.3	0.932465351527
143.4	0.8429503963036666
143.5	0.9130254822093333
143.6	1.16239964372
143.7	1.5970762884456664
143.8	2.208279009878
143.9	2.972600706657
144.	3.8533509878999994
144.1	4.8029781448649995
144.2	5.766361714203001
144.3	6.684714548217333
144.4	7.499800681455
144.5	8.158165743238
144.6	8.615087011071331
144.7	8.837976458481998
144.8	8.809008470644665
144.9	8.526791171722666
145.	8.006954409365331
145.1	7.281587169040667
145.2	6.397521843564999
145.3	5.413531611880332
145.4	4.396578725224666
145.5	3.4173230468763327
145.6	2.5451674216609996
145.7	1.8431734455469997
145.8	1.3632208574826665
145.9	1.1417986513733334
146.	1.1967995577306665
146.1	1.525637520545
146.2	2.104919590373
146.3	2.891783303797
146.4	3.826867146364
146.5	4.838728626448333
146.6	5.849378465581333
146.7	6.780478062951333
146.8	7.559666742625667
146.9	8.126457186501
147.	8.437167472830666
147.1	8.468444430636
147.2	8.219066326039666
147.3	7.709877809388666
147.4	6.981887270800666
147.5	6.092725956498999
147.6	5.111811001910333
147.7	4.114656959306
147.8	3.1768345005613328
147.9	2.3680793550226666
148.	1.7470137813676667
148.1	1.3568660717656666
148.2	1.2224724336076664
148.3	1.3487323216283333
148.4	1.7205739451119997
148.5	2.304379933023
148.6	3.0507298226139996
148.7	3.898239234567667
148.8	4.778216282553333
148.9	5.619813653565332
149.	6.355329226862333
149.1	6.925298736263
149.2	7.283031188843332
149.3	7.398262607859667
149.4	7.259647600575001
149.5	6.875872378524333
149.6	6.275257173889333
149.7	5.503818510819999
149.8	4.621877870866333
149.9	3.699425338105
150.	2.8105644463969996
150.1	2.0274653339833333
150.2	1.4143245049853332
150.3	1.0218593379076666
150.4	0.8828455958580166
150.5	1.009133377507
150.6	1.3904544562299999
150.7	1.9951718879076665
150.8	2.7729373411619997
150.9	3.6590332979073334
151.	4.580008100642667
151.1	5.4600821499959995
151.2	6.227729024334334
151.3	6.821824439699332
151.4	7.196808962940333
151.5	7.326419175337333
151.6	7.2056917122133335
151.7	6.8511161654386665
151.8	6.298985873554334
151.9	5.602151549088999
152.	4.825507098022666
152.1	4.040621100518999
152.2	3.3199684615366665
152.3	2.731217213322667
152.4	2.331991716593333
152.5	2.1654739769199995
152.6	2.257128184746333
152.7	2.612747565115333
152.8	3.217933024053999
152.9	4.039023771649
153.	5.025413382979332
153.1	6.113102090740666
153.2	7.229258971907333
153.3	8.297498346475333
153.4	9.243516620596333
153.5	10.000693729104999
153.6	10.515242904950666
153.7	10.750499465527664
153.8	10.689978391521999
153.9	10.338904170749665
154.	9.724023728288332
154.1	8.891649016577666
154.2	7.904030112434
154.3	6.834318390300333
154.4	5.760525502268999
154.5	4.758999551254333
154.6	3.898008685726334
154.7	3.232032360932333
154.8	2.7973063391103334
154.9	2.609051918744333
155.	2.6606540849359996
155.1	2.92485575664
155.2	3.3568294429676664
155.3	3.8987982998306667
155.4	4.485728489033667
155.5	5.051520977172666
155.6	5.535102518051333
155.7	5.885852485589333
155.8	6.067895815440332
155.9	6.062927224338001
156.	5.8713889527609995
156.1	5.5119837982523325
156.2	5.019649883496333
156.3	4.442240770050333
156.4	3.836237218042333
156.5	3.261863748413667
156.6	2.7779973496636665
156.7	2.437243171754
156.8	2.281519794814
156.9	2.3384508881799997
157.	2.6188052553166665
157.1	3.11516570664
157.2	3.8019393761266667
157.3	4.63674743752
157.4	5.563150222902667
157.5	6.514575293785667
157.6	7.419224026266333
157.7	8.205642368941334
157.8	8.80856179981
157.9	9.174557191161
158.	9.267039894705999
158.1	9.070116320014666
158.2	8.590900928557
158.3	7.859979327066
158.4	6.929867190606665
158.5	5.871492531775333
158.6	4.768924672468667
158.7	3.712761119628333
158.8	2.7927397919043333
158.9	2.090246981349
159.	1.6714248127213331
159.1	1.5815379783719998
159.2	1.8411406189523332
159.3	2.4444032587956666
159.4	3.3597384021193335
159.5	4.532629167891333
159.6	5.890347145991666
159.7	7.348069565858665
159.8	8.815791187395998
159.9	10.205382976230332
160.	11.437177238609
160.1	12.445547671939666
160.2	13.183085921342666
160.3	13.62313323057533
160.4	13.76058608056
160.5	13.611040835056665
160.6	13.208462099150001
160.7	12.601646591909999
160.8	11.849808414156666
160.9	11.017636576976665
161.	10.17017787308
161.1	9.367884312133333
161.2	8.662139777699998
161.3	8.09154829306
161.4	7.6792266803033336
161.5	7.431295663586667
161.6	7.33670274095
161.7	7.368434893603333
161.8	7.48608869964
161.9	7.639661998333332
162.	7.7743210213289995
162.1	7.835789787397666
162.2	7.775917487396333
162.3	7.557918915191
162.4	7.160766247179667
162.5	6.582247723025
162.6	5.840304201774
162.7	4.972404550076333
162.8	4.032913192383667
162.9	3.088617864101667
163.	2.212796920383666
163.1	1.478385557795
163.2	0.9509232337966667
163.3	0.682011128928
163.4	0.7039694203136666
163.5	1.0262621726036667
163.6	1.6340675525556665
163.7	2.489137463834333
163.8	3.5328442165096665
163.9	4.691084233449333
164.	5.880527894856333
164.1	7.015590209140001
164.2	8.015458220450334
164.3	8.810545866523334
164.4	9.347843541923332
164.5	9.594769222136666
164.6	9.541288964416665
164.7	9.200236049573332
164.8	8.605903066043332
164.9	7.811098887926666
165.	6.8829482109199995
165.1	5.897766189316666
165.2	4.93536975507
165.3	4.073197076086666
165.4	3.3806035170966666
165.5	2.913690433833333
165.6	2.7110031057966664
165.7	2.7904039313166664
165.8	3.1473822044466666
165.9	3.75499707072
166.	4.565561356166667
166.1	5.514059570236666
166.2	6.523156746063333
166.3	7.509504643947666
166.4	8.390902417971333
166.5	9.093738646490998
166.6	9.560051152330333
166.7	9.753509561361666
166.8	9.663667440599998
166.9	9.307952140153333
167.	8.731056291533331
167.1	8.001648670140668
167.2	7.206606553020666
167.3	6.443252108120333
167.4	5.810314569922333
167.5	5.398504159955333
167.6	5.281648139805666
167.7	5.509292772747333
167.8	6.1015218134969995
167.9	7.046502257083667
168.	8.300973462406333
168.1	9.793585399419
168.2	11.430705266326665
168.3	13.10408313046
168.4	14.69962010704
168.5	16.10642713424
168.6	17.225395276116664
168.7	17.976604782876663
168.8	18.305057280686665
168.9	18.18439781642
169.	17.61847695991333
169.1	16.640768789836667
169.2	15.311796597613334
169.3	13.714820395903333
169.4	11.950111193933331
169.5	10.128183194159998
169.6	8.362384888536667
169.7	6.761270712613333
169.8	5.421190509540001
169.9	4.41954416558
170.	3.8091484475033335
170.1	3.614143711333333
170.2	3.8278195012399996
170.3	4.412650807323333
170.4	5.3027054717406665
170.5	6.408409030662334
170.6	7.623445640986999
170.7	8.833351003888666
170.8	9.925141279248667
170.9	10.797151298527332
171.	11.368156201010333
171.1	11.584847596697665
171.2	11.426842196261333
171.3	10.908616214701667
171.4	10.078064604236
171.5	9.011746508481666
171.6	7.807252000455
171.7	6.573460146764333
171.8	5.419707947690332
171.9	4.445018072671333
172.	3.7285221483743336
172.1	3.322067730878333
172.2	3.2457331307270003
172.3	3.48663316923
172.4	4.001028370926667
172.5	4.719399073563333
172.6	5.553857087426666
172.7	6.407070949266666
172.8	7.181790624806667
172.9	7.79007157573
173.	8.161400509516668
173.1	8.249090743816668
173.2	8.034515042933332
173.3	7.528950610473332
173.4	6.773002807933333
173.5	5.833737196338333
173.6	4.799778185806667
173.7	3.774728680839666
173.8	2.8693352647289996
173.9	2.192876188962
174.	1.8442920777473333
174.1	1.9036154826599998
174.2	2.4242835172133335
174.3	3.426930252763333
174.4	4.895239962209999
174.5	6.774383671691666
174.6	8.972445728212332
174.7	11.365065171320667
174.8	13.803268750317999
174.9	16.124170949316
175.	18.163887489003997
175.1	19.771690851436666
175.2	20.824175769449667
175.3	21.23804671579733
175.4	20.98012810953233
175.5	20.073355005968
175.6	18.597828301107334
175.7	16.686488532333332
175.8	14.515525765427665
175.9	12.290230545514
176.	10.227524556720333
176.1	8.536815466630333
176.2	7.401040776784666
176.3	6.959768949216
176.4	7.296012843889999
176.5	8.428012095173333
176.6	10.306714442573334
176.7	12.819103480269998
176.8	15.7969569985
176.9	19.03014213250667
177.	22.28320830925667
177.1	25.313849860833333
177.2	27.891775855813336
177.3	29.81662298023
177.4	30.933741921770995
177.5	31.14693668857233
177.6	30.427499945061335
177.7	28.81913475088333
177.8	26.43856551204
177.9	23.47181351010333
178.	20.166252169283332
178.1	16.818680022706666
178.2	13.759774946976666
178.3	11.335440254756666
178.4	9.885733995406667
178.5	9.722289003643333
178.6	11.105370914322664
178.7	14.221958020546666
178.8	19.166421084317662
178.9	25.92548531338233
179.	34.369122146647996
179.1	44.248805324805005
179.2	55.20415277303499
179.3	66.77836935736767
179.4	78.442144540358
179.5	89.62481482555299
179.6	99.750771214866
179.7	108.27838774016699
179.8	114.73827612352933
179.9	118.76751934064501
180.	120.136750398202