# O+CO(0,0) elastic diff. cross section
# E = 0.049 eV
# angle, CS (1e-16 cm^2)
0.1	62394.51259603334
0.2	61400.157595666664
0.3	59783.62177589999
0.4	57603.628925266676
0.5	54937.839700666664
0.6	51878.6757636
0.7	48528.455263033335
0.8	44994.162099166664
0.9	41382.187137
1.	37793.369692399996
1.1	34318.63371183333
1.2	31035.458621166665
1.3	28005.354949399996
1.4	25272.435762466666
1.5	22863.093419899997
1.6	20786.71381266
1.7	19037.29300717
1.8	17595.76885483
1.9	16432.845852086662
2.	15512.07681570333
2.1	14792.969483106666
2.2	14233.908044819998
2.3	13794.715603460667
2.4	13438.729437665665
2.5	13134.312026729
2.6	12855.772337132667
2.7	12583.719555869666
2.8	12304.911707833333
2.9	12011.691856461332
3.	11701.123451686333
3.1	11373.943609171332
3.2	11033.449497531
3.3	10684.420268221666
3.4	10332.157391205332
3.5	9981.702499277333
3.6	9637.266575176
3.7	9301.880005357332
3.8	8977.251717633
3.9	8663.808798261998
4.	8360.876507238001
4.1	8066.952702513999
4.2	7780.0300265883325
4.3	7497.923017732
4.4	7218.5645147723335
4.5	6940.245084495
4.6	6661.779478815
4.7	6382.594189107333
4.8	6102.739083694666
4.9	5822.833233304999
5.	5543.959963881
5.1	5267.528831449334
5.2	4995.122714494333
5.3	4728.346885451666
5.4	4468.694189195667
5.5	4217.436812659999
5.6	3975.551070345666
5.7	3743.677600066333
5.8	3522.1157268546667
5.9	3310.8477819549994
6.	3109.587019170667
6.1	2917.8415180156667
6.2	2734.986081521333
6.3	2560.334528712333
6.4	2393.2058069206664
6.5	2232.9788293896663
6.6	2079.1326902043334
6.7	1931.2707343060001
6.8	1789.1286942243335
6.9	1652.568602388
7.	1521.5613388563334
7.1	1396.161408469
7.2	1276.4778315136664
7.3	1162.6448920409998
7.4	1054.7959713786668
7.5	953.0428866546667
7.6	857.4621645509999
7.7	768.0886305213335
7.8	684.9157050353333
7.9	607.9009799573332
8.	536.9750852476666
8.1	472.051600863
8.2	413.035835617
8.3	359.8306586453333
8.4	312.3381698576666
8.5	270.45674555566666
8.6	234.07378962866665
8.7	203.0552522703333
8.8	177.23354964599997
8.9	156.39585494300002
9.	140.27479079333332
9.1	128.54332907833333
9.2	120.81522747066666
9.3	116.65166599386666
9.4	115.57397855003332
9.5	117.08160296063332
9.6	120.67369711383334
9.7	125.87237327836665
9.8	132.24524860166665
9.9	139.42502700466667
10.	147.12411160333332
10.1	155.14276017
10.2	163.36997452733334
10.3	171.77707540866663
10.4	180.40466716466665
10.5	189.34435563466667
10.6	198.7170758781
10.7	208.65016504213332
10.8	219.25535759733333
10.9	230.60969214443332
11.	242.74093382326663
11.1	255.61858740629998
11.2	269.15096978156663
11.3	283.1881972917333
11.4	297.5303893417333
11.5	311.9399492133333
11.6	326.1564932269333
11.7	339.91287751983333
11.8	352.95081485156663
11.9	365.03476136946665
12.	375.96305084729994
12.1	385.57561909343326
12.2	393.7580490262667
12.3	400.4420351389999
12.4	405.6026799918
12.5	409.25327002636664
12.6	411.4383204778667
12.7	412.22572706713333
12.8	411.69882421126664
12.9	409.9490404364667
13.	407.0696824195666
13.1	403.1511914389
13.2	398.2780218452333
13.3	392.5271092743333
13.4	385.96774206116675
13.5	378.6625332075
13.6	370.6691182364333
13.7	362.0421780674667
13.8	352.83540316970664
13.9	343.10307073162664
14.	332.90099210547334
14.1	322.2866938643967
14.2	311.31881151462335
14.3	300.05578861645665
14.4	288.55407462183996
14.5	276.86609175995
14.6	265.0382863543733
14.7	253.1095873758333
14.8	241.11056258833332
14.9	229.06349227246665
15.	216.98347829269997
15.1	204.88058236483334
15.2	192.7628550277
15.3	180.6399912487
15.4	168.52724527369998
15.5	156.44917011006666
15.6	144.44272645026666
15.7	132.55933741529998
15.8	120.86554890330001
15.9	109.44208387639999
16.	98.38124024023
16.1	87.78275905055332
16.2	77.7484629272
16.3	68.37611373009
16.4	59.753045701126666
16.5	51.95018167880333
16.6	45.017027995549995
16.7	38.97816773936
16.8	33.83163900141333
16.9	29.549407953723332
17.	26.079944580976665
17.1	23.35270309513333
17.2	21.28412136573333
17.3	19.784603954833333
17.4	18.7658570788
17.5	18.147910594333332
17.6	17.865194545756665
17.7	17.871131523433334
17.8	18.14085034393333
17.9	18.671805728266666
18.	19.482284053033332
18.1	20.607967311366664
18.2	22.09689779004667
18.3	24.003319347039998
18.4	26.380956700253336
18.5	29.276326191096665
18.6	32.72264986917099
18.7	36.734874287904965
18.8	41.306185082933
18.9	46.40627014721666
19.	51.981431530993326
19.1	57.95649277709666
19.2	64.23830698316333
19.3	70.7205521537
19.4	77.28941240616666
19.5	83.82969135036666
19.6	90.2308893108
19.7	96.39279796566666
19.8	102.23022072853333
19.9	107.67650902449999
20.	112.6857060733
20.1	117.23320255796665
20.2	121.31492375716664
20.3	124.94517677376668
20.4	128.15338141659998
20.5	130.97998244899998
20.6	133.47188924526665
20.7	135.67780845436664
20.8	137.64382537605
20.9	139.40955207252665
21.	141.00509873488332
21.1	142.44904537334997
21.2	143.74750086826333
21.3	144.89424397505
21.4	145.87185416147997
21.5	146.65366668732997
21.6	147.20633200481666
21.7	147.4927283030633
21.8	147.47496930259996
21.9	147.11726616986664
22.	146.38843931256667
22.1	145.2639275756
22.2	143.72720254526666
22.3	141.770557445
22.4	139.3952969724
22.5	136.61140109157668
22.6	133.43676855611
22.7	129.89616314058665
22.8	126.01998752361999
22.9	121.84299864136666
23.	117.40305754852332
23.1	112.73998061867998
23.2	107.89453155423666
23.3	102.90756894991
23.4	97.81934483570667
23.5	92.66893724489667
23.6	87.49379455415331
23.7	82.32937013229999
23.8	77.20883082165666
23.9	72.16282963325665
24.	67.21933953033333
24.1	62.40354944865332
24.2	57.73782472160333
24.3	53.241731697983326
24.4	48.93212124398666
24.5	44.823259428433325
24.6	40.92698770784333
24.7	37.25289111716666
24.8	33.80845262677333
24.9	30.599175666759997
25.	27.628664652010002
25.1	24.89866417947667
25.2	22.409069723596666
25.3	20.157934009093335
25.4	18.141501631236665
25.5	16.35430806169333
25.6	14.789376727616666
25.7	13.438539066189998
25.8	12.292888007273334
25.9	11.343356820843333
26.	10.581395006896667
26.1	9.999693627149998
26.2	9.59289693223
26.3	9.358227705353332
26.4	9.295952097689998
26.5	9.409616604696666
26.6	9.706004909379999
26.7	10.194784268386666
26.8	10.88783778674
26.9	11.798307588436666
27.	12.939401619549999
27.1	14.323040801436665
27.2	15.958441133633332
27.3	17.850735447256667
27.4	19.999740971243334
27.5	22.39897169201
27.6	25.034979420623333
27.7	27.887085937136664
27.8	30.927542381489992
27.9	34.12212326390333
28.	37.431133156453335
28.1	40.810776260573334
28.2	44.2148143487
28.3	47.59641848625
28.4	50.910105559019996
28.5	54.113642799453324
28.6	57.16980268855333
28.7	60.04785704653
28.8	62.724712681693326
28.9	65.18561115561333
29.	67.42434122149334
29.1	69.44294294622
29.2	71.25091578187332
29.3	72.86397674681332
29.4	74.30244706269666
29.5	75.58937355231998
29.6	76.74851237884667
29.7	77.80231528853
29.8	78.77006080219667
29.9	79.66626416232666
30.	80.49948044790034
30.1	81.271586368017
30.2	81.97759001845967
30.3	82.605977246972
30.4	83.13956171921
30.5	83.55676690279667
30.6	83.83323545605
30.7	83.94363778224667
30.8	83.86353882213
30.9	83.5711814516
31.	83.04905594930665
31.1	82.28514654678666
31.2	81.27377584243
31.3	80.01600285674333
31.4	78.51956741248
31.5	76.79840901784667
31.6	74.87181949850667
31.7	72.76331287445
31.8	70.49931180308333
31.9	68.10775662849333
32.	65.61674081966666
32.1	63.05326637287334
32.2	60.442196062419995
32.3	57.805458286333334
32.4	55.161536727809995
32.5	52.52525320818433
32.6	49.90782984920399
32.7	47.31719740011256
32.8	44.758501532456165
32.9	42.23474863712634
33.	39.74752749918767
33.1	37.29774305863933
33.2	34.886302881371996
33.3	32.514705362006666
33.4	30.18549018859
33.5	27.902525309046666
33.6	25.671119473493334
33.7	23.497964311466664
33.8	21.390923745386665
33.9	19.35870032614333
34.	17.410416911889996
34.1	15.555157319429998
34.2	13.801510755713334
34.3	12.157161917316666
34.4	10.628561932209333
34.5	9.220705479111999
34.6	7.937027444162666
34.7	6.779419590950667
34.8	5.748355267491999
34.9	4.843099462736999
35.	4.061973681966
35.1	3.4026409465616667
35.2	2.8623761269486665
35.3	2.4382907043479998
35.4	2.1274883784553333
35.5	1.9271377427096665
35.6	1.8344593057683332
35.7	1.8466350919676666
35.8	1.9606585942506665
35.9	2.1731498839356664
36.	2.480164448089333
36.1	2.8770245040616667
36.2	3.3581982625549998
36.3	3.917246425358333
36.4	4.546846988623999
36.5	5.238900251756666
36.6	5.984706926847999
36.7	6.775204424181333
36.8	7.6012405549010005
36.9	8.453860530208999
37.	9.324582402941333
37.1	10.205637819826999
37.2	11.090158702927
37.3	11.972295658474
37.4	12.847259864426
37.5	13.711286287864334
37.6	14.561521825249999
37.7	15.395846997080664
37.8	16.212643979447662
37.9	17.010526989783664
38.	17.788053407754667
38.1	18.543435592538998
38.2	19.274274192626333
38.3	19.977333810014997
38.4	20.64838104931
38.5	21.282103060633332
38.6	21.872121450366667
38.7	22.411111707526665
38.8	22.891032021596665
38.9	23.30345767802
39.	23.640008489530004
39.1	23.89284756056
39.2	24.055220924946667
39.3	24.122000200639995
39.4	24.090185360419998
39.5	23.959322906866664
39.6	23.731796802370003
39.7	23.412955733603333
39.8	23.011050536426666
39.9	22.53696927336333
40.	22.003773505913333
40.1	21.42605636856333
40.2	20.819159548876666
40.3	20.198300585502665
40.4	19.577672531549332
40.5	18.96958380810633
40.6	18.38370624797233
40.7	17.826493676646
40.8	17.30082222889333
40.9	16.805887800016666
41.	16.337376868653333
41.1	15.887905990346663
41.2	15.447704291783333
41.3	15.005494017346667
41.4	14.54950815797
41.5	14.068572689093333
41.6	13.553174836579998
41.7	12.996438510376665
41.8	12.394933581159998
41.9	11.74925657672
42.	11.064335830539997
42.1	10.349433013718667
42.2	9.617834000271666
42.3	8.886243720456
42.4	8.173920577709998
42.5	7.501604732420333
42.6	6.890309811294667
42.7	6.360058314392667
42.8	5.928646355745333
42.9	5.610522912183667
43.	5.415862349341666
43.1	5.349896930759
43.2	5.412558972342
43.3	5.598461347331334
43.4	5.897221569806999
43.5	6.294110336427
43.6	6.770981972907667
43.7	7.307423508215
43.8	7.8820427406626665
43.9	8.473805030264332
44.	9.063324599467332
44.1	9.634019275798666
44.2	10.173047711003333
44.3	10.671964430401667
44.4	11.127049329877998
44.5	11.539292756833664
44.6	11.914043099064333
44.7	12.260348789405668
44.8	12.590048808461667
44.9	12.916683401714
45.	13.254308497597998
45.1	13.616302422681331
45.2	14.014251734625997
45.3	14.456994696585
45.4	14.949886969887332
45.5	15.494335810577667
45.6	16.087628001932668
45.7	16.723054667220666
45.8	17.390314687142663
45.9	18.07615925832833
46.	18.765224458964
46.1	19.440987492446
46.2	20.086776121317666
46.3	20.686759859939666
46.4	21.22685556441733
46.5	21.69548862461533
46.6	22.084163233062
46.7	22.387810199338666
46.8	22.604897387194
46.9	22.737304913633665
47.	22.789983616410332
47.1	22.770429897490004
47.2	22.68802194503967
47.3	22.553270767700667
47.4	22.377043920631998
47.5	22.169819998071663
47.6	21.941027940666334
47.7	21.698517282429997
47.8	21.448194247516334
47.9	21.193844961041332
48.	20.937152012537
48.1	20.67789537461433
48.2	20.414314428279
48.3	20.143595703059
48.4	19.86244185117033
48.5	19.567672037231
48.6	19.256802708122333
48.7	18.92856063107333
48.8	18.583286817488666
48.9	18.22319982882867
49.	17.852499085985333
49.1	17.477302106173333
49.2	17.105422942381
49.3	16.74601142554633
49.4	16.40908316579033
49.5	16.10497794016533
49.6	15.843788620251667
49.7	15.634804005558331
49.8	15.486006918475997
49.9	15.403664020265666
50.	15.392036533367333
50.1	15.453232029369
50.2	15.587207350224997
50.3	15.791922252186
50.4	16.06363313882933
50.5	16.39730685222533
50.6	16.787126408806
50.7	17.2270542029
50.8	17.71141387353533
50.9	18.235449984709998
51.	18.795825057029
51.1	19.391016382049
51.2	20.021580406032
51.3	20.690260123048333
51.4	21.401920559053664
51.5	22.163308586744666
51.6	22.982645367386667
51.7	23.869071905570337
51.8	24.831979670301
51.9	25.880268084751997
52.	27.021578058698
52.1	28.261554893982336
52.2	29.60319430112633
52.3	31.046321660967337
52.4	32.58724711402667
52.5	34.21862796202433
52.6	35.92955595265466
52.7	37.70587129141366
52.8	39.53068888722467
52.9	41.385106681719996
53.	43.24905217992533
53.1	45.10221265327766
53.2	46.92498775172966
53.3	48.699401033541996
53.4	50.409909358703004
53.5	52.04405600078566
53.6	53.592924168155335
53.7	55.05136151465033
53.8	56.41796211624667
53.9	57.694809076247665
54.	58.886997181641995
54.1	60.00196975142533
54.2	61.048715951428996
54.3	62.036883667593
54.4	62.97586800207999
54.5	63.87393633008699
54.6	64.73744768358566
54.7	65.5702173017
54.8	66.37306703352667
54.9	67.14358958212233
55.	67.87614023932332
55.1	68.56205465807068
55.2	69.19007635979233
55.3	69.74696403348666
55.4	70.21823710371466
55.5	70.58900932745166
55.6	70.844854886233
55.7	70.97264993130534
55.8	70.96133495463465
55.9	70.80254951445934
56.	70.49110033203033
56.1	70.02523591797633
56.2	69.40671479768065
56.3	68.64066904268132
56.4	67.73527911900233
56.5	66.70128889492901
56.6	65.55140011751601
56.7	64.29959292754167
56.8	62.960422574534334
56.9	61.54834219597333
57.	60.077097453023995
57.1	58.559231413650664
57.2	57.005728026254005
57.3	55.42581073201366
57.4	53.826900234259995
57.5	52.214723201916
57.6	50.59355269211367
57.7	48.96655213838333
57.8	47.33618847849033
57.9	45.704676700437666
58.	44.074417886301326
58.1	42.44839553380467
58.2	40.83050016344333
58.3	39.22575942198466
58.4	37.64045938526199
58.5	36.08215187368333
58.6	34.559551578548664
58.7	33.08233503464133
58.8	31.660860411900334
58.9	30.305832316847003
59.	29.02793899957333
59.1	27.837490432349334
59.2	26.74408465895667
59.3	25.756326758713335
59.4	24.881619991170002
59.5	24.12604255999
59.6	23.494316415916664
59.7	22.98986712475
59.8	22.61496660324
59.9	22.37094401388667
60.	22.258444807333333
60.1	22.277714222853334
60.2	22.42887980747333
60.3	22.71220784087
60.4	23.128310944473334
60.5	23.678288422659996
60.6	24.36378667447333
60.7	25.186973842076668
60.8	26.150430132039993
60.9	27.256962331766662
61.	28.509357324062336
61.1	29.910094340749
61.2	31.46103887662033
61.3	33.16314236479499
61.4	35.01617084348553
61.5	37.01848306123776
61.6	39.1668740947775
61.7	41.45649503151667
61.8	43.88085315369566
61.9	46.431890902450675
62.	49.10013623804366
62.1	51.874912303683004
62.2	54.74459085100333
62.3	57.69687191114666
62.4	60.71907168958333
62.5	63.798401551379996
62.6	66.92222300361999
62.7	70.07826650796666
62.8	73.25480541048667
62.9	76.44077995044667
63.	79.62586990533
63.1	82.80051770366333
63.2	85.95590661577667
63.3	89.08390081221
63.4	92.17695560624668
63.5	95.22800707477667
63.6	98.23035052492334
63.7	101.17751696330666
63.8	104.06315595723
63.9	106.88093206862
64.	109.62444051707999
64.1	112.28714598075
64.2	114.86234655549333
64.3	117.343163019427
64.4	119.72255179359833
64.5	121.993338513244
64.6	124.148268006523
64.7	126.18006587747499
64.8	128.081506792401
64.9	129.84548503213065
65.	131.46508378490665
65.1	132.93364093511
65.2	134.24481053096
65.3	135.3926205104833
65.4	136.37152840345334
65.5	137.1764774113433
65.6	137.8029553784
65.7	138.24705861622
65.8	138.5055614119
65.9	138.57599042154334
66.	138.45670127205332
66.1	138.14695282998332
66.2	137.64697302983998
66.3	136.95800919098
66.4	136.08235558857334
66.5	135.02335182035333
66.6	133.78534722870333
66.7	132.3736291938
66.8	130.79431625632066
66.9	129.05422045153134
67.	127.16068652625799
67.1	125.12141851327233
67.2	122.944306058883
67.3	120.63726370099633
67.4	118.20809579398932
67.5	115.66439799543498
67.6	113.01350326975758
67.7	110.26247650134749
67.8	107.41815740726597
67.9	104.48724692747574
68.	101.47642807443535
68.1	98.39250877912076
68.2	95.242571893568
68.3	92.03411644573926
68.4	88.77517459306019
68.5	85.47439046895687
68.6	82.14105008776983
68.7	78.7850554633902
68.8	75.41684069056483
68.9	72.04723264872936
69.	68.68726372736103
69.1	65.34794822614452
69.2	62.040037489414004
69.3	58.77377112623667
69.4	55.55864266856899
69.5	52.403197634259335
69.6	49.314880192743985
69.7	46.299941583453325
69.8	43.363419290530004
69.9	40.50919102034
70.	37.740102060796666
70.1	35.058159060579996
70.2	32.46477798569333
70.3	29.961069464029997
70.4	27.54814124084
70.5	25.22739536247333
70.6	23.000797214573332
70.7	20.871094753346664
70.8	18.841969174069998
70.9	16.91810269393
71.	15.105154797936667
71.1	13.409644802003331
71.2	11.838745438656666
71.3	10.399998837863333
71.4	9.100972228979998
71.5	7.948875447308001
71.6	6.9501655084279985
71.7	6.110164850953
71.8	5.432719243313999
71.9	4.919918851593
72.	4.571901785498666
72.1	4.386753914316333
72.2	4.360512314713333
72.3	4.48727286732
72.4	4.759395769279999
72.5	5.167796543543333
72.6	5.702304913539999
72.7	6.352069981523332
72.8	7.10598769968
72.9	7.95312574399
73.	8.88312156181
73.1	9.886531455406667
73.2	10.955111886513333
73.3	12.082018501323333
73.4	13.261913401446664
73.5	14.490976630416665
73.6	15.766823414543333
73.7	17.08833410144333
73.8	18.455408707896666
73.9	19.868662270079998
74.	21.32908055375333
74.1	22.83765794329333
74.2	24.395040333496667
74.3	26.001195508011335
74.4	27.65513177629
74.5	29.35468261343066
74.6	31.096370843288668
74.7	32.87536075264593
74.8	34.685500734026
74.9	36.5194529984123
75.	38.368900994256194
75.1	40.2248198378
75.2	42.077790719459664
75.3	43.918337212293
75.4	45.737259962645666
75.5	47.525946500925656
75.6	49.276634857320005
75.7	50.98261322723667
75.8	52.63834277791666
75.9	54.239496503703336
76.	55.782913378939995
76.1	57.26647342896334
76.2	58.68890528793333
76.3	60.04954288901
76.4	61.348051764556665
76.5	62.58414775335667
76.6	63.75733154835733
76.7	64.866661430781
76.8	65.910583781168
76.9	66.88683674579566
77.	67.792436996942
77.1	68.62375327133634
77.2	69.37666365953167
77.3	70.04678694569633
77.4	70.62977208825899
77.5	71.12162466487365
77.6	71.51904517441466
77.7	71.81975182749167
77.8	72.022760155926
77.9	72.12859352031066
78.	72.13940241528732
78.1	72.05897622378066
78.2	71.89263840907799
78.3	71.64702464060333
78.4	71.329752427803
78.5	70.94899980085799
78.6	70.51301875119134
78.7	70.0296157640727
78.8	69.5056362886523
78.9	68.94649181799599
79.	68.355767179488
79.1	67.73494150432899
79.2	67.083249410577
79.3	66.39769955175599
79.4	65.67325657460032
79.5	64.90318046249367
79.6	64.07950520504332
79.7	63.193627680823326
79.8	62.23696848405167
79.9	61.20165997959732
80.	60.08121367337033
80.1	58.871119392290666
80.2	57.56933277788634
80.3	56.176614952470665
80.4	54.69669838503266
80.5	53.136265164323
80.6	51.504737200616326
80.7	49.81389124601933
80.8	48.077324088885334
80.9	46.309803866807336
81.	44.52655138332666
81.1	42.742500042198664
81.2	40.971584197808
81.3	39.226103306159
81.4	37.516203486111664
81.5	35.84950939529533
81.6	34.230928376895136
81.7	32.662636460834534
81.8	31.144242905360663
81.9	29.673117493809663
82.	28.24485364540333
82.1	26.853831342589334
82.2	25.493837562943
82.3	24.15869874795267
82.4	22.842880044009
82.5	21.542009558560665
82.6	20.253292390377666
82.7	18.975788204856332
82.8	17.710536924739998
82.9	16.460528868233332
83.	15.230527478837333
83.1	14.026763754156665
83.2	12.856530758648667
83.3	11.727713497191335
83.4	10.648293428151666
83.5	9.625867730318665
83.6	8.667221091346
83.7	7.777982490836665
83.8	6.962391685278999
83.9	6.223190526753666
84.	5.5616436684899995
84.1	4.977682495593666
84.2	4.470156133452666
84.3	4.0371649130359994
84.4	3.676445358440333
84.5	3.3857720572813332
84.6	3.163340913248
84.7	3.008100259805
84.8	2.920000909234
84.9	2.9001430008909996
85.	2.9508059201356667
85.1	3.0753569070589997
85.2	3.278043537299333
85.3	3.5636843230420006
85.4	3.9372795998616668
85.5	4.403571088195466
85.6	4.966582638405
85.7	5.629176434517
85.8	6.392658257724332
85.9	7.256462373199
86.	8.217941434387335
86.1	9.272279852426665
86.2	10.412540829422332
86.3	11.629848239493331
86.4	12.913695357073333
86.5	14.252363674348
86.6	15.633427298585667
86.7	17.044312194014665
86.8	18.472875264349334
86.9	19.907966270993665
87.	21.339936019612
87.1	22.761057139583997
87.2	24.165828971447
87.3	25.551145261536664
87.4	26.916312081706998
87.5	28.26291307754366
87.6	29.594529148750997
87.7	30.91632929623866
87.8	32.234557965784
87.9	33.55595117193167
88.	34.88711850916366
88.1	36.233930507325
88.2	37.60095050442567
88.3	38.99094729501366
88.4	40.40451951525876
88.5	41.83985536306843
88.6	43.29264239702084
88.7	44.756132385538
88.8	46.22135615652333
88.9	47.677473825543
89.	49.112237246761
89.1	50.51253460343
89.2	51.86498217039299
89.3	53.156525707608
89.4	54.37501383516933
89.5	55.509708075567666
89.6	56.55169884460733
89.7	57.494203237875
89.8	58.332728529951666
89.9	59.065094400410665
90.	59.69131639526067
90.1	60.21336242140166
90.2	60.634802556994664
90.3	60.96037952632
90.4	61.195532395075
90.5	61.345908961595995
90.6	61.41690273455266
90.7	61.41324824122967
90.8	61.338703765634335
90.9	61.195843821737995
91.	60.98597514624767
91.1	60.70918035928333
91.2	60.36448343339134
91.3	59.950121451665
91.4	59.463898628778665
91.5	58.90359187869734
91.6	58.267372921971
91.7	57.55421040281067
91.8	56.76421691785767
91.9	55.898910144783
92.	54.961364109196666
92.1	53.95623550437966
92.2	52.889660161409665
92.3	51.769025462673
92.4	50.60263479226633
92.5	49.39928921773867
92.6	48.16781870619566
92.7	46.916599756227335
92.8	45.653097958350656
92.9	44.383472579285
93.	43.112275873108
93.1	41.84227285307567
93.2	40.574398207587336
93.3	39.307856663710325
93.4	38.04036218376767
93.5	36.768500735238334
93.6	35.488191869366666
93.7	34.195216603085335
93.8	32.885773789271
93.9	31.557024569767663
94.	30.20758489853133
94.1	28.837929400674
94.2	27.450675790045995
94.3	26.050727254014664
94.4	24.645260048547662
94.5	23.243554322981
94.6	21.856677152988667
94.7	20.497037116514665
94.8	19.177838773384998
94.9	17.912472457264666
95.	16.713879358136666
95.1	15.593933633022665
95.2	14.562882107307
95.3	13.628878095976
95.4	12.797639277222665
95.5	12.072250865542635
95.6	11.453125192549331
95.7	10.938117948784999
95.8	10.522790567347666
95.9	10.200798323215666
96.	9.964375400552333
96.1	9.804882036348001
96.2	9.71337530872
96.3	9.681164419744
96.4	9.700313431262668
96.5	9.764059134588665
96.6	9.867118666532665
96.7	10.005870055591332
96.8	10.178398424214333
96.9	10.384410351911999
97.	10.625028197759331
97.1	10.902484327047
97.2	11.219741627195333
97.3	11.580071030018333
97.4	11.986618736960667
97.5	12.441995418363664
97.6	12.947916940519335
97.7	13.504921438449333
97.8	14.112181206285332
97.9	14.767420413091665
98.	15.466941631504
98.1	16.205756158861
98.2	16.977805669457332
98.3	17.776256358871667
98.4	18.593841841679335
98.5	19.423227948159663
98.6	20.257371420511333
98.7	21.089845384732
98.8	21.915107292214998
98.9	22.72868957438633
99.	23.52729920831034
99.1	24.308819332703994
99.2	25.072213486477327
99.3	25.817340436666996
99.4	26.544694387497334
99.5	27.255091112240002
99.6	27.949324800477996
99.7	28.62782283843767
99.8	29.290326142724332
99.9	29.93562100838466
100.	30.561344816521
100.1	31.163882635121997
100.2	31.738365134148665
100.3	32.27877080901233
100.4	32.77812782623033
100.5	33.22880344358233
100.6	33.62286246254833
100.7	33.95247102129599
100.8	34.21031860393866
100.9	34.390029658883996
101.	34.486536778234004
101.1	34.496389920311664
101.2	34.417980453681
101.3	34.25166453233233
101.4	33.999777055111
101.5	33.666534735903
101.6	33.25783411257267
101.7	32.780957161435
101.8	32.244203114939
101.9	31.656469733793998
102.	31.02681037846333
102.1	30.363994583829
102.2	29.676099402591333
102.3	28.970156593310666
102.4	28.251876940724998
102.5	27.525467858108335
102.6	26.793554263209998
102.7	26.057205930887662
102.8	25.316067544632666
102.9	24.568580943041667
103.	23.812283032531
103.1	23.044157917679335
103.2	22.261018329708996
103.3	21.459889664412664
103.4	20.638370014779
103.5	19.794941516067663
103.6	18.929211993678663
103.7	18.042071070113998
103.8	17.135751176742332
103.9	16.213790876958
104.	15.280905016919665
104.1	14.342772946398664
104.2	13.405761880261666
104.3	12.476606959891665
104.4	11.562072380076332
104.5	10.668618868084
104.6	9.802101784771333
104.7	8.967521262307999
104.8	8.168841355499
104.9	7.408889528298333
105.	6.6893413954796666
105.1	6.010788998675666
105.2	5.372884537098333
105.3	4.774545878657666
105.4	4.214205754807334
105.5	3.6900835933793332
105.6	3.2004576539729994
105.7	2.7439155436449996
105.8	2.3195632337876666
105.9	1.9271761729506667
106.	1.5672807097176664
106.1	1.2411594426713333
106.2	0.9507799021913332
106.3	0.6986517281463334
106.4	0.48762284030833336
106.5	0.3206296457388333
106.6	0.20041978898936666
106.7	0.12926810254873333
106.8	0.10870711777766665
106.9	0.13929270605149
107.	0.22042318631913332
107.1	0.35022670237433334
107.2	0.525527069999
107.3	0.7418929234409999
107.4	0.993769211694
107.5	1.2746843020066665
107.6	1.5775205456066663
107.7	1.8948315353086667
107.8	2.219185778401333
107.9	2.5435143899083332
108.	2.861439855256
108.1	3.1675639809403333
108.2	3.457695789646
108.3	3.729004147227333
108.4	3.9800850493703335
108.5	4.210939375592666
108.6	4.4228631071479985
108.7	4.6182580494293335
108.8	4.800376553681
108.9	4.973018200782334
109.	5.140199570575
109.1	5.305819855995667
109.2	5.473345091330334
109.3	5.645532169246
109.4	5.824210762806334
109.5	6.010136987135333
109.6	6.202927458816999
109.7	6.401076718597666
109.8	6.602055181866
109.9	6.8024792753389995
110.	6.998340580437
110.1	7.185276951643333
110.2	7.358865954666999
110.3	7.514919737354999
110.4	7.649760663198332
110.5	7.760458678875667
110.6	7.845014325217335
110.7	7.902475330414667
110.8	7.932979567354666
110.9	7.937722481192333
111.	7.9188525313369995
111.1	7.8793033670316674
111.2	7.822575998801999
111.3	7.75248781289
111.4	7.672907634442
111.5	7.5874969907739995
111.6	7.499477177307
111.7	7.411439706401333
111.8	7.325214363287
111.9	7.241804643527333
112.	7.161395135939667
112.1	7.083429841278999
112.2	7.006754909941998
112.3	6.929814275273332
112.4	6.850882545544001
112.5	6.768316618749332
112.6	6.6808060313806665
112.7	6.587602143901
112.8	6.488707891395333
112.9	6.385012837662666
113.	6.278362419092666
113.1	6.171555206616333
113.2	6.068267363248333
113.3	5.972908811062998
113.4	5.890420550440998
113.5	5.826026738169333
113.6	5.784958251984666
113.7	5.772166349768
113.8	5.792045585493666
113.9	5.848184371136001
114.	5.943159576522999
114.1	6.078388509759333
114.2	6.254047757635
114.3	6.469063961378
114.4	6.721176954209
114.5	7.007071089201666
114.6	7.3225663185183345
114.7	7.662856900731333
114.8	8.02278272067
114.9	8.397116269624332
115.	8.780847461660999
115.1	9.169448697340332
115.2	9.559103920828665
115.3	9.946887767557332
115.4	10.330884131048998
115.5	10.710237392918666
115.6	11.085133916672
115.7	11.456715926687998
115.8	11.826934279362002
115.9	12.198350591850335
116.	12.573902448483667
116.1	12.956647725904334
116.2	13.349505299908
116.3	13.755009426942
116.4	14.175093932526666
116.5	14.610920070539333
116.6	15.062758713908666
116.7	15.529933639103
116.8	16.010828359418866
116.9	16.502954568629566
117.	17.003076086425054
117.1	17.507378546231728
117.2	18.0116721753847
117.3	18.511613067269735
117.4	19.002927440407333
117.5	19.481623545385666
117.6	19.94417707123766
117.7	20.387678001376
117.8	20.809929712008994
117.9	21.209494485795332
118.	21.585683306667327
118.1	21.938491572427665
118.2	22.268485984264334
118.3	22.576651133573996
118.4	22.864207018898
118.5	23.132410732368335
118.6	23.382356735413
118.7	23.614790414105332
118.8	23.82994893216733
118.9	24.027441797000666
119.	24.20618108622933
119.1	24.364368072898003
119.2	24.499539208734333
119.3	24.608670305483663
119.4	24.688333554598334
119.5	24.734898038509662
119.6	24.744760907908333
119.7	24.71459370857567
119.8	24.641586678854
119.9	24.523673378498664
120.	24.35971884535967
120.1	24.14965659606733
120.2	23.894563083035663
120.3	23.596662475268992
120.4	23.259259547604998
120.5	22.886603670251333
120.6	22.48369199063433
120.7	22.056024484947002
120.8	21.609327256013998
120.9	21.149262964511266
121.	20.6811483874267
121.1	20.209698703496
121.2	19.738816230784998
121.3	19.271438125918568
121.4	18.809453247041866
121.5	18.3536933137892
121.6	17.9039980585272
121.7	17.459348668759596
121.8	17.018058878841398
121.9	16.578008947699367
122.	16.136904762615867
122.1	15.692542647400133
122.2	15.2430602450033
122.3	14.787155089303134
122.4	14.324255079707934
122.5	13.854628824516432
122.6	13.379428441861197
122.7	12.900662555550365
122.8	12.421102515094667
122.9	11.944129906695665
123.	11.473537832864332
123.1	11.013301881097
123.2	10.567338919727334
123.3	10.139272668598867
123.4	9.732224329108064
123.5	9.3486444630555
123.6	8.990198936291232
123.7	8.6577173545021
123.8	8.35120735544
123.9	8.069932790915566
124.	7.8125486618696005
124.1	7.5772810872887675
124.2	7.362136967867732
124.3	7.165125649266567
124.4	6.984473994087833
124.5	6.818816905525633
124.6	6.667347450250866
124.7	6.5299141200817665
124.8	6.4070571544501655
124.9	6.299980846588568
125.	6.210463948440365
125.1	6.140715246451867
125.2	6.093185694406533
125.3	6.070351830611701
125.4	6.074487323759433
125.5	6.107440257083766
125.6	6.170433150229834
125.7	6.263900832787966
125.8	6.387378311769901
125.9	6.539446986276333
126.	6.717743273327
126.1	6.919029250719267
126.2	7.139320626552134
126.3	7.3740634969788665
126.4	7.6183482021578985
126.5	7.8671463052905
126.6	8.1155554178689
126.7	8.359036308765733
126.8	8.593627447132533
126.9	8.8161237573655
127.	9.024208782709632
127.1	9.216532500896
127.2	9.392730518422367
127.3	9.553384085472
127.4	9.699924098691199
127.5	9.834485782545366
127.6	9.959723846504765
127.7	10.078600418034899
127.8	10.1941597864434
127.9	10.309304838735766
128.	10.426589952778066
128.1	10.548044023304866
128.2	10.675035282067999
128.3	10.80818674935433
128.4	10.94734769928743
128.5	11.091622660035334
128.6	11.2394554683873
128.7	11.388762037584332
128.8	11.537102054166368
128.9	11.6818770467818
129.	11.820540370599165
129.1	11.950803770229365
129.2	12.070825385002497
129.3	12.179365334449969
129.4	12.275897280258864
129.5	12.360667440005765
129.6	12.434696220175633
129.7	12.499721680698197
129.8	12.558088169983131
129.9	12.6125874001986
130.	12.666262707808167
130.1	12.722190034505234
130.2	12.783251081955132
130.3	12.851915007998333
130.4	12.9300448636386
130.5	13.018743707564767
130.6	13.118253027473466
130.7	13.227912854152866
130.8	13.346188953229133
130.9	13.470767940384867
131.	13.5987163690157
131.1	13.7266950911582
131.2	13.851215819091665
131.3	13.968923151017899
131.4	14.076882666713667
131.5	14.172854312307267
131.6	14.255530355342632
131.7	14.3247187944056
131.8	14.381456226097633
131.9	14.428038657457835
132.	14.467964342020831
132.1	14.505789030560098
132.2	14.546900606713566
132.3	14.597226409297699
132.4	14.662892104987932
132.5	14.749855285591632
132.6	14.8635396173205
132.7	15.008496086077333
132.8	15.18811653670313
132.9	15.404421336222999
133.	15.657937819554764
133.1	15.947679577510932
133.2	16.27122912416943
133.3	16.624918633435634
133.4	17.0040958887285
133.5	17.4034559672897
133.6	17.81741402103117
133.7	18.240491251770198
133.8	18.667685081209164
133.9	19.0947956833682
134.	19.518684392527398
134.1	19.937444760863933
134.2	20.350473798032166
134.3	20.75843865153923
134.4	21.163142069523666
134.5	21.5672977984967
134.6	21.9742339985544
134.7	22.38754827330277
134.8	22.810741588320997
134.9	23.246859912605235
135.	23.698171742778335
135.1	24.165906818890534
135.2	24.65007653378583
135.3	25.149390143596168
135.4	25.661273402797196
135.5	26.181988244391167
135.6	26.706844229553766
135.7	27.23048530871333
135.8	27.7472295347971
135.9	28.251435209820166
136.	28.737864861272033
136.1	29.202018603695365
136.2	29.640410835643664
136.3	30.050768665572665
136.4	30.432136601018332
136.5	30.784879380364004
136.6	31.110582789937002
136.7	31.411860246147334
136.8	31.692080200085996
136.9	31.955035459645334
137.	32.204579849442325
137.1	32.444259914838696
137.2	32.6769694719601
137.3	32.9046527385846
137.4	33.1280777630345
137.5	33.34669626215437
137.6	33.55859927150456
137.7	33.76057076095523
137.8	33.9482341558505
137.9	34.1162800987777
138.	34.258758253560366
138.1	34.36941188057857
138.2	34.44203154388016
138.3	34.470803721317026
138.4	34.45063125748946
138.5	34.37740532223313
138.6	34.248212556890465
138.7	34.061466045594265
138.8	33.816954229762
138.9	33.515807527800334
139.	33.160387806451
139.1	32.75411067223966
139.2	32.30121452160067
139.3	31.806493209560998
139.4	31.27501093978633
139.5	30.711818493165
139.6	30.121689213213998
139.7	29.508891338158666
139.8	28.877010449665335
139.9	28.228832183944665
140.	27.566291151542664
140.1	26.89048749171033
140.2	26.201767925402
140.3	25.499863846946667
140.4	24.78407518392166
140.5	24.05348570442866
140.6	23.30719336864867
140.7	22.544538355931337
140.8	21.765311630071665
140.9	20.969928329504
141.	20.159552804366335
141.1	19.336165599821665
141.2	18.502566867523
141.3	17.662315286744334
141.4	16.819606259243667
141.5	15.979097582480998
141.6	15.145694678333669
141.7	14.324310485319998
141.8	13.519617095764666
141.9	12.735806995267
142.	11.976381286321335
142.1	11.243980585237333
142.2	10.540271486701666
142.3	9.86589778129
142.4	9.220501232896334
142.5	8.602811964392332
142.6	8.010803665866
142.7	7.441904249983333
142.8	6.8932485280743325
142.9	6.361956247309667
143.	5.845416638465
143.1	5.341559649982999
143.2	4.849094393366666
143.3	4.367697021960333
143.4	3.8981332575709997
143.5	3.442304917513666
143.6	3.003214852341
143.7	2.5848503659776663
143.8	2.1919910821866666
143.9	1.829952920486667
144.	1.504284913755
144.1	1.2204396162866666
144.2	0.9834404464206666
144.3	0.7975702014696667
144.4	0.666104015766
144.5	0.5911071912383333
144.6	0.5733137585676665
144.7	0.6120956273526666
144.8	0.7055251973286667
144.9	0.8505268809266666
145.	1.043105744953
145.1	1.2786350422676667
145.2	1.5521793516866667
145.3	1.8588268520379998
145.4	2.194003248863333
145.5	2.553741187671333
145.6	2.934882558841
145.7	3.3351966556793333
145.8	3.7534042351583325
145.9	4.18910555333
146.	4.642618716406
146.1	5.114742487044333
146.2	5.606464334235
146.3	6.118639430203001
146.4	6.651669048706333
146.5	7.205207159877667
146.6	7.777921910699334
146.7	8.367334303660666
146.8	8.969750101900999
146.9	9.580293327507666
147.	10.193041315533332
147.1	10.801252842691
147.2	11.397673058840667
147.3	11.974892455127
147.4	12.525732435390333
147.5	13.043627599580335
147.6	13.52297479882067
147.7	13.959421395543332
147.8	14.350069767203665
147.9	14.693581569364
148.	14.990173109021999
148.1	15.241501746607664
148.2	15.450451862425334
148.3	15.620836897253668
148.4	15.757040659593999
148.5	15.863625940135998
148.6	15.944941081916333
148.7	16.004755300822996
148.8	16.04595121302633
148.9	16.070298383443628
149.	16.078325140014233
149.1	16.069297938945432
149.2	16.041308878196
149.3	15.991463259985
149.4	15.916151130687334
149.5	15.811380136271
149.6	15.673142374975665
149.7	15.497785577747333
149.8	15.282359075771666
149.9	15.024907581512998
150.	14.724690554504665
150.1	14.382311408046668
150.2	13.999748451236664
150.3	13.580287576939664
150.4	13.128364607544334
150.5	12.649332234626666
150.6	12.149172078888002
150.7	11.634176134948667
150.8	11.110623514872666
150.9	10.584477909223665
151.	10.061128682343
151.1	9.545194297200332
151.2	9.040401247379998
151.3	8.549545356688666
151.4	8.074535721844
151.5	7.6165152412733335
151.6	7.1760460534420005
151.7	6.753343677466999
151.8	6.348540478545001
151.9	5.961957416745666
152.	5.594362922346666
152.1	5.2471990963833335
152.2	4.922758106309666
152.3	4.624295396656999
152.4	4.356070883119666
152.5	4.123314329518333
152.6	3.932116295447666
152.7	3.789251063793666
152.8	3.701942508492666
152.9	3.6775876678863337
153.	3.723455621115
153.1	3.8463809452016666
153.2	4.052471449821667
153.3	4.346849010610033
153.4	4.733440188357133
153.5	5.214830060926833
153.6	5.792188505558999
153.7	6.46527332493
153.8	7.232509435443999
153.9	8.091138186465333
154.	9.037426116811666
154.1	10.066918420693666
154.2	11.174719382407
154.3	12.355780263137
154.4	13.605174719149
154.5	14.918342817318997
154.6	16.291287025893332
154.7	17.720707017542665
154.8	19.204064481306666
154.9	20.739574091794
155.	22.326121979368665
155.1	23.963118136311
155.2	25.650293840402668
155.3	27.387459079207666
155.4	29.174237867471327
155.5	31.009801082084998
155.6	32.89261688103
155.7	34.820237883418336
155.8	36.78914210636533
155.9	38.79464127945799
156.	40.83086577209866
156.1	42.890830208008
156.2	44.96657819346699
156.3	47.049398818217654
156.4	49.130102047903996
156.5	51.19933523246432
156.6	53.24791909598467
156.7	55.267179077338
156.8	57.249247078425
156.9	59.187309707890336
157.	61.07578206358267
157.1	62.910390874535
157.2	64.68815718517934
157.3	66.407276305848
157.4	68.06690093059767
157.5	69.66684149511767
157.6	71.20720533554233
157.7	72.68800229900567
157.8	74.10874858599632
157.9	75.46810225353332
158.	76.76356273952067
158.1	77.991262918584
158.2	79.145875764841
158.3	80.220649128871
158.4	81.20757211897366
158.5	82.09766585488799
158.6	82.88138093997233
158.7	83.54907469406433
158.8	84.09153389417966
158.9	84.500504149281
159.	84.76918551690567
159.1	84.89265579046366
159.2	84.86818789550499
159.3	84.69543570553765
159.4	84.37647266211832
159.5	83.91567905624865
159.6	83.31948577268832
159.7	82.59599369772367
159.8	81.754497947275
159.9	80.80495373501333
160.	79.757425435441
160.1	78.62156183659465
160.2	77.40613854513967
160.3	76.118703203942
160.4	74.76535096163566
160.5	73.35064719493566
160.6	71.87770260476165
160.7	70.34839344651365
160.8	68.76370779420898
160.9	67.12418833566866
161.	65.43043407164032
161.1	63.68361817258334
161.2	61.885977509940005
161.3	60.04123127158366
161.4	58.154891427481004
161.5	56.23443627871234
161.6	54.289329217751664
161.7	52.33087731359467
161.8	50.37193737441133
161.9	48.42648967056233
162.	46.50911049055234
162.1	44.63438317821665
162.2	42.81629258094166
162.3	41.067649403367
162.4	39.399588717189
162.5	37.82118094856733
162.6	36.33918457454567
162.7	34.95795829147966
162.8	33.67953751665
162.9	32.50386688639966
163.	31.42916801454433
163.1	30.452411228231668
163.2	29.569852154057003
163.3	28.777589505221002
163.4	28.072099528306996
163.5	27.450705296785998
163.6	26.911945064631666
163.7	26.455812628228998
163.8	26.083853284518334
163.9	25.799110594058337
164.	25.605930788661002
164.1	25.509642382370334
164.2	25.51613755219767
164.3	25.631388526362663
164.4	25.86093615542433
164.5	26.209388873908665
164.6	26.67996845377533
164.7	27.274134568908668
164.8	27.991313672554
164.9	28.828749590091334
165.	29.781484181027
165.1	30.84246707933
165.2	32.002784518602994
165.3	33.251989170041995
165.4	34.578506267650326
165.5	35.970086462515
165.6	37.41427310806533
165.7	38.89885119170666
165.8	40.412246882435
165.9	41.94385056222233
166.	43.484241972440664
166.1	45.025303378015
166.2	46.560214913972665
166.3	48.08333502881166
166.4	49.589977489098665
166.5	51.076104217083994
166.6	52.53795966718266
166.7	53.971677037621674
166.8	55.372888985784336
166.9	56.73637544795233
167.	58.055778664761654
167.1	59.32341069972999
167.2	60.530172026083
167.3	61.66559157633533
167.4	62.71798970624233
167.5	63.674756423323664
167.6	64.52272871498266
167.7	65.24864349539033
167.8	65.839637099071
167.9	66.283758781348
168.	66.57046455418366
168.1	66.691058927356
168.2	66.63905561438267
168.3	66.41043371811499
168.4	66.003772936459
168.5	65.420259436765
168.6	64.66356270194132
168.7	63.73959232981634
168.8	62.65615189576933
168.9	61.42251411360199
169.	60.048947182014004
169.1	58.54622602110666
169.2	56.925163800924665
169.3	55.19619855074999
169.4	53.36906662299434
169.5	51.45258945924534
169.6	49.454592619516326
169.7	47.38196679138633
169.8	45.24086998275633
169.9	43.03705899082199
170.	40.77632732748733
170.1	38.465016916253326
170.2	36.110562924700666
170.3	33.722025906189
170.4	31.31056360308233
170.5	28.889796796204
170.6	26.476029583912
170.7	24.08829423588
170.8	21.748203735734663
170.9	19.479610384424333
171.	17.308085199511332
171.1	15.260248925793668
171.2	13.362999820510666
171.3	11.642694598765667
171.4	10.124345838857
171.5	8.830900897868332
171.6	7.7826635548243335
171.7	6.996910249238334
171.8	6.487738498785665
171.9	6.2661669091663335
172.	6.340485575609667
172.1	6.7168343301523326
172.2	7.399966042193666
172.3	8.394134816226332
172.4	9.704036036634001
172.5	11.335718013925998
172.6	13.297384266038666
172.7	15.600011466267668
172.8	18.257720486231335
172.9	21.287855914709997
173.	24.710751614605
173.1	28.549184609944334
173.2	32.82754494748133
173.3	37.570773146907996
173.4	42.803137496577996
173.5	48.546939035769334
173.6	54.82124122836966
173.7	61.64072312426832
173.8	69.014748866864
173.9	76.94673293081831
174.	85.43386020375334
174.1	94.46719433882635
174.2	104.03217845007534
174.3	114.10950136989368
174.4	124.67627270483467
174.5	135.70742317765297
174.6	147.17722555429566
174.7	159.06081767592698
174.8	171.33560423187697
174.9	183.98241869928933
175.	196.98634133595965
175.1	210.33709257692968
175.2	224.02895205551332
175.3	238.06018961917897
175.4	252.4320333937733
175.5	267.1472381183997
175.6	282.20835153630765
175.7	297.61580467556723
175.8	313.3659708682543
175.9	329.44934661561996
176.	345.8490039228243
176.1	362.53944849349193
176.2	379.48599224330167
176.3	396.64471363472296
176.4	413.96303825967436
176.5	431.380927559421
176.6	448.83261946300456
176.7	466.2488238605857
176.8	483.559241601046
176.9	500.69525041560433
177.	517.5925865808913
177.1	534.1938482768073
177.2	550.4506552569749
177.3	566.3253192444454
177.4	581.7919084580913
177.5	596.836626150769
177.6	611.4574642896494
177.7	625.6631370954274
177.8	639.4713423201359
177.9	652.9064383368136
178.	665.9966604140157
178.1	678.7710277376183
178.2	691.2561127057835
178.3	703.4728547207785
178.4	715.4336015770706
178.5	727.1395525929283
178.6	738.5787593231225
178.7	749.7248126521478
178.8	760.536310650824
178.9	770.9571613580777
179.	780.9177304208503
179.1	790.3367976594727
179.2	799.1242414934519
179.3	807.18432814319
179.4	814.4194463633942
179.5	820.734100142231
179.6	826.0389535430555
179.7	830.2547149179316
179.8	833.3156528019023
179.9	835.1725532714773
180.	835.7949570535784