# O+CO(0,0) elastic diff. cross section
# E = 0.00085 eV
# angle, CS (1e-16 cm^2)
0.1	35800.50196995
0.2	35701.29343048333
0.3	35536.51671182667
0.4	35307.02349794
0.5	35013.99701775333
0.6	34658.94302161333
0.7	34243.678327713336
0.8	33770.31704785666
0.9	33241.254622943336
1.	32659.14981980667
1.1	32026.904858070004
1.2	31347.64385412333
1.3	30624.68978291333
1.4	29861.54017087333
1.5	29061.841743616667
1.6	28229.364260183334
1.7	27367.973769700002
1.8	26481.605530323333
1.9	25574.23683012667
2.	24649.859946786662
2.1	23712.455479139993
2.2	22765.966275923332
2.3	21814.272178243333
2.4	20861.16578053
2.5	19910.32940153333
2.6	18965.313442119997
2.7	18029.51628928
2.8	17106.16590863
2.9	16198.30324771
3.	15308.767552813333
3.1	14440.183681383332
3.2	13594.951470666667
3.3	12775.237202399996
3.4	11982.967181583332
3.5	11219.823427356667
3.6	10487.241452459999
3.7	9786.410089663334
3.8	9118.273303619999
3.9	8483.53390948
4.	7882.659104219999
4.1	7315.887700263333
4.2	6783.238939683333
4.3	6284.52275385
4.4	5819.351325436666
4.5	5387.151800379999
4.6	4987.179991916666
4.7	4618.534914626665
4.8	4280.173983639999
4.9	3970.928713913333
5.	3689.5207554166664
5.1	3434.5781030099997
5.2	3204.6513242500005
5.3	2998.229654163333
5.4	2813.75681343
5.5	2649.6464149
5.6	2504.2968329533333
5.7	2376.10542078
5.8	2263.481972113333
5.9	2164.8613357233335
6.	2078.7151036433334
6.1	2003.562306783333
6.2	1937.9790644766665
6.3	1880.6071475399997
6.4	1830.1614271966664
6.5	1785.4361947166665
6.6	1745.3103488133333
6.7	1708.75145944
6.8	1674.81872759
6.9	1642.664871063333
7.	1611.5369755599997
7.1	1580.77635913
7.2	1549.817505643333
7.3	1518.1861297966666
7.4	1485.4964417766664
7.5	1451.4476844466667
7.6	1415.8200198533334
7.7	1378.4698442133333
7.8	1339.3246126966667
7.9	1298.3772557233333
8.	1255.68026874
8.1	1211.339556193333
8.2	1165.50810877
8.3	1118.3795904533333
8.4	1070.1819086316666
8.5	1021.1708368669999
8.6	971.6237553536666
8.7	921.833569551
8.8	872.1028620043332
8.9	822.7383271726667
9.	774.0455331029999
9.1	726.3240480850001
9.2	679.8629643766666
9.3	634.9368451406667
9.4	591.802114796
9.5	550.6939071606666
9.6	511.82338012233333
9.7	475.3755001026666
9.8	441.507294414
9.9	410.346564707
10.	381.9910501756666
10.1	356.508024949
10.2	333.9343103453333
10.3	314.27667920846665
10.4	297.5126265862333
10.5	283.5914784333
10.6	272.4358078678333
10.7	263.9431268093666
10.8	257.9878195130333
10.9	254.42328362966668
11.	253.08424392099997
11.1	253.7892036463333
11.2	256.3429988913333
11.3	260.5394216776666
11.4	266.163878609
11.5	272.9960530016666
11.6	280.81253990766663
11.7	289.3894251323333
11.8	298.5047812683333
11.9	307.94105585
12.	317.48732898699996
12.1	326.9414201993333
12.2	336.1118266486667
12.3	344.819477493
12.4	352.89929168366666
12.5	360.20152910066656
12.6	366.5929275313334
12.7	371.9576205393333
12.8	376.19783377466666
12.9	379.234359714
13.	381.006813128
13.1	381.47367182166664
13.2	380.6121092516667
13.3	378.41762759633326
13.4	374.903501632
13.5	370.10004539706665
13.6	364.05371505986665
13.7	356.8260626985999
13.8	348.4925567372
13.9	339.1412857004333
14.	328.8715626108
14.1	317.7924478549
14.2	306.0212086473666
14.3	293.6817333175333
14.4	280.90291857959994
14.5	267.81704768599997
14.6	254.55817692633332
14.7	241.26054736266667
14.8	228.05703793066667
14.9	215.077675154
15.	202.448213724
15.1	190.288801039
15.2	178.7127375883333
15.3	167.82534374699998
15.4	157.722942142
15.5	148.49196332866666
15.6	140.20818100866666
15.7	132.93608152533332
15.8	126.72837084363331
15.9	121.62562070843333
16.	117.65605418613332
16.1	114.83546933393332
16.2	113.16729833146667
16.3	112.64279806916666
16.4	113.24136690986667
16.5	114.9309811651
16.6	117.66874372236666
16.7	121.4015362963
16.8	126.06676588323333
16.9	131.59319526253333
17.	137.90184674866663
17.1	144.90696789866666
17.2	152.51704751
17.3	160.6358699983333
17.4	169.16359613699998
17.5	177.99785814999998
17.6	187.03485730233334
17.7	196.170452385
17.8	205.30122787
17.9	214.3255310043333
18.	223.14446769233336
18.1	231.6628476903333
18.2	239.79007041566666
18.3	247.44094349066665
18.4	254.53642705233335
18.5	261.00429779499996
18.6	266.7797277226666
18.7	271.80577358766664
18.8	276.0337740353333
18.9	279.42365252933325
19.	281.9441251453334
19.1	283.57281336633326
19.2	284.29626299566667
19.3	284.10987127066664
19.4	283.0177251623333
19.5	281.0323547246666
19.6	278.17440614
19.7	274.4722398453333
19.8	269.96145977699996
19.9	264.6843803453333
20.	258.6894382503333
20.1	252.030556639
20.2	244.76646943566666
20.3	236.960013894
20.4	228.67739955300001
20.5	219.98746182966664
20.6	210.96090842933336
20.7	201.66956663833335
20.8	192.18563933783335
20.9	182.58097730676664
21.	172.9263750061
21.1	163.29089661343332
21.2	153.74123859533333
21.3	144.3411345509333
21.4	135.15080746723334
21.5	126.22647391509999
21.6	117.61990401906667
21.7	109.37804038229999
21.8	101.54267840723332
21.9	94.15020976883332
22.	87.23143005536667
22.1	80.81141090523333
22.2	74.9094362518
22.3	69.53900162653332
22.4	64.70787481636667
22.5	60.418215555699994
22.6	56.6667513598
22.7	53.44500607253333
22.8	50.73957721984
22.9	48.53245782913667
23.	46.80139800289966
23.1	45.52030121952567
23.2	44.65965008092333
23.3	44.186956037209995
23.4	44.067227490246665
23.5	44.263450615433335
23.6	44.737077238766666
23.7	45.448514168399996
23.8	46.357608498699996
23.9	47.42412358426666
24.	48.6082006109
24.1	49.870800974999995
24.2	51.174125011966666
24.3	52.48200298303334
24.4	53.7602546434
24.5	54.97701415183333
24.6	56.10301755129999
24.7	57.11185054156667
24.8	57.98015476639999
24.9	58.68779135646666
25.	59.21796098433333
25.1	59.55728020826667
25.2	59.69581438783332
25.3	59.6270679521
25.4	59.347933278599996
25.5	58.85859989516667
25.6	58.162426141366666
25.7	57.26577582082332
25.8	56.17782273234333
25.9	54.91032628385666
26.	53.47738166119667
26.1	51.89514826406333
26.2	50.181560286933326
26.3	48.35602346373
26.4	46.43910207315333
26.5	44.452200332906656
26.6	42.41724229447
26.7	40.356354281493324
26.8	38.29155380312666
26.9	36.244448712339995
27.	34.23595017994433
27.1	32.286002810561
27.2	30.413334951711995
27.3	28.63523193541966
27.4	26.967334652868335
27.5	25.4234655011024
27.6	24.015483357643763
27.7	22.753168843893796
27.8	21.644140731401997
27.9	20.693803935788
28.	19.905329133762
28.1	19.279663634858
28.2	18.815572746229332
28.3	18.50971049142533
28.4	18.35671818588333
28.5	18.349349036676664
28.6	18.478616628966666
28.7	18.733964884483335
28.8	19.10345683726333
28.9	19.57397936676
29.	20.13146086302333
29.1	20.761098673296665
29.2	21.447593096536664
29.3	22.175384649746665
29.4	22.92889133233
29.5	23.69274265619333
29.6	24.452007292876665
29.7	25.192411311846662
29.8	25.90054414363
29.9	26.564049595759997
30.	27.171799477243333
30.1	27.714047641569998
30.2	28.182562540046664
30.3	28.570736679366668
30.4	28.873671697499994
30.5	29.088238104333335
30.6	29.2131090774
30.7	29.2487680485
30.8	29.197490163766663
30.9	29.063298044699998
31.	28.85189260873333
31.1	28.570560033133333
31.2	28.228056248233333
31.3	27.834470633633334
31.4	27.40107085013333
31.5	26.940130977266666
31.6	26.464745329766664
31.7	25.988630501466663
31.8	25.52591832483333
31.9	25.090942539066663
32.	24.698022030299995
32.1	24.36124353756667
32.2	24.094246716433332
32.3	23.910014409866665
32.4	23.820670899796667
32.5	23.837290803593334
32.6	23.969721133776666
32.7	24.226418867566665
32.8	24.614306168666662
32.9	25.1386451757
33.	25.802934021466662
33.1	26.608825475066666
33.2	27.556069314266665
33.3	28.6424792348
33.4	29.863924795899997
33.5	31.214348589599997
33.6	32.68580850533333
33.7	34.26854465226666
33.8	35.95107019506666
33.9	37.720285065599995
34.	39.561611229499995
34.1	41.45914792476666
34.2	43.39584504159999
34.3	45.35369259393333
34.4	47.31392403299999
34.5	49.2572309865
34.6	51.16398686486667
34.7	53.014476667633325
34.8	54.78913024526666
34.9	56.46875622739999
35.	58.03477381336667
35.1	59.46943965096666
35.2	60.7560670705
35.3	61.87923503986667
35.4	62.8249843145
35.5	63.58099840446667
35.6	64.13676716066666
35.7	64.48373096656667
35.8	64.61540376346666
35.9	64.52747336073334
36.	64.21787775823333
36.1	63.686856471166664
36.2	62.93697614423333
36.3	61.97313002226667
36.4	60.80251116303333
36.5	59.43455955443333
36.6	57.88088361893333
36.7	56.15515686586666
36.8	54.272990740933324
36.9	52.251784994666664
37.	50.110557150266665
37.1	47.869752883266656
37.2	45.55103935496667
37.3	43.17708372676666
37.4	40.77131926006666
37.5	38.357701548066665
37.6	35.96045754026666
37.7	33.603830107133334
37.8	31.311820947
37.9	29.107934661100003
38.	27.014926813566664
38.1	25.054558756533332
38.2	23.24736192803333
38.3	21.612414231199995
38.4	20.167130975533333
38.5	18.927072701666667
38.6	17.905772032199998
38.7	17.11458148196333
38.8	16.562543936736667
38.9	16.256287261006666
39.	16.19994423391333
39.1	16.39509873757
39.2	16.8407588346
39.3	17.533357080633333
39.4	18.46677811953333
39.5	19.63241331293333
39.6	21.0192418607
39.7	22.6139375809
39.8	24.401000238499996
39.9	26.362910044886664
40.	28.480303698933334
40.1	30.73217010572667
40.2	33.09606369670333
40.3	35.5483330836
40.4	38.06436261296666
40.5	40.61882425005667
40.6	43.18593710915333
40.7	45.739731866646665
40.8	48.25431724204999
40.9	50.70414571248333
41.	53.06427563689333
41.1	55.31062700491999
41.2	57.420228104749995
41.3	59.37145049607666
41.4	61.14422981247667
41.5	62.720270069310004
41.6	64.08322933319667
41.7	65.21888482381
41.8	66.11527572759667
41.9	66.76282226408333
42.	67.15441978816
42.1	67.28550699779666
42.2	67.15410758391333
42.3	66.76084495717667
42.4	66.10892996814667
42.5	65.20412183424665
42.6	64.05466277003333
42.7	62.671187098400004
42.8	61.066605888130006
42.9	59.25596843346
43.	57.25630211424
43.1	55.08643242146667
43.2	52.76678512436666
43.3	50.31917274125334
43.4	47.76656763608666
43.5	45.13286419343667
43.6	42.44263262599
43.7	39.720867054143326
43.8	36.99273053071
43.9	34.283299715013335
44.	31.617311880286668
44.1	29.01891690092333
44.2	26.511436796353337
44.3	24.117135312186665
44.4	21.856999894296663
44.5	19.7505382662
44.6	17.815591647559998
44.7	16.068166461016666
44.8	14.522286163643333
44.9	13.189864612973333
45.	12.080602138586665
45.1	11.201905237323333
45.2	10.558830554103332
45.3	10.154053543696666
45.4	9.987861945439999
45.5	10.058173935286666
45.6	10.360580560509998
45.7	10.888411805436665
45.8	11.63282539197333
45.9	12.582917185126664
46.	13.725851853216668
46.1	15.047012230536666
46.2	16.53016564555
46.3	18.15764531363
46.4	19.910544751796667
46.5	21.76892305437
46.6	23.712018773996665
46.7	25.718470083963332
46.8	27.766538853926665
46.9	29.83433625389
47.	31.90004750920666
47.1	33.94215346308667
47.2	35.939646661443334
47.3	37.87223975637
47.4	39.72056413011333
47.5	41.466356766316665
47.6	43.09263354201
47.7	44.583847275713325
47.8	45.92602904994
47.9	47.10691151303334
48.	48.11603307715334
48.1	48.94482213918
48.2	49.586660672776674
48.3	50.03692676222667
48.4	50.29301588471667
48.5	50.35434096037333
48.6	50.22231142514666
48.7	49.900291795689995
48.8	49.39354039939667
48.9	48.70912915747333
49.	47.85584548510667
49.1	46.844077555553326
49.2	45.68568433204666
49.3	44.39385192019333
49.4	42.98293790807333
49.5	41.468305482746665
49.6	39.86614918317666
49.7	38.19331422464333
49.8	36.46711136949
49.9	34.70512934342334
50.	32.92504679693667
50.1	31.14444579229
50.2	29.380628755829996
50.3	27.65044077477333
50.4	25.970099038909996
50.5	24.355031128980002
50.6	22.81972373999333
50.7	21.377583298509997
50.8	20.04080978811
50.9	18.820284943656667
51.	17.725475807246667
51.1	16.76435446606333
51.2	15.94333461071
51.3	15.267225367623334
51.4	14.739202671056667
51.5	14.360798252736666
51.6	14.131906139736666
51.7	14.050806367843332
51.8	14.114205440449997
51.9	14.31729289187
52.	14.653813151696667
52.1	15.116151756543333
52.2	15.695434814799999
52.3	16.38164050565333
52.4	17.163721280186667
52.5	18.029735337866665
52.6	18.966985871153334
52.7	19.962166508846664
52.8	21.001511342479997
52.9	22.070947893946666
53.	23.156251371276667
53.1	24.243198569096666
53.2	25.317719793526667
53.3	26.36604723580333
53.4	27.374858275679998
53.5	28.33141227025
53.6	29.223679472503335
53.7	30.040460825119997
53.8	30.77149748903
53.9	31.407569090466666
54.	31.940579804593334
54.1	32.36363153414666
54.2	32.671083589856664
54.3	32.858598430516665
54.4	32.923173174583326
54.5	32.86315675235333
54.6	32.67825271961333
54.7	32.36950790826667
54.8	31.93928723601333
54.9	31.39123514053667
55.	30.730224238159998
55.1	29.9622919351
55.2	29.09456583503667
55.3	28.135178894506666
55.4	27.093175370936667
55.5	25.97840868983667
55.6	24.801432426199998
55.7	23.573385648443335
55.8	22.305873913333333
55.9	21.01084722495
56.	19.70047628069
56.1	18.387028323436667
56.2	17.082743899593332
56.3	15.799715790369998
56.4	14.54977133827
56.5	13.34435933065
56.6	12.194442534256666
56.7	11.110396891806667
56.8	10.101918302153333
56.9	9.177937806676667
57.	8.346545898026665
57.1	7.614926555806666
57.2	6.9893014973700005
57.3	6.474885012430001
57.4	6.075849629226667
57.5	5.795302738773332
57.6	5.635274183779334
57.7	5.596714700610666
57.8	5.679504990363332
57.9	5.882475084269999
58.	6.203433568333333
58.1	6.639206135089999
58.2	7.185682844173333
58.3	7.83787339448
58.4	8.589969643246665
58.5	9.435414547863333
58.6	10.366976659406667
58.7	11.376829260936667
58.8	12.456633216419998
58.9	13.597622584003332
59.	14.790692042803332
59.1	16.02648519064
59.2	17.295482788396665
59.3	18.588090054096664
59.4	19.894722148733333
59.5	21.205887040359997
59.6	22.512264988413335
59.7	23.804783950576667
59.8	25.074690282509998
59.9	26.313614172143332
60.	27.513629327953332
60.1	28.66730651908
60.2	29.767760648059994
60.3	30.808691118596663
60.4	31.784415343703333
60.5	32.689895321349994
60.6	33.52075728443
60.7	34.273304507886664
60.8	34.94452342949333
60.9	35.53208330895333
61.	36.03432971292666
61.1	36.45027217125333
61.2	36.77956640059333
61.3	37.02249153586
61.4	37.179922846669996
61.5	37.25330044693666
61.6	37.244594526646665
61.7	37.156267650446665
61.8	36.99123467636666
61.9	36.752820845256664
62.	36.44471858889333
62.1	36.07094358771333
62.2	35.63579059180333
62.3	35.14378949304333
62.4	34.59966210518333
62.5	34.00828007451666
62.6	33.37462430384666
62.7	32.70374623071333
62.8	32.00073125541333
62.9	31.27066456780667
63.	30.5185995732
63.1	29.749529069866668
63.2	28.968359280866665
63.3	28.17988679693333
63.4	27.388778439533333
63.5	26.599554009666665
63.6	25.816571847133332
63.7	25.04401708543333
63.8	24.285892453099997
63.9	23.546011442533334
64.	22.827993638899997
64.1	22.135261980766664
64.2	21.471041706833333
64.3	20.838360729466665
64.4	20.240051170366666
64.5	19.678751786766668
64.6	19.15691102343333
64.7	18.676790428233332
64.8	18.2404681813
64.9	17.84984250383333
65.	17.5066347291
65.1	17.2123918429
65.2	16.968488323666666
65.3	16.776127141799996
65.4	16.63633980773333
65.5	16.5499853883
65.6	16.5177484455
65.7	16.540135884033333
65.8	16.6174727275
65.9	16.749896876233333
66.	16.937352931533333
66.1	17.179585202366667
66.2	17.4761300373
66.3	17.826307654333334
66.4	18.229213660466662
66.5	18.68371047813333
66.6	19.188418907866666
66.7	19.741710074866663
66.8	20.34169801253333
66.9	20.986233144799996
67.	21.67289692763333
67.1	22.398997908966667
67.2	23.161569458833334
67.3	23.95736940813333
67.4	24.782881822599997
67.5	25.6343211139
67.6	26.507638672166667
67.7	27.398532172099998
67.8	28.302457679199996
67.9	29.21464464666667
68.	30.13011386063333
68.1	31.04369835263333
68.2	31.9500672601
68.3	32.843752575799996
68.4	33.7191786866
68.5	34.5706945616
68.6	35.3926084094
68.7	36.179224585499995
68.8	36.92488249346667
68.9	37.6239971876
69.	38.271101351666665
69.1	38.860888299433334
69.2	39.38825561395333
69.3	39.84834902211
69.4	40.23660607990333
69.5	40.54879923166666
69.6	40.78107779571333
69.7	40.93000842402333
69.8	40.99261358623
69.9	40.966407630099994
70.	40.84942998846667
70.1	40.64027510742666
70.2	40.33811870557
70.3	39.94273999176666
70.4	39.454539499406664
70.5	38.87455223644666
70.6	38.20445588734667
70.7	37.44657384589
70.8	36.60387290560333
70.9	35.67995548619666
71.	34.679046324056664
71.1	33.60597361175999
71.2	32.46614462505333
71.3	31.265515932973333
71.4	30.01055834357333
71.5	28.70821679159333
71.6	27.36586543114
71.7	25.991258247749997
71.8	24.592475554386667
71.9	23.177866784449996
72.	21.7559900367
72.1	20.33554886854333
72.2	18.92532686712333
72.3	17.53412055907333
72.4	16.170671243796665
72.5	14.843596353719999
72.6	13.561320957936667
72.7	12.332010031853333
72.8	11.16350211676
72.9	10.063244985473332
73.	9.038233918733333
73.1	8.09495317813
73.2	7.239321235229999
73.3	6.47664028736
73.4	5.811550552219999
73.5	5.247989792596666
73.6	4.78915847539
73.7	4.43749091852
73.8	4.194632723049333
73.9	4.061424731469
74.	4.037893690205333
74.1	4.123249733225666
74.2	4.315890737386667
74.3	4.613413537033333
74.4	5.012631918346667
74.5	5.509601251393333
74.6	6.099649552663334
74.7	6.777414712253334
74.8	7.536887558746665
74.9	8.371460382079999
75.	9.273980481666666
75.1	10.236808260886665
75.2	11.251879346666666
75.3	12.310770175713332
75.4	13.404766458513333
75.5	14.52493390549333
75.6	15.662190581673332
75.7	16.80738024299
75.8	17.95134600042
75.9	19.08500365847
76.	20.19941408091
76.1	21.285853949166665
76.2	22.335884297276664
76.3	23.341416232143334
76.4	24.29477327791
76.5	25.188749818719998
76.6	26.016665153409996
76.7	26.772412721733332
76.8	27.45050410813333
76.9	28.04610748198333
77.	28.55508018681666
77.1	28.973995248146668
77.2	29.300161626410002
77.3	29.531638102346662
77.4	29.667240739433332
77.5	29.706543928809996
77.6	29.649875079870004
77.7	29.498303076123328
77.8	29.253620672096663
77.9	28.91832105847333
78.	28.495568873333333
78.1	27.989165983219998
78.2	27.403512400100002
78.3	26.74356273958333
78.4	26.014778659306664
78.5	25.223077745733335
78.6	24.374779342759997
78.7	23.4765478346
78.8	22.53533391047
78.9	21.558314347543334
79.	20.552830852963332
79.1	19.526328505383333
79.2	18.486294330373333
79.3	17.440196533446667
79.4	16.395424899696664
79.5	15.359232849293331
79.6	14.33868161517
79.7	13.340586980626668
79.8	12.371468985536666
79.9	11.437504974723332
80.	10.544486326433333
80.1	9.697779159513333
80.2	8.902289277686666
80.3	8.162431567153334
80.4	7.482104020413333
80.5	6.864666515513333
80.6	6.3129244364199995
80.7	5.829117175743333
80.8	5.414911518476666
80.9	5.07139986286
81.	4.799103193853333
81.1	4.597978685293333
81.2	4.467431769719999
81.3	4.406332479836666
81.4	4.413035833093333
81.5	4.485406001116666
81.6	4.62084397912
81.7	4.816318446503333
81.8	5.068399489663333
81.9	5.37329484072
82.	5.726888272426667
82.1	6.124779779083333
82.2	6.562327166606666
82.3	7.034688671589999
82.4	7.5368662290433335
82.5	8.063749011933332
82.6	8.610156872263333
82.7	9.170883322449999
82.8	9.740737708793333
82.9	10.314586243533334
83.	10.887391579886668
83.1	11.454250633793333
83.2	12.010430379169998
83.3	12.551401366099999
83.4	13.072868737283333
83.5	13.570800545486666
83.6	14.041453200489999
83.7	14.481393905180001
83.8	14.887519967223334
83.9	15.257074903326664
84.	15.58766128208
84.1	15.87725028024
84.2	16.124187956226667
84.3	16.32719827203
84.4	16.485382921859998
84.5	16.59821805148
84.6	16.665547976533333
84.7	16.687576030733332
84.8	16.664852696636665
84.9	16.598261189626665
85.	16.48900068476
85.1	16.338567390056667
85.2	16.148733683516667
85.3	15.921525542133333
85.4	15.659198499779999
85.5	15.364212377013331
85.6	15.039205030939998
85.7	14.686965373976665
85.8	14.310405911690001
85.9	13.912535045659997
86.	13.496429385443335
86.1	13.065206304519998
86.2	12.621996969276667
86.3	12.169920059043331
86.4	11.712056383606665
86.5	11.251424591896667
86.6	10.790958151633333
86.7	10.33348376296
86.8	9.881701354306665
86.9	9.438165789700001
87.	9.00527040053
87.1	8.5852324344
87.2	8.180080496679999
87.3	7.791644040056667
87.4	7.4215449395399995
87.5	7.071191170283333
87.6	6.7417725885
87.7	6.434258796623333
87.8	6.149399056916666
87.9	5.887724200823333
88.	5.649550465473333
88.1	5.434985173776667
88.2	5.243934160493334
88.3	5.076110833906666
88.4	4.93104675108
88.5	4.8081035740599996
88.6	4.706486265623333
88.7	4.6252573750099994
88.8	4.563352257933333
88.9	4.5195950700709995
89.	4.492715369540667
89.1	4.481365161693333
89.2	4.484136218718
89.3	4.499577507011666
89.4	4.526212557119333
89.5	4.562556614266333
89.6	4.607133411747999
89.7	4.658491415230333
89.8	4.715219392657667
89.9	4.775961172285333
90.	4.839429460332333
90.1	4.904418599425
90.2	4.969816159796
90.3	5.034613266621666
90.4	5.097913578993333
90.5	5.158940848976666
90.6	5.217045002343333
90.7	5.271706696373333
90.8	5.32254032426
90.9	5.369295449756667
91.	5.411856670376666
91.1	5.45024192164
91.2	5.484599249396666
91.3	5.51520209128
91.4	5.542443122353333
91.5	5.566826733229999
91.6	5.588960222103333
91.7	5.609543794263333
91.8	5.629359474266666
91.9	5.6492590467433335
92.	5.67015115152
92.1	5.692987667503333
92.2	5.71874952764
92.3	5.748432113289999
92.4	5.783030382093333
92.5	5.823523886673333
92.6	5.870861844386667
92.7	5.925948419046667
92.8	5.989628375153334
92.9	6.062673263046666
93.	6.145768289846666
93.1	6.239500026043332
93.2	6.344345090763333
93.3	6.4606599508533336
93.4	6.58867195925
93.5	6.728471747143333
93.6	6.88000707225
93.7	7.043078212066666
93.8	7.21733497626
93.9	7.402275396863333
94.	7.59724613849
94.1	7.801444653583333
94.2	8.01392308993
94.3	8.233593939706665
94.4	8.459237400626666
94.5	8.689510402086665
94.6	8.9229572297
94.7	9.15802166557
94.8	9.393060542153332
94.9	9.626358592873332
95.	9.856144465779998
95.1	10.08060775229
95.2	10.297916869609999
95.3	10.5062376241
95.4	10.703752271803333
95.5	10.888678884283333
95.6	11.059290821306664
95.7	11.213936106839999
95.8	11.351056503019999
95.9	11.469206075143333
96.	11.567069043326665
96.1	11.64347671989
96.2	11.69742333825
96.3	11.728080585983331
96.4	11.734810667003332
96.5	11.717177728213333
96.6	11.674957502103334
96.7	11.608145031466666
96.8	11.51696036145
96.9	11.401852102606664
97.	11.263498789426666
97.1	11.102807981533333
97.2	10.92091307591
97.3	10.71916782287
97.4	10.499138562503333
97.5	10.262594221023333
97.6	10.011494131806666
97.7	9.747973768336665
97.8	9.474328499993334
97.9	9.19299550265
98.	8.906533978943331
98.1	8.617603860086668
98.2	8.32894318156
98.3	8.043344340059999
98.4	7.763629453459999
98.5	7.492625057876666
98.6	7.233136386136666
98.7	6.987921478226667
98.8	6.759665380335666
98.9	6.550954690399999
99.	6.364252708003666
99.1	6.201875442865
99.2	6.065968730792666
99.3	5.958486696325999
99.4	5.881171791375
99.5	5.835536623894332
99.6	5.822847775815665
99.7	5.844111790032667
99.8	5.900063486170667
99.9	5.991156742361999
100.	6.117557856272333
100.1	6.279141572536333
100.2	6.475489838469334
100.3	6.705893320473667
100.4	6.969355687150333
100.5	7.264600635304
100.6	7.590081607696
100.7	7.943994122154334
100.8	8.324290604808667
100.9	8.728697593273331
101.	9.154735149733332
101.1	9.599738300986665
101.2	10.060880298583331
101.3	10.535197473546667
101.4	11.019615441260001
101.5	11.510976396509998
101.6	12.006067226456667
101.7	12.501648158553332
101.8	12.994481653493333
101.9	13.481361249629998
102.	13.959140063526668
102.1	14.424758654369999
102.2	14.875271965016669
102.3	15.30787506077333
102.4	15.719927399073331
102.5	16.10897537771
102.6	16.47277292656
102.7	16.809299928183332
102.8	17.116778274966666
102.9	17.393685396213336
103.	17.638765114229997
103.1	17.851035718423333
103.2	18.02979517579
103.3	18.174623427613334
103.4	18.28538175398333
103.5	18.362209220696666
103.6	18.405516254766667
103.7	18.41597542752
103.8	18.39450955584
103.9	18.342277261889997
104.	18.26065616139333
104.1	18.151223877533333
104.2	18.01573710305
104.3	17.856108955529997
104.4	17.67438489160333
104.5	17.47271746268
104.6	17.253340209233333
104.7	17.01854100123333
104.8	16.770635139476667
104.9	16.51193853679333
105.	16.244741296793332
105.1	15.9712820055
105.2	15.69372304228
105.3	15.414127205586666
105.4	15.13443593470333
105.5	14.856449389383332
105.6	14.58180862779
105.7	14.311980099196663
105.8	14.048242638946668
105.9	13.791677124586665
106.	13.543158918566665
106.1	13.303353190056665
106.2	13.072713171746665
106.3	12.851481372383335
106.4	12.639693727343332
106.5	12.437186634433333
106.6	12.243606782296666
106.7	12.058423646703332
106.8	11.88094449114
106.9	11.710331678836667
107.	11.545622069146667
107.1	11.385748245326667
107.2	11.229561293239998
107.3	11.075854829973332
107.4	10.923389960629999
107.5	10.770920828929999
107.6	10.617220414166667
107.7	10.461106222483332
107.8	10.30146551676
107.9	10.137279732276667
108.	9.967647732696665
108.1	9.791807570773333
108.2	9.609156435196667
108.3	9.419268483909999
108.4	9.221910288459998
108.5	9.01705364217
108.6	8.804885514626665
108.7	8.585814971176665
108.8	8.360476911386666
108.9	8.129732521249998
109.	7.894666374496667
109.1	7.65658016031
109.2	7.4169830597966655
109.3	7.177578835423333
109.4	6.94024974292
109.5	6.7070374160499995
109.6	6.480120917466666
109.7	6.261792187729999
109.8	6.05442916166
109.9	5.860466855616666
110.	5.6823667601266665
110.1	5.522584899566667
110.2	5.383538943370999
110.3	5.2675747720179995
110.4	5.176932914721666
110.5	5.113715284451333
110.6	5.079852639728333
110.7	5.077073200828999
110.8	5.106872841136666
110.9	5.170487262263333
111.	5.268866543973333
111.1	5.402652437643333
111.2	5.572158744646666
111.3	5.777355089206666
111.4	6.017854359399999
111.5	6.292904049880001
111.6	6.601381696996666
111.7	6.941794550636666
111.8	7.312283578773333
111.9	7.710631850469999
112.	8.1342772915
112.1	8.580329754653333
112.2	9.045592294943333
112.3	9.526586488136665
112.4	10.019581580876666
112.5	10.520627212533334
112.6	11.025589402893331
112.7	11.530189456493334
112.8	12.03004539581
112.9	12.520715499686666
113.	12.997743492589999
113.1	13.45670490449333
113.2	13.893254101013333
113.3	14.3031714673
113.4	14.682410220836667
113.5	15.0271423245
113.6	15.333802974073333
113.7	15.599133142583334
113.8	15.82021967943333
113.9	15.994532482173334
114.	16.11995828514
114.1	16.194830641249997
114.2	16.2179557102
114.3	16.188633506979997
114.4	16.106674312086668
114.5	15.972409993659998
114.6	15.786700044409997
114.7	15.550932193913333
114.8	15.267017512576667
114.9	14.937379984433331
115.	14.564940586293334
115.1	14.153095970146666
115.2	13.705691906723333
115.3	13.226991706686668
115.4	12.721639892346667
115.5	12.194621447779998
115.6	11.6512170263
115.7	11.09695454197
115.8	10.53755761485
115.9	9.978891378919998
116.	9.426906194036665
116.1	8.887579831783334
116.2	8.366858726336666
116.3	7.87059889686
116.4	7.404507157206667
116.5	6.9740832305466665
116.6	6.584563382629999
116.7	6.240866175913333
116.8	5.947540929056666
116.9	5.708719442416666
117.	5.528071519216667
117.1	5.40876477594
117.2	5.3534291932833336
117.3	5.3641268117
117.4	5.44232692364
117.5	5.588887058409999
117.6	5.80403999571
117.7	6.08738698134
117.8	6.437897253243333
117.9	6.8539139198333325
118.	7.33316616452
118.1	7.872787682913334
118.2	8.46934119248
118.3	9.118848787336667
118.4	9.816827849149998
118.5	10.558332162046668
118.6	11.337997823399999
118.7	12.150093488536665
118.8	12.98857443846
118.9	13.847139916513331
119.	14.71929314271
119.1	15.59840338265
119.2	16.477769423326663
119.3	17.350683790856664
119.4	18.21049703470333
119.5	19.050681398883334
119.6	19.864893206786665
119.7	20.647033296346667
119.8	21.391304862496668
119.9	22.092268090370002
120.	22.744890995216664
120.1	23.34459592598333
120.2	23.88730123520333
120.3	24.369457670099997
120.4	24.788079096913336
120.5	25.14076723199
120.6	25.425730119789996
120.7	25.64179416530333
120.8	25.788409601589997
120.9	25.86564934428
121.	25.87420126027333
121.1	25.815353950289996
121.2	25.690976219013336
121.3	25.503490476599996
121.4	25.25584038512
121.5	24.95145312771
121.6	24.594196740326666
121.7	24.18833300189
121.8	23.73846642928
121.9	23.249489968653336
122.	22.72652801238333
122.1	22.174877401566665
122.2	21.59994709747
122.3	21.007197220273333
122.4	20.402078160916663
122.5	19.78997047058333
122.6	19.176126223379995
122.7	18.565612529063333
122.8	17.96325784917333
122.9	17.373601733959998
123.	16.800848558966667
123.1	16.248825790556666
123.2	15.72094725697
123.3	15.220181840046667
123.4	14.749027938826666
123.5	14.309493985646668
123.6	13.90308522281
123.7	13.530796872633333
123.8	13.193113754283331
123.9	12.89001632495
124.	12.620993042349998
124.1	12.385058869206667
124.2	12.180779665646668
124.3	12.006302141436667
124.4	11.859388973000001
124.5	11.737458625523333
124.6	11.637629361750001
124.7	11.556766867450001
124.8	11.491534877793331
124.9	11.438448150833333
125.	11.39392710469
125.1	11.354353413476666
125.2	11.31612584337
125.3	11.275715607110001
125.4	11.229720519799999
125.5	11.174917251873334
125.6	11.108310999543335
125.7	11.027181921999999
125.8	10.929127735963334
125.9	10.812101904016666
126.	10.674446908486667
126.1	10.514922162366666
126.2	10.33272617718
126.3	10.127512677679999
126.4	9.899400430586667
126.5	9.648976633393332
126.6	9.377293790253333
126.7	9.08586008563
126.8	8.776623348493333
126.9	8.451948782906666
127.	8.114590720693332
127.1	7.767658729733334
127.2	7.4145784852566665
127.3	7.05904788096
127.4	6.704988919456666
127.5	6.356495979796667
127.6	6.017781108883334
127.7	5.693117026176666
127.8	5.386778564833333
127.9	5.102983297286666
128.	4.845832109173333
128.1	4.619250491726667
128.2	4.426931319663333
128.3	4.272279868706667
128.4	4.1583618047516655
128.5	4.087854845009333
128.6	4.063004751286632
128.7	4.085586266498233
128.8	4.156869548747867
128.9	4.277592593422334
129.	4.447940062881999
129.1	4.667528867313333
129.2	4.9354007590133335
129.3	5.250022117566667
129.4	5.6092910154933335
129.5	6.010551564413333
129.6	6.450615451506666
129.7	6.925790486090001
129.8	7.431915887626666
129.9	7.964403960763335
130.	8.518287720486665
130.1	9.088273952863332
130.2	9.668801124843334
130.3	10.254101490866667
130.4	10.838266685536667
130.5	11.415316042206666
130.6	11.979266834679999
130.7	12.524205608079999
130.8	13.044359742166666
130.9	13.534168377646667
131.	13.988351835373333
131.1	14.40197866479
131.2	14.770529478906667
131.3	15.089956760729999
131.4	15.356739866143332
131.5	15.567934496576665
131.6	15.721215972946666
131.7	15.814915709126666
131.8	15.848050356536664
131.9	15.820343174706666
132.	15.732237267463333
132.1	15.584900420303335
132.2	15.380221368133334
132.3	15.120797424700001
132.4	14.809913505833332
132.5	14.451512680990001
132.6	14.050158489646666
132.7	13.610989359956665
132.8	13.139665563676667
132.9	12.642309235433332
133.	12.125438072963334
133.1	11.59589341599
133.2	11.060763477829997
133.3	10.527302569153331
133.4	10.0028472123
133.5	9.49473009061
133.6	9.010192817526667
133.7	8.556298533116667
133.8	8.139845353866665
133.9	7.767281702846667
134.	7.444624539323334
134.1	7.177381486709999
134.2	6.970477824350334
134.3	6.828189265842333
134.4	6.7540813900993335
134.5	6.750956526576999
134.6	6.820808818741999
134.7	6.964788106056666
134.8	7.183173168833332
134.9	7.475354781509999
135.	7.839828909163334
135.1	8.274200272229999
135.2	8.775196384466666
135.3	9.338692051596666
135.4	9.959744195666666
135.5	10.63263674974
135.6	11.350935247143333
135.7	12.107550613406666
135.8	12.894811555099999
135.9	13.704544833349999
136.	14.528162609286667
136.1	15.356755955223335
136.2	16.181193543676667
136.3	16.992224451509998
136.4	17.780583957146664
136.5	18.537101155963335
136.6	19.252807186063333
136.7	19.91904282924
136.8	20.527564245606662
136.9	21.07064560324
137.	21.54117738325333
137.1	21.93275917419
137.2	22.239785816613335
137.3	22.457525819083333
137.4	22.582191040919998
137.5	22.61099672374
137.6	22.542211050966664
137.7	22.375193523836664
137.8	22.110421559903333
137.9	21.749504846876665
138.	21.29518711742
138.1	20.75133514983
138.2	20.12291494207
138.3	19.415955151266665
138.4	18.637498037433332
138.5	17.795538294356664
138.6	16.898950293536664
138.7	15.957404404099998
138.8	14.981273184926668
138.9	13.981528368806666
139.	12.969629674736666
139.1	11.957406589233333
139.2	10.956934351116667
139.3	9.980405454783332
139.4	9.039998053016667
139.5	8.14774269258
139.6	7.31538885073
139.7	6.554272761169999
139.8	5.875188020233333
139.9	5.2882604502433335
140.	4.80282866646
140.1	4.427331745553333
140.2	4.169205330576666
140.3	4.0347874270299995
140.4	4.029235050056666
140.5	4.156452774189333
140.6	4.419034114999333
140.7	4.818216538737666
140.8	5.3538507522
140.9	6.024384772581
141.	6.8268631172403325
141.1	7.756941289000332
141.2	8.808915562890666
141.3	9.975767911816
141.4	11.249225737119332
141.5	12.619835903937666
141.6	14.077052416326666
141.7	15.609336911056
141.8	17.204270998344334
141.9	18.848679338288665
142.	20.52876221277233
142.1	22.230236237133997
142.2	23.93848175302833
142.3	25.638695358746666
142.4	27.316045963016666
142.5	28.955832695023332
142.6	30.54364297072
142.7	32.065508998073334
142.8	33.50806100853
142.9	34.85867552299666
143.	36.10561700244
143.1	37.23817129359
143.2	38.246769353199994
143.3	39.12309983905
143.4	39.86020925176334
143.5	40.45258845548
143.6	40.89624452645333
143.7	41.18875704900666
143.8	41.329318122939995
143.9	41.31875553584666
144.	41.15953871731
144.1	40.85576728599333
144.2	40.41314217954999
144.3	39.838919553926665
144.4	39.14184781591332
144.5	38.33208834575666
144.6	37.42112063679
144.7	36.42163275474667
144.8	35.347398185909995
144.9	34.21314028496333
145.	33.03438568153
145.1	31.82730812508
145.2	30.60856435869666
145.3	29.395123704463334
145.4	28.204093118433335
145.5	27.052539529986664
145.6	25.95731131644
145.7	24.934860781576667
145.8	24.001069503876664
145.9	23.171078397326667
146.	22.459124284343336
146.1	21.878384719689997
146.2	21.44083272118
146.3	21.157102966136666
146.4	21.036370895106664
146.5	21.08624603372333
146.6	21.312680697423332
146.7	21.71989508435
146.8	22.31031959399333
146.9	23.084555027416663
147.	24.041351140666666
147.1	25.177603830466666
147.2	26.4883710361
147.3	27.966907245243334
147.4	29.604716296793335
147.5	31.39162198003334
147.6	33.315855743983334
147.7	35.36416064908333
147.8	37.52191052322333
147.9	39.773243123533334
148.	42.10120595769
148.1	44.48791328529333
148.2	46.914712703426666
148.3	49.362359614416654
148.4	51.811197801489996
148.5	54.241344262309994
148.6	56.63287641470333
148.7	58.96601976075
148.8	61.22133409547334
148.9	63.379896355313335
149.	65.42347825338332
149.1	67.33471688531665
149.2	69.09727658515666
149.3	70.69600039251667
149.4	72.11704961013
149.5	73.34803005754
149.6	74.37810376884667
149.7	75.19808504123999
149.8	75.80051990453333
149.9	76.17974826754333
150.	76.33194817081666
150.1	76.25516177614999
150.2	75.94930291474999
150.3	75.41614621165665
150.4	74.65929799692333
150.5	73.68414941396667
150.6	72.49781231846666
150.7	71.10903873976
150.8	69.52812485550666
150.9	67.76680058564
151.	65.83810606579333
151.1	63.75625638271333
151.2	61.53649609330999
151.3	59.194945126769994
151.4	56.748437770053336
151.5	54.21435649325333
151.6	51.61046241672
151.7	48.954724246376664
151.8	46.265147510873334
151.9	43.55960590620333
152.	40.85567653432333
152.1	38.17048074583666
152.2	35.52053223607666
152.3	32.92159394099
152.4	30.38854517159333
152.5	27.935260296926664
152.6	25.574500145730003
152.7	23.317817141206664
152.8	21.17547501990333
152.9	19.15638381182
153.	17.26805057753333
153.1	15.516546214476666
153.2	13.906488455246667
153.3	12.441040995356666
153.4	11.121928498843333
153.5	9.949467051193333
153.6	8.922609452089999
153.7	8.039004573869999
153.8	7.2950698547799995
153.9	6.6860758514033325
154.	6.206241644856666
154.1	5.848839778563333
154.2	5.606309309176667
154.3	5.470375469333334
154.4	5.432174381663334
154.5	5.48238121962
154.6	5.611340189673332
154.7	5.80919470706
154.8	6.0660161559666665
154.9	6.3719296628999995
155.	6.717235369769999
155.1	7.092523769209999
155.2	7.488783758206666
155.3	7.897502176456666
155.4	8.310753720003333
155.5	8.72128025929
155.6	9.12255874046
155.7	9.508857006763332
155.8	9.875277044859999
155.9	10.217785330913333
156.	10.533230127886666
156.1	10.819345759463332
156.2	11.074744061479999
156.3	11.298893381099997
156.4	11.492085659196668
156.5	11.655392287029999
156.6	11.790609575176667
156.7	11.900194806076664
156.8	11.987193962491
156.9	12.055162328803998
157.	12.108079250296
157.1	12.150258405882001
157.2	12.186255001341333
157.3	12.220771321093332
157.4	12.258562090218
157.5	12.304341088133999
157.6	12.362690428574668
157.7	12.437973872049998
157.8	12.534255470033331
157.9	12.655224754577667
158.	12.804129586275332
158.1	12.983717653273331
158.2	13.196187484874333
158.3	13.443149696116667
158.4	13.725599027513335
158.5	14.043897579076667
158.6	14.397769469393333
158.7	14.78630697791333
158.8	15.207988052726666
158.9	15.660704894199998
159.	16.141803153016667
159.1	16.64813111772
159.2	17.176098110063332
159.3	17.721741159586664
159.4	18.280798896009998
159.5	18.84879147718
159.6	19.42110526783333
159.7	19.993080898056668
159.8	20.560103263036666
159.9	21.117691980346663
160.	21.661590793656664
160.1	22.187854409313335
160.2	22.69293126885667
160.3	23.173740801209995
160.4	23.627743759766666
160.5	24.053004331636664
160.6	24.448242810369994
160.7	24.812877744926666
160.8	25.14705661808333
160.9	25.451674263763337
161.	25.728378403016666
161.1	25.979561861596668
161.2	26.208341224733335
161.3	26.41852188477333
161.4	26.61454964309333
161.5	26.801449234939998
161.6	26.98475035321333
161.7	27.17040195047
161.8	27.364675797873335
161.9	27.57406046640333
162.	27.805147075586667
162.1	28.06450831718333
162.2	28.358572408196665
162.3	28.69349375614
162.4	29.075022226019996
162.5	29.508372982753333
162.6	29.998098942813332
162.7	30.547967901623338
162.8	31.16084641121333
162.9	31.838592460543328
163.	32.581958962823336
163.1	33.39050997577333
163.2	34.26255147648
163.3	35.19507837864667
163.4	36.183739321729995
163.5	37.22282057645333
163.6	38.30525020397667
163.7	39.422623375196665
163.8	40.56524950962333
163.9	41.72222162575667
164.	42.881508018906665
164.1	44.03006608392667
164.2	45.153977813703335
164.3	46.238606192316674
164.4	47.268771401769996
164.5	48.22894546217666
164.6	49.10346363115333
164.7	49.87675060195
164.8	50.533559276830005
164.9	51.05921963538333
165.	51.43989498947667
165.1	51.66284271240667
165.2	51.716676347733326
165.3	51.59162586569
165.4	51.27979270784334
165.5	50.77539619887334
165.6	50.07500784995
165.7	49.17777009026
165.8	48.08559599427667
165.9	46.80334666179999
166.	45.33898302512333
166.1	43.703689030936665
166.2	41.91196334391999
166.3	39.98167697074666
166.4	37.93409449260333
166.5	35.79385690431333
166.6	33.588924434489996
166.7	31.35047808897
166.8	29.112779092063334
166.9	26.912985831413337
167.	24.790928377066667
167.1	22.78884112016
167.2	20.951054564303334
167.3	19.323647796103334
167.4	17.954063654753334
167.5	16.89068911053333
167.6	16.182403840136665
167.7	15.878100451043334
167.8	16.026180249289997
167.9	16.674028859929997
168.	17.86747639444
168.1	19.650247204886664
168.2	22.063404570339998
168.3	25.14479591976
168.4	28.928504402483668
168.5	33.44431277248567
168.6	38.71718564799333
168.7	44.76677624348433
168.8	51.60696364667033
168.9	59.245426618018
169.	67.68325974078266
169.1	76.9146375210748
169.2	86.92653176179557
169.3	97.69848716992999
169.4	109.20245976269467
169.5	121.40272215166966
169.6	134.25583926404664
169.7	147.71071748005
169.8	161.70872953333298
169.9	176.18391685365202
170.	191.06327032092
170.1	206.26708966289334
170.2	221.70942095749334
170.3	237.29857092930663
170.4	252.93769593022665
170.5	268.52546270832
170.6	283.95677726814336
170.7	299.12357737185
170.8	313.9156834565533
170.9	328.22170203753666
171.	341.92997497526335
171.1	354.92956733377997
171.2	367.11128602259333
171.3	378.3687207895066
171.4	388.59929878410003
171.5	397.70534346309
171.6	405.59512829626993
171.7	412.1839155365767
171.8	417.394970165
171.9	421.1605390704833
172.	423.42278557833004
172.1	424.13466958087326
172.2	423.2607637435766
172.3	420.77799662661005
172.4	416.67631393863996
172.5	410.9592496790633
172.6	403.64439956883336
172.7	394.7637897523
172.8	384.3641346504433
172.9	372.50697858735
173.	359.2687167936133
173.1	344.74049226876
173.2	329.0279661439466
173.3	312.2509601045633
173.4	294.5429706340267
173.5	276.05055591622664
173.6	256.9325973891033
173.7	237.35943907381332
173.8	217.5119089471167
173.9	197.58022773778333
174.	177.76281161782663
174.1	158.26497631531
174.2	139.29755117073998
174.3	121.07541261265334
174.4	103.81594739795668
174.5	87.73745676316
174.6	73.05751334824667
174.7	59.991283372923334
174.8	48.74982707111667
174.9	39.53839079607
175.	32.55470451924667
175.1	27.987298631173335
175.2	26.013854022723336
175.3	26.799599375023327
175.4	30.49576941405333
175.5	37.238137593333335
175.6	47.14563625364333
175.7	60.31907678010666
175.8	76.83998162918667
175.9	96.76953934677665
176.	120.14769283602334
176.1	146.99237018289332
176.2	177.2988662953133
176.3	211.03938248740667
176.4	248.16272994020997
176.5	288.5942017056733
176.6	332.2356166065333
176.7	378.96553702705
176.8	428.63966120482996
176.9	481.09138923608
177.	536.1325605678167
177.1	593.5543594059133
177.2	653.1283830066
177.3	714.6078665258167
177.4	777.7290567787464
177.5	842.21272593105
177.6	907.7658150803333
177.7	974.08319643712
177.8	1040.8495418780567
177.9	1107.7412846299267
178.	1174.4286600415332
178.1	1240.5778107382466
178.2	1305.852940661633
178.3	1369.9185022615131
178.4	1432.44140051553
178.5	1493.0931973842066
178.6	1551.5523001541535
178.7	1607.5061171271132
178.8	1660.6531643887065
178.9	1710.7051075832933
179.	1757.3887231674266
179.1	1800.44776410257
179.2	1839.6447156706631
179.3	1874.7624279450868
179.4	1905.605612289643
179.5	1932.0021903621432
179.6	1953.8044851808236
179.7	1970.8902450328899
179.8	1983.1634922674666
179.9	1990.555190415163
180.	1993.0237244453267