# O+CO(0,0) elastic diff. cross section
# E = 0.002 eV
# angle, CS (1e-16 cm^2)
0.1	76298.98503429999
0.2	75850.72480027334
0.3	75109.03826988333
0.4	74081.95447818667
0.5	72780.53248151332
0.6	71218.68419471334
0.7	69412.95281715332
0.8	67382.25130326
0.9	65147.56609678001
1.	62731.63199817666
1.1	60158.584545206664
1.2	57453.5966488
1.3	54642.50643346666
1.4	51751.44328437667
1.5	48806.459002079995
1.6	45833.17070627333
1.7	42856.42173777
1.8	39899.96628456333
1.9	36986.18281196333
2.	34135.82065368333
2.1	31367.78329806
2.2	28698.951048616662
2.3	26144.04483491333
2.4	23715.53204478333
2.5	21423.574352783333
2.6	19276.0166583
2.7	17278.41543539
2.8	15434.104057753331
2.9	13744.292006306665
3.	12208.194309766666
3.1	10823.187117086665
3.2	9584.984962929999
3.3	8487.83506546
3.4	7524.723890366667
3.5	6687.59122164
3.6	5967.547096123333
3.7	5355.08717152
3.8	4840.302402179999
3.9	4413.079276109999
4.	4063.2873101866667
4.1	3780.9509928199996
4.2	3556.403889293333
4.3	3380.4231704333333
4.4	3244.3433749766664
4.5	3140.14875655
4.6	3060.5440848299995
4.7	2999.0042555
4.8	2949.803505953333
4.9	2908.025424446667
5.	2869.555274393333
5.1	2831.056427786666
5.2	2789.9329103
5.3	2744.2802052000006
5.4	2692.8265446666665
5.5	2634.866938673333
5.6	2570.1921571099997
5.7	2499.01479626
5.8	2421.89443127
5.9	2339.6636904566662
6.	2253.356890687333
6.1	2164.1426549596667
6.2	2073.261699799333
6.3	1981.9707393486665
6.4	1891.493211554
6.5	1802.9772957003333
6.6	1717.4614656556664
6.7	1635.847613821
6.8	1558.8815912139999
6.9	1487.1408418836666
7.	1421.0286673796666
7.1	1360.7745402653331
7.2	1306.439795131
7.3	1257.9279609280002
7.4	1214.998958515333
7.5	1177.2863709363332
7.6	1144.3169984396666
7.7	1115.5319340996666
7.8	1090.3084356423333
7.9	1067.9819226979998
8.	1047.8674928659998
8.1	1029.280422259
8.2	1011.5551939046666
8.3	994.0626777559999
8.4	976.2251674523332
8.5	957.5290585733334
8.6	937.5350301043333
8.7	915.8856628673334
8.8	892.3104954146667
8.9	866.6285778309999
9.	838.7486368883334
9.1	808.6670113506667
9.2	776.4635540643333
9.3	742.295727613
9.4	706.391143023
9.5	669.0388067523332
9.6	630.5793500763333
9.7	591.3945178216667
9.8	551.8961905643333
9.9	512.515206478
10.	473.6902366696666
10.1	435.8569515013333
10.2	399.43769596466666
10.3	364.8318696993333
10.4	332.40718292099996
10.5	302.4919332553333
10.6	275.3684212146666
10.7	251.26759403999998
10.8	230.36497942866666
10.9	212.77794264833335
11.	198.564273192
11.1	187.72208077366668
11.2	180.1909555493333
11.3	175.85432424066667
11.4	174.54291277066665
11.5	176.039207246
11.6	180.08278904033332
11.7	186.3764064543333
11.8	194.592635172
11.9	204.380972631
12.	215.37520752133332
12.1	227.20090494366664
12.2	239.48285026233333
12.3	251.85230025666664
12.4	263.9538986603333
12.5	275.4521243218
12.6	286.0371538132333
12.7	295.4300359371
12.8	303.3870929606667
12.9	309.70348207049994
13.	314.21587010039997
13.1	316.8041945890333
13.2	317.39250421406666
13.3	315.9488912223
13.4	312.48454715749995
13.5	307.05199064806664
13.6	299.74253184126667
13.7	290.6830519915333
13.8	280.0321884489333
13.9	267.97602466343335
14.	254.72339167183333
14.1	240.5008918043333
14.2	225.54775704396667
14.3	210.1106535982
14.4	194.4385409962
14.5	178.77768848153335
14.6	163.36694394363332
14.7	148.43334128330002
14.8	134.18812132966664
14.9	120.82322943763333
15.	108.50834011343332
15.1	97.38844568776665
15.2	87.58203261396666
15.3	79.17985560326666
15.4	72.24430696596666
15.5	66.80936633053332
15.6	62.88110470466667
15.7	60.43870678539999
15.8	59.435966657866665
15.9	59.80320471406666
16.	61.44954779576666
16.1	64.2655103059
16.2	68.12581128016666
16.3	72.89236119776666
16.4	78.4173524717
16.5	84.5463891045
16.6	91.12159368613334
16.7	97.98463371353333
16.8	104.97961388856666
16.9	111.95578650089999
17.	118.7700380204
17.1	125.28911648243333
17.2	131.39157096973332
17.3	136.96938133663332
17.4	141.92926315003334
17.5	146.1936395283
17.6	149.70127799656666
17.7	152.4075965989
17.8	154.28464920696666
17.9	155.32080517783334
18.	155.52014320126665
18.1	154.90158329956665
18.2	153.4977844549333
18.3	151.35383826146668
18.4	148.52579126983332
18.5	145.07903037293332
18.6	141.08656661966666
18.7	136.62725328636665
18.8	131.78397389223335
18.9	126.64183511936665
19.	121.2863983421
19.1	115.80198168663334
19.2	110.27006228166665
19.3	104.7678056574
19.4	99.3667461512
19.5	94.13163871233333
19.6	89.1194987659
19.7	84.3788427973
19.8	79.94913817643334
19.9	75.86046647166665
20.	72.1334002416
20.1	68.779089047
20.2	65.79954633279999
20.3	63.1881249334
20.4	60.93016534736667
20.5	59.00379767226667
20.6	57.38087526533333
20.7	56.028015850833334
20.8	54.90772398920001
20.9	53.97956759146666
21.	53.20138053309999
21.1	52.530463412766665
21.2	51.92475510406666
21.3	51.343948959366664
21.4	50.75052930093333
21.5	50.11070614469999
21.6	49.395228879
21.7	48.58006280186667
21.8	47.64691592423333
21.9	46.583607185999995
22.	45.384271116066664
22.1	44.04939789786667
22.2	42.58571168643333
22.3	41.005893762599996
22.4	39.32816062046666
22.5	37.575710279
22.6	35.7760529201
22.7	33.96024431683333
22.8	32.16204238146666
22.9	30.417008500066665
23.	28.76157610396
23.1	27.232109157706663
23.2	25.863972925269998
23.3	24.690638534166666
23.4	23.742841529122664
23.5	23.047812838528333
23.6	22.62859842576666
23.7	22.50348143134
23.8	22.68551789900667
23.9	23.182194294866665
24.	23.995212052636667
24.1	25.12040137938
24.2	26.547763614209998
24.3	28.261638610293332
24.4	30.240990972893332
24.5	32.45980658332667
24.6	34.887588723596664
24.7	37.489941314056665
24.8	40.22922532318666
24.9	43.06527331472
25.	45.95614636940667
25.1	48.85891725775
25.2	51.730463727763336
25.3	54.528256096789995
25.4	57.211123967056665
25.5	59.73998779062333
25.6	62.078542159470004
25.7	64.19387904439665
25.8	66.05704072696
25.9	67.64349380133334
26.	68.93351734570332
26.1	69.91250012950667
26.2	70.57114350627667
26.3	70.90556838736666
26.4	70.917326407
26.5	70.6133170103
26.6	70.00561372893333
26.7	69.11120432636666
26.8	67.95165077876666
26.9	66.55267620053334
27.	64.94368683183333
27.1	63.157238038799996
27.2	61.228453977899996
27.3	59.19441110206667
27.4	57.0934960747
27.5	54.96474886589999
27.6	52.847201890899996
27.7	50.7792259597
27.8	48.7978935907
27.9	46.9383698634
28.	45.2333404849
28.1	43.71248610139999
28.2	42.40201111723333
28.3	41.324234398166666
28.4	40.497248231566665
28.5	39.934650816499996
28.6	39.645356364033326
28.7	39.633485619266665
28.8	39.898338290699996
28.9	40.43444750313333
29.	41.23171500263334
29.1	42.27562445226667
29.2	43.54752879859999
29.3	45.02500637543333
29.4	46.68227917716666
29.5	48.49068560113333
29.6	50.419198952066665
29.7	52.43498214593334
29.8	54.50396836736667
29.9	56.59145693976667
30.	58.662713385066674
30.1	60.6835625687
30.2	62.620963991566654
30.3	64.44355864933334
30.4	66.12217749026667
30.5	67.63030229556666
30.6	68.94447080553334
30.7	70.04461909976666
30.8	70.9143555404
30.9	71.5411620485
31.	71.9165200042
31.1	72.03595963236667
31.2	71.89903335293333
31.3	71.50921512206665
31.4	70.8737293232
31.5	70.0033141751
31.6	68.91192591216667
31.7	67.61639112649999
31.8	66.13601560961334
31.9	64.49215876244666
32.	62.70778318170333
32.1	60.80698930809667
32.2	58.81454509306
32.3	56.75542046951999
32.4	54.65433602663333
32.5	52.53533468927333
32.6	50.42138443199667
32.7	48.33401910895667
32.8	46.29302340086333
32.9	44.31616671333333
33.	42.41898958576667
33.1	40.614644896790665
33.2	38.91379483779866
33.3	37.324563360293
33.4	35.852542580508
33.5	34.50085048976267
33.6	33.270236292171404
33.7	32.15922879060469
33.8	31.164322486251336
33.9	30.280195459536998
34.	29.499952662966997
34.1	28.815387989075333
34.2	28.217258373382336
34.3	27.695563247593334
34.4	27.2398228659
34.5	26.839349371780003
34.6	26.48350494037333
34.7	26.16194190524
34.8	25.864820438286664
34.9	25.583000079516665
35.	25.30820218801
35.1	25.033141186223332
35.2	24.75162328024
35.3	24.458612136659998
35.4	24.150261768046665
35.5	23.823917608803335
35.6	23.47808743457
35.7	23.112384386186665
35.8	22.727444887916665
35.9	22.32482469771
36.	21.906876685993332
36.1	21.476614208706668
36.2	21.0375641168
36.3	20.593613531666666
36.4	20.148854512099998
36.5	19.707430652666666
36.6	19.2733894846
36.7	18.850544308466667
36.8	18.442348778766664
36.9	18.0517871901
37.	17.681282992533333
37.1	17.332627596866665
37.2	17.006931030266664
37.3	16.70459547533333
37.4	16.425312181133332
37.5	16.1680816857
37.6	15.931256741299999
37.7	15.712606797800001
37.8	15.509402388266667
37.9	15.318517277106665
38.	15.136545792866665
38.1	14.959932375416665
38.2	14.78511003571
38.3	14.608644158886666
38.4	14.427377886656666
38.5	14.23857520108
38.6	14.040057795856665
38.7	13.830331877136667
38.8	13.608701174779998
38.9	13.375362673973331
39.	13.13148189211
39.1	12.879244919689999
39.2	12.621884917779997
39.3	12.363681303616668
39.4	12.109930455619997
39.5	11.86688741277
39.6	11.6416787263
39.7	11.442187317766667
39.8	11.276910902976667
39.9	11.154796231196666
40.	11.085052051046667
40.1	11.076944329883332
40.2	11.139577807613332
40.3	11.281668441446666
40.4	11.511311681819999
40.5	11.835751800923333
40.6	12.261157660083331
40.7	12.792410347176666
40.8	13.432908031546667
40.9	14.18439317378333
41.	15.046806887939997
41.1	16.018174793683333
41.2	17.09452811935
41.3	18.269863136756662
41.4	19.536141239296665
41.5	20.883331130383333
41.6	22.299493691303333
41.7	23.770909163296665
41.8	25.28224533247
41.9	26.81676446911333
42.	28.35656586651333
42.1	29.882859974513337
42.2	31.37626934376
42.3	32.81715091580333
42.4	34.18593362233333
42.5	35.46346481053333
42.6	36.63135870529333
42.7	37.67233995688666
42.8	38.57057531197666
42.9	39.31198658788333
43.	39.88453842043333
43.1	40.27849469243
43.2	40.48663811658667
43.3	40.50444813993333
43.4	40.330233132459995
43.5	39.96521370913666
43.6	39.41355498855666
43.7	38.68234659422667
43.8	37.78153023213666
43.9	36.72377571003333
44.	35.52430727712333
44.1	34.2006831354
44.2	32.77253188753333
44.3	31.261250520833332
44.4	29.689669266400003
44.5	28.081689303666668
44.6	26.46189979073333
44.7	24.855181082966666
44.8	23.286301247266668
44.9	21.779513089599995
45.	20.3581588817
45.1	19.044289809933332
45.2	17.858306872533333
45.3	16.81862953413333
45.4	15.941397916266666
45.5	15.2402136702
45.6	14.725923959333333
45.7	14.406452184933332
45.8	14.286678237033332
45.9	14.368370160466668
46.	14.650168205066665
46.1	15.127621303266666
46.2	15.793275094333334
46.3	16.636809720333332
46.4	17.645224755433333
46.5	18.803067824866666
46.6	20.092702727699997
46.7	21.494612212499995
46.8	22.98772998033333
46.9	24.549796009199998
47.	26.1577289218
47.1	27.788008854033336
47.2	29.4170641346
47.3	31.02165505316667
47.4	32.57924808233333
47.5	34.06837411949999
47.6	35.46896463109999
47.7	36.76266000163333
47.8	37.93308491613333
47.9	38.966086215766666
48.	39.84992936463333
48.1	40.575450431099995
48.2	41.13616130693333
48.3	41.52830675250333
48.4	41.75087274475333
48.5	41.80554650372666
48.6	41.696629468716665
48.7	41.43090535992333
48.8	41.017466291919995
48.9	40.46750068655666
49.	39.79404741508999
49.1	39.01172123412
49.2	38.13641508495667
49.3	37.18498523272666
49.4	36.17492551315
49.5	35.124037113170004
49.6	34.05010034572333
49.7	32.97055477814
49.8	31.90219384699333
49.9	30.860879734759994
50.	29.861283812533333
50.1	28.916657366909664
50.2	28.038636651669666
50.3	27.237085537918
50.4	26.519978209046002
50.5	25.893323466191
50.6	25.361131302862333
50.7	24.925421489854003
50.8	24.586273007371666
50.9	24.341912286397665
51.	24.188837401187335
51.1	24.121974603955998
51.2	24.134862928717997
51.3	24.219862032371665
51.4	24.368377996453333
51.5	24.571101494963333
51.6	24.81825254652
51.7	25.09982602327333
51.8	25.405832173826667
51.9	25.726526643496662
52.	26.052624823859993
52.1	26.375495835936665
52.2	26.68733202715333
52.3	26.981290532186666
52.4	27.25160419248333
52.5	27.49365993052667
52.6	27.704043510929996
52.7	27.880550473956664
52.8	28.02216387374333
52.9	28.129000272349998
53.	28.202226213993335
53.1	28.24394811171
53.2	28.25707910253
53.3	28.24518695533333
53.4	28.21232753356667
53.5	28.1628686143
53.6	28.101309041666667
53.7	28.032098238466666
53.8	27.95946102236666
53.9	27.887232468766662
54.	27.818707244133336
54.1	27.75650740613333
54.2	27.702472144566663
54.3	27.657572336199998
54.4	27.621852115433335
54.5	27.594398952400002
54.6	27.573342981466666
54.7	27.5558855722
54.8	27.538356388066667
54.9	27.516297457866663
55.	27.484572111133332
55.1	27.437496010800004
55.2	27.368986975199995
55.3	27.27272982193333
55.4	27.142352105566665
55.5	26.971606358799995
55.6	26.75455429426666
55.7	26.48574837716666
55.8	26.160406243366666
55.9	25.77457360376666
56.	25.325271544800003
56.1	24.810624490733336
56.2	24.229965539600002
56.3	23.583916393466666
56.4	22.87443967726667
56.5	22.104862058866665
56.6	21.279867229766666
56.7	20.405458473266663
56.8	19.488891214066665
56.9	18.538576601333332
57.	17.563957806833333
57.1	16.575361313166667
57.2	15.583826011899998
57.3	14.600913409966665
57.4	13.638502660233332
57.5	12.708574463433333
57.6	11.8229881435
57.7	10.993256361599999
57.8	10.230322009783333
57.9	9.544341807906665
58.	8.944481021996667
58.1	8.43872352801
58.2	8.033701168253334
58.3	7.73454599211
58.4	7.544768548176667
58.5	7.466164905233333
58.6	7.4987545388633325
58.7	7.640750634236667
58.8	7.888563739483333
58.9	8.23683906414
59.	8.67852707162
59.1	9.20498636835
59.2	9.806117264876665
59.3	10.47052377987
59.4	11.185701296246666
59.5	11.938246561206668
59.6	12.714086268393332
59.7	13.498720072333331
59.8	14.27747357355
59.9	15.035756585406666
60.	15.759321853056665
60.1	16.43451934581
60.2	17.04854128992333
60.3	17.589653246496667
60.4	18.04740677017
60.5	18.41282950435
60.6	18.678588970806334
60.7	18.839126791713664
60.8	18.890760630408
60.9	18.83175174300733
61.	18.662336686340666
61.1	18.38472241545833
61.2	18.003044712727
61.3	17.52329060668233
61.4	16.953186147023665
61.5	16.302051590413335
61.6	15.580626701716668
61.7	14.800869478033334
61.8	13.975732141043332
61.9	13.11891870891333
62.	12.244628838379999
62.1	11.367292915823331
62.2	10.501303561103335
62.3	9.660748791669999
62.4	8.859152067316666
62.5	8.109224303449999
62.6	7.422632701136665
62.7	6.809790902016666
62.8	6.279674540896666
62.9	5.839665748303333
63.	5.495429559023333
63.1	5.25082452433
63.2	5.107849118723333
63.3	5.066624791541333
63.4	5.125415756339334
63.5	5.280684852383333
63.6	5.527184069933334
63.7	5.858077620156665
63.8	6.265094767556666
63.9	6.738709041669999
64.	7.268339919056666
64.1	7.8425726277333325
64.2	8.44939138318
64.3	9.076421125749999
64.4	9.711172697896666
64.5	10.341286379163332
64.6	10.954768786653332
64.7	11.540218345686668
64.8	12.08703483582
64.9	12.585608911319998
65.	13.027487976073333
65.1	13.405515345166666
65.2	13.71394024086
65.3	13.948496829346666
65.4	14.106451196393332
65.5	14.18661586498
65.6	14.189332161753331
65.7	14.116421427223333
65.8	13.971106718256666
65.9	13.757907259746666
66.	13.48250845136
66.1	13.151610711903334
66.2	12.772760842093334
66.3	12.354169894063332
66.4	11.904521752813332
66.5	11.4327767531
66.6	10.947974676883334
66.7	10.459041401733332
66.8	9.974603304043333
66.9	9.502813266326665
67.	9.05119180466
67.1	8.626486427913331
67.2	8.234551877793333
67.3	7.8802533845
67.4	7.567394526643334
67.5	7.298670711373333
67.6	7.075648710303334
67.7	6.898772108466666
67.8	6.767391961236666
67.9	6.679821419563332
68.	6.63341258779
68.1	6.6246534310100005
68.2	6.6492821587033335
68.3	6.702416185356666
68.4	6.77869251276
68.5	6.872416195833333
68.6	6.977713447186666
68.7	7.088685904926665
68.8	7.199562632506667
68.9	7.3048465362399995
69.	7.399452070443333
69.1	7.478831347699999
69.2	7.539086074106667
69.3	7.577063080593334
69.4	7.59043161156
69.5	7.577740952810001
69.6	7.538457422413332
69.7	7.47298020078
69.8	7.382635930573334
69.9	7.269652463413333
70.	7.137112559746666
70.1	6.988888752193333
70.2	6.829560953783333
70.3	6.664318723196667
70.4	6.498850384673332
70.5	6.339221434653333
70.6	6.191744847993334
70.7	6.062846020203333
70.8	5.958925148636666
70.9	5.886219863326666
71.	5.850670869943333
71.1	5.857793264046666
71.2	5.912556021446666
71.3	6.019271968133333
71.4	6.18150028977
71.5	6.401963361193333
71.6	6.682479366739999
71.7	7.0239118501233335
71.8	7.426136983766666
71.9	7.888028991156666
72.	8.40746379711
72.1	8.981340628989999
72.2	9.605620952253332
72.3	10.275383803503333
72.4	10.984896290116668
72.5	11.727697760399998
72.6	12.496695920076668
72.7	13.28427298183
72.8	14.082399785583334
72.9	14.882755725796667
73.	15.676852262393334
73.1	16.45615778085333
73.2	17.212221597736665
73.3	17.93679498420333
73.4	18.621947195159997
73.5	19.26017464449
73.6	19.844501551893334
73.7	20.36857060238667
73.8	20.82672239421
73.9	21.214062707646665
74.	21.52651689112
74.1	21.76087093299333
74.2	21.914799058156664
74.3	21.986877950863335
74.4	21.976587957600003
74.5	21.884301855809998
74.6	21.711261985876664
74.7	21.459546725813333
74.8	21.13202744186333
74.9	20.73231716779333
75.	20.264712349336666
75.1	19.734129039880667
75.2	19.146034944151666
75.3	18.506378684755
75.4	17.821517609722996
75.5	17.09814537099633
75.6	16.343220390688
75.7	15.563896191901335
75.8	14.767454416818234
75.9	13.961241183215598
76.	13.152607253977866
76.1	12.3488523147706
76.2	11.557173479155267
76.3	10.784617973191667
76.4	10.038039801299332
76.5	9.324060060640665
76.6	8.649030463479667
76.7	8.018999544949667
76.8	7.439680980803667
76.9	6.916423419701666
77.	6.4541812461333326
77.1	6.057485732963333
77.2	5.73041611742
77.3	5.4765702363166655
77.4	5.299034484176667
77.5	5.20035300614
77.6	5.182496201846666
77.7	5.24682879133
77.8	5.3940778729200005
77.9	5.6243015799833325
78.	5.936859111646666
78.1	6.3303830657099995
78.2	6.802755133573333
78.3	7.351086321546667
78.4	7.971702934763333
78.5	8.660139595053334
78.6	9.411140558753333
78.7	10.218670552329998
78.8	11.07593625125
78.9	11.975419391156667
79.	12.908922320903333
79.1	13.86762658729
79.2	14.842164885033334
79.3	15.822706417293332
79.4	16.799055398413334
79.5	17.76076209946
79.6	18.697245493123333
79.7	19.597926211693334
79.8	20.45236819286
79.9	21.250427067346664
80.	21.982403046243334
80.1	22.639195802609997
80.2	23.21245862460666
80.3	23.694748945449994
80.4	24.07967224478
80.5	24.362016265266664
80.6	24.537872504963335
80.7	24.604742032216667
80.8	24.561622825496663
80.9	24.409076068986664
81.	24.149269127569998
81.1	23.785993283929997
81.2	23.324654737896665
81.3	22.772237834053332
81.4	22.137239997126663
81.5	21.42957839450333
81.6	20.660468912139997
81.7	19.842278603993336
81.8	18.98835334735
81.9	18.112822991759998
82.	17.230386820449997
82.1	16.356082628616665
82.2	15.505043159686666
82.3	14.692244013
82.4	13.932247434293332
82.5	13.238946617140002
82.6	12.625315272863332
82.7	12.103167257833334
82.8	11.682930986769998
82.9	11.373443198426665
83.	11.181766381349998
83.1	11.11303381746
83.2	11.170325758836665
83.3	11.354579733389999
83.4	11.66453738118
83.5	12.096729568453334
83.6	12.645500825206668
83.7	13.303073412766667
83.8	14.05965057236
83.9	14.903557740906665
84.	15.82141977025
84.1	16.798371459206663
84.2	17.818298024953332
84.3	18.86410151104333
84.4	19.917988572513334
84.5	20.96177460096
84.6	21.97719876938
84.7	22.946244294276667
84.8	23.851458038236665
84.9	24.67626351571333
85.	25.405261419283327
85.1	26.024511953936667
85.2	26.521793550639998
85.3	26.886832922736666
85.4	27.11150192321333
85.5	27.189977248619996
85.6	27.118859704133335
85.7	26.897250484929998
85.8	26.526782722476668
85.9	26.011607380329995
86.	25.35833344306667
86.1	24.575923208976665
86.2	23.675544354093333
86.3	22.670381266446668
86.4	21.575408937636666
86.5	20.40713342831333
86.6	19.183303581363333
86.7	17.92259922712333
86.8	16.644301597069997
86.9	15.36795202872
87.	14.113005293666669
87.1	12.898484009679999
87.2	11.742640604819998
87.3	10.662633180526665
87.4	9.674221380256666
87.5	8.79148800958
87.6	8.02659168031
87.7	7.389555175893332
87.8	6.888093565456666
87.9	6.527485345613333
88.	6.31048907252
88.1	6.237307082286667
88.2	6.305596997303334
88.3	6.510530800426666
88.4	6.844900344006668
88.5	7.299267265119999
88.6	7.862154419316667
88.7	8.52027513965
88.8	9.258795891713334
88.9	10.06162724369
89.	10.911737515279999
89.1	11.791483023846668
89.2	12.682948516953333
89.3	13.568291176816667
89.4	14.430081506419999
89.5	15.251634464893332
89.6	16.017324403843332
89.7	16.71287767151
89.8	17.32563718713
89.9	17.84479383540333
90.	18.26158018466333
90.1	18.569422772126664
90.2	18.76405002157
90.3	18.843553734336666
90.4	18.808403019003332
90.5	18.66141046972667
90.6	18.407651358213332
90.7	18.05433754168333
90.8	17.61064869968333
90.9	17.08752436821333
91.	16.49742103252
91.1	15.85403924517
91.2	15.172026345230002
91.3	14.46666085314
91.4	13.753524991319999
91.5	13.048172029766668
91.6	12.365795266116665
91.7	11.720905427876668
91.8	11.127023118246665
91.9	10.596392632786667
92.	10.139723045173334
92.1	9.765961913413332
92.2	9.482106299319998
92.3	9.293055038015666
92.4	9.201505357414334
92.5	9.207896042181
92.6	9.310398388409999
92.7	9.504955214353334
92.8	9.785367207916666
92.9	10.143424915679999
93.	10.569083736940001
93.1	11.050678395646665
93.2	11.575172542159999
93.3	12.128438403956665
93.4	12.695560772353334
93.5	13.261159098316668
93.6	13.809721079683332
93.7	14.325940868606665
93.8	14.795054914009999
93.9	15.203168480479999
94.	15.537566059306666
94.1	15.786999193186666
94.2	15.941945682703334
94.3	15.994834707346666
94.4	15.940233074906667
94.5	15.774988589973333
94.6	15.498327395046665
94.7	15.111903063146666
94.8	14.619796193936667
94.9	14.02846426637333
95.	13.34664250442333
95.1	12.585197506759998
95.2	11.756936346763332
95.3	10.876374753796664
95.4	9.959468818236667
95.5	9.023315405103332
95.6	8.08582710052
95.7	7.165388038213333
95.8	6.280497347653332
95.9	5.449407227506666
96.	4.689762768836666
96.1	4.01825063127
96.2	3.450263513796667
96.3	2.9995870616149998
96.4	2.678115418868333
96.5	2.4956010832368127
96.6	2.4594440523986667
96.7	2.574524489129667
96.8	2.843082285543333
96.9	3.2646459953999996
97.	3.836012644228667
97.1	4.5512789396499995
97.2	5.401923407892999
97.3	6.376937997218333
97.4	7.463006733586999
97.5	8.644728107351334
97.6	9.904877030347999
97.7	11.22470144449023
97.8	12.584248004055866
97.9	13.962710702869632
98.	15.338795887600767
98.1	16.691096797260133
98.2	17.998470599550398
98.3	19.24041086371033
98.4	20.39740851285
98.5	21.451294538486664
98.6	22.385558125438667
98.7	23.185634323646003
98.8	23.839156002815663
98.9	24.336165522442663
99.	24.66928233275133
99.1	24.833823573493333
99.2	24.827875641360002
99.3	24.652315634623328
99.4	24.31078253826333
99.5	23.80959896418
99.6	23.157645191216666
99.7	22.366188141006663
99.8	21.448668760156664
99.9	20.420452042439997
100.	19.298544599506666
100.1	18.10128526560333
100.2	16.84801468841667
100.3	15.558730205476667
100.4	14.25373253013333
100.5	12.95327086612
100.6	11.677193037663333
100.7	10.444607061196667
100.8	9.273560302056666
100.9	8.180741959616666
101.	7.181214117573333
101.1	6.288175991156667
101.2	5.512765316236667
101.3	4.8639000671199994
101.4	4.348162878676666
101.5	3.9697296998333336
101.6	3.730343336836667
101.7	3.629331673436667
101.8	3.6636694989466663
101.9	3.8280820505633337
102.	4.115187600086667
102.1	4.5156757016233335
102.2	5.018517080396666
102.3	5.611200594476667
102.4	6.279992251943334
102.5	7.0102109229366665
102.6	7.786515154956668
102.7	8.593195384600001
102.8	9.414465838456666
102.9	10.234750531896665
103.	11.038957999696667
103.1	11.812739721416666
103.2	12.542727631956666
103.3	13.21674661802
103.4	13.82399848761
103.5	14.355214545896665
103.6	14.802774602943334
103.7	15.160790963059998
103.8	15.42515668415
103.9	15.593558134999999
104.	15.66545260095
104.1	15.642012381853334
104.2	15.526037473756666
104.3	15.32183951674
104.4	15.035100212609999
104.5	14.672707859803333
104.6	14.24257600879
104.7	13.753448505993333
104.8	13.214695361959999
104.9	12.63610394936
105.	12.027670009846666
105.1	11.399392825776665
105.2	10.761078701693332
105.3	10.122156604066667
105.4	9.491509436766666
105.5	8.877323992756665
105.6	8.28696213082
105.7	7.726855190746666
105.8	7.20242309636
105.9	6.718019012083333
106.	6.27689983301
106.1	5.8812222102066665
106.2	5.53206325615
106.3	5.229464551896666
106.4	4.972497597516666
106.5	4.75934842092
106.6	4.587418695416666
106.7	4.4534404199566655
106.8	4.353600993006666
106.9	4.283675364566666
107.	4.239161883326666
107.1	4.215418465903333
107.2	4.207795802026666
107.3	4.211764468863333
107.4	4.22303305492
107.5	4.237654682576666
107.6	4.252119660439999
107.7	4.263432383950001
107.8	4.269171025246667
107.9	4.26752900139
108.	4.257337672569999
108.1	4.238070188993333
108.2	4.209826865523333
108.3	4.1733029068
108.4	4.129739722969999
108.5	4.080861457706666
108.6	4.028798688533334
108.7	3.976001546678333
108.8	3.925144734590333
108.9	3.879027088971
109.	3.8404684424146667
109.1	3.8122065761699995
109.2	3.7967970293869997
109.3	3.7965184381159998
109.4	3.8132859225199995
109.5	3.848574827451
109.6	3.903356854858
109.7	3.9780503126160003
109.8	4.072485851080666
109.9	4.18588867359
110.	4.316877799659999
110.1	4.463482538603333
110.2	4.623175906863333
110.3	4.7929243033499995
110.4	4.96925235418
110.5	5.148321459243332
110.6	5.326020227856667
110.7	5.498064686446666
110.8	5.660105885106667
110.9	5.8078423278
111.	5.937134508056666
111.1	6.044118750929998
111.2	6.12531754576
111.3	6.177743603066666
111.4	6.198994981836667
111.5	6.187338808923333
111.6	6.141781345999999
111.7	6.062122447149999
111.8	5.948992785253333
111.9	5.803872600919999
112.	5.6290911353099995
112.1	5.427806339316666
112.2	5.203964896603333
112.3	4.962243046479999
112.4	4.707969135913332
112.5	4.4470292565600005
112.6	4.1857577241833335
112.7	3.9308145243999997
112.8	3.689052172026667
112.9	3.4673747043
113.	3.2725917434966663
113.1	3.111270718025333
113.2	2.989590417715
113.3	2.9131990774913334
113.4	2.887080131899
113.5	2.915428662607667
113.6	3.0015413733646668
113.7	3.14772267597
113.8	3.3552091615333333
113.9	3.6241143700066667
114.	3.9533953649433333
114.1	4.340842178576667
114.2	4.78309072361
114.3	5.275659282553333
114.4	5.813008193706666
114.5	6.388621865006667
114.6	6.995111773673333
114.7	7.624338661693333
114.8	8.267551721796666
114.9	8.915542199943333
115.	9.55880851884
115.1	10.18772976719
115.2	10.792744202053331
115.3	11.364529281756667
115.4	11.894179689573335
115.5	12.37337982228
115.6	12.794567303169998
115.7	13.15108423682
115.8	13.437313144403335
115.9	13.648794805913333
116.	13.782325575993333
116.1	13.836032132316667
116.2	13.80942204781
116.3	13.70340904181
116.4	13.520312254486669
116.5	13.26382938698
116.6	12.938984055549998
116.7	12.552048201216667
116.8	12.11044087757
116.9	11.622605190719998
117.	11.097865582863331
117.1	10.546268024806666
117.2	9.978406008176666
117.3	9.405235493856665
117.4	8.837882182756665
117.5	8.287444615966665
117.6	7.76479668937
117.7	7.280393175946665
117.8	6.844081791266667
117.9	6.464925214966667
118.	6.151036294706666
118.1	5.9094294161233325
118.2	5.745890724124667
118.3	5.6648695374096665
118.4	5.669392911858333
118.5	5.761004891054999
118.6	5.939731538428999
118.7	6.204072384370001
118.8	6.551018452719999
118.9	6.97609656169
119.	7.473439132053333
119.1	8.035878290899998
119.2	8.655062636843333
119.3	9.321594643269998
119.4	10.025186321543334
119.5	10.75483045769
119.6	11.498984473953332
119.7	12.245763757606667
119.8	12.983141145636665
119.9	13.699149158789997
120.	14.382081540809999
120.1	15.02069068131
120.2	15.604377581639998
120.3	16.123371159583332
120.4	16.568893880319997
120.5	16.933310942206667
120.6	17.210260532176665
120.7	17.394762994606666
120.8	17.48330711895
120.9	17.47391214245333
121.	17.366164477713333
121.1	17.161228601126666
121.2	16.861831973053334
121.3	16.472224294826667
121.4	15.998111833939998
121.5	15.446567960349999
121.6	14.825921427833332
121.7	14.145624294583332
121.8	13.416101706336663
121.9	12.648586052896665
122.	11.854938252586665
122.1	11.04745911656
122.2	10.23869388944
122.3	9.44123315513
122.4	8.667513336639999
122.5	7.9296200023833325
122.6	7.23909712375
122.7	6.606765308583332
122.8	6.042551867403334
122.9	5.555335355799999
123.	5.152806981096667
123.1	4.84135097225
123.2	4.62594568998
123.3	4.510086908962333
123.4	4.495734339672666
123.5	4.583282081313333
123.6	4.771553315666666
123.7	5.057819170783333
123.8	5.437841309926666
123.9	5.905937440299999
124.	6.455068594576666
124.1	7.076946719543333
124.2	7.762160816466666
124.3	8.500319619793332
124.4	9.280208577976666
124.5	10.089958715469999
124.6	10.917224809249998
124.7	11.749370208596666
124.8	12.573655562259997
124.9	13.377428694179999
125.	14.148312883796665
125.1	14.874390862233334
125.2	15.544381924136667
125.3	16.14780967892333
125.4	16.67515811979333
125.5	17.118013869193334
125.6	17.469192667096664
125.7	17.722848394926665
125.8	17.874563172189998
125.9	17.921417323856666
126.	17.862038283756664
126.1	17.69662777963333
126.2	17.426966924856668
126.3	17.056399127776665
126.4	16.589791010139997
126.5	16.03347180537333
126.6	15.395151978973333
126.7	14.683822076536664
126.8	13.90963305673333
126.9	13.083759605266666
127.	12.218248149063331
127.1	11.325851495826665
127.2	10.419852210543333
127.3	9.513877004986666
127.4	8.621704557786666
127.5	7.757069298636666
127.6	6.933463778026665
127.7	6.163942304063333
127.8	5.460928554403333
127.9	4.836029868793333
128.	4.299860887226666
128.1	3.8618791264299994
128.2	3.5302349770166668
128.3	3.3116384580033333
128.4	3.21124488335
128.5	3.2325613776899997
128.6	3.37737592664
128.7	3.6457103630199996
128.8	4.03579837676
128.9	4.544089295846666
129.	5.165278023316667
129.1	5.8923611347466665
129.2	6.716718748043332
129.3	7.6282213776
129.4	8.615360585346666
129.5	9.66540184800333
129.6	10.764557679393334
129.7	11.898178688023332
129.8	13.050959917379998
129.9	14.207159520199998
130.	15.350826559966665
130.1	16.466034524553333
130.2	17.53711697922333
130.3	18.54890168512
130.4	19.486939470151334
130.5	20.337724160459665
130.6	21.088899968240664
130.7	21.729452881540332
130.8	22.249882815392
130.9	22.642353557989
131.	22.900817875411335
131.1	23.021115521283328
131.2	23.001042325077336
131.3	22.84038899958933
131.4	22.540948803653997
131.5	22.106493715606334
131.6	21.542719302593998
131.7	20.857159004450665
131.8	20.059069076729667
131.9	19.159285945889334
132.	18.17005821279433
132.1	17.10485598631233
132.2	15.97816063123
132.3	14.805238365228668
132.4	13.601901430866
132.5	12.384260795740333
132.6	11.168474492425666
132.7	9.970495796176666
132.8	8.805825451102667
132.9	7.6892720944
133.	6.634724892883666
133.1	5.654942201772333
133.2	4.761359782405
133.3	3.9639217806586666
133.4	3.270937276673666
133.5	2.688964775938333
133.6	2.222726528991333
133.7	1.875054051917333
133.8	1.6468656803833333
133.9	1.537176436152333
134.	1.5431399265006667
134.1	1.6601214433136668
134.2	1.8818008899116665
134.3	2.2003036485926666
134.4	2.6063570201186668
134.5	3.089469425561
134.6	3.6381291693176667
134.7	4.2400192259419995
134.8	4.882244239135
134.9	5.551565712934999
135.	6.234641237436
135.1	6.918263525658333
135.2	7.589595046809999
135.3	8.236394124463331
135.4	8.84722852225
135.5	9.411672766909998
135.6	9.92048575106
135.7	10.365765512376665
135.8	10.741078498106667
135.9	11.041561083403334
136.	11.263991615063333
136.1	11.40683178688
136.2	11.470236711226665
136.3	11.456033625593331
136.4	11.367669746626667
136.5	11.21013035632
136.6	10.989828754353333
136.7	10.714470237059999
136.8	10.392892748809999
136.9	10.034887291356664
137.	9.651001560166666
137.1	9.252330596213332
137.2	8.850298489946667
137.3	8.456435347266666
137.4	8.082153817933332
137.5	7.738529495883332
137.6	7.43608942414
137.7	7.1846127763
137.8	6.992947545186667
137.9	6.868846747186667
138.	6.81882725969
138.1	6.848053950006666
138.2	6.9602512395266665
138.3	7.15764368604
138.4	7.4409265706599985
138.5	7.80926685603
138.6	8.260334252916666
138.7	8.79036150572
138.8	9.394232397733333
138.9	10.065595396986666
139.	10.797000327356665
139.1	11.580054967999999
139.2	12.405598069856667
139.3	13.26388493903
139.4	14.144781483440001
139.5	15.037962456289998
139.6	15.933109562213334
139.7	16.820105122229997
139.8	17.68921712255333
139.9	18.531271693966666
140.	19.337809384616666
140.1	20.10122198590333
140.2	20.814867146096667
140.3	21.47315854302
140.4	22.07162997887
140.5	22.606972387763328
140.6	23.077043399293334
140.7	23.480849760979996
140.8	23.81850357547667
140.9	24.091153935949997
141.	24.300896133143333
141.1	24.450661143363327
141.2	24.544088574773333
141.3	24.58538664132333
141.4	24.57918303398
141.5	24.530370764813334
141.6	24.443953163929997
141.7	24.324892207723337
141.8	24.177964251393334
141.9	24.007627029276666
142.	23.817901481706663
142.1	23.612271566993332
142.2	23.393604740446666
142.3	23.164095233286663
142.4	22.92523165837
142.5	22.67778982500667
142.6	22.421850971396665
142.7	22.1568449424
142.8	21.881617166676666
142.9	21.594517637910002
143.	21.293509495756666
143.1	20.9762942501
143.2	20.640450208266667
143.3	20.2835802655
143.4	19.903464909293334
143.5	19.498216082439995
143.6	19.066427448586666
143.7	18.607316612976664
143.8	18.1208549733
143.9	17.607881102363333
144.	17.070193900376665
144.1	16.510622184709998
144.2	15.933067904759998
144.3	15.342520767443334
144.4	14.745042717976666
144.5	14.147721432083333
144.6	13.558592718673331
144.7	12.986532491556668
144.8	12.441119729443331
144.9	11.93247258345
145.	11.471060499716666
145.1	11.067495877723333
145.2	10.732309374926666
145.3	10.47571347466
145.4	10.307359347353334
145.5	10.236092346323332
145.6	10.269711674176666
145.7	10.414739836309998
145.8	10.676207451896667
145.9	11.057458825676665
146.	11.559983393746666
146.1	12.183277747473333
146.2	12.92474241994
146.3	13.779616995153335
146.4	14.740956386529998
146.5	15.79965033562
146.6	16.94448732673
146.7	18.162263206776668
146.8	19.437933867901997
146.9	20.754810404827666
147.	22.094794224744664
147.1	23.43864868017933
147.2	24.766302935668666
147.3	26.057182986723326
147.4	27.290564040632333
147.5	28.445937860906
147.6	29.503388184972998
147.7	30.443966961237667
147.8	31.250063927841666
147.9	31.90576197838533
148.	32.397170835964666
148.1	32.71273178852366
148.2	32.84348662428733
148.3	32.78330444242666
148.4	32.52906069517999
148.5	32.080763631833335
148.6	31.441624249463334
148.7	30.61806689607333
148.8	29.61967879781
148.9	28.45909797309333
149.	27.151840232326666
149.1	25.716067214600002
149.2	24.172298658746662
149.3	22.54307332143667
149.4	20.85256410823
149.5	19.126154055216666
149.6	17.389980760266667
149.7	15.670457692550002
149.8	13.99378148548
149.9	12.385434824163333
150.	10.86969485809
150.1	9.469157189853332
150.2	8.20428540687
150.3	7.09299582864
150.4	6.150286638966667
150.5	5.387919865313333
150.6	4.814163767806666
150.7	4.4336021192366655
150.8	4.247015615973333
150.9	4.251339278773333
151.	4.439698208733334
151.1	4.801522485523333
151.2	5.32274036484
151.3	5.9860472826499995
151.4	6.771246540276666
151.5	7.655655962009999
151.6	8.614573320266665
151.7	9.62179194717
151.8	10.650156725383333
151.9	11.672149609389999
152.	12.660492989886666
152.1	13.588758608986668
152.2	14.431969373160001
152.3	15.167181311116666
152.4	15.774033089493333
152.5	16.235250935639996
152.6	16.537097513536665
152.7	16.66975425298
152.8	16.62762782166333
152.9	16.409572838276667
153.	16.019024522346665
153.1	15.46403673466
153.2	14.757222746786667
153.3	13.9155980476
153.4	12.960326515256668
153.5	11.916373305419999
153.6	10.812069794633333
153.7	9.67859782513
153.8	8.549402285696665
153.9	7.459542691149999
154.	6.444995857076667
154.1	5.54192297126
154.2	4.7859153147099995
154.3	4.211233555803333
154.4	3.850055918263333
154.5	3.7317505927433334
154.6	3.88218751917
154.7	4.3231041143899995
154.8	5.071538663946666
154.9	6.139343952686667
155.	7.532792296530001
155.1	9.252281482716665
155.2	11.292149258833334
155.3	13.640601968260002
155.4	16.27976074966
155.5	19.185826442716667
155.6	22.329362018846666
155.7	25.675689024986667
155.8	29.18539224216333
155.9	32.81492456075
156.	36.51730200587333
156.1	40.24287695409333
156.2	43.94017590029666
156.3	47.55678670075666
156.4	51.04027906414999
156.5	54.33914121303667
156.6	57.40371510276999
156.7	60.18711240331667
156.8	62.64609359140333
156.9	64.74189299903999
157.	66.44097349716
157.1	67.71569564963333
157.2	68.54488763098999
157.3	68.91430394869667
157.4	68.81696300086334
157.5	68.25335570218667
157.6	67.2315197948
157.7	65.76697696478666
157.8	63.882532476933335
157.9	61.60793966177333
158.	58.979434203539995
158.1	56.03914570452332
158.2	52.834396439213336
158.3	49.41689945782666
158.4	45.841870257636664
158.5	42.16706802378333
158.6	38.45178396263667
158.7	34.755795420249996
158.8	31.13830532334
158.9	27.656886937286664
159.	24.366454022229995
159.1	21.318276158083332
159.2	18.559058313053335
159.3	16.13010265414667
159.4	14.066569160023334
159.5	12.396849815879998
159.6	11.142069084453333
159.7	10.315720985813332
159.8	9.923450532093334
159.9	9.962984495263331
160.	10.424213589726666
160.1	11.28942518606
160.2	12.53368269149
160.3	14.12534480053333
160.4	16.026714990446663
160.5	18.19480897551
160.6	20.582225389079998
160.7	23.138102793636662
160.8	25.80914426774
160.9	28.540689329886664
161.	31.277811865936663
161.1	33.96642205839667
161.2	36.55435008731333
161.3	38.99238959885666
161.4	41.23527961433
161.5	43.24260467638
161.6	44.97959457137333
161.7	46.41780692592333
161.8	47.53567826482333
161.9	48.31893176348999
162.	48.76083281411667
162.1	48.862286618629994
162.2	48.63177528832999
162.3	48.0851352386
162.4	47.24517901818667
162.5	46.141168978513335
162.6	44.80815334386
162.7	43.286178179896666
162.8	41.61939145863666
162.9	39.85505776309667
163.	38.04250418302333
163.1	36.232019506916664
163.2	34.47372993896333
163.3	32.81647519172667
163.4	31.30670893746
163.5	29.987447217539998
163.6	28.897287530803332
163.7	28.06951994788333
163.8	27.53134976892
163.9	27.3032489837
164.	27.3984511555
164.1	27.822601385649996
164.2	28.573569786443333
164.3	29.64143346303
164.4	31.008628450369997
164.5	32.65026944783
164.6	34.53463161222333
164.7	36.62378519270334
164.8	38.87437048633333
164.9	41.23849753392
165.	43.664752233676666
165.1	46.099288170743336
165.2	48.486981510910006
165.3	50.772624820669996
165.4	52.902134690379995
165.5	54.82374756963532
165.6	56.48917829440567
165.7	57.854716391925336
165.8	58.882236377080666
165.9	59.540099881592326
166.	59.80392957538233
166.1	59.6572373575372
166.2	59.09189222027463
166.3	58.10841642565061
166.4	56.7161021189084
166.5	54.9329441923408
166.6	52.785388997931996
166.7	50.307902331324996
166.8	47.54236389638133
166.9	44.53729911979933
167.	41.346962649297666
167.1	38.030291071137334
167.2	34.649745249367
167.3	31.27006516275
167.4	27.956962140696664
167.5	24.775774941816668
167.6	21.790117129876666
167.7	19.06054367001
167.8	16.64326457035333
167.9	14.588932734526667
168.	12.941531970759998
168.1	11.737389349199997
168.2	11.004333833946667
168.3	10.761020385019998
168.4	11.016435573533332
168.5	11.769597242176665
168.6	13.00945693408
168.7	14.71500978230333
168.8	16.85561237255333
168.9	19.39150484803
169.	22.274529296206666
169.1	25.44903233182
169.2	28.85293584523
169.3	32.41895620799666
169.4	36.075948889029995
169.5	39.75035251030667
169.6	43.36770392300666
169.7	46.85419396950667
169.8	50.13823226947666
169.9	53.15198863963333
170.	55.83287869919
170.1	58.12496178105667
170.2	59.98022051954666
170.3	61.35969335633334
170.4	62.23443372462334
170.5	62.58627273913332
170.6	62.40836585515999
170.7	61.70550802538
170.8	60.494206393723324
170.9	58.80250434448
171.	56.66955576913666
171.1	54.14495357104667
171.2	51.28782161300333
171.3	48.16568443198666
171.4	44.853133978536675
171.5	41.43031729244666
171.6	37.9812732898
171.7	34.592150625996666
171.8	31.349341815783333
171.9	28.337571367783333
172.	25.637977543406667
172.1	23.326228443323334
172.2	21.470713402096667
172.3	20.13085011845
172.4	19.355546551106666
172.5	19.181854381026668
172.6	19.63384780065
172.7	20.72175758932333
172.8	22.44138592410666
172.9	24.77382223726
173.	27.685474753159998
173.1	31.12842622333
173.2	35.04111594056
173.3	39.349343478386665
173.4	43.967582899099995
173.5	48.80058953634
173.6	53.745275021376656
173.7	58.69282013077
173.8	63.530989394766664
173.9	68.14660637352665
174.	72.42814416790999
174.1	76.26838221035332
174.2	79.56707773573666
174.3	82.23359867399333
174.4	84.18946404158334
174.5	85.37073829891332
174.6	85.73022760955999
174.7	85.23942842069667
174.8	83.89018232057333
174.9	81.69599561882
175.	78.69298747810333
175.1	74.94043662822665
175.2	70.52090357963334
175.3	65.53991272779666
175.4	60.125186640143326
175.5	54.42543303180666
175.6	48.608693260483335
175.7	42.860269511953334
175.8	37.38025598934
175.9	32.38070722819
176.	28.082484005596662
176.1	24.71182399973
176.2	22.496690305716662
176.3	21.662955973840003
176.4	22.430486814703332
176.5	25.00918772763667
176.6	29.59507968645
176.7	36.366475217016664
176.8	45.48031970102333
176.9	57.068764138709994
177.	71.23603212535333
177.1	88.05563977858333
177.2	107.56802226658999
177.3	129.7786145133333
177.4	154.65642670018667
177.5	182.13314744488665
177.6	212.10279918988002
177.7	244.42196146165332
177.8	278.9105684750466
177.9	315.35327816777334
178.	353.50140036009
178.1	393.0753624529766
178.2	433.7676821435866
178.3	475.2464080661867
178.4	517.1589814424733
178.5	559.1364645234967
178.6	600.7980753885333
178.7	641.7559632132966
178.8	681.6201538260932
178.9	720.0035922070866
179.	756.52720655596
179.1	790.8249177245699
179.2	822.54851829238
179.3	851.3723472021034
179.4	876.9976887274335
179.5	899.1568285033533
179.6	917.6167045356366
179.7	932.1820971137734
179.8	942.6983085376401
179.9	949.0532914965731
180.	951.1791931987366