# O+CO(0,0) elastic diff. cross section
# E = 0.087 eV
# angle, CS (1e-16 cm^2)
0.1	109345.811025
0.2	106871.24960499999
0.3	102900.88109056666
0.4	97652.09585593334
0.5	91403.74016026667
0.6	84473.76039046666
0.7	77194.53708103334
0.8	69888.29858426665
0.9	62844.90108713333
1.	56303.91142816667
1.1	50442.382218566665
1.2	45369.03792306667
1.3	41124.880546399996
1.4	37689.55990884334
1.5	34992.31119147333
1.6	32925.89698598333
1.7	31361.83238334333
1.8	30165.221719979996
1.9	29207.770297296665
2.	28377.908371363334
2.1	27587.419086643327
2.2	26774.433192543336
2.3	25903.081807996663
2.4	24960.43625416
2.5	23951.579963229997
2.6	22893.73989104
2.7	21810.360754349997
2.8	20725.85761991333
2.9	19661.564627728665
3.	18633.148625269998
3.1	17649.513930983663
3.2	16713.019922622665
3.3	15820.688501965002
3.4	14966.004029289332
3.5	14140.90294108933
3.6	13337.603201273
3.7	12550.017522744
3.8	11774.608303239333
3.9	11010.656166584333
4.	10260.010922014333
4.1	9526.462042717332
4.2	8814.900072913333
4.3	8130.441458772
4.4	7477.662912856
4.5	6860.0466197313335
4.6	6279.684769580001
4.7	5737.240955178333
4.8	5232.124769542999
4.9	4762.809462886333
5.	4327.212475782
5.1	3923.0638110130003
5.2	3548.2039982103333
5.3	3200.776991468333
5.4	2879.3085467913334
5.5	2582.682888272
5.6	2310.0464641793333
5.7	2060.675600753
5.8	1833.8447930306666
5.9	1628.7255297393333
6.	1444.3341933053334
6.1	1279.534404364
6.2	1133.0868170533333
6.3	1003.7299423686666
6.4	890.2704259173333
6.5	791.6607790233334
6.6	707.0464437769999
6.7	635.7711618273333
6.8	577.3383783603333
6.9	531.335172815
7.	497.33243294799996
7.1	474.77951672033333
7.2	462.912837522
7.3	460.69560537099994
7.4	466.80085392066655
7.5	479.64281389000007
7.6	497.45386329433336
7.7	518.3969706126667
7.8	540.697899782
7.9	562.7783176393333
8.	583.3707695926666
8.1	601.5992306906666
8.2	617.0141098033333
8.3	629.5773331186666
8.4	639.6003897736666
8.5	647.6448668956666
8.6	654.4000431133333
8.7	660.5548357501
8.8	666.6814786242333
8.9	673.1458370846667
9.	680.054730865
9.1	687.2448202560333
9.2	694.3114662016333
9.3	700.6704534215999
9.4	705.6413688518666
9.5	708.5392851609
9.6	708.7613956761667
9.7	705.8572155293666
9.8	699.5744333619333
9.9	689.8767952742999
10.	676.9347779346666
10.1	661.0935672198
10.2	642.8254771450333
10.3	622.6751386381666
10.4	601.2055448021999
10.5	578.9515889396333
10.6	556.3854816852
10.7	533.8958787918
10.8	511.7801731267
10.9	490.24758636679996
11.	469.4296624429333
11.1	449.39456142776663
11.2	430.16205760746664
11.3	411.71711844603334
11.4	394.02108393956667
11.5	377.02049331763334
11.6	360.65430171533336
11.7	344.86048510943334
11.8	329.5828553461667
11.9	314.7784097040333
12.	300.42489759516667
12.1	286.527697568
12.2	273.12473017689996
12.3	260.28809286986666
12.4	248.1214148933333
12.5	236.75253330726667
12.6	226.32186029396667
12.7	216.9675871879
12.8	208.8094932908067
12.9	201.93347288829665
13.	196.37889486255062
13.1	192.13056650020167
13.2	189.1164505566033
13.3	187.2114934742467
13.4	186.24709697481
13.5	186.0250360681
13.6	186.33409886713332
13.7	186.96746091136666
13.8	187.73882482206665
13.9	188.49562637736668
14.	189.12806794333335
14.1	189.5733080037
14.2	189.81472599253334
14.3	189.8767193069
14.4	189.81591741139997
14.5	189.70998254846666
14.6	189.6452963549
14.7	189.70481437515667
14.8	189.95722770742333
14.9	190.44833312012662
15.	191.19521455507666
15.1	192.18351551004002
15.2	193.36776736947667
15.3	194.67446377636662
15.4	196.00736037966664
15.5	197.25434953756667
15.6	198.29521724356667
15.7	199.0096293793
15.8	199.28479900829998
15.9	199.02242864762331
16.	198.14466855148663
16.1	196.59895202406665
16.2	194.36163739351332
16.3	191.44039321862
16.4	187.8752159589867
16.5	183.73789267963664
16.6	179.12965366718666
16.7	174.17674420728662
16.8	169.02371858451332
16.9	163.8244433468
17.	158.73108669502
17.1	153.88173355883333
17.2	149.3876425569733
17.3	145.32147556875333
17.4	141.70800421841665
17.5	138.51876502656333
17.6	135.67186069948997
17.7	133.03759437668
17.8	130.44992724775
17.9	127.72295906203001
18.	124.67086484466336
18.1	121.12910678141333
18.2	116.9743906389
18.3	112.14082815189
18.4	106.63012550632335
18.5	100.51430913054999
18.6	93.93043307303
18.7	87.06775427159667
18.8	80.14885860492
18.9	73.40702172457
19.	67.06257362497333
19.1	61.301133685016666
19.2	56.25628349754666
19.3	51.99860018168
19.4	48.532087161276664
19.5	45.79805056230334
19.6	43.685525498130005
19.7	42.04659153716333
19.8	40.71442942476
19.9	39.52181151196666
20.	38.317882495646664
20.1	36.98152186697
20.2	35.43019515702333
20.3	33.623888922406664
20.4	31.564376149253334
20.5	29.290584132603332
20.6	26.871176454159997
20.7	24.39559204984667
20.8	21.964721355286663
20.9	19.682185283056665
21.	17.646878557953332
21.1	15.947111112053335
21.2	14.656389144413334
21.3	13.830663985199998
21.4	13.50676332591
21.5	13.701704666386668
21.6	14.412655117553332
21.7	15.617412628393334
21.8	17.275404188333333
21.9	19.329292339983333
22.	21.707327130723332
22.1	24.32656386664333
22.2	27.096989008979996
22.3	29.92647108985
22.4	32.72630369847667
22.5	35.41696131582666
22.6	37.933574013713326
22.7	40.23056738211666
22.8	42.28492520362667
22.9	44.09761988842334
23.	45.692914042376664
23.1	47.11544980147
23.2	48.42528617446
23.3	49.69128842000001
23.4	50.983485366273335
23.5	52.3651608505
23.6	53.88551087077
23.7	55.573665342489996
23.8	57.434741876833336
23.9	59.44838136704
24.	61.56993644661333
24.1	63.73417866988666
24.2	65.86109806773999
24.3	67.86312855080999
24.4	69.65297696354
24.5	71.15118350904666
24.6	72.29260272537667
24.7	73.03115711988666
24.8	73.34245498771999
24.9	73.22414407561
25.	72.69415264933
25.1	71.78720965412333
25.2	70.55020428818666
25.3	69.03702336484
25.4	67.3034886389
25.5	65.40291723628665
25.6	63.38267046872
25.7	61.28187104088667
25.8	59.130289031574335
25.9	56.94825154086233
26.	54.747338812143
26.1	52.53159802885333
26.2	50.29902964361
26.3	48.043164386261
26.4	45.754630294501325
26.5	43.42268510828333
26.6	41.036740962876664
26.7	38.5879237848
26.8	36.07068728962
26.9	33.484448732826664
27.	30.835145918829998
27.1	28.13655169338
27.2	25.411142097966668
27.3	22.690311831579997
27.4	20.013772296109998
27.5	17.428050755113333
27.6	14.984122719356666
27.7	12.734335606950332
27.8	10.728898720826999
27.9	9.012301951362
28.	7.620066995818566
28.1	6.576221139276034
28.2	5.891814355688333
28.3	5.5646839833523325
28.4	5.5805231241756665
28.5	5.915149547476333
28.6	6.537723140457333
28.7	7.414542010251666
28.8	8.512975845624334
28.9	9.805079152558001
29.	11.270468004581332
29.1	12.89813602228433
29.2	14.687016029388332
29.3	16.645246206859998
29.4	18.788254237776997
29.5	21.135910691123332
29.6	23.709107024809
29.7	26.526171897566332
29.8	29.59954573149
29.9	32.93308811018733
30.	36.52030267951133
30.1	40.343642480366995
30.2	44.374921830847995
30.3	48.576727533249326
30.4	52.904609985684665
30.5	57.30975817752068
30.6	61.741830423573674
30.7	66.15162718252566
30.8	70.49334842672133
30.9	74.72626440874667
31.	78.81572965685199
31.1	82.73356812605832
31.2	86.45793657046133
31.3	89.97282144182867
31.4	93.26733631928366
31.5	96.33496369259935
31.6	99.17283531782067
31.7	101.781082925336
31.8	104.16223164310033
31.9	106.32056696908832
32.	108.26139319738931
32.1	109.99012104054367
32.2	111.51117142502335
32.3	112.82675059872733
32.4	113.93562322126333
32.5	114.83206754911367
32.6	115.50522440363332
32.7	115.93903873473732
32.8	116.11293635268666
32.9	116.003284597085
33.	115.58556822926967
33.1	114.83709022963299
33.2	113.73990325712765
33.3	112.28361116436601
33.4	110.46766537306067
33.5	108.302823726711
33.6	105.81153552703466
33.7	103.02715232393265
33.8	99.99201923785566
33.9	96.75465208905567
34.	93.366328073726
34.1	89.8774933841623
34.2	86.334409087952
34.3	82.77641514238665
34.4	79.23409955563133
34.5	75.72853100603533
34.6	72.271569297839
34.7	68.86713068428466
34.8	65.51317387988233
34.9	62.20410176451533
35.	58.933250380957
35.1	55.69516010864366
35.2	52.48738613642167
35.3	49.31169365812001
35.4	46.174582039853995
35.5	43.087176096556334
35.6	40.06459848808066
35.7	37.12498628253434
35.8	34.288333113390664
35.9	31.575327344292663
36.	29.00632175874233
36.1	26.600520009245997
36.2	24.375409189541003
36.3	22.346416081613
36.4	20.526724918086664
36.5	18.92717240460833
36.6	17.556133687116
36.7	16.419330138578665
36.8	15.519522571379333
36.9	14.85609571405
37.	14.424584008724334
37.1	14.216227002487331
37.2	14.217667463402998
37.3	14.410911196937999
37.4	14.773651342554666
37.5	15.280021978495665
37.6	15.901789984108998
37.7	16.609927468366
37.8	17.376439364088668
37.9	18.176262959207328
38.	18.98901873647333
38.1	19.800383290833334
38.2	20.60287985698
38.3	21.395939724549997
38.4	22.185172792766668
38.5	22.98088706090333
38.6	23.796000763983333
38.7	24.643581478529995
38.8	25.534309224399998
38.9	26.47418429125
39.	27.462779718696666
39.1	28.492274329249994
39.2	29.54740307274
39.3	30.60634108016
39.4	31.64241378188
39.5	32.626416116133335
39.6	33.52924549389667
39.7	34.32451723827
39.8	34.990842451973336
39.9	35.51350402804333
40.	35.88535728065333
40.1	36.10689269519
40.2	36.185512189436665
40.3	36.134169905553335
40.4	35.96959983576333
40.5	35.71038665489
40.6	35.37513053737333
40.7	34.980915475603325
40.8	34.54222308851333
40.9	34.07035300651333
41.	33.573330624099995
41.1	33.05621599359
41.2	32.52168321956667
41.3	31.970722590979996
41.4	31.403327517919998
41.5	30.81906023838667
41.6	30.21743606023
41.7	29.59811583576333
41.8	28.960940901196665
41.9	28.30587617861
42.	27.632940877206668
42.1	26.94220115497
42.2	26.233877571276665
42.3	25.50858730785666
42.4	24.76770379359
42.5	24.01378178843
42.6	23.250970626393332
42.7	22.485326831926663
42.8	21.724941912853332
42.9	20.9798213062
43.	20.26148323303
43.1	19.58228665484333
43.2	18.954539488976664
43.3	18.38947534259
43.4	17.89621351851
43.5	17.48082865019
43.6	17.145650821266663
43.7	16.88889458468
43.8	16.70467850051
43.9	16.58345031929
44.	16.512782909536668
44.1	16.478459272246667
44.2	16.46572802238
44.3	16.46058882222667
44.4	16.45096365304
44.5	16.427625156799998
44.6	16.38478547482
44.7	16.320293473173333
44.8	16.235438564829998
44.9	16.134408244113335
45.	16.023486941143332
45.1	15.910110262589997
45.2	15.801897789493333
45.3	15.705778822616665
45.4	15.627301153546668
45.5	15.570177845753335
45.6	15.536087453313332
45.7	15.5247058205
45.8	15.533918569353332
45.9	15.560146771376667
46.	15.598715815186667
46.1	15.644208139079996
46.2	15.690760924096667
46.3	15.732295014806667
46.4	15.762685615723331
46.5	15.77590354781
46.6	15.766164389486665
46.7	15.72812014777
46.8	15.657115077283331
46.9	15.549506883856667
47.	15.403031300113334
47.1	15.217166952409999
47.2	14.993443173693333
47.3	14.73562925809
47.4	14.449750989713332
47.5	14.143898355756669
47.6	13.827814462983333
47.7	13.512285682453333
47.8	13.208382155818999
47.9	12.926621387361
48.	12.676142047437665
48.1	12.463978131980667
48.2	12.294514839661
48.3	12.169188227342334
48.4	12.086463604729666
48.5	12.042096364212668
48.6	12.029647519028332
48.7	12.041198442366666
48.8	12.068188316526665
48.9	12.102285787833333
49.	12.136204329826665
49.1	12.164378735716664
49.2	12.183436840746667
49.3	12.192423988949999
49.4	12.192765244426663
49.5	12.18797886318
49.6	12.183180964186665
49.7	12.18444275349
49.8	12.198075669223332
49.9	12.229924842715999
50.	12.284746750358666
50.1	12.365733481827334
50.2	12.474225439398666
50.3	12.609629281919997
50.4	12.769531948435532
50.5	12.949978243577096
50.6	13.145861965409267
50.7	13.351371253401997
50.8	13.560428768597
50.9	13.767076030893998
51.	13.965766830359332
51.1	14.151554071673331
51.2	14.320174102666332
51.3	14.468048996456666
51.4	14.592237623069666
51.5	14.69036915414333
51.6	14.760587923516667
51.7	14.801527869156667
51.8	14.812320833723335
51.9	14.792629122076999
52.	14.742682120732333
52.1	14.663291898169998
52.2	14.555824649647999
52.3	14.422113208568998
52.4	14.264308758649998
52.5	14.084684452129665
52.6	13.885416562991
52.7	13.668377091588
52.8	13.434973359520331
52.9	13.186064472260998
53.	12.921972518063999
53.1	12.642590296372333
53.2	12.347570396592
53.3	12.036565940707
53.4	11.709484125086334
53.5	11.366711618501665
53.6	11.009276208550332
53.7	10.638920668468332
53.8	10.258080246113666
53.9	9.869771381086332
54.	9.477413118846666
54.1	9.084611710884332
54.2	8.694941675901
54.3	8.311753094994334
54.4	7.938026368010666
54.5	7.576284264800333
54.6	7.228559496042665
54.7	6.896406677833999
54.8	6.580942248740667
54.9	6.282895357681333
55.	6.002656557253332
55.1	5.740317900409999
55.2	5.495705722438666
55.3	5.268413839186333
55.4	5.057848342868667
55.5	4.863294640733333
55.6	4.6840128766569995
55.7	4.519360381630333
55.8	4.368931039311334
55.9	4.232693486843
56.	4.111104838777666
56.1	4.005175523586667
56.2	3.916464426526333
56.3	3.846991467723666
56.4	3.7990657848063334
56.5	3.7750400287243338
56.6	3.7770128712489996
56.7	3.806510785742667
56.8	3.864185100242333
56.9	3.949560531698
57.	4.060866956926667
57.1	4.194977791709
57.2	4.347467267613
57.3	4.512786586052333
57.4	4.684546861868
57.5	4.855886221857666
57.6	5.019890352236999
57.7	5.170030794552
57.8	5.300583634137333
57.9	5.406992897943667
58.	5.4861477408559995
58.1	5.536549945735666
58.2	5.558357812088666
58.3	5.553303422082667
58.4	5.524491632031333
58.5	5.4760998912979995
58.6	5.4130070059143325
58.7	5.340385181255667
58.8	5.263292246857
58.9	5.186299446042
59.	5.113184652924066
59.1	5.046712048563033
59.2	4.988508385751599
59.3	4.939034618292
59.4	4.897641611496001
59.5	4.862691432627333
59.6	4.831722384993999
59.7	4.801636816727666
59.8	4.768895288923
59.9	4.7297076677486665
60.	4.680219330513666
60.1	4.616697007341333
60.2	4.535722128979666
60.3	4.4343988666983325
60.4	4.310579164044333
60.5	4.163098804220667
60.6	3.9920086096009997
60.7	3.798775478711333
60.8	3.586421491619
60.9	3.359567744114
61.	3.1243540911179997
61.1	2.888216674047666
61.2	2.6595208758846662
61.3	2.447066044698333
61.4	2.2594971093869995
61.5	2.1046740281016665
61.6	1.9890601394561334
61.7	1.9171930255571468
61.8	1.8912957023050665
61.9	1.9110723856443332
62.	1.9737135129886667
62.1	2.0741118141249997
62.2	2.205268182044333
62.3	2.3588460085426664
62.4	2.5258181126213333
62.5	2.6971430891726667
62.6	2.864408412852667
62.7	3.0203853814963333
62.8	3.1594544318433333
62.9	3.2778762865236666
63.	3.3739022787583335
63.1	3.4477336323346663
63.2	3.5013524749023333
63.3	3.538255651056
63.4	3.5631255092576666
63.5	3.581470102088
63.6	3.5992596842703333
63.7	3.6225785115673323
63.8	3.6573024432769996
63.9	3.7088053787626665
64.	3.781692452811
64.1	3.879556011159
64.2	4.004751897207666
64.3	4.158198061212333
64.4	4.339203917658333
64.5	4.545345747571666
64.6	4.772409077711666
64.7	5.014421729002667
64.8	5.2637998205236665
64.9	5.511622752506334
65.	5.748042168921334
65.1	5.962815086426
65.2	6.145934535407666
65.3	6.288314564019332
65.4	6.382472943837
65.5	6.423146881947333
65.6	6.4077764069933325
65.7	6.336797822858999
65.8	6.213705470746999
65.9	6.044862503104666
66.	5.839067810604666
66.1	5.606913249511
66.2	5.359989199850667
66.3	5.110013863333999
66.4	4.8679700578046665
66.5	4.643331343322334
66.6	4.443447406401
66.7	4.2731384984796
66.8	4.134523358338999
66.9	4.027078150107333
67.	3.9478993426016666
67.1	3.892124449496667
67.2	3.8534534178896664
67.3	3.824711086583333
67.4	3.798396967246666
67.5	3.7671807713603327
67.6	3.724317858001333
67.7	3.6639749999303337
67.8	3.5814706661473332
67.9	3.4734432347829998
68.	3.337964094851
68.1	3.1746105875639996
68.2	2.9845074006093335
68.3	2.770336383643333
68.4	2.53630618475
68.5	2.288066880099333
68.6	2.032552595245
68.7	1.7777378485943331
68.8	1.5323008460533334
68.9	1.3051981460506665
69.	1.1051682045893332
69.1	0.940194131185
69.2	0.8169663668216665
69.3	0.7403921224285666
69.4	0.7131991120377333
69.5	0.7356759915716666
69.6	0.805581403442
69.7	0.9182387828633334
69.8	1.0668167952876666
69.9	1.2427774325036665
70.	1.43645742477
70.1	1.6377355551023332
70.2	1.8367301219449996
70.3	2.0244680820499994
70.4	2.1934705910636665
70.5	2.3382083796443336
70.6	2.4553936896443336
70.7	2.5440918716086665
70.8	2.6056533763339997
70.9	2.643483757934667
71.	2.6626835092973336
71.1	2.669599444326
71.2	2.671333833977333
71.3	2.675256214323
71.4	2.688556137442
71.5	2.7178643315319997
71.6	2.768956606194333
71.7	2.8465415772119997
71.8	2.9541221026143334
71.9	3.093913062736
72.	3.266795923457
72.1	3.472293591611667
72.2	3.708556585062333
72.3	3.9723617656259997
72.4	4.259135466589333
72.5	4.563021238246333
72.6	4.877016377523
72.7	5.193199397626
72.8	5.503062234258666
72.9	5.797947120681998
73.	6.069570719444
73.1	6.310600153912999
73.2	6.515230291078
73.3	6.679702030430666
73.4	6.802699712231332
73.5	6.885573100566665
73.6	6.9323452866513335
73.7	6.949490403003666
73.8	6.945491182794999
73.9	6.930212407362
74.	6.914148359277
74.1	6.9076173176263325
74.2	6.919981771345666
74.3	6.958968697638332
74.4	7.030150793622999
74.5	7.136629142316999
74.6	7.278933574708668
74.7	7.455132505725334
74.8	7.661122638349667
74.9	7.891053323809666
75.	8.137832120305667
75.1	8.393657552543333
75.2	8.650531370718332
75.3	8.900713920563666
75.4	9.13710016297
75.5	9.353507905173666
75.6	9.544881695764666
75.7	9.707424013555666
75.8	9.838669089587667
75.9	9.93751406857
76.	10.004218118557999
76.1	10.040373956849333
76.2	10.048849731703
76.3	10.033693888231
76.4	9.999992822080666
76.5	9.953671550808533
76.6	9.901231457776367
76.7	9.849425928109966
76.8	9.8048834260898
76.9	9.773696925362232
77.	9.7610070985754
77.1	9.770612863557865
77.2	9.804645579848966
77.3	9.863341630760333
77.4	9.944942099142565
77.5	10.045738126950766
77.6	10.160267308742732
77.7	10.281651554648597
77.8	10.402052040734134
77.9	10.513204022114133
78.	10.606985136910332
78.1	10.675966702299235
78.2	10.713899105513601
78.3	10.71608967498213
78.4	10.679643549368432
78.5	10.603553497787233
78.6	10.488641346866034
78.7	10.337369371201067
78.8	10.153552581317767
78.9	9.942010629923834
79.	9.708200128214933
79.1	9.457864494637333
79.2	9.196729931037599
79.3	8.930264382309733
79.4	8.663503524075999
79.5	8.400936188619399
79.6	8.146433165060099
79.7	7.9031993499491
79.8	7.673730283539966
79.9	7.4597597376189
80.	7.262193928754
80.1	7.081038203714634
80.2	6.915331510217367
80.3	6.763110597263766
80.4	6.621428163405467
80.5	6.486446362902033
80.6	6.3536193839883
80.7	6.217967322161167
80.8	6.074430077479866
80.9	5.9182766967861
81.	5.745534664226232
81.1	5.5533969736332
81.2	5.3405635933893665
81.3	5.107478516080866
81.4	4.856433446153099
81.5	4.5915230065236
81.6	4.3184522613868666
81.7	4.044213217899433
81.8	3.7766606996863326
81.9	3.524027859126733
82.	3.2944264788891666
82.1	3.0953766933000333
82.2	2.9334051617156334
82.3	2.813741030334967
82.4	2.740126689792067
82.5	2.7147470974941665
82.6	2.738269023832866
82.7	2.8099715181955
82.8	2.9279422810015334
82.9	3.089312038118
83.	3.290500417960267
83.1	3.5274516357307997
83.2	3.7958454373112667
83.3	4.0912768894559
83.4	4.409406272207633
83.5	4.746086208105266
83.6	5.097476261094233
83.7	5.460155060328999
83.8	5.831236644105299
83.9	6.2084918603757995
84.	6.590468478542233
84.1	6.9765966531503
84.2	7.3672610866014
84.3	7.763819007130032
84.4	8.168544786219332
84.5	8.5844878836999
84.6	9.015240301068433
84.7	9.464621606457966
84.8	9.936302103453434
84.9	10.433395812635533
85.	10.958062674448332
85.1	11.511162237952234
85.2	12.091998260925301
85.3	12.698185196049899
85.4	13.325654465373663
85.5	13.968802510111999
85.6	14.620766121092998
85.7	15.273795916442
85.8	15.919688182033333
85.9	16.55023013142033
86.	17.157614613854
86.1	17.734787049206
86.2	18.275698649040997
86.3	18.775453867645
86.4	19.230354261215666
86.5	19.637853325500664
86.6	19.996445669959332
86.7	20.305518018871332
86.8	20.565188809378334
86.9	20.776158218297333
87.	20.939582603682
87.1	21.05697829925733
87.2	21.130151227255666
87.3	21.161142418008332
87.4	21.152176266056667
87.5	21.105598580915665
87.6	21.023794911258
87.7	20.90908537618333
87.8	20.763599099606598
87.9	20.589137962975464
88.	20.387044535299932
88.1	20.158091793965497
88.2	19.90241214781333
88.3	19.619480333956666
88.4	19.308159437641
88.5	18.966812375468333
88.6	18.59347366227833
88.7	18.186069162657333
88.8	17.742665718467
88.9	17.261728734672666
89.	16.742364426705333
89.1	16.184524602586
89.2	15.589155412766
89.3	14.958277025806996
89.4	14.294988055698669
89.5	13.603396006288001
89.6	12.888482173225999
89.7	12.155915528428666
89.8	11.411834385852666
89.9	10.662616590042
90.	9.914658327773665
90.1	9.174178536297333
90.2	8.447060709732
90.3	7.738737456468334
90.4	7.054116435043666
90.5	6.397540374540332
90.6	5.772769772146567
90.7	5.182975279253999
90.8	4.6307280527728665
90.9	4.117980259057667
91.	3.6460337669126663
91.1	3.2155017325469997
91.2	2.826273906507333
91.3	2.477500746217
91.4	2.1676127225806665
91.5	1.8943889976699997
91.6	1.6550839898316667
91.7	1.4466119732613332
91.8	1.2657800943766664
91.9	1.109550699183
92.	0.9753063933893333
92.1	0.8610872838939999
92.2	0.765770324034
92.3	0.6891658165546667
92.4	0.6320153336573666
92.5	0.5958872902229999
92.6	0.5829793517949999
92.7	0.5958487763113334
92.8	0.6371008353233334
92.9	0.7090702644786667
93.	0.8135305866836667
93.1	0.9514612737946666
93.2	1.1228939687053332
93.3	1.3268478724909667
93.4	1.5613527185212002
93.5	1.8235473076282667
93.6	2.109833856446833
93.7	2.416064358401667
93.8	2.737735047607333
93.9	3.0701684915023333
94.	3.408668868228
94.1	3.748643313019333
94.2	4.0856894543476665
94.3	4.415655169675333
94.4	4.734680291151665
94.5	5.039231075014333
94.6	5.326136810386333
94.7	5.592634507076333
94.8	5.8364230097073335
94.9	6.055723095035001
95.	6.2493360536483324
95.1	6.416690665697999
95.2	6.5578677950563335
95.3	6.673593149536666
95.4	6.765191864760666
95.5	6.834502976482999
95.6	6.883756889142333
95.7	6.915423891233333
95.8	6.932045907383333
95.9	6.936066432937334
96.	6.929674569332834
96.1	6.914678104708566
96.2	6.892417746514167
96.3	6.863730227881399
96.4	6.8289626028339985
96.5	6.7880342875906665
96.6	6.740538034441666
96.7	6.6858667588786656
96.8	6.623350573989335
96.9	6.552387900579
97.	6.472556215107667
97.1	6.383691653867666
97.2	6.285931780537333
97.3	6.1797215828826655
97.4	6.065788286433333
97.5	5.945094966495333
97.6	5.818785469851666
97.7	5.688133382596666
97.8	5.554505647449333
97.9	5.419347301253667
98.	5.284188397679666
98.1	5.150668479686333
98.2	5.020569036847332
98.3	4.895841175551666
98.4	4.778614922948666
98.5	4.671178430885333
98.6	4.575919625952666
98.7	4.4952289006543324
98.8	4.431368255931966
98.9	4.386318721475666
99.	4.361622778045956
99.1	4.3582410054254765
99.2	4.376441799834432
99.3	4.415739749415566
99.4	4.474892601013666
99.5	4.5519595665166666
99.6	4.6444161063993326
99.7	4.749313438324333
99.8	4.8634658531443336
99.9	4.983646173554667
100.	5.1067696524083335
100.1	5.230049147273333
100.2	5.351108999769334
100.3	5.468050915125333
100.4	5.579471350894
100.5	5.684435600076666
100.6	5.782418148613667
100.7	5.87322152306
100.8	5.956886533754
100.9	6.033605673502999
101.	6.103648813295665
101.1	6.167306772252666
101.2	6.224854442872667
101.3	6.276531523072666
101.4	6.322536062237999
101.5	6.363024333795334
101.6	6.398110194677667
101.7	6.427858073254567
101.8	6.452265848993101
101.9	6.471236798119076
102.	6.484543003530254
102.1	6.4917856355469326
102.2	6.492359775615935
102.3	6.485432535338
102.4	6.469942830895
102.5	6.444629229842333
102.6	6.408088962437333
102.7	6.358866898992334
102.8	6.2955686515739995
102.9	6.216987698006667
103.	6.122233288775999
103.1	6.0108444971043316
103.2	5.882876482234
103.3	5.738947895038999
103.4	5.580243035183
103.5	5.408468208572666
103.6	5.225767827906
103.7	5.034611152413666
103.8	4.837664269019333
103.9	4.637663318430667
104.	4.437303806465334
104.1	4.239157296996
104.2	4.0456214814696665
104.3	3.858903508508333
104.4	3.681030645390666
104.5	3.513877888659666
104.6	3.3591998549424336
104.7	3.2186545671949824
104.8	3.0938095204829397
104.9	2.986125104626233
105.	2.896916150109166
105.1	2.8272979302599994
105.2	2.778127303931
105.3	2.7499519629550004
105.4	2.7429805007563335
105.5	2.7570832691906664
105.6	2.791829238798333
105.7	2.8465581920963334
105.8	2.9204816265399995
105.9	3.012800784075667
106.	3.122827112473333
106.1	3.2500897005259994
106.2	3.3944158815366667
106.3	3.5559749110996663
106.4	3.7352797039373327
106.5	3.933147178828666
106.6	4.150622911615333
106.7	4.388879776146332
106.8	4.649102571884999
106.9	4.932371122498
107.	5.239553130737333
107.1	5.571215588735665
107.2	5.927560310170667
107.3	6.308385747721866
107.4	6.7130741832275
107.5	7.140600979714166
107.6	7.589561045479973
107.7	8.058206986590983
107.8	8.5444935113931
107.9	9.046123312471732
108.	9.560590699792765
108.1	10.085220514416001
108.2	10.617201182401665
108.3	11.153612060431001
108.4	11.691446387601333
108.5	12.227632085088333
108.6	12.759053225252664
108.7	13.282575102970668
108.8	13.795075391784332
108.9	14.293482825432998
109.	14.774823280390002
109.1	15.236271238105001
109.2	15.675202679716332
109.3	16.08924389156433
109.4	16.476309818714668
109.5	16.834625803331665
109.6	17.162727928322
109.7	17.459439676106662
109.8	17.723825897995667
109.9	17.955128649621333
110.	18.152692650099333
110.1	18.315890328259997
110.2	18.44405712516233
110.3	18.536446673044864
110.4	18.592212733841567
110.5	18.61042075212363
110.6	18.590087234387333
110.7	18.530240733340232
110.8	18.42999482312403
110.9	18.288621749002196
111.	18.105615782967
111.1	17.880737672222665
111.2	17.614035510816997
111.3	17.30584214787533
111.4	16.956753957848335
111.5	16.567599518512665
111.6	16.139408743217665
111.7	15.67339288995833
111.8	15.170943628997666
111.9	14.633655404988666
112.	14.063370422054
112.1	13.462240635365
112.2	12.832797073886669
112.3	12.178014404930668
112.4	11.501358316266
112.5	10.806805095215665
112.6	10.098826385775999
112.7	9.382336866794999
112.8	8.662607682848332
112.9	7.94515303441
113.	7.235600673957
113.1	6.539558696976333
113.2	5.862490813141566
113.3	5.209610400688266
113.4	4.585800516204199
113.5	3.995563243284633
113.6	3.4429979510863995
113.7	2.931804759435633
113.8	2.4653071795103334
113.9	2.0464867203186663
114.	1.6780222140996663
114.1	1.3623275405096664
114.2	1.1015830208443331
114.3	0.8977576661919999
114.4	0.7526213671723332
114.5	0.6677477404493334
114.6	0.6445095194243333
114.7	0.6840690084386667
114.8	0.7873662104253333
114.9	0.9551068522073332
115.	1.1877517816626666
115.1	1.4855082381053333
115.2	1.8483224615816667
115.3	2.275872174740333
115.4	2.7675568057796665
115.5	3.3224830657809994
115.6	3.939443751311333
115.7	4.616888452224
115.8	5.352886157965
115.9	6.145081431069333
116.	6.990647615096333
116.1	7.886242167693333
116.2	8.8279703281942
116.3	9.811363661445899
116.4	10.8313793749195
116.5	11.8824246527742
116.6	12.958407733699932
116.7	14.0528143976248
116.8	15.158805379235
116.9	16.269327500413663
117.	17.377229496586665
117.1	18.475372953710664
117.2	19.556729625475
117.3	20.614458574005667
117.4	21.641959740390664
117.5	22.632904191669
117.6	23.581244798203002
117.7	24.481213876672328
117.8	25.327315924474668
117.9	26.114323720613335
118.	26.837284780777665
118.1	27.491542699401
118.2	28.072774748031
118.3	28.57704380879933
118.4	29.000859873974665
118.5	29.34124441164367
118.6	29.595790162924672
118.7	29.762709453901667
118.8	29.840865704548666
118.9	29.829785155892996
119.	29.72964847011733
119.1	29.541264338967668
119.2	29.266029186249668
119.3	28.905878227517665
119.4	28.4632334742893
119.5	27.9409538073849
119.6	27.342291179475
119.7	26.670855585850703
119.8	25.930589913496
119.9	25.125754356355333
120.	24.26091891065966
120.1	23.340961615268668
120.2	22.371069691369
120.3	21.356740545092997
120.4	20.303779688546335
120.5	19.21829297895033
120.6	18.106671144106333
120.7	16.975565319689665
120.8	15.831853222791333
120.9	14.682596539368333
121.	13.534990990684335
121.1	12.396311222074665
121.2	11.273852979015999
121.3	10.174874900371332
121.4	9.106541634663332
121.5	8.075868955158665
121.6	7.089670296037
121.7	6.154502933072
121.8	5.276611203008333
121.9	4.461863975459
122.	3.7156842456459995
122.1	3.042970216742667
122.2	2.4480094169751663
122.3	1.9343898844227
122.4	1.5049147731485668
122.5	1.1615283630248
122.6	0.9052619473010333
122.7	0.7362071576976668
122.8	0.6535219525083332
122.9	0.6554710070043333
123.	0.7394981275113334
123.1	0.9023242454166667
123.2	1.140061258245
123.3	1.4483300898416664
123.4	1.8223712257159996
123.5	2.257137708238333
123.6	2.7473638727633327
123.7	3.2876073952446667
123.8	3.872266741060667
123.9	4.495580047948
124.	5.1516141552446655
124.1	5.834253469691
124.2	6.537197534904999
124.3	7.253973794028667
124.4	7.977968646112334
124.5	8.702476209652666
124.6	9.420760964169332
124.7	10.126128253712999
124.8	10.811995868076
124.9	11.471960619879663
125.	12.099855745784666
125.1	12.689797578595
125.2	13.236222641934667
125.3	13.733918502252099
125.4	14.178052921207566
125.5	14.564205862693997
125.6	14.888407782435666
125.7	15.147185664786665
125.8	15.337615945095
125.9	15.457381288416999
126.	15.504826647450665
126.1	15.479009391829331
126.2	15.379738666064668
126.3	15.207600354568665
126.4	14.963965795515332
126.5	14.650984290539334
126.6	14.271561112071666
126.7	13.829323817926666
126.8	13.328580109344
126.9	12.774270240748333
127.	12.171916291118333
127.1	11.527569690784667
127.2	10.847757538867
127.3	10.139427641719667
127.4	9.409891949064
127.5	8.666768122953666
127.6	7.917919214445
127.7	7.171391659207334
127.8	6.435351870109665
127.9	5.718021515425666
128.	5.027611144608333
128.1	4.372251297494667
128.2	3.759919821004
128.3	3.198364048613
128.4	2.695016947167333
128.5	2.2569073534836663
128.6	1.890565910654333
128.7	1.6019300097263331
128.8	1.3962525873676666
128.9	1.278020630526
129.	1.2508893691673333
129.1	1.3176372253256665
129.2	1.4801446678766665
129.3	1.7393974580996665
129.4	2.0955118057356668
129.5	2.5477762329599996
129.6	3.094702996929
129.7	3.734081155591666
129.8	4.463023961469333
129.9	5.278005152266333
130.	6.174881533105332
130.1	7.148902479182
130.2	8.194710007192333
130.3	9.306335289243332
130.4	10.477198501627665
130.5	11.700118539748999
130.6	12.967337509048665
130.7	14.270562385233667
130.8	15.601023370981999
130.9	16.949545857285663
131.	18.306631056171664
131.1	19.662539655050665
131.2	21.007373351050667
131.3	22.331150695024334
131.4	23.623875923442668
131.5	24.875601872099
131.6	26.07649011148033
131.7	27.216872684873668
131.8	28.287320011545994
131.9	29.278718610945326
132.	30.18236051207967
132.1	30.990043903424667
132.2	31.694182213558
132.3	32.28791684089733
132.4	32.76522751782366
132.5	33.12103399178133
132.6	33.35128332978
132.7	33.45301853504866
132.8	33.42442601834766
132.9	33.26486144793667
133.	32.97485529315367
133.1	32.55610073596466
133.2	32.011427419038995
133.3	31.344764716658336
133.4	30.56109793762933
133.5	29.666420238689003
133.6	28.66768220309
133.7	27.572740167379997
133.8	26.390303561695994
133.9	25.129880832071667
134.	23.801722964808665
134.1	22.416763251667994
134.2	20.986551733706328
134.3	19.523182770993333
134.4	18.03921443042033
134.5	16.54757889369366
134.6	15.061483845230665
134.7	13.594305754521333
134.8	12.159477000263333
134.9	10.770369732553334
135.	9.440180048629333
135.1	8.181816293644665
135.2	7.0077949836430005
135.3	5.930146965299999
135.4	4.960335082943667
135.5	4.109183024831665
135.6	3.3868134615949996
135.7	2.8025923754269995
135.8	2.365075875993
135.9	2.0819559649409998
136.	1.9600026519336666
136.1	2.0050013889516665
136.2	2.2216866841659995
136.3	2.6136746096586663
136.4	3.1833983519843327
136.5	3.9320516709146665
136.6	4.859544973164
136.7	5.964477698630334
136.8	7.244129058069667
136.9	8.694467190701
137.	10.310174928762667
137.1	12.084688940500666
137.2	14.010248341983335
137.3	16.077949032883666
137.4	18.277800937057332
137.5	20.598786781333665
137.6	23.028922668750667
137.7	25.55532212866766
137.8	28.164266232401665
137.9	30.84128256642333
138.	33.571235326477996
138.1	36.33842767853933
138.2	39.126716085276996
138.3	41.919634847990665
138.4	44.700527945597
138.5	47.45268461427867
138.6	50.159475028223
138.7	52.804482914649
138.8	55.371632744295326
138.9	57.84531005778334
139.	60.210474302146665
139.1	62.452764071022
139.2	64.558594820586
139.3	66.51524901303932
139.4	68.310958380453
139.5	69.93497776587532
139.6	71.37764995599066
139.7	72.63046117301766
139.8	73.68608738987498
139.9	74.53843227479733
140.	75.182658130393
140.1	75.61521146942432
140.2	75.83384466169666
140.3	75.83763438545967
140.4	75.626996441883
140.5	75.20369515256766
140.6	74.57084430229
140.7	73.73289582561166
140.8	72.69561241516067
140.9	71.46602108886833
141.	70.05234645149565
141.1	68.46392462895267
141.2	66.71110123551833
141.3	64.80511874656433
141.4	62.75799983829566
141.5	60.582433296082
141.6	58.291667919956666
141.7	55.89941764569366
141.8	53.419778257275
141.9	50.86715321330863
142.	48.256183795274666
142.1	45.6016775893001
142.2	42.91852945145327
142.3	40.221630647255694
142.4	37.5257644369711
142.5	34.84548950353883
142.6	32.19501557121933
142.7	29.588077751142336
142.8	27.03781702606333
142.9	24.556673699873333
143.	22.156298672658664
143.1	19.847484495669665
143.2	17.640114944304333
143.3	15.543129028496
143.4	13.564493559191
143.5	11.711178005377
143.6	9.989126494162333
143.7	8.403224172838
143.8	6.957258246690667
143.9	5.653877136322
144.	4.4945536735989995
144.1	3.479559525068333
144.2	2.6079578148053333
144.3	1.877619255483433
144.4	1.2852643431703332
144.5	0.8265309029405332
144.6	0.49606316891399993
144.7	0.2876162587671
144.8	0.19416879019606664
144.9	0.20803663529956662
145.	0.32098226972239996
145.1	0.5243164433910333
145.2	0.8089914247143667
145.3	1.1656872775671332
145.4	1.584894061149933
145.5	2.0569932512396667
145.6	2.572341079948333
145.7	3.1213551333556664
145.8	3.6946038512006667
145.9	4.282897013661334
146.	4.877374284263333
146.1	5.469588648584765
146.2	6.051582166739434
146.3	6.615952653720534
146.4	7.155911359008533
146.5	7.6653330230644325
146.6	8.138800475123332
146.7	8.5716459801606
146.8	8.959990823658066
146.9	9.300783326610865
147.	9.591833955725498
147.1	9.831844851659033
147.2	10.0204303144269
147.3	10.158124805938366
147.4	10.2463758854369
147.5	10.2875210162926
147.6	10.284749016286133
147.7	10.242048633483266
147.8	10.164147899729999
147.9	10.056448254211233
148.	9.924956853332732
148.1	9.776219134974399
148.2	9.6172519229794
148.3	9.455475601125965
148.4	9.298642619648332
148.5	9.154759177080367
148.6	9.031997502843133
148.7	8.938597665394433
148.8	8.8827599303405
148.9	8.872530915526134
149.	8.915688612365967
149.1	9.019632306694366
149.2	9.191283271094232
149.3	9.437000786134032
149.4	9.7625158200301
149.5	10.172882000235631
149.6	10.672440903171868
149.7	11.264796721367134
149.8	11.952794448217333
149.9	12.738496046865567
150.	13.62315055955263
150.1	14.607156455097169
150.2	15.690017207415298
150.3	16.8702936001104
150.4	18.145558061406764
150.5	19.512357121350696
150.6	20.966187740152463
150.7	22.501491918492096
150.8	24.11167199131983
150.9	25.7891267732815
151.	27.52530671470253
151.1	29.310784808629197
151.2	31.135339360371194
151.3	32.9880449051025
151.4	34.857368363482294
151.5	36.73126867744996
151.6	38.5972993329839
151.7	40.442714062873605
151.8	42.25457643788796
151.9	44.019873972554095
152.	45.72563683212603
152.1	47.35906046810513
152.2	48.90763071641983
152.3	50.35924927546813
152.4	51.70235717747643
152.5	52.926053903381856
152.6	54.02021008367746
152.7	54.975572198318964
152.8	55.78385814014863
152.9	56.4378428616331
153.	56.93143353953876
153.1	57.25973375736499
153.2	57.41909626869304
153.3	57.4071640176095
153.4	57.22289938679293
153.5	56.866602144079906
153.6	56.33991716326133
153.7	55.645833638473135
153.8	54.788677935813496
153.9	53.7741022799251
154.	52.60907105073457
154.1	51.30184551053131
154.2	49.8619664562786
154.3	48.300232841361066
154.4	46.62867310505169
154.5	44.86050519066643
154.6	43.0100811912609
154.7	41.092813376716336
154.8	39.12507993641786
154.9	37.12411083857613
155.	35.107856365675964
155.1	33.09484271295267
155.2	31.10402011073773
155.3	29.154609049756232
155.4	27.265949298194332
155.5	25.457354707380734
155.6	23.7479746964292
155.7	22.156661268032032
155.8	20.7018389173865
155.9	19.401374207810065
156.	18.27244224537083
156.1	17.331388686573334
156.2	16.593587926613
156.3	16.073300255329364
156.4	15.783532509778667
156.5	15.7359076581431
156.6	15.940548573161731
156.7	16.405980006939767
156.8	17.139050724868465
156.9	18.1448753611272
157.	19.426793365836694
157.1	20.986340932955798
157.2	22.82323136107074
157.3	24.93533999934923
157.4	27.318691581088064
157.5	29.967449937174734
157.6	32.8739122707552
157.7	36.028511827226296
157.8	39.41983350867733
157.9	43.0346465910655
158.	46.85795732509733
158.1	50.873082173779224
158.2	55.061740304346166
158.3	59.404162234082264
158.4	63.8792106377079
158.5	68.4645095222553
158.6	73.1365790992428
158.7	77.87097547117597
158.8	82.6424361170013
158.9	87.42503356466966
159.	92.19234010721829
159.1	96.91760570065658
159.2	101.57394937074818
159.3	106.13456191650137
159.4	110.57291501238333
159.5	114.86296970054686
159.6	118.97937628757475
159.7	122.89765817103724
159.8	126.59437417158541
159.9	130.047257101976
160.	133.23532998598745
160.1	136.1390046850351
160.2	138.74016993706795
160.3	141.02227641823134
160.4	142.97042519589408
160.5	144.5714630945232
160.6	145.81408466677243
160.7	146.68893651798578
160.8	147.18871660699256
160.9	147.30825959410907
161.	147.04459976110735
161.1	146.3970054371303
161.2	145.36698272832018
161.3	143.95825082696567
161.4	142.17669521734467
161.5	140.0303077890186
161.6	137.52912351384373
161.7	134.68516176038136
161.8	131.51237682776053
161.9	128.02661759448767
162.	124.24559140432973
162.1	120.18882349404277
162.2	115.87760133769487
162.3	111.33489370555304
162.4	106.58523697895458
162.5	101.65458578215403
162.6	96.57013028680622
162.7	91.36008752347102
162.8	86.05347758061285
162.9	80.67989698129416
163.	75.26930049430717
163.1	69.8517994989858
163.2	64.45748046942559
163.3	59.11624231686126
163.4	53.8576472558306
163.5	48.71077750319627
163.6	43.704089951027655
163.7	38.86526293728166
163.8	34.22103286208237
163.9	29.7970227344878
164.	25.617568712739967
164.1	21.70555337985683
164.2	18.082255187141232
164.3	14.767222070445865
164.4	11.778174006956199
164.5	9.130935009078
164.6	6.8393907409441335
164.7	4.915464593660966
164.8	3.369103423632533
164.9	2.208264591491733
165.	1.4388982869292
165.1	1.064922791514633
165.2	1.0881944165855
165.3	1.508477379640467
165.4	2.3234210251037664
165.5	3.528552080853733
165.6	5.117288055953266
165.7	7.080974868563333
165.8	9.408948123836467
165.9	12.0886140662675
166.	15.105543941955034
166.1	18.443574873664733
166.2	22.08491149088877
166.3	26.010225143433434
166.4	30.198750860423733
166.5	34.6283854125548
166.6	39.275792035804
166.7	44.11651798126627
166.8	49.1251298293718
166.9	54.2753687481386
167.	59.540324151921226
167.1	64.89262048946578
167.2	70.30460901803133
167.3	75.74855514768794
167.4	81.19681260436487
167.5	86.62197812982211
167.6	91.99702419373502
167.7	97.29541134780676
167.8	102.49118546166719
167.9	107.55906731787641
168.	112.47454240337977
168.1	117.21395714977768
168.2	121.75462475855667
168.3	126.07493985810584
168.4	130.15449749384152
168.5	133.97420928152692
168.6	137.51640855626317
168.7	140.76493726513772
168.8	143.7052099700782
168.9	146.3242539954851
169.	148.61072863692135
169.1	150.55492953782993
169.2	152.1487861030504
169.3	153.38585981224674
169.4	154.2613495283965
169.5	154.77210685868292
169.6	154.91666100626657
169.7	154.69524921436516
169.8	154.1098465603728
169.9	153.16418796498903
170.	151.86377595015864
170.1	150.21586961538998
170.2	148.22945297718803
170.3	145.91518352773053
170.4	143.2853240136974
170.5	140.35366156633646
170.6	137.13541834801734
170.7	133.64715696566464
170.8	129.9066824950064
170.9	125.93294158563239
171.	121.74591822243943
171.1	117.36652561337263
171.2	112.81649433043944
171.3	108.11825801464165
171.4	103.29483918521026
171.5	98.36973850198594
171.6	93.36683080513083
171.7	88.31027026754404
171.8	83.22440518999849
171.9	78.13370076598798
172.	73.06266619070013
172.1	68.03578132660702
172.2	63.07741827383649
172.3	58.21175469169393
172.4	53.4626783392499
172.5	48.85368541650744
172.6	44.40777810191705
172.7	40.14736834482029
172.8	36.094194900770276
172.9	32.26925861011867
173.	28.69277729983706
173.1	25.38415722152503
173.2	22.36197369638423
173.3	19.6439507270145
173.4	17.246928667452096
173.5	15.186811008184167
173.6	13.478485717623933
173.7	12.1357225445397
173.8	11.1710539197325
173.9	10.595652127799767
174.	10.419217956003726
174.1	10.649895284176432
174.2	11.294222018632436
174.3	12.357121150730707
174.4	13.841927959575367
174.5	15.7504422622199
174.6	18.0829898699721
174.7	20.83847628876553
174.8	24.01441864417247
174.9	27.606948296497066
175.	31.610785225976432
175.1	36.01919400249281
175.2	40.82393786322565
175.3	46.01525032501511
175.4	51.58184192581644
175.5	57.510953259387406
175.6	63.78845574892679
175.7	70.39899076947646
175.8	77.32612831803633
175.9	84.5525208776033
176.	92.06002796905899
176.1	99.82979255438596
176.2	107.84226093977611
176.3	116.07715090836317
176.4	124.51338555484087
176.5	133.12901958793526
176.6	141.90118835237718
176.7	150.80610628187532
176.8	159.81913138626615
176.9	168.91489774839724
177.	178.0675020708008
177.1	187.2507168492771
177.2	196.43819514726943
177.3	205.60363243809346
177.4	214.7208599963039
177.5	223.76386033231802
177.6	232.70671481681794
177.7	241.5235125401192
177.8	250.1882630044254
177.9	258.6748597698047
178.	266.9571358305101
178.1	275.0090347406302
178.2	282.8048972885346
178.3	290.3198366322568
178.4	297.5301510451154
178.5	304.41370835825404
178.6	310.9502338124203
178.7	317.1214449559478
178.8	322.9110020384614
178.9	328.3042758188936
179.	333.2879704922542
179.1	337.84967034914246
179.2	341.97739820776957
179.3	345.65927703953787
179.4	348.8833718897982
179.5	351.6377593695693
179.6	353.9108314202823
179.7	355.6917968025596
179.8	356.97130533329465
179.9	357.7420946912214
180.	357.9995519887287