# O+CO(0,0) elastic diff. cross section
# E = 0.00025 eV
# angle, CS (1e-16 cm^2)
0.1	10913.904488114335
0.2	10905.410047883666
0.3	10891.266819450666
0.4	10871.496026187333
0.5	10846.127311915998
0.6	10815.198672185
0.7	10778.756366312999
0.8	10736.85481026
0.9	10689.556451236665
1.	10636.931623405999
1.1	10579.058386292
1.2	10516.022345204332
1.3	10447.916455349332
1.4	10374.840809140667
1.5	10296.902408285332
1.6	10214.214920536999
1.7	10126.898422356
1.8	10035.079127962334
1.9	9938.88910587
2.	9838.465983043332
2.1	9733.952638652998
2.2	9625.496887092333
2.3	9513.251152069666
2.4	9397.372132350667
2.5	9278.020460101998
2.6	9155.36035276233
2.7	9029.559259753332
2.8	8900.787504469667
2.9	8769.217923072
3.	8635.025500779666
3.1	8498.387006855666
3.2	8359.480628931
3.3	8218.485608043
3.4	8075.581875353999
3.5	7930.9496911803335
3.6	7784.7692873473325
3.7	7637.220514430333
3.8	7488.482493727666
3.9	7338.733275644333
4.	7188.1495051816655
4.1	7036.906095151001
4.2	6885.175907929333
4.3	6733.129446823333
4.4	6580.934557251666
4.5	6428.756139056999
4.6	6276.755869728999
4.7	6125.091940241333
4.8	5973.918802756667
4.9	5823.386932091667
5.	5673.642600008332
5.1	5524.827663936667
5.2	5377.079369650666
5.3	5230.5301688223335
5.4	5085.307551004667
5.5	4941.5338911886665
5.6	4799.326312113666
5.7	4658.7965622579995
5.8	4520.050909013
5.9	4383.190047398333
6.	4248.309024154666
6.1	4115.497177088
6.2	3984.8380896333333
6.3	3856.4095604636664
6.4	3730.283587855333
6.5	3606.526368649333
6.6	3485.1983114369996
6.7	3366.354063703333
6.8	3250.042552464667
6.9	3136.3070381346665
7.	3025.185181026333
7.1	2916.709120142
7.2	2810.905563659
7.3	2707.7958906989998
7.4	2607.3962636756664
7.5	2509.7177508116665
7.6	2414.7664581256668
7.7	2322.543670322333
7.8	2233.0459999446666
7.9	2146.2655441809998
8.	2062.1900486646664
8.1	1980.803077592333
8.2	1902.084189556
8.3	1826.0091183866666
8.4	1752.5499583439998
8.5	1681.675353039
8.6	1613.350687395
8.7	1547.5382820099999
8.8	1484.1975892833334
8.9	1423.285390687
9.	1364.7559945449998
9.1	1308.5614337416666
9.2	1254.6516627553333
9.3	1202.9747534696667
9.4	1153.4770891716664
9.5	1106.1035562756665
9.6	1060.7977332276666
9.7	1017.502076075
9.8	976.1581003303332
9.9	936.7065586183332
10.	899.0876137453333
10.1	863.2410067926667
10.2	829.106219895
10.3	796.622633387
10.4	765.72967699
10.5	736.3669748356666
10.6	708.4744840263334
10.7	681.9926265683332
10.8	656.8624145059999
10.9	633.0255680643334
11.	610.4246267346666
11.1	589.003053175
11.2	568.7053298819999
11.3	549.477048592
11.4	531.264992399
11.5	514.0172106176666
11.6	497.6830864196666
11.7	482.2133973186666
11.8	467.5603685853333
11.9	453.67771971266666
12.	440.52070405399996
12.1	428.0461417883333
12.2	416.21244638766666
12.3	404.97964476399994
12.4	394.30939130866665
12.5	384.1649760373333
12.6	374.511327072
12.7	365.3150077033333
12.8	356.54420829266667
12.9	348.16873326966663
13.	340.15998350033334
13.1	332.4909343093333
13.2	325.13610943
13.3	318.07155117733333
13.4	311.27478713466667
13.5	304.7247936403333
13.6	298.4019563723333
13.7	292.28802832366665
13.8	286.366085448
13.9	280.6204802776666
14.	275.0367937826666
14.1	269.6017857523333
14.2	264.303343978
14.3	259.13043248533336
14.4	254.07303908866666
14.5	249.12212250333334
14.6	244.26955926166664
14.7	239.50809065466666
14.8	234.83126992366664
14.9	230.23340990133335
15.	225.70953130566664
15.1	221.25531186266667
15.2	216.867036431
15.3	212.5415482906667
15.4	208.27620173566666
15.5	204.06881610833332
15.6	199.91763139166665
15.7	195.82126546916666
15.8	191.77867314596665
15.9	187.78910701093332
16.	183.85208021179997
16.1	179.96733119593333
16.2	176.13479046056665
16.3	172.35454935206667
16.4	168.62683092456666
16.5	164.95196287353332
16.6	161.330352544
16.7	157.7624639951
16.8	154.2487971117
16.9	150.78986871773333
17.	147.38619566473332
17.1	144.03827983976666
17.2	140.74659504333331
17.3	137.51157566993334
17.4	134.33360712803332
17.5	131.2130179225333
17.6	128.15007331866664
17.7	125.14497050843332
17.8	122.19783518773332
17.9	119.3087194533
18.	116.47760092976667
18.1	113.70438302723332
18.2	110.9888962331
18.3	108.33090034079999
18.4	105.73008751893333
18.5	103.18608611970001
18.6	100.69846513113333
18.7	98.26673917656667
18.8	95.89037397063333
18.9	93.5687921352
19.	91.30137928686665
19.1	89.0874903148
19.2	86.92645576166667
19.3	84.81758822913332
19.4	82.76018873423334
19.5	80.75355294953334
19.6	78.79697725243332
19.7	76.88976453523333
19.8	75.03122970593333
19.9	73.2207048441
20.	71.45754395156666
20.1	69.74112727003333
20.2	68.07086512286666
20.3	66.44620125649999
20.4	64.86661565333333
20.5	63.33162680258
20.6	61.84079341089
20.7	60.39371554914667
20.8	58.99003522754666
20.9	57.62943640522333
21.	56.31164443956
21.1	55.03642498484667
21.2	53.80358235742
21.3	52.61295738817
21.4	51.46442478103334
21.5	50.35789001187
21.6	49.29328578912333
21.7	48.27056811986667
21.8	47.289712006609996
21.9	46.35070682277333
22.	45.45355139919333
22.1	44.59824887322
22.2	43.784801332023335
22.3	43.01320430893333
22.4	42.28344116458
22.5	41.59547741174633
22.6	40.949255018727996
22.7	40.344686746374336
22.8	39.78165055981633
22.9	39.25998415815967
23.	38.779479673049664
23.1	38.33987856968666
23.2	37.94086679781366
23.3	37.58207022852933
23.4	37.263050416786996
23.5	36.98330071872333
23.6	36.74224280435566
23.7	36.539223588121
23.8	36.37351260574333
23.9	36.24429986660366
24.	36.150694193319666
24.1	36.09172207390333
24.2	36.066327036813334
24.3	36.073369560956664
24.4	36.11162752810333
24.5	36.1797972221
24.6	36.276494875156665
24.7	36.40025875895
24.8	36.54955181471333
24.9	36.72276481179
25.	36.91822002385667
25.1	37.134175405676665
25.2	37.368829251933334
25.3	37.62032531666333
25.4	37.88675836860333
25.5	38.16618015527666
25.6	38.45660574608
25.7	38.75602022258666
25.8	39.06238568208
25.9	39.37364851802
26.	39.68774693994333
26.1	40.00261869397666
26.2	40.31620894304999
26.3	40.62647826544
26.4	40.93141072990333
26.5	41.22902200368999
26.6	41.517367451093335
26.7	41.79455017914666
26.8	42.058728986503326
26.9	42.30812617432666
27.	42.54103517564667
27.1	42.75582796254333
27.2	42.950962191023336
27.3	43.12498804420666
27.4	43.2765547368
27.5	43.40441664466667
27.6	43.5074390255
27.7	43.584603299466664
27.8	43.63501185866666
27.9	43.65789237933333
28.	43.652601611466665
28.1	43.61862862316667
28.2	43.555597480966654
28.3	43.46326934866667
28.4	43.3415439916
28.5	43.190460674899995
28.6	43.01019844833333
28.7	42.80107581276667
28.8	42.563549766799994
28.9	42.2982142352
29.	42.00579788256667
29.1	41.687161321800005
29.2	41.34329372563333
29.3	40.97530885653333
29.4	40.58444053033333
29.5	40.17203753353333
29.6	39.73955801496667
29.7	39.28856337773333
29.8	38.82071169726667
29.9	38.33775069473333
30.	37.841510297566664
30.1	37.33389482043333
30.2	36.816874801199994
30.3	36.29247852926666
30.4	35.762783304799996
30.5	35.2299064674
30.6	34.6959962359
30.7	34.16322240059999
30.8	33.63376690923333
30.9	33.109814391
31.	32.5935426601
31.1	32.08711324236667
31.2	31.59266196785
31.3	31.112289672130004
31.4	30.64805304727
31.5	30.201955684749997
31.6	29.77593934952333
31.7	29.371875525256662
31.8	28.991557267406666
31.9	28.636691401086665
32.	28.30889109797333
32.1	28.009668864746665
32.2	27.7404299742
32.3	27.502466367079666
32.4	27.29695105150666
32.5	27.124933023269335
32.6	26.987332729219
32.7	26.884938092282333
32.8	26.81840111408733
32.9	26.788235069469998
33.	26.794812303126665
33.1	26.838362636516667
33.2	26.91897239053
33.3	27.036584025843332
33.4	27.190996400616662
33.5	27.381865642353333
33.6	27.608706627929998
33.7	27.870895062653336
33.8	28.167670146729996
33.9	28.49813781583333
34.	28.861274538066667
34.1	29.255931648433332
34.2	29.68084020053333
34.3	30.1346163091
34.4	30.615766960866665
34.5	31.12269626323333
34.6	31.653712102333333
34.7	32.20703317943333
34.8	32.7807963915
34.9	33.37306452326666
35.	33.98183421426666
35.1	34.6050441647
35.2	35.240583542799996
35.3	35.88630055589999
35.4	36.54001114613333
35.5	37.19950777289999
35.6	37.86256824173333
35.7	38.52696454263333
35.8	39.1904716571
35.9	39.85087629733333
36.	40.5059855388
36.1	41.153635310199995
36.2	41.7916987041
36.3	42.418094073233334
36.4	43.03079288023333
36.5	43.627827266266664
36.6	44.20729730996667
36.7	44.76737794613334
36.8	45.306325517533324
36.9	45.822483934133324
37.	46.31429041639999
37.1	46.7802808014
37.2	47.2190943922
37.3	47.629478334066675
37.4	48.01029150236667
37.5	48.36050789023333
37.6	48.679219485599994
37.7	48.9656386309
37.8	49.219099859500005
37.9	49.4390612064
38.	49.625104993799994
38.1	49.7769380924
38.2	49.894391663866664
38.3	49.977420391033334
38.4	50.02610120506667
38.5	50.04063152086667
38.6	50.02132699393333
38.7	49.96861881506667
38.8	49.88305055913333
38.9	49.76527460843333
39.	49.616048171100005
39.1	49.4362289174
39.2	49.22677025833333
39.3	48.988716292199996
39.4	48.7231964454
39.5	48.43141983676666
39.6	48.11466939303333
39.7	47.77429574583333
39.8	47.41171094116667
39.9	47.02838199126666
40.	46.625824301099996
40.1	46.205595000866666
40.2	45.76928621573333
40.3	45.318518305
40.4	44.85493310156666
40.5	44.3801871826
40.6	43.89594520233334
40.7	43.4038733159
40.8	42.9056327242
40.9	42.402873366533335
41.	41.897227789166664
41.1	41.39030521463333
41.2	40.883685837
41.3	40.3789153654
41.4	39.8774998383
41.5	39.38090072733333
41.6	38.890530350566664
41.7	38.40774761
41.8	37.93385406963333
41.9	37.47009038626666
42.	37.01763310406666
42.1	36.57759182213333
42.2	36.15100674253333
42.3	35.738846603
42.4	35.3420069988
42.5	34.96130909366666
42.6	34.59749872036666
42.7	34.25124586646666
42.8	33.92314454256667
42.9	33.6137130253
43.	33.32339446703333
43.1	33.0525578624
43.2	32.801499359766666
43.3	32.5704439042
43.4	32.35954719723333
43.5	32.168897956833334
43.6	31.998520459733335
43.7	31.848377347833328
43.8	31.718372677333328
43.9	31.6083551909
44.	31.5181217895
44.1	31.4474211816
44.2	31.395957686466666
44.3	31.363395166533337
44.4	31.34936106556666
44.5	31.353450526399996
44.6	31.375230564166664
44.7	31.414244269966666
44.8	31.470015019333335
44.9	31.542050661333334
45.	31.62984766396666
45.1	31.732895191299995
45.2	31.850679089733337
45.3	31.982685760099997
45.4	32.12840589416667
45.5	32.2873380546
45.6	32.45899207789999
45.7	32.64289228276667
45.8	32.83858046483333
45.9	33.04561866259999
46.	33.26359167926666
46.1	33.492109346899994
46.2	33.7308085213
46.3	33.979354796833334
46.4	34.23744393296667
46.5	34.50480298459999
46.6	34.78119113166666
46.7	35.0664002037
46.8	35.360254897199994
46.9	35.6626126867
47.	35.9733634287
47.1	36.292428664666666
47.2	36.61976062483333
47.3	36.95534094183333
47.4	37.2991790806
47.5	37.65131049519999
47.6	38.01179452393333
47.7	38.380712033866665
47.8	38.75816283193333
47.9	39.14426285453334
48.	39.539141155366664
48.1	39.942936707499996
48.2	40.355795039499995
48.3	40.777864725633336
48.4	41.20929374999999
48.5	41.650225767833334
48.6	42.10079628483333
48.7	42.5611287781
48.8	43.03133078156666
48.9	43.5114899601
49.	44.00167019533333
49.1	44.5019077078
49.2	45.012207238733325
49.3	45.53253831549999
49.4	46.062831624366666
49.5	46.60297551283333
49.6	47.1528126451
49.7	47.71213683159999
49.8	48.28069005486666
49.9	48.85815971099999
50.	49.444176086933325
50.1	50.03831009173334
50.2	50.64007125873333
50.3	51.24890603536667
50.4	51.864196374433334
50.5	52.48525864096666
50.6	53.111342846466655
50.7	53.74163222009999
50.8	54.3752431268
50.9	55.011225338633324
51.	55.648562665566665
51.1	56.2861739489
51.2	56.92291441889999
51.3	57.55757742026666
51.4	58.188896497466665
51.5	58.81554784516667
51.6	59.436153111066666
51.7	60.049282551000005
51.8	60.653458520866664
51.9	61.2471593042
52.	61.82882325359999
52.1	62.396853243033334
52.2	62.94962140673333
52.3	63.48547415566666
52.4	64.00273744796667
52.5	64.49972229989999
52.6	64.97473051153332
52.7	65.42606059046666
52.8	65.85201384516665
52.9	66.25090063009999
53.	66.62104671583333
53.1	66.96079975536665
53.2	67.2685358263
53.3	67.54266601893333
53.4	67.7816430425
53.5	67.98396782386666
53.6	68.14819607173334
53.7	68.27294477423334
53.8	68.35689860833332
53.9	68.39881622616667
54.	68.3975363995
54.1	68.35198398669999
54.2	68.26117570123333
54.3	68.12422565383332
54.4	67.94035064259998
54.5	67.70887516876667
54.6	67.42923615113332
54.7	67.10098732163333
54.8	66.7238032744
54.9	66.29748315536666
55.	65.82195396683333
55.1	65.29727347523333
55.2	64.72363270279999
55.3	64.1013579904
55.4	63.43091261726666
55.5	62.71289796916666
55.6	61.94805424296667
55.7	61.13726068203333
55.8	60.28153533506666
55.9	59.38203433673334
56.	58.44005070536666
56.1	57.457012660433335
56.2	56.43448145646667
56.3	55.374148745166664
56.4	54.27783346319999
56.5	53.147478255333326
56.6	51.98514544673333
56.7	50.79301256556667
56.8	49.57336743936666
56.9	48.3286028712
57.	47.06121091451
57.1	45.773776766396665
57.2	44.46897229286333
57.3	43.14954921230999
57.4	41.818331955443334
57.5	40.478210225423325
57.6	39.13213128276334
57.7	37.783091980676666
57.8	36.434130576353326
57.9	35.08831834594666
58.	33.7487510311
58.1	32.41854014563667
58.2	31.100804171763333
58.3	29.798659675406668
58.4	28.515212370663335
58.5	27.253548163406666
58.6	26.016724205196667
58.7	24.80775998667
58.8	23.629628501423333
58.9	22.48524751014
59.	21.377470934549997
59.1	20.309080410483332
59.2	19.28277702806667
59.3	18.30117328806
59.4	17.3667853002
59.5	16.48202525059333
59.6	15.649194163076666
59.7	14.870474978853332
59.8	14.147925977513333
59.9	13.483474560886666
60.	12.878911420503332
60.1	12.335885107699998
60.2	11.855897024006666
60.3	11.440296847783333
60.4	11.090278412103332
60.5	10.806876046056667
60.6	10.590961391843333
60.7	10.443240706363333
60.8	10.3642526557
60.9	10.354366608593333
61.	10.413781433403333
61.1	10.542524801019999
61.2	10.740452995193332
61.3	11.007251228933331
61.4	11.342434464863333
61.5	11.745348735266663
61.6	12.2151729556
61.7	12.75092122469
61.8	13.351445601553332
61.9	14.015439348826668
62.	14.741440630309999
62.1	15.527836649153333
62.2	16.372868211216662
62.3	17.274634697906667
62.4	18.23109942986
62.5	19.240095403903332
62.6	20.299331381866665
62.7	21.406398311763333
62.8	22.55877605834
62.9	23.753840420510002
63.	24.98887041245
63.1	26.26105578383333
63.2	27.567504754333335
63.3	28.905251937299997
63.4	30.27126642703333
63.5	31.662460022699996
63.6	33.07569556466667
63.7	34.5077953545
63.8	35.95554963426667
63.9	37.41572509763333
64.	38.88507340733333
64.1	40.36033969286667
64.2	41.83827100293333
64.3	43.31562468763333
64.4	44.78917668556666
64.5	46.255729692299994
64.6	47.71212118573334
64.7	49.15523128853333
64.8	50.58199044136666
64.9	51.98938687033332
65.	53.374473825966675
65.1	54.73437657579999
65.2	56.06629913256666
65.3	57.36753069893334
65.4	58.63545181823332
65.5	59.8675402098
65.6	61.06137628
65.7	62.21464829716667
65.8	63.32515721366666
65.9	64.39082113403333
66.	65.4096794123
66.1	66.37989637853332
66.2	67.2997646824
66.3	68.16770825243333
66.4	68.98228487013333
66.5	69.74218834889999
66.6	70.44625032683332
66.7	71.09344166473332
66.8	71.68287345763333
66.9	72.21379765963333
67.	72.68560732419999
67.1	73.09783646906666
67.2	73.45015956996667
67.3	73.74239068703332
67.4	73.9744822396
67.5	74.14652342776665
67.6	74.25873832276666
67.7	74.3114836265
67.8	74.30524611739999
67.9	74.24063979296668
68.	74.11840272373333
68.1	73.93939362793333
68.2	73.70458818793333
68.3	73.41507511426667
68.4	73.07205198196667
68.5	72.67682084413332
68.6	72.23078364926667
68.7	71.73543746846667
68.8	71.19236955673334
68.9	70.60325225963334
69.	69.96983778216666
69.1	69.29395284073331
69.2	68.57749320719999
69.3	67.82241817103332
69.4	67.03074492319999
69.5	66.20454289286666
69.6	65.34592803933333
69.7	64.4570571222
69.8	63.54012196443333
69.9	62.59734372113333
70.	61.6309671704
70.1	60.643255038533326
70.2	59.63648237583334
70.3	58.6129309953
70.4	57.57488398543333
70.5	56.52462031190001
70.6	55.46440951833333
70.7	54.39650653703333
70.8	53.32314662186667
70.9	52.24654041186666
71.	51.16886913536666
71.1	50.09227996366667
71.2	49.01888152206667
71.3	47.950739566399996
71.4	46.889872831299996
71.5	45.838249057133325
71.6	44.797781201066655
71.7	43.770323837566664
71.8	42.75766975256667
71.9	41.761546735699994
72.	40.78361457366666
72.1	39.8254622474
72.2	38.88860533613333
72.3	37.97448362899999
72.4	37.08445894616666
72.5	36.2198131699
72.6	35.381746485966666
72.7	34.57137583523333
72.8	33.78973357426666
72.9	33.0377663447
73.	32.31633414946667
73.1	31.626209633433334
73.2	30.9680775677
73.3	30.3425345334
73.4	29.750088803066667
73.5	29.19116041626667
73.6	28.66608144589
73.7	28.175096451
73.8	27.718363113206667
73.9	27.295953051293328
74.	26.907852810583336
74.1	26.553965021676664
74.2	26.23410972427333
74.3	25.948025850906664
74.4	25.69537286571333
74.5	25.475732552276668
74.6	25.288610946280002
74.7	25.133440406586665
74.8	25.009581819346664
74.9	24.91632692960666
75.	24.85290079469333
75.1	24.818464353016665
75.2	24.812117102869998
75.3	24.832899885039996
75.4	24.879797762853332
75.5	24.95174299416
75.6	25.04761808814333
75.7	25.166258941686664
75.8	25.306458048103337
75.9	25.466967772593335
76.	25.646503687326664
76.1	25.843747960566663
76.2	26.05735279223333
76.3	26.285943890333336
76.4	26.528123981266663
76.5	26.782476347266666
76.6	27.047568384399998
76.7	27.321955174833334
76.8	27.60418306583333
76.9	27.892793249266667
77.	28.186325334833334
77.1	28.483320909866663
77.2	28.78232707933333
77.3	29.081899978433334
77.4	29.3806082517
77.5	29.67703649123333
77.6	29.969788627333333
77.7	30.25749126466667
77.8	30.538796957099997
77.9	30.81238741436666
78.	31.0769766337
78.1	31.331313949933335
78.2	31.574186996999998
78.3	31.80442457466667
78.4	32.020899413833334
78.5	32.22253083379999
78.6	32.40828728519999
78.7	32.5771887733
78.8	32.728309154399994
78.9	32.860778300233335
79.	32.97378412493333
79.1	33.0665744687
79.2	33.1384588333
79.3	33.18880996386666
79.4	33.2170652738
79.5	33.22272810623333
79.6	33.20536883033333
79.7	33.16462576683333
79.8	33.100205940433334
79.9	33.01188565603333
80.	32.8995108956
80.1	32.762997534233335
80.2	32.6023313731
80.3	32.41756798813333
80.4	32.20883239369999
80.5	31.976318520666666
80.6	31.720288509
80.7	31.441071815766662
80.8	31.13906413933333
80.9	30.814726161599996
81.	30.468582110233335
81.1	30.101218144033332
81.2	29.713280564099996
81.3	29.30547385526667
81.4	28.878558561533332
81.5	28.433349000899995
81.6	27.97071082466666
81.7	27.491558427433336
81.8	26.996852214399997
81.9	26.487595732133332
82.	25.964832671866663
82.1	25.429643752033332
82.2	24.883143489
82.3	24.32647686483333
82.4	23.760815902193333
82.5	23.187356154843332
82.6	22.607313125030004
82.7	22.021918618039997
82.8	21.432417044506668
82.9	20.84006168163333
83.	20.246110905586665
83.1	19.651824405419998
83.2	19.05845939116
83.3	18.467266808266665
83.4	17.879487569759995
83.5	17.296348818786665
83.6	16.71906023378
83.7	16.148810388086666
83.8	15.586763176453331
83.9	15.034054320286666
84.	14.491787963490001
84.1	13.961033370583332
84.2	13.44282173867
84.3	12.938143134129998
84.4	12.447943564869998
84.5	11.97312219885
84.6	11.51452873849
84.7	11.072960960636665
84.8	10.649162431595666
84.9	10.243820404695999
85.	9.857563909222332
85.1	9.490962037776999
85.2	9.144522438309334
85.3	8.818690017407
85.4	8.513845859420666
85.5	8.230306366480331
85.6	7.968322622780834
85.7	7.728079986289666
85.8	7.509697909620627
85.9	7.313229991791869
86.	7.1386642613868005
86.1	6.985923689891401
86.2	6.8548669349365
86.3	6.745289311007
86.4	6.656923984152667
86.5	6.589443387450332
86.6	6.542460852462334
86.7	6.515532450685333
86.8	6.508159039012
86.9	6.519788502255
87.	6.549818183969333
87.1	6.5975974978
87.2	6.662430709073334
87.3	6.7435798770233335
87.4	6.840267946546668
87.5	6.951681977983334
87.6	7.0769765030533325
87.7	7.21527699416
87.8	7.365683433849999
87.9	7.527273971196665
88.	7.699108650693333
88.1	7.880233199716667
88.2	8.069682859466667
88.3	8.26648624501
88.4	8.469669218956668
88.5	8.678258763703333
88.6	8.891286837189998
88.7	9.107794196623333
88.8	9.326834174963333
88.9	9.547476395409998
89.	9.76881040861
89.1	9.989949238366666
89.2	10.210032820756666
89.3	10.428231323593334
89.4	10.643748332043332
89.5	10.855823887279998
89.6	11.0637373661
89.7	11.266810189076667
89.8	11.464408346166666
89.9	11.6559447289
90.	11.840881259733331
90.1	12.018730809166664
90.2	12.189058891766667
90.3	12.351485135366667
90.4	12.505684514799999
90.5	12.651388346266666
90.6	12.788385037066664
90.7	12.916520586833332
90.8	13.035698838466667
90.9	13.145881476
91.	13.247087770266667
91.1	13.339394071366666
91.2	13.4229330509
91.3	13.497892695199997
91.4	13.564515054633334
91.5	13.623094751966665
91.6	13.673977257166666
91.7	13.717556934103332
91.8	13.754274867453333
91.9	13.784616478023333
92.	13.80910893638
92.1	13.82831838499
92.2	13.842846980543332
92.3	13.853329767596666
92.4	13.860431397740001
92.5	13.864842706673333
92.6	13.867277164166666
92.7	13.86846721114
92.8	13.869160500033333
92.9	13.870116053256666
93.	13.872100357339999
93.1	13.875883407846667
93.2	13.882234723636666
93.3	13.891919346209999
93.4	13.905693842286666
93.5	13.924302326906666
93.6	13.948472523913333
93.7	13.97891188198
93.8	14.016303762373333
93.9	14.061303716686666
94.	14.114535869606001
94.1	14.176589424857
94.2	14.248015308737667
94.3	14.329322967527666
94.4	14.420977333351667
94.5	14.523395972941668
94.6	14.636946432260332
94.7	14.761943790899666
94.8	14.898648436846665
94.9	15.047264074263001
95.	15.207935973201334
95.1	15.380749471416667
95.2	15.565728736033332
95.3	15.762835792886666
95.4	15.971969828833332
95.5	16.192966773036666
95.6	16.425599160259996
95.7	16.669576279746664
95.8	16.924544610586665
95.9	17.190088544236666
96.	17.465731393456664
96.1	17.750936685533333
96.2	18.045109736439997
96.3	18.34759950185
96.4	18.657700698856665
96.5	18.974656192496667
96.6	19.297659638006664
96.7	19.625858370800003
96.8	19.9583565334
96.9	20.294218428433332
97.	20.632472085299998
97.1	20.972113027266666
97.2	21.312108225533333
97.3	21.651400223866663
97.4	21.988911420033332
97.5	22.32354848516667
97.6	22.654206905899997
97.7	22.97977563006667
97.8	23.299141798033332
97.9	23.611195540666664
98.	23.914834824666663
98.1	24.20897032523333
98.2	24.49253030713333
98.3	24.7644654926
98.4	25.023753897133332
98.5	25.269405612266667
98.6	25.5004675157
98.7	25.716027888166668
98.8	25.915220917699997
98.9	26.09723107193333
99.	26.26129731876667
99.1	26.406717177833332
99.2	26.532850583299997
99.3	26.63912354233333
99.4	26.7250315706
99.5	26.7901428906
99.6	26.834101376699994
99.7	26.856629232533336
99.8	26.857529388733333
99.9	26.836687606966667
100.	26.794074281066663
100.1	26.729745923466666
100.2	26.643846329966667
100.3	26.53660741303333
100.4	26.408349699633334
100.5	26.259482486499994
100.6	26.090503650666665
100.7	25.9019991116
100.8	25.69464194493333
100.9	25.469191147333333
101.	25.226490054566668
101.1	24.967464415933335
101.2	24.69312012896667
101.3	24.404540641033336
101.4	24.102884023999998
101.5	23.789379731399997
101.6	23.465325046866667
101.7	23.1320812357
101.8	22.791069411366667
101.9	22.443766130266667
102.	22.091698729999997
102.1	21.73644042556667
102.2	21.379605181733332
102.3	21.022842377733333
102.4	20.66783128393333
102.5	20.3162753694
102.6	19.969896460399998
102.7	19.63042877113333
102.8	19.29961282793333
102.9	18.9791893086
103.	18.670892820066662
103.1	18.376445636466666
103.2	18.0975514212
103.3	17.835888956033333
103.4	17.593105900533335
103.5	17.370812605666664
103.6	17.170576004066664
103.7	16.993913601266662
103.8	16.842287589233333
103.9	16.7170991063
104.	16.619682664499997
104.1	16.551300766233332
104.2	16.51313873113333
104.3	16.506299753366665
104.4	16.531800209199996
104.5	16.590565232366664
104.6	16.683424576716668
104.7	16.811108780663332
104.8	16.974245651193332
104.9	17.173357080173332
105.	17.40885620732
105.1	17.681044941696666
105.2	17.990111852200002
105.3	18.336130436726666
105.4	18.71905777814333
105.5	19.138733593433333
105.6	19.594879681546665
105.7	20.087099773703333
105.8	20.61487978772
105.9	21.177588488386665
106.	21.77447855215
106.1	22.404688034066666
106.2	23.06724223365
106.3	23.761055954436664
106.4	24.484936149836663
106.5	25.237584948103333
106.6	26.017603046543332
106.7	26.82349346365
106.8	27.653665637813333
106.9	28.506439858003333
107.	29.38005201265
107.1	30.272658639746666
107.2	31.182342262229998
107.3	32.10711698901666
107.4	33.04493436395
107.5	33.99368944145666
107.6	34.95122706844
107.7	35.91534835066666
107.8	36.88381728090333
107.9	37.85436750604333
108.	38.82470920951666
108.1	39.79253608491
108.2	40.75553237660999
108.3	41.71137996279333
108.4	42.657765455329994
108.5	43.59238729337
108.6	44.512962803886666
108.7	45.41723520681334
108.8	46.30298053579333
108.9	47.16801445822
109.	48.01019896119
109.1	48.827448888083325
109.2	49.617738298729996
109.3	50.37910663316999
109.4	51.109664654673324
109.5	51.80760015697667
109.6	52.47118340944667
109.7	53.09877232711334
109.8	53.68881734622667
109.9	54.23986598503666
110.	54.75056708302667
110.1	55.21967469500001
110.2	55.64605163327667
110.3	56.028672644989996
110.4	56.366627214136656
110.5	56.65912197901333
110.6	56.905482757639994
110.7	57.10515617822333
110.8	57.25771090521
110.9	57.36283846291333
111.	57.420353651726664
111.1	57.43019455782665
111.2	57.39242215968333
111.3	57.307219533323334
111.4	57.174890656643335
111.5	56.99585882808666
111.6	56.770664695896656
111.7	56.499963916316666
111.8	56.18452444295
111.9	55.82522346493333
112.	55.42304400086
112.1	54.97907116772333
112.2	54.49448813417666
112.3	53.97057177865666
112.4	53.408688067103334
112.5	52.8102871674
112.6	52.17689832357
112.7	51.51012450232333
112.8	50.811636839176664
112.9	50.08316890147666
113.	49.326510789556664
113.1	48.54350310029
113.2	47.73603077335333
113.3	46.906016844433324
113.4	46.05541612630333
113.5	45.18620884373
113.6	44.30039424114333
113.7	43.39998419133
113.8	42.48699682273666
113.9	41.56345019237666
114.	40.631356023193334
114.1	39.692713529576665
114.2	38.74950335421333
114.3	37.80368163265334
114.4	36.85717421065
114.5	35.911871029063335
114.6	34.96962070075999
114.7	34.03222529237
114.8	33.10143533028333
114.9	32.17894504709667
115.	31.266387882449997
115.1	30.365332253196662
115.2	29.47727760510333
115.3	28.603650757926665
115.4	27.745802554493338
115.5	26.905004822673334
115.6	26.082447658393328
115.7	25.279237036329995
115.8	24.49639275345
115.9	23.734846709879996
116.	22.995441528993332
116.1	22.278929519196666
116.2	21.585971976416662
116.3	20.917138826666665
116.4	20.272908605893335
116.5	19.653668773573333
116.6	19.05971635427333
116.7	18.49125890173
116.8	17.948415777313333
116.9	17.431219734469998
117.	16.939618799236666
117.1	16.473478436266667
117.2	16.032583988016665
117.3	15.616643374649998
117.4	15.225290041240001
117.5	14.85808613658
117.6	14.514525909839998
117.7	14.19403930757333
117.8	13.895995755376664
117.9	13.619708106613333
118.	13.364436740193334
118.1	13.129393789836666
118.2	12.913747485806667
118.3	12.71662659055
118.4	12.537124909380001
118.5	12.374305856893333
118.6	12.227207060149997
118.7	12.094844979831667
118.8	11.976219529704666
118.9	11.870318676695664
119.	11.776123001939332
119.1	11.692610205979001
119.2	11.618759539073999
119.3	11.553556140523
119.4	11.4959952698
119.5	11.445086413301333
119.6	11.399857251908
119.7	11.359357474267664
119.8	11.322662422007998
119.9	11.288876554102332
120.	11.257136718027335
120.1	11.226615216810998
120.2	11.196522661341664
120.3	11.166110599182332
120.4	11.134673911467665
120.5	11.101552970667331
120.6	11.066135553705
120.7	11.027858504701666
120.8	10.986209144282668
120.9	10.940726422369666
121.	10.891001812947666
121.1	10.836679950373666
121.2	10.777459007908998
121.3	10.713090820279334
121.4	10.643380752884665
121.5	10.568187322146333
121.6	10.487421571205
121.7	10.401046207495666
121.8	10.309074509277332
121.9	10.211569008194
122.	10.108639957994665
122.1	10.000443597736666
122.2	9.887180221083666
122.3	9.769092062284999
122.4	9.646461011063
122.5	9.519606169098665
122.6	9.388881261172
122.7	9.254671914902332
122.8	9.117392823132999
122.9	8.977484804056
123.	8.835411773250334
123.1	8.691657643907
123.2	8.546723169948333
123.3	8.401122747977
123.4	8.255381193896334
123.5	8.110030509505666
123.6	7.9656066551133335
123.7	7.822646343463333
123.8	7.681683870193334
123.9	7.5432479962666665
124.	7.407858896366666
124.1	7.276025188603333
124.2	7.14824105834
124.3	7.024983490156666
124.4	6.906709620643333
124.5	6.793854224043333
124.6	6.686827342199999
124.7	6.58601207003
124.8	6.49176250587
124.9	6.404401876466666
125.	6.32422084472
125.1	6.251476007713333
125.2	6.18638859166
125.3	6.129143349393333
125.4	6.079887665103333
125.5	6.038730870069999
125.6	6.005743772136666
125.7	5.980958400663333
125.8	5.96436796775
125.9	5.955927045433333
126.	5.95555195767
126.1	5.963121384843333
126.2	5.978477177576666
126.3	6.001425375726666
126.4	6.031737427413333
126.5	6.069151602063333
126.6	6.113374590546667
126.7	6.164083284689999
126.8	6.220926727456666
126.9	6.283528224543334
127.	6.351487607209998
127.1	6.424383635483332
127.2	6.501776530373332
127.3	6.58321062297
127.4	6.668217107793333
127.5	6.756316887396666
127.6	6.847023494576666
127.7	6.939846078363333
127.8	7.034292439553333
127.9	7.129872101319998
128.	7.226099400223333
128.1	7.32249658291
128.2	7.41859689355
128.3	7.5139476373199985
128.4	7.608113205003335
128.5	7.7006780442233325
128.6	7.791249562746666
128.7	7.8794609497599994
128.8	7.964973901223333
128.9	8.047481235749999
129.	8.126709388123333
129.1	8.202420767686665
129.2	8.274415969843332
129.3	8.342535828836667
129.4	8.406663301799998
129.5	8.466725173046665
129.6	8.52269357
129.7	8.574587282113331
129.8	8.62247287456
129.9	8.666465590629999
130.	8.706730035979998
130.1	8.743480640283332
130.2	8.776981891913334
130.3	8.807548342293332
130.4	8.835544378099998
130.5	8.861383759383333
130.6	8.885528924276667
130.7	8.908490060043333
130.8	8.930823942810001
130.9	8.953132548413333
131.	8.976061438206667
131.1	9.000297924083334
131.2	9.026569018773333
131.3	9.055639177429999
131.4	9.088307838376666
131.5	9.125406770689999
131.6	9.167797238399999
131.7	9.21636699045
131.8	9.272027087926666
131.9	9.33570857904
132.	9.408359034713333
132.1	9.490938957116665
132.2	9.58441807425
132.3	9.689771534796666
132.4	9.807976017293331
132.5	9.940005768233334
132.6	10.086828584503333
132.7	10.249401755229998
132.8	10.428667978539998
132.9	10.62555126953
133.	10.840952874689998
133.1	11.075747209483334
133.2	11.33077783421
133.3	11.606853484690001
133.4	11.904744173176667
133.5	12.22517737527
133.6	12.568834317743333
133.7	12.93634638277
133.8	13.328291642676668
133.9	13.745191539593332
134.	14.187507723906666
134.1	14.655639063936665
134.2	15.149918840193333
134.3	15.67061213557333
134.4	16.217913432773333
134.5	16.791944429546668
134.6	17.392752081269997
134.7	18.020306879766668
134.8	18.674501376443335
134.9	19.3551489568
135.	20.061982872456667
135.1	20.794655536169998
135.2	21.55273808405
135.3	22.335720208223336
135.4	23.143010262473332
135.5	23.973935642153336
135.6	24.827743438843335
135.7	25.7036013688
135.8	26.600598973813334
135.9	27.51774909200333
136.	28.45398959439
136.1	29.40818538305333
136.2	30.379130645266663
136.3	31.36555135705
136.4	32.36610802868999
136.5	33.37939868389667
136.6	34.40396206368666
136.7	35.43828104488333
136.8	36.48078626222
136.9	37.529859923256666
137.	38.58383980289334
137.1	39.641023405809996
137.2	40.69967228236667
137.3	41.758016484546665
137.4	42.81425914724666
137.5	43.86658117993666
137.6	44.91314605376334
137.7	45.95210466641999
137.8	46.981600273296664
137.9	47.99977346268
138.	49.00476716455333
138.1	49.99473167044
138.2	50.96782965459667
138.3	51.922241174679996
138.4	52.85616863702333
138.5	53.76784171090666
138.6	54.655522176806656
138.7	55.517508688526654
138.8	56.352141438943335
138.9	57.15780671152667
139.	57.932941300236656
139.1	58.67603679111666
139.2	59.38564368336333
139.3	60.060375341016666
139.4	60.69891176413
139.5	61.300003163616665
139.6	61.862473329379995
139.7	62.38522278564666
139.8	62.86723171711999
139.9	63.30756266169
140.	63.70536295895333
140.1	64.05986695088333
140.2	64.37039792414666
140.3	64.63636978958
140.4	64.85728849600666
140.5	65.03275317550333
140.6	65.16245701241667
140.7	65.24618783947999
140.8	65.28382845766333
140.9	65.27535668230666
141.	65.22084511189334
141.1	65.12046062710999
141.2	64.97446361811
141.3	64.78320694784334
141.4	64.54713465311333
141.5	64.26678039069667
141.6	63.94276563302
141.7	63.57579762418666
141.8	63.16666709822667
141.9	62.71624577599667
142.	62.22548364208333
142.1	61.69540601843667
142.2	61.12711044173999
142.3	60.52176335610333
142.4	59.88059663370001
142.5	59.20490393697
142.6	58.49603693120665
142.7	57.75540136471666
142.8	56.984453027993325
142.9	56.18469360583333
143.	55.35766643805333
143.1	54.50495220014666
143.2	53.62816452138666
143.3	52.72894555198667
143.4	51.80896149791
143.5	50.86989813243333
143.6	49.91345630374667
143.7	48.94134745001334
143.8	47.95528913815667
143.9	46.957000638016666
144.	45.94819854772332
144.1	44.930592483136664
144.2	43.90588084362
144.3	42.87574666684333
144.4	41.84185358646666
144.5	40.80584190256333
144.6	39.76932477723
144.7	38.733884565379995
144.8	37.70106929038666
144.9	36.672389275806665
145.	35.64931394027666
145.1	34.63326876433666
145.2	33.62563243688333
145.3	32.62773418763
145.4	31.640851311983333
145.5	30.66620689312333
145.6	29.70496772643333
145.7	28.758242449443333
145.8	27.82707988083
145.9	26.91246757031333
146.	26.015330560989998
146.1	25.13653036498667
146.2	24.276864152333335
146.3	23.437064151739996
146.4	22.61779726281
146.5	21.81966487599
146.6	21.043202898649998
146.7	20.288881982596664
146.8	19.55710794929
146.9	18.848222407463332
147.	18.16250355776
147.1	17.500167178056664
147.2	16.86136778266
147.3	16.24619994853333
147.4	15.654699800353331
147.5	15.086846646276665
147.6	14.542564756053332
147.7	14.021725272349999
147.8	13.524148245603332
147.9	13.049604783536665
148.	12.59781930464
148.1	12.168471886036667
148.2	11.761200695146666
148.3	11.375604495106666
148.4	11.011245212753332
148.5	10.667650559456664
148.6	10.344316693503332
148.7	10.040710913973331
148.8	9.756274375466667
148.9	9.490424813063333
149.	9.242559267929998
149.1	9.012056802926667
149.2	8.798281198953333
149.3	8.600583621776666
149.4	8.418305251289999
149.5	8.250779862779998
149.6	8.097336353043332
149.7	7.957301202239998
149.8	7.830000864183333
149.9	7.714764077556667
150.	7.610924091243334
150.1	7.517820797366667
150.2	7.434802766169999
150.3	7.36122917724
150.4	7.296471642409999
150.5	7.239915915803332
150.6	7.1909634873599995
150.7	7.149033056613334
150.8	7.113561883989999
150.9	7.084007017526666
151.	7.059846393486667
151.1	7.040579809816666
151.2	7.025729771996667
151.3	7.01484221135
151.4	7.007487076456666
151.5	7.00325879879
151.6	7.001776634123333
151.7	7.00268488197
151.8	7.005652985526666
151.9	7.010375515263332
152.	7.016572039529999
152.1	7.023986886206666
152.2	7.032388799436667
152.3	7.041570496349999
152.4	7.05134812843
152.5	7.061560653273332
152.6	7.072069121486667
152.7	7.082755885413333
152.8	7.093523734963334
152.9	7.10429496723
153.	7.11501039585
153.1	7.125628306793333
153.2	7.13612336736
153.3	7.146485494186667
153.4	7.1567186880866664
153.5	7.16683984134
153.6	7.1768775245
153.7	7.186870759413333
153.8	7.196867784609999
153.9	7.206924819476666
154.	7.21710483357
154.1	7.227476326989999
154.2	7.238112127640001
154.3	7.2490882109933334
154.4	7.260482547761666
154.5	7.272373984511333
154.6	7.284841162295
154.7	7.297961477313
154.8	7.311810088412
154.9	7.326458974872333
155.	7.3419760483116665
155.1	7.3584243214119995
155.2	7.375861137014667
155.3	7.394337459436999
155.4	7.413897230147333
155.5	7.434576790056999
155.6	7.456404368724333
155.7	7.4793996425163325
155.8	7.503573361523333
155.9	7.5289270458
156.	7.555452750403333
156.1	7.5831328992966665
156.2	7.611940186566667
156.3	7.641837544056667
156.4	7.672778174119999
156.5	7.704705645086666
156.6	7.737554047746666
156.7	7.771248210346667
156.8	7.805703969066666
156.9	7.840828491696666
157.	7.8765206507366665
157.1	7.912671443003333
157.2	7.949164452060001
157.3	7.9858763498366665
157.4	8.022677433426667
157.5	8.059432193753333
157.6	8.095999911193333
157.7	8.132235275226666
157.8	8.167989022766665
157.9	8.2031085923
158.	8.237438788953334
158.1	8.270822456473333
158.2	8.303101152843332
158.3	8.334115824646666
158.4	8.363707477073334
158.5	8.391717835896666
158.6	8.417989997296665
158.7	8.4423690629
158.8	8.464702756433333
158.9	8.484842019203333
159.	8.502641581623333
159.1	8.51796050811
159.2	8.530662713523334
159.3	8.54061744851
159.4	8.547699752889999
159.5	8.551790874436666
159.6	8.552778653356667
159.7	8.550557870126667
159.8	8.545030557306665
159.9	8.536106274363334
160.	8.523702345613332
160.1	8.507744062006665
160.2	8.488164846863333
160.3	8.464906386823333
160.4	8.437918729063334
160.5	8.407160346266666
160.6	8.3725981712
160.7	8.334207602713334
160.8	8.29197248563
160.9	8.24588506683
161.	8.195945930343333
161.1	8.142163914323334
161.2	8.084556012903334
161.3	8.02314726637
161.4	7.957970642793332
161.5	7.889066914879999
161.6	7.8164845354566665
161.7	7.740279515406667
161.8	7.660515307736667
161.9	7.577262701573333
162.	7.490599729866666
162.1	7.400611594596666
162.2	7.3073906131266675
162.3	7.211036189453333
162.4	7.111654813833333
162.5	7.009360094309999
162.6	6.904272823336666
162.7	6.796521082766667
162.8	6.6862403900433325
162.9	6.573573888366667
163.	6.458672583416666
163.1	6.341695628709999
163.2	6.2228106617500005
163.3	6.102194192513334
163.4	5.980032045750001
163.5	5.8565198580099995
163.6	5.7318636302199995
163.7	5.60628033607
163.8	5.47999858623
163.9	5.3532593479
164.	5.226316719026666
164.1	5.099438755883333
164.2	4.9729083524433335
164.3	4.847024169606666
164.4	4.722101611759999
164.5	4.598473848003334
164.6	4.476492874673333
164.7	4.356530615686666
164.8	4.23898005661
164.9	4.124256408093332
165.	4.012798293943334
165.1	3.9050689586
165.2	3.80155748869
165.3	3.7027800427399997
165.4	3.609281082966666
165.5	3.52163460274
165.6	3.4404453430199995
165.7	3.3663499908266665
165.8	3.3000183525999995
165.9	3.2421544950666665
166.	3.193497846082333
166.1	3.1548242477883335
166.2	3.1269469542556667
166.3	3.1107175657936663
166.4	3.107026891966666
166.5	3.1168057353583336
166.6	3.1410255882256664
166.7	3.1806992340906666
166.8	3.236881246535
166.9	3.310668377529667
167.	3.4031998277416666
167.1	3.5156573915723333
167.2	3.649265469746666
167.3	3.8052909427399997
167.4	3.9850428983699997
167.5	4.1898722075
167.6	4.421170941893333
167.7	4.68037162889
167.8	4.968946337823333
167.9	5.288405593663333
168.	5.640297113860001
168.1	6.026204364813333
168.2	6.447744935033333
168.3	6.906568722533334
168.4	7.404355934673333
168.5	7.942814899269999
168.6	8.523679686453333
168.7	9.148707541146665
168.8	9.81967612736
168.9	10.538380585339999
169.	11.306630404009997
169.1	12.126246111493334
169.2	12.999055787146666
169.3	13.926891399833332
169.4	14.911584976653334
169.5	15.954964609083333
169.6	17.058850301563332
169.7	18.22504967085333
169.8	19.455353503513333
169.9	20.751531179823335
170.	22.115325974013334
170.1	23.548450240159998
170.2	25.052580494146667
170.3	26.629352403699997
170.4	28.28035569692
170.5	30.007129002896665
170.6	31.81115463597667
170.7	33.69385333816
170.8	35.65657899257333
170.9	37.700613322526664
171.	39.82716059085
171.1	42.03734231420333
171.2	44.33219200853999
171.3	46.71264997825999
171.4	49.17955817072
171.5	51.73365510427
171.6	54.37557089285333
171.7	57.10582238014332
171.8	59.92480839662
171.9	62.832805162216665
172.	65.82996184510333
172.1	68.91629629529666
172.2	72.09169096670666
172.3	75.35588904452999
172.4	78.70849079401665
172.5	82.14895014378666
172.6	85.67657151738332
172.7	89.29050692998334
172.8	92.98975336120668
172.9	96.77315041856
173.	100.63937830220999
173.1	104.58695608369999
173.2	108.61424031152667
173.3	112.71942394902001
173.4	116.90053565869
173.5	121.15543943944334
173.6	125.48183462569997
173.7	129.87725625244332
173.8	134.3390757967333
173.9	138.86450229681998
174.	143.45058385496998
174.1	148.09420952569332
174.2	152.79211159210334
174.3	157.54086823176002
174.4	162.33690657224997
174.5	167.17650613115
174.6	172.05580264492667
174.7	176.97079227799668
174.8	181.91733620814
174.9	186.8911655868766
175.	191.88788685997662
175.1	196.90298745063666
175.2	201.93184178639
175.3	206.9697176664933
175.4	212.01178295732336
175.5	217.05311260057
175.6	222.08869592611998
175.7	227.11344425188332
175.8	232.12219875789333
175.9	237.10973861686332
176.	242.07078936613
176.1	247.00003150330332
176.2	251.89210928511332
176.3	256.74163971549666
176.4	261.5432216953667
176.5	266.29144532235
176.6	270.9809013136867
176.7	275.60619053157666
176.8	280.1619335917533
176.9	284.64278053053334
177.	289.04342050771334
177.1	293.35859152503997
177.2	297.58309013244
177.3	301.71178110329663
177.4	305.7396070529867
177.5	309.66159797778334
177.6	313.47288068921
177.7	317.16868812641997
177.8	320.74436851305666
177.9	324.19539434853
178.	327.51737119992
178.1	330.70604628021664
178.2	333.7573167872133
178.3	336.6672379835533
178.4	339.4320309965267
178.5	342.0480903189999
178.6	344.5119909927299
178.7	346.8204954508767
178.8	348.97056000962664
178.9	350.9593409872767
179.	352.7842004355533
179.1	354.44271146846
179.2	355.93266317875333
179.3	357.25206511724997
179.4	358.39915134988
179.5	359.3723840359999
179.6	360.17045658364
179.7	360.7922962854833
179.8	361.23706654860666
179.9	361.50416856785665
180.	361.5932425766533