# O+CO(0,0) elastic diff. cross section
# E = 4.5 eV
# angle, CS (1e-16 cm^2)
0.1	3.7168172825983325e6
0.2	930505.4905780001
0.3	211588.02876736666
0.4	165673.75607495333
0.5	104231.88501843333
0.6	43853.030510599994
0.7	27854.217835836665
0.8	21921.579175716666
0.9	20246.550280556665
1.	24019.239910809996
1.1	15948.96305793
1.2	13438.852262463333
1.3	11366.272347533333
1.4	4466.621712246
1.5	7443.645587553333
1.6	6293.784056040333
1.7	2106.475369513
1.8	1594.7474269206664
1.9	2141.3445979919998
2.	1808.50467007
2.1	292.10192538466663
2.2	688.9799418523332
2.3	507.539841047
2.4	339.5527957699
2.5	337.26867273799996
2.6	232.3345854209
2.7	186.55921479996664
2.8	103.73940412966665
2.9	227.93309208660003
3.	86.55975135719999
3.1	86.65691653983333
3.2	60.3871780332
3.3	73.32014002607333
3.4	43.3637486154
3.5	52.99144746526666
3.6	40.5974338587
3.7	25.1736987918
3.8	39.936323466599994
3.9	30.833261347166662
4.	15.521045469073332
4.1	15.099776840041333
4.2	19.85551151444
4.3	11.10303461427333
4.4	9.221603532146666
4.5	6.431103520455666
4.6	4.441362335056667
4.7	6.44108416583
4.8	16.845025371583333
4.9	6.948025935913334
5.	4.26887856889
5.1	2.92024551534
5.2	9.262833967523333
5.3	4.211572253073333
5.4	8.767865525936667
5.5	4.735952110776666
5.6	8.437049669293334
5.7	4.430818134973333
5.8	10.596789512209998
5.9	9.1763523629
6.	11.59484869948
6.1	6.955905749493333
6.2	11.993441329053333
6.3	9.683481870749999
6.4	9.409991547583667
6.5	5.638985283816666
6.6	12.340851499886664
6.7	7.991629582676667
6.8	7.936383330876666
6.9	5.635081782193334
7.	8.344174076206667
7.1	2.2949268562062
7.2	5.089036850471333
7.3	2.01612411226
7.4	3.0311641724400005
7.5	1.215935850555
7.6	7.026790382110001
7.7	1.1024487054
7.8	0.9691457800016666
7.9	1.4653066748133334
8.	5.624064793716666
8.1	0.8585491872609998
8.2	3.4861613006810996
8.3	1.832508760326633
8.4	2.368932722437333
8.5	1.0525050583633333
8.6	5.538983200446333
8.7	2.60085983982
8.8	2.383746293113333
8.9	2.1860274808596665
9.	3.180394179859333
9.1	1.6838454156679998
9.2	4.731716833149999
9.3	4.649727045843333
9.4	3.1753715019300004
9.5	3.838223266743333
9.6	4.600839357173333
9.7	3.157980712476667
9.8	3.3507272630966662
9.9	6.95511563937
10.	4.43314332552
10.1	2.5389380894936666
10.2	2.0025939108933333
10.3	3.937235586868
10.4	2.0226264933393328
10.5	4.707507227153666
10.6	3.043335108301133
10.7	2.721935027611
10.8	1.4125605039233333
10.9	4.212045685732999
11.	1.6280827433136666
11.1	3.176564168103333
11.2	3.4325963779233337
11.3	3.869361285703333
11.4	1.1406347900586664
11.5	3.5083483438766665
11.6	2.9619310582433327
11.7	2.73039685997
11.8	2.241869046482333
11.9	3.446077200263333
12.	1.5246678973533332
12.1	1.4543392301166664
12.2	2.2157221703996663
12.3	2.65551176313
12.4	2.2357997644466665
12.5	2.8231389310633332
12.6	2.5529919427643333
12.7	1.832125641636667
12.8	2.7956623494999997
12.9	2.632650786336667
13.	1.9891920365766664
13.1	1.8232416778063332
13.2	3.490085147786666
13.3	2.2152187296
13.4	1.9176641402006664
13.5	1.6098551262766665
13.6	2.463682745003333
13.7	1.158965005729
13.8	2.2826468099873334
13.9	1.679045026169
14.	2.51194935637
14.1	2.26891248384
14.2	2.891206833083333
14.3	1.3914870530066665
14.4	2.490821772763333
14.5	2.652312976653333
14.6	2.29947889676
14.7	1.78937590414
14.8	2.8815132010766664
14.9	2.0911801431233332
15.	1.070359240852
15.1	1.9490396962366667
15.2	2.031721005843333
15.3	1.4908355536136666
15.4	1.0455983121673331
15.5	1.9760808582636664
15.6	1.1729536209533333
15.7	1.8391213203616665
15.8	1.3799237709576666
15.9	1.691796820603
16.	1.2113414495433332
16.1	2.1852183745618667
16.2	0.8096588335650999
16.3	1.0304359690759999
16.4	1.2672862910303333
16.5	1.6048493094046665
16.6	0.5604984151379999
16.7	0.9752746011636666
16.8	0.8910706890820999
16.9	0.714855788944
17.	0.8609808747669999
17.1	0.9959145246883333
17.2	0.8506313766263334
17.3	0.916484513181
17.4	1.3941155336156668
17.5	0.6321495999619999
17.6	0.9785994846873334
17.7	1.135799448659
17.8	1.2204562786366666
17.9	0.4724503498353333
18.	1.2397976711086667
18.1	0.8072658618936668
18.2	0.6689514074143333
18.3	0.44323486183833327
18.4	1.0791929574336665
18.5	0.6516549206103333
18.6	0.9205100879403334
18.7	0.8205008858409999
18.8	0.824423506023
18.9	0.9146322473996668
19.	1.0286697085629999
19.1	0.650747641109
19.2	0.6569533829113332
19.3	1.3158587527326666
19.4	0.8611287376443333
19.5	0.6949305866946666
19.6	0.6890041706059999
19.7	1.0048179134133333
19.8	0.3079311771547333
19.9	0.8245080476159565
20.	0.6528054537501
20.1	0.800761318097
20.2	0.6693107068423332
20.3	1.0263449286905666
20.4	0.40811965481783663
20.5	0.5984100629703333
20.6	0.6810299796893333
20.7	0.5715647314230999
20.8	0.6135510301878
20.9	0.8214732159895666
21.	0.66177444903984
21.1	0.3542570662482667
21.2	0.8361768774736668
21.3	0.4047045692325666
21.4	0.45087322961773335
21.5	0.5257829499153333
21.6	0.8848513362213333
21.7	0.32924947577746666
21.8	0.6964106943174332
21.9	0.438897501443
22.	0.39307077872599994
22.1	0.3545919973412999
22.2	0.5613182196419666
22.3	0.32404172632600003
22.4	0.49677125626133334
22.5	0.6914243802829999
22.6	0.329076766202
22.7	0.4958118579494
22.8	0.5847721530754333
22.9	0.5843586327243666
23.	0.3118051116773333
23.1	0.7700863414136667
23.2	0.46899196626566664
23.3	0.47713483302720006
23.4	0.34185653674771666
23.5	0.4642434089469334
23.6	0.37104763147399994
23.7	0.6430429387566666
23.8	0.5009531449226667
23.9	0.40061622741833336
24.	0.6893441411717
24.1	0.6781045377176933
24.2	0.5282910533990333
24.3	0.5336450894373332
24.4	0.8986130566186665
24.5	0.696472188677
24.6	0.7320856720153334
24.7	0.4651037013889999
24.8	0.4913640502458333
24.9	0.4594386306196667
25.	0.6344482079076667
25.1	0.41050184704033327
25.2	0.5755463599916666
25.3	0.7745547990180001
25.4	0.6824740858219999
25.5	0.464212418389
25.6	0.5151575678543333
25.7	0.6613901519036666
25.8	0.6088397048441666
25.9	0.6976464909783333
26.	0.573827391167
26.1	0.6187971058183332
26.2	0.482750235705
26.3	0.40860819837400003
26.4	0.18903615749746666
26.5	0.4483307117603333
26.6	0.5195716568176666
26.7	0.5176642226473334
26.8	0.4579611004223333
26.9	0.5926157606556666
27.	0.45600099493120005
27.1	0.3290846321843333
27.2	0.3390813910896667
27.3	0.3867193946613333
27.4	0.49465520432099996
27.5	0.44327840090399995
27.6	0.3767359656897
27.7	0.24223124557846668
27.8	0.36061778116033333
27.9	0.181361091164
28.	0.21029502825499996
28.1	0.2832648479265
28.2	0.4667970464666667
28.3	0.3255421766739333
28.4	0.3630639598036667
28.5	0.25099869922456663
28.6	0.16592657231126665
28.7	0.20741723571333331
28.8	0.24527759455053336
28.9	0.2593417662711667
29.	0.2627187692452
29.1	0.3743618860581333
29.2	0.20927436258366663
29.3	0.304957443578
29.4	0.18793067471366665
29.5	0.21510941975766665
29.6	0.232629399603
29.7	0.4389085173263333
29.8	0.225987887399
29.9	0.21139891863353333
30.	0.2833199289053333
30.1	0.23581076203246668
30.2	0.22422865378326665
30.3	0.24824917082109998
30.4	0.3342813493886666
30.5	0.3235564968453333
30.6	0.5104527751403333
30.7	0.2638560670276667
30.8	0.3051841128673333
30.9	0.3443320247897333
31.	0.4052512799524666
31.1	0.228419201759
31.2	0.36852744218566663
31.3	0.35515894498966666
31.4	0.310484090347
31.5	0.3895531578856333
31.6	0.3048901667010333
31.7	0.3364823149402
31.8	0.42630583279866663
31.9	0.5555914039626666
32.	0.3507195076616667
32.1	0.49843661000033335
32.2	0.43920074559766664
32.3	0.39824802007333326
32.4	0.31444047485099996
32.5	0.3543086064063333
32.6	0.31780879460066663
32.7	0.40339774544133333
32.8	0.43386094680166665
32.9	0.27712376553766666
33.	0.3972667894126667
33.1	0.4008304590016667
33.2	0.363189143091
33.3	0.2771062385463333
33.4	0.4353396529803333
33.5	0.38058312809146666
33.6	0.3759209138883333
33.7	0.27539524180499997
33.8	0.21441695916033332
33.9	0.25752175951699996
34.	0.23957342014066665
34.1	0.194359861217
34.2	0.20096505055713335
34.3	0.3551940455223333
34.4	0.25546301755693335
34.5	0.22875848651666666
34.6	0.17353955540066662
34.7	0.19074097929533332
34.8	0.18665872224799998
34.9	0.19729112148956665
35.	0.18162075217555665
35.1	0.20302153837043335
35.2	0.22665645530745665
35.3	0.11662435566496666
35.4	0.1488826444844
35.5	0.128720544847
35.6	0.13419759401609666
35.7	0.14224670286709998
35.8	0.21927178489329996
35.9	0.17518436672956667
36.	0.13856646898499997
36.1	0.13268176165412332
36.2	0.1061625713769
36.3	0.17266951529066665
36.4	0.16053605121866665
36.5	0.16528561448923332
36.6	0.19992148920409997
36.7	0.277714905941
36.8	0.17384140598540668
36.9	0.12916792106813335
37.	0.14670951938659998
37.1	0.16543367602586667
37.2	0.1975055882858
37.3	0.18054022116103333
37.4	0.1876288697905
37.5	0.21050877439476667
37.6	0.279655930382
37.7	0.20917840440253668
37.8	0.21098391568786662
37.9	0.2455610543410333
38.	0.28849237937246663
38.1	0.28051719944483333
38.2	0.23798198577193333
38.3	0.19762741905336667
38.4	0.20350930092745334
38.5	0.24877113904833337
38.6	0.19646346873392664
38.7	0.21221690820883335
38.8	0.25763341937856665
38.9	0.32861373091269996
39.	0.3095218726852
39.1	0.26783975223689993
39.2	0.24538348229178
39.3	0.2806704485241133
39.4	0.2785556858411333
39.5	0.20810980508479998
39.6	0.1975024427787
39.7	0.22792038253344665
39.8	0.23917480260456664
39.9	0.1889675810589
40.	0.1739296700945
40.1	0.20446038238691
40.2	0.2568589874239
40.3	0.23948409435723333
40.4	0.20073605310273335
40.5	0.20239407741883333
40.6	0.20880710766330335
40.7	0.16052154474909333
40.8	0.11177175978979999
40.9	0.10620288979853332
41.	0.14332285382889998
41.1	0.14358757500468267
41.2	0.12805355417925332
41.3	0.12596035582659998
41.4	0.1369605768114
41.5	0.13382068104167666
41.6	0.11542520308995
41.7	0.11172673772146666
41.8	0.10723175428908334
41.9	0.12871404792333332
42.	0.09720677190393334
42.1	0.0883519704963
42.2	0.08385079332496333
42.3	0.0929950011261
42.4	0.08079850913765
42.5	0.10798492312063332
42.6	0.11059768966829998
42.7	0.08678907656575999
42.8	0.11299659163736667
42.9	0.0979169881259
43.	0.09110194310181666
43.1	0.08207610381731667
43.2	0.10344336402914
43.3	0.08734128280213599
43.4	0.1138769622933
43.5	0.09663583270946666
43.6	0.07841209413723332
43.7	0.11008914858970334
43.8	0.10338313231506666
43.9	0.09220881490276667
44.	0.08708724607196666
44.1	0.11576190933639999
44.2	0.0833194919325
44.3	0.11318510801920001
44.4	0.11150675175296665
44.5	0.11796231567139999
44.6	0.13580406265553333
44.7	0.12036748699909999
44.8	0.12196942735766665
44.9	0.11770765404926667
45.	0.11778451335773334
45.1	0.07644269272589334
45.2	0.13748384088733334
45.3	0.13770690608449998
45.4	0.14174389699666667
45.5	0.1384784279563333
45.6	0.14347375382393335
45.7	0.16444059478616666
45.8	0.1648182214451
45.9	0.1464788169113333
46.	0.11370770717926666
46.1	0.19084063064033333
46.2	0.1495560466104333
46.3	0.12580976821586667
46.4	0.11586689786849999
46.5	0.14530149221166666
46.6	0.15657481888593333
46.7	0.176264914081
46.8	0.16061880827433334
46.9	0.14712162827823333
47.	0.21185472843466663
47.1	0.15576929294876665
47.2	0.1284017317056
47.3	0.1153419117748
47.4	0.14661013026866665
47.5	0.12731576396906666
47.6	0.15218798655966664
47.7	0.1295583344532
47.8	0.12168290887073333
47.9	0.16994913036983333
48.	0.15315056794886667
48.1	0.13852452812459998
48.2	0.12660978672899997
48.3	0.14937117191186666
48.4	0.12556313022770998
48.5	0.13158733499236666
48.6	0.08587311093633333
48.7	0.0799102970904
48.8	0.11184574332506665
48.9	0.12253567667619998
49.	0.10599112014736667
49.1	0.09322718072653333
49.2	0.11370670773323333
49.3	0.11286238822039332
49.4	0.09741694928040001
49.5	0.060195750687736665
49.6	0.06237894671206099
49.7	0.07821329302846666
49.8	0.073319833439
49.9	0.05296508372416667
50.	0.04291213903150233
50.1	0.052649504422965995
50.2	0.06671905317883334
50.3	0.05033544516248334
50.4	0.04917595292195333
50.5	0.053865511616826664
50.6	0.05513614329048333
50.7	0.039546165458834666
50.8	0.05722104634123333
50.9	0.05263024214157666
51.	0.05659582323159999
51.1	0.06796821450036666
51.2	0.0648076669322
51.3	0.08663820844896666
51.4	0.07333882480413333
51.5	0.06354709803683332
51.6	0.06014401276836666
51.7	0.12269376380666665
51.8	0.11228923796886665
51.9	0.11959451400320001
52.	0.12696978594506664
52.1	0.14367823878063332
52.2	0.167603801306
52.3	0.1540322116697
52.4	0.13221209262949998
52.5	0.1318661155257
52.6	0.1926481156433333
52.7	0.15356349533243333
52.8	0.1597171845888
52.9	0.15829083225056667
53.	0.18567737325339997
53.1	0.20928789629779998
53.2	0.22178564501166664
53.3	0.1899863705385
53.4	0.17980922565636664
53.5	0.2142866426053333
53.6	0.1709314932723333
53.7	0.1641829962089333
53.8	0.14570245502103332
53.9	0.16316592430896665
54.	0.17614465802503335
54.1	0.20373831895443334
54.2	0.1614121412392
54.3	0.15139950930479998
54.4	0.18103746072319998
54.5	0.17024218186020001
54.6	0.1500448991610333
54.7	0.11816273325436666
54.8	0.118783194418
54.9	0.12078726251871999
55.	0.13343038570976665
55.1	0.09664714995340998
55.2	0.09558077140822666
55.3	0.12305739222823332
55.4	0.14015813768046664
55.5	0.11129959680937332
55.6	0.08561713452
55.7	0.08094430988898998
55.8	0.08504227568563667
55.9	0.08386997140786667
56.	0.07312682715876667
56.1	0.06959600413620999
56.2	0.08036746766795333
56.3	0.1000599059566
56.4	0.08641115166800334
56.5	0.07997014228753332
56.6	0.07451822037183332
56.7	0.08369258644526667
56.8	0.07661598395430999
56.9	0.09409171570673333
57.	0.07159861303319999
57.1	0.07008328029879998
57.2	0.09290826720193332
57.3	0.11024428125923331
57.4	0.11534693677223332
57.5	0.10504749028696665
57.6	0.10416527621653333
57.7	0.09790442239979999
57.8	0.12875986433699999
57.9	0.08698944787403332
58.	0.08670884767813332
58.1	0.1072321845261
58.2	0.1376353163765333
58.3	0.13197113256816664
58.4	0.12551717634296666
58.5	0.1162584767425
58.6	0.1172806884383
58.7	0.152640501587
58.8	0.10431165509319998
58.9	0.10146263304283333
59.	0.10493301604076666
59.1	0.11976216651246666
59.2	0.10099249725153332
59.3	0.11432759118506666
59.4	0.10149886789263332
59.5	0.10753416522333333
59.6	0.13717113540266668
59.7	0.09986138463686667
59.8	0.0927228605654
59.9	0.08136442400276667
60.	0.08689482549659999
60.1	0.0698046468213
60.2	0.0950134284248
60.3	0.07119069472473333
60.4	0.06950206805959999
60.5	0.09010880016213332
60.6	0.07455540926396666
60.7	0.06969699526983333
60.8	0.059620933768
60.9	0.06594461425046666
61.	0.05694413212383333
61.1	0.07413699773456667
61.2	0.04146927621391666
61.3	0.0412640986423
61.4	0.05677734185793333
61.5	0.05833858849309999
61.6	0.058254461083033324
61.7	0.04854683347493333
61.8	0.0497217243591
61.9	0.04425839467203666
62.	0.05575611329163334
62.1	0.035742678691563334
62.2	0.0459593157257
62.3	0.0556910753171
62.4	0.058771161802466665
62.5	0.06606377417236665
62.6	0.060033339438266664
62.7	0.052250009170333324
62.8	0.049734722440780005
62.9	0.06571244145899999
63.	0.060076803081735
63.1	0.06852976468133333
63.2	0.06204311614396666
63.3	0.06360439386004998
63.4	0.08857980088736667
63.5	0.09426296653189999
63.6	0.08425920558712
63.7	0.0763089558661
63.8	0.09128109351049998
63.9	0.08804710874383999
64.	0.08504682600293334
64.1	0.06602409029096333
64.2	0.06892301214620666
64.3	0.10200257579216666
64.4	0.11037810678239998
64.5	0.0987990902128
64.6	0.08389423008663333
64.7	0.09313257293123334
64.8	0.09064093995739333
64.9	0.08991474172479999
65.	0.06542927722037667
65.1	0.06312390113732333
65.2	0.08001880302060001
65.3	0.07769304468339999
65.4	0.07461704084029999
65.5	0.0655258787247
65.6	0.06945138582006666
65.7	0.06603724681942999
65.8	0.07412636095996666
65.9	0.050476703211166665
66.	0.04244143375343333
66.1	0.042937367198066664
66.2	0.03927815057706667
66.3	0.04800065389813333
66.4	0.04960270107593332
66.5	0.0441459817011
66.6	0.033342670233226665
66.7	0.048782028547899994
66.8	0.032329531835313334
66.9	0.03114460900786333
67.	0.030670963779778
67.1	0.03162879029205666
67.2	0.03818435415924
67.3	0.0409317210185
67.4	0.03238346740286666
67.5	0.02348006396771333
67.6	0.039987137700776665
67.7	0.02929059791854
67.8	0.03340068760447333
67.9	0.033843260049233326
68.	0.03708029996783333
68.1	0.031375640014366664
68.2	0.03556259695266667
68.3	0.03348032789086666
68.4	0.03485725158981333
68.5	0.04466989198653333
68.6	0.028820424150109998
68.7	0.03098754848720333
68.8	0.03194001903179333
68.9	0.03881968979456667
69.	0.031647875823316664
69.1	0.040167035732610004
69.2	0.03559486909772666
69.3	0.03990483900063334
69.4	0.04236509461246667
69.5	0.029498681306206663
69.6	0.034941736594193334
69.7	0.039243555887386664
69.8	0.047999267062699996
69.9	0.04553048222984
70.	0.06066448953703333
70.1	0.04294425906030333
70.2	0.0438103200642
70.3	0.05055065443016667
70.4	0.05270286564543333
70.5	0.06456755220826665
70.6	0.06389248603993333
70.7	0.06294503946543334
70.8	0.06795411656113333
70.9	0.09667072750266666
71.	0.07669359996604
71.1	0.07509757248963334
71.2	0.07816640354126667
71.3	0.08462681902663333
71.4	0.09511191761389999
71.5	0.08699705599403332
71.6	0.08150411340383332
71.7	0.09284728527256665
71.8	0.128686174239
71.9	0.11205500691214332
72.	0.10647430538603334
72.1	0.09332848383433334
72.2	0.09156029954493333
72.3	0.10483983782163332
72.4	0.09794806325733332
72.5	0.09428565150479998
72.6	0.09640883110836665
72.7	0.11249899655963333
72.8	0.10161242274860333
72.9	0.10639866962076668
73.	0.08839598223766666
73.1	0.07994762625603333
73.2	0.09021836418410001
73.3	0.0793857567889
73.4	0.07975675668706667
73.5	0.07043735476476666
73.6	0.0692464712321
73.7	0.07095180746933333
73.8	0.0875308371086
73.9	0.07340008497306666
74.	0.057090538047266666
74.1	0.058627834912099996
74.2	0.04763782911869666
74.3	0.06333787628766666
74.4	0.05837104065373333
74.5	0.05371522794113333
74.6	0.058148518835066665
74.7	0.06299603430956666
74.8	0.057113739655066664
74.9	0.04985402797459999
75.	0.053459853428733335
75.1	0.047634397824456665
75.2	0.06744148834383333
75.3	0.061352518575899996
75.4	0.0647062230771
75.5	0.07214338187693332
75.6	0.06124499326243333
75.7	0.0688165941515
75.8	0.07088683993023333
75.9	0.0750923051871
76.	0.06663785741753332
76.1	0.07254421609469999
76.2	0.06728516871313334
76.3	0.08810883646276668
76.4	0.1046037208272
76.5	0.08261005378866666
76.6	0.08748512821923334
76.7	0.08146553634246666
76.8	0.08691889354336665
76.9	0.08391809638806666
77.	0.07875846544266665
77.1	0.07489696361076667
77.2	0.09489597613996666
77.3	0.10786896749343333
77.4	0.08789541293992666
77.5	0.09002161238020001
77.6	0.07464603449883334
77.7	0.08444038776319998
77.8	0.08574437481243333
77.9	0.07095742801016666
78.	0.06667986065986667
78.1	0.06880648871246667
78.2	0.0775110608903
78.3	0.07719145250253333
78.4	0.08156291301283333
78.5	0.06079890025892666
78.6	0.060781421785533335
78.7	0.05876547432793333
78.8	0.049003292625109995
78.9	0.05349146321576666
79.	0.043869277740869995
79.1	0.04705304770759999
79.2	0.05566044091486666
79.3	0.059057647498166665
79.4	0.045398996738093333
79.5	0.035514939880166664
79.6	0.03335560115371666
79.7	0.03639096999621667
79.8	0.045346955812066665
79.9	0.03287575198252266
80.	0.030993212681276666
80.1	0.0359402447773
80.2	0.040682579358636665
80.3	0.047636038161466665
80.4	0.03288443203645667
80.5	0.029740083068063333
80.6	0.03289367021436666
80.7	0.034636735932233334
80.8	0.037674769885699996
80.9	0.038655455834299995
81.	0.03989278785083333
81.1	0.04220949971625
81.2	0.0555517219643
81.3	0.04287966476512334
81.4	0.04259136397496666
81.5	0.038565481506266666
81.6	0.033620062081536665
81.7	0.0550724466739
81.8	0.05467060060496666
81.9	0.05641361225243333
82.	0.0512338940404
82.1	0.05624166162426667
82.2	0.058031367162533334
82.3	0.064371849577
82.4	0.053336762484199995
82.5	0.041246675757566666
82.6	0.06386451176433333
82.7	0.056103506122499994
82.8	0.06972833413856666
82.9	0.06413860794356666
83.	0.05791640166656667
83.1	0.07279887760296666
83.2	0.07207723400296667
83.3	0.061058634260900004
83.4	0.04942093862653333
83.5	0.06160671829929999
83.6	0.05443962108466666
83.7	0.07661646251823331
83.8	0.07085853179993332
83.9	0.059058882444066665
84.	0.07401845304673334
84.1	0.06065277583923333
84.2	0.06663475676769999
84.3	0.06127778724539999
84.4	0.05908019266936666
84.5	0.0544877359765
84.6	0.06510581563783333
84.7	0.06479966073996665
84.8	0.06322289959163332
84.9	0.07368746110553334
85.	0.05261846219483333
85.1	0.06976010094286667
85.2	0.0634615781095
85.3	0.052803763216366664
85.4	0.056688197811166664
85.5	0.051021779516199996
85.6	0.06471469807673333
85.7	0.0725836875344
85.8	0.07144279319276665
85.9	0.05209029871649999
86.	0.06283050355483333
86.1	0.059168214091199996
86.2	0.058677940471
86.3	0.06933594923860001
86.4	0.050799528004299994
86.5	0.06839417647496666
86.6	0.06915175583059999
86.7	0.0690383352972
86.8	0.0722173986913
86.9	0.06733607330953333
87.	0.06650814431083332
87.1	0.06618137903993332
87.2	0.07386596003253333
87.3	0.06482433453106667
87.4	0.08240366282906665
87.5	0.07456129875116665
87.6	0.07962601709360001
87.7	0.0983365626083
87.8	0.07805869140369999
87.9	0.08060086621609999
88.	0.07111166465603333
88.1	0.07930276562303333
88.2	0.09684903267626667
88.3	0.10511024124429999
88.4	0.09109704538243332
88.5	0.08769943495163332
88.6	0.10357162005923333
88.7	0.0937602649066
88.8	0.10831827479096667
88.9	0.08707207585576666
89.	0.08730862313549999
89.1	0.10874252050796665
89.2	0.10503696079246667
89.3	0.11273430960206667
89.4	0.10433910635703332
89.5	0.10576798667053333
89.6	0.10350281021139998
89.7	0.1104802157477
89.8	0.09331544073966666
89.9	0.09449143853156666
90.	0.1073216557642
90.1	0.09778629237783333
90.2	0.12237547809773333
90.3	0.10924838387140001
90.4	0.09950144820976665
90.5	0.09542936503256667
90.6	0.08840302043496664
90.7	0.09585317189286666
90.8	0.10269894200353333
90.9	0.10154366551436667
91.	0.08464284290083335
91.1	0.09845225581363333
91.2	0.09318826324573333
91.3	0.0976411116816
91.4	0.0937283066462
91.5	0.07165259044243333
91.6	0.0838275252527
91.7	0.08262074280506666
91.8	0.08646437380813332
91.9	0.08478343157903334
92.	0.0823376382066
92.1	0.08099757417383333
92.2	0.08172475779150001
92.3	0.07550017058313332
92.4	0.06245376095367999
92.5	0.07399289563533333
92.6	0.06905776644445666
92.7	0.07518559561963332
92.8	0.07908370389546666
92.9	0.06876792911559333
93.	0.06932269038293333
93.1	0.06037543409797333
93.2	0.06001542473242333
93.3	0.06447155675926666
93.4	0.06790158144263332
93.5	0.061248406900869995
93.6	0.05533735898373
93.7	0.05780108901039999
93.8	0.06177491104508999
93.9	0.06785706585796665
94.	0.05335995853477
94.1	0.047565648181056665
94.2	0.050246477856466666
94.3	0.05011510467200733
94.4	0.057004002899799996
94.5	0.04877757319097001
94.6	0.048389801323279996
94.7	0.053888005146566664
94.8	0.05003417167568333
94.9	0.04395385752143333
95.	0.03934646193648
95.1	0.04347654933339333
95.2	0.046476290078373325
95.3	0.048253539139799996
95.4	0.03904512182198
95.5	0.03836327548123333
95.6	0.04370651243576666
95.7	0.04220616285688167
95.8	0.04726012426156666
95.9	0.03741924592005333
96.	0.036769929562963335
96.1	0.038784035629026666
96.2	0.03477432100733667
96.3	0.04044600054873333
96.4	0.04162522624100666
96.5	0.042050641944190004
96.6	0.039785495939896665
96.7	0.0417319070318
96.8	0.03662654747425667
96.9	0.03711506888023667
97.	0.0375330707872
97.1	0.032156268375780325
97.2	0.04351688869379999
97.3	0.042238357321589995
97.4	0.04162098931358333
97.5	0.039172364168799996
97.6	0.03487458589531333
97.7	0.042412713067499996
97.8	0.040594398145383334
97.9	0.035615522191089995
98.	0.03133739580532333
98.1	0.03575027056053333
98.2	0.042435239356756665
98.3	0.04882048093637667
98.4	0.04457468784246666
98.5	0.03262840589666333
98.6	0.0346495826169
98.7	0.03160557670460333
98.8	0.037101619274756664
98.9	0.043311135082266666
99.	0.03981640473195667
99.1	0.04254383074676667
99.2	0.03877765395728333
99.3	0.04015026600814667
99.4	0.04159215926596666
99.5	0.037548625646949996
99.6	0.03521769027710667
99.7	0.03550959483961333
99.8	0.04428104952714666
99.9	0.05127789754064667
100.	0.0527276789356
100.1	0.040755965754943335
100.2	0.038056466836336664
100.3	0.04476948887646666
100.4	0.045023390382455994
100.5	0.052929153968033334
100.6	0.04545140506950333
100.7	0.047892867565723335
100.8	0.060522309059666664
100.9	0.06065713694817666
101.	0.06023471464276667
101.1	0.04828312990273333
101.2	0.04484546168346666
101.3	0.05145225436773333
101.4	0.06426033539029999
101.5	0.0696300446329
101.6	0.06944953362806666
101.7	0.06490252387869999
101.8	0.054637064181740004
101.9	0.0658230195434
102.	0.06198490794245999
102.1	0.06435910596753333
102.2	0.06716893078683334
102.3	0.058530484512933335
102.4	0.07389498586786666
102.5	0.07678726355643334
102.6	0.07349446372316666
102.7	0.0640765974718
102.8	0.05653445371516667
102.9	0.057914476474733335
103.	0.06715552738286666
103.1	0.07398757050836666
103.2	0.06443639832786666
103.3	0.06996473865286666
103.4	0.0625269901994
103.5	0.0646946820421
103.6	0.06530671614259999
103.7	0.04883076303374334
103.8	0.055783591846299996
103.9	0.05362996556646666
104.	0.060731620002066666
104.1	0.06761500390469999
104.2	0.059837410411
104.3	0.05046552634926667
104.4	0.04438657355546666
104.5	0.0463382362249
104.6	0.046886784919766666
104.7	0.05696551571576667
104.8	0.045893818338
104.9	0.04221288436453333
105.	0.04828706331456667
105.1	0.04390320560888
105.2	0.05247383117243333
105.3	0.037745385505499995
105.4	0.03118778170493333
105.5	0.03730700836016666
105.6	0.03893605124656666
105.7	0.047752194775866674
105.8	0.041843433923333326
105.9	0.035914341070833335
106.	0.03437509761766666
106.1	0.03683298102016666
106.2	0.032845596308666666
106.3	0.0333840583532
106.4	0.03792726728416667
106.5	0.03353616060601333
106.6	0.04216516539059999
106.7	0.03416201414228999
106.8	0.032068237757
106.9	0.03769629879196666
107.	0.029719604514306667
107.1	0.03697331837666666
107.2	0.032815780624899996
107.3	0.03493523786376666
107.4	0.040954798647799995
107.5	0.035018379055233334
107.6	0.0366156744602
107.7	0.0369942490013
107.8	0.038671405716
107.9	0.034892036531466664
108.	0.03641492833193333
108.1	0.03297915921953333
108.2	0.04090710245866667
108.3	0.0528447456523
108.4	0.03933364342977667
108.5	0.04247411707576666
108.6	0.034601897725933334
108.7	0.038861743133266666
108.8	0.05315974696913334
108.9	0.04265017131486666
109.	0.04771376823133333
109.1	0.044771721809766664
109.2	0.048805863361299995
109.3	0.0561215559547
109.4	0.0523192725831
109.5	0.048079279206066666
109.6	0.047709619049233334
109.7	0.053947273301
109.8	0.0511900984949
109.9	0.06609515145416667
110.	0.0609663599381
110.1	0.05829404744286666
110.2	0.0656394620371
110.3	0.05033832506870001
110.4	0.06433556313356667
110.5	0.06285489682393333
110.6	0.062015459916499996
110.7	0.0711229604159
110.8	0.0671785372249
110.9	0.07568101353236667
111.	0.07261250167876666
111.1	0.06674164615673332
111.2	0.060727466009199996
111.3	0.07001887708113333
111.4	0.07467028308833332
111.5	0.07863754575653333
111.6	0.08289431869653333
111.7	0.06555879902146666
111.8	0.0795104808705
111.9	0.07732473815816666
112.	0.07271995119023333
112.1	0.07891453858043332
112.2	0.06510511318073332
112.3	0.0782005186011
112.4	0.08427192941533335
112.5	0.08517502335996666
112.6	0.08360657658693334
112.7	0.07222909913106666
112.8	0.06727451938723333
112.9	0.06938351898003332
113.	0.0812084383941
113.1	0.0829751865442
113.2	0.08922198975239999
113.3	0.07577617237163332
113.4	0.06725547787519999
113.5	0.07778437384973333
113.6	0.07170735426649999
113.7	0.08216013610613333
113.8	0.07393656501696666
113.9	0.06619952378036666
114.	0.07963873823896667
114.1	0.08000770089583333
114.2	0.08376427417793333
114.3	0.072480113482
114.4	0.06192870785316666
114.5	0.06493836883816667
114.6	0.0730901279998
114.7	0.0805539763366
114.8	0.07928278947466666
114.9	0.07576273101843334
115.	0.06476409726619667
115.1	0.06689691807473333
115.2	0.06519226550533333
115.3	0.06586877476591332
115.4	0.07667504785019999
115.5	0.06747614801842
115.6	0.070509922389
115.7	0.06899171690453332
115.8	0.06490135304791333
115.9	0.07072125441273333
116.	0.059105917755033335
116.1	0.05835880819993333
116.2	0.061619367032399994
116.3	0.06704093995090667
116.4	0.07380206501346666
116.5	0.06420027561563332
116.6	0.05517230571646667
116.7	0.05277353818269999
116.8	0.058093461503733325
116.9	0.05862904571623333
117.	0.0598847876733
117.1	0.05614056129183333
117.2	0.053617232648623336
117.3	0.0627587513194
117.4	0.05209939964367667
117.5	0.0493081428308
117.6	0.0463203293225
117.7	0.04252960179893667
117.8	0.0555795190392
117.9	0.049581894849026656
118.	0.05065355231629999
118.1	0.04798387042733333
118.2	0.03857997183379666
118.3	0.042133147639766666
118.4	0.03780340831173333
118.5	0.04113622324623333
118.6	0.04464508143523333
118.7	0.04201189035929999
118.8	0.03565423800063333
118.9	0.035013354912699995
119.	0.037363669092166665
119.1	0.0347229805313
119.2	0.038004851797166665
119.3	0.02650907438597
119.4	0.029215279119666666
119.5	0.0368100179482
119.6	0.03283110618451333
119.7	0.0378084001473
119.8	0.023327437476156666
119.9	0.023861211167429997
120.	0.030750148862393332
120.1	0.02661971655145
120.2	0.03325773348529999
120.3	0.026300580414846664
120.4	0.024729105933513337
120.5	0.027138767427786665
120.6	0.025188236514999997
120.7	0.024559608038142
120.8	0.025489764080826666
120.9	0.027393307936553334
121.	0.02255933470935033
121.1	0.02532766534828367
121.2	0.02033089108293
121.3	0.02382415279869667
121.4	0.02881804106309633
121.5	0.019823825605913333
121.6	0.025525643906166663
121.7	0.01788322645952533
121.8	0.020958115863087337
121.9	0.028405917894385666
122.	0.01841547034238
122.1	0.02512447984584333
122.2	0.02124486154837
122.3	0.02017478700924333
122.4	0.024045946520100996
122.5	0.018859092161064333
122.6	0.021485044761466666
122.7	0.022188481683219997
122.8	0.023352865488999997
122.9	0.02097841844609333
123.	0.02168349366703
123.1	0.020599524981463335
123.2	0.02242244396530333
123.3	0.025218445464903334
123.4	0.01716559566328333
123.5	0.024623881719233333
123.6	0.021490671401033334
123.7	0.0233273614964
123.8	0.031157965146766668
123.9	0.018698400907673333
124.	0.0248466793355
124.1	0.021563827397600002
124.2	0.02084075047706667
124.3	0.03175680613903333
124.4	0.02846912192913333
124.5	0.03313104075863333
124.6	0.027726010723599998
124.7	0.022747691153499998
124.8	0.025798662581366667
124.9	0.03069961213443333
125.	0.036967481485633336
125.1	0.03768470453856666
125.2	0.0368528522255
125.3	0.0292965892772
125.4	0.03778089566053333
125.5	0.038457604861366665
125.6	0.03703656949163333
125.7	0.04495100339619999
125.8	0.03464207161142666
125.9	0.0465631508821
126.	0.05111729153356666
126.1	0.0483688436501
126.2	0.053963396353233335
126.3	0.0395009748784
126.4	0.04374415158066667
126.5	0.05028056617979999
126.6	0.058060711445399996
126.7	0.06989207611566667
126.8	0.06293371179186666
126.9	0.053760661198699995
127.	0.04882078247056666
127.1	0.05583978140963333
127.2	0.06300746583753333
127.3	0.0739598701937
127.4	0.07011284997843333
127.5	0.06116268974053333
127.6	0.07002856382199998
127.7	0.06482224760600333
127.8	0.07301966292923333
127.9	0.07017536962576666
128.	0.06090819864857333
128.1	0.0740557724316
128.2	0.0732509318399
128.3	0.08428809200849999
128.4	0.08242997848516666
128.5	0.06721506751386666
128.6	0.0660889945041
128.7	0.06333094357273333
128.8	0.07394207130656667
128.9	0.08509157423396665
129.	0.0874809954186
129.1	0.07651568691516666
129.2	0.06798807808856666
129.3	0.06484380242846666
129.4	0.0665611029031
129.5	0.0819755969128
129.6	0.07586937282215667
129.7	0.07435072170846665
129.8	0.07179979894303333
129.9	0.06652227225986666
130.	0.07792177455466666
130.1	0.06635120902021333
130.2	0.0624491301208
130.3	0.06258170608989999
130.4	0.061973419852839995
130.5	0.07639158726863332
130.6	0.07372654019763333
130.7	0.06492297885609999
130.8	0.05554417159543333
130.9	0.05180646242256666
131.	0.05440599375653333
131.1	0.06251671814503333
131.2	0.06732645893629999
131.3	0.06048164810157
131.4	0.05885428940373333
131.5	0.04617408797926667
131.6	0.04632656789706666
131.7	0.05229267984156666
131.8	0.05029360336463333
131.9	0.058890222604199995
132.	0.04764145913788333
132.1	0.04545874457349667
132.2	0.0497745158986
132.3	0.04390434800295
132.4	0.04700607063466666
132.5	0.03970551913973
132.6	0.03805267446314666
132.7	0.04433758292166666
132.8	0.048559051494299996
132.9	0.04628314387816666
133.	0.03820840479716667
133.1	0.0334097363611
133.2	0.031121482444489996
133.3	0.040316326973766664
133.4	0.040489167016179994
133.5	0.04130305013157
133.6	0.04078703205183333
133.7	0.03077478374161
133.8	0.03518538893873333
133.9	0.029379735142156665
134.	0.03192620112674666
134.1	0.0410283937013
134.2	0.03550880449031666
134.3	0.03664963976433333
134.4	0.030276160842396666
134.5	0.028694874528979997
134.6	0.0335475499383
134.7	0.033528439262146666
134.8	0.03259746408869333
134.9	0.02962935911822
135.	0.03242239019933333
135.1	0.03435590693596333
135.2	0.03617092514226666
135.3	0.029071857332403334
135.4	0.025500638729026668
135.5	0.030326819355966667
135.6	0.030217136889166666
135.7	0.03928389692826666
135.8	0.03408479927550666
135.9	0.02825092224402
136.	0.03172623507846667
136.1	0.025714149076420334
136.2	0.03107335142816666
136.3	0.032043874532443326
136.4	0.03273860975626333
136.5	0.03679142728676666
136.6	0.030641206716226665
136.7	0.028970049683393333
136.8	0.02735913427284667
136.9	0.029988013022766664
137.	0.03465386307342666
137.1	0.033806375226259996
137.2	0.03008306154102
137.3	0.03016927103046667
137.4	0.03463316065903333
137.5	0.03245328179234333
137.6	0.03236691632008666
137.7	0.02738932541545
137.8	0.026974776731155996
137.9	0.03742733695983333
138.	0.037540650969625666
138.1	0.03706595460944333
138.2	0.030284432886836667
138.3	0.026306226645955666
138.4	0.03282786107789999
138.5	0.03379134694628933
138.6	0.038152257029416665
138.7	0.03730444355588666
138.8	0.034246496734906665
138.9	0.03592753172550667
139.	0.03337791564269334
139.1	0.032751810276959996
139.2	0.034799131552296664
139.3	0.03795697078370666
139.4	0.03833602004064333
139.5	0.03795619381528333
139.6	0.03786278828957
139.7	0.03760532306812667
139.8	0.039463757720689996
139.9	0.03660805966414
140.	0.03485409636286
140.1	0.03738788511835667
140.2	0.04414674424619
140.3	0.049974276247056665
140.4	0.044157889812909
140.5	0.036251151466685665
140.6	0.03346315543997999
140.7	0.03878895117174334
140.8	0.049023601791066664
140.9	0.05257894181823
141.	0.04704797546475066
141.1	0.04117135817675666
141.2	0.04200393803467667
141.3	0.044227036925543334
141.4	0.04779640189981667
141.5	0.04901503284936
141.6	0.04787391759884
141.7	0.04982881359282
141.8	0.05035353860023667
141.9	0.05114419794471867
142.	0.04951844630964667
142.1	0.047802082491693335
142.2	0.048552285707316664
142.3	0.048905254086996655
142.4	0.05356088735192667
142.5	0.059101328333726666
142.6	0.060190608027863336
142.7	0.05335537207648999
142.8	0.04676471268214333
142.9	0.045411766994096665
143.	0.05288508757296334
143.1	0.0683221206046
143.2	0.06774651785817133
143.3	0.05889552358056333
143.4	0.048934851470563326
143.5	0.044879010979517665
143.6	0.05862841550956666
143.7	0.06496425366810933
143.8	0.06745464497673333
143.9	0.062261810980866666
144.	0.052633831321370325
144.1	0.05909232145546667
144.2	0.059732478820146664
144.3	0.06174601096879
144.4	0.06354143632046666
144.5	0.05855844268927999
144.6	0.062391177862000005
144.7	0.06486218305118666
144.8	0.0663737708421
144.9	0.06426016841473332
145.	0.059471727041333335
145.1	0.05694051841619666
145.2	0.05935060852922
145.3	0.06820641343803333
145.4	0.07278854503257333
145.5	0.07376766334439999
145.6	0.06056292831542666
145.7	0.052634665533846665
145.8	0.05749851564899999
145.9	0.06265329339406334
146.	0.08114726182413332
146.1	0.07590951135065332
146.2	0.06216279297163666
146.3	0.05846075863209999
146.4	0.0503515494648
146.5	0.06789718790476666
146.6	0.07380265241129999
146.7	0.07096538912578666
146.8	0.07151586968313334
146.9	0.05630984337127
147.	0.0636891573604
147.1	0.06545720490706666
147.2	0.06324963837348666
147.3	0.07142389195833332
147.4	0.06396635503222667
147.5	0.06726361591233332
147.6	0.06847230076693334
147.7	0.06439108122356665
147.8	0.06517000417556666
147.9	0.06186716104513333
148.	0.06387721897796667
148.1	0.06589770947123333
148.2	0.06934551614016667
148.3	0.0693318249279
148.4	0.06849093155806665
148.5	0.0628292596301
148.6	0.057369631245599996
148.7	0.06360982107033333
148.8	0.06246991425433333
148.9	0.07427536063886667
149.	0.07474141245063333
149.1	0.06049522670916333
149.2	0.06264439890033333
149.3	0.051389996238253334
149.4	0.06202973471303334
149.5	0.07375977415886667
149.6	0.06766991381222333
149.7	0.07460890416946667
149.8	0.05650100787663333
149.9	0.05545355656946666
150.	0.061769132245066666
150.1	0.05614042011274334
150.2	0.0748541809658
150.3	0.0688757459549
150.4	0.0639048230502
150.5	0.0627665188689
150.6	0.04870749062236666
150.7	0.05975968761913334
150.8	0.06485622319153334
150.9	0.06943896048829999
151.	0.06931198749346666
151.1	0.05528855605473333
151.2	0.05581257171203333
151.3	0.05847508377263333
151.4	0.06376549251716666
151.5	0.0650243416649
151.6	0.059446423909366664
151.7	0.0551833990617
151.8	0.059380197607833335
151.9	0.06662348386196666
152.	0.05928328909063333
152.1	0.05767076335013333
152.2	0.050605477846266664
152.3	0.05237252098726667
152.4	0.0673911663352
152.5	0.06162677119983334
152.6	0.06391942366053333
152.7	0.052309476201133326
152.8	0.044791136384899996
152.9	0.05775580174846666
153.	0.051369339530649996
153.1	0.06620439420833332
153.2	0.06485497677903332
153.3	0.05011217285928
153.4	0.054703453533333335
153.5	0.038886991919819994
153.6	0.050941949526899996
153.7	0.06351376291576666
153.8	0.059191413279713334
153.9	0.06321937591343332
154.	0.04116097531046666
154.1	0.04180264870669999
154.2	0.05154360979153333
154.3	0.051416874404570004
154.4	0.06307698480333332
154.5	0.05052827380553333
154.6	0.0456501008948
154.7	0.049838321792533335
154.8	0.04587818040666666
154.9	0.049600945028233326
155.	0.04664984662833333
155.1	0.048764240511899995
155.2	0.052272536159566674
155.3	0.049825955945499996
155.4	0.04515653912466667
155.5	0.040231321330966664
155.6	0.042880534402500003
155.7	0.047545962158566664
155.8	0.051921065862533325
155.9	0.043489662444500005
156.	0.04073170428806667
156.1	0.04446735304926667
156.2	0.04082233082516666
156.3	0.048425104623199995
156.4	0.039630226707499994
156.5	0.03599556163276666
156.6	0.04591114675606667
156.7	0.04183856996798
156.8	0.04925093549906667
156.9	0.037985052241333334
157.	0.030832146757396667
157.1	0.04069170850733333
157.2	0.03493033564923666
157.3	0.04913504390156666
157.4	0.04454916612729999
157.5	0.03288494186785999
157.6	0.0393137071067
157.7	0.02701253684546333
157.8	0.03638807159086666
157.9	0.0419981904182
158.	0.038812582278529996
158.1	0.045174982526133334
158.2	0.02816021232384333
158.3	0.02807148684984333
158.4	0.03130457096743333
158.5	0.03191304124382666
158.6	0.046530711199366664
158.7	0.036298090212476666
158.8	0.02933946214646667
158.9	0.028656233084496663
159.	0.02639965580091
159.1	0.03655498463726666
159.2	0.035821326272233334
159.3	0.0333867159519
159.4	0.030692260470366665
159.5	0.027851248239766663
159.6	0.032089812054566666
159.7	0.030527270443423335
159.8	0.028748602438066668
159.9	0.029226624003200002
160.	0.03039843614393333
160.1	0.030175510078603335
160.2	0.03087794883159
160.3	0.028488867166733337
160.4	0.022920676980109998
160.5	0.02846269069383333
160.6	0.02888869119849666
160.7	0.029464376215126667
160.8	0.030656966297066664
160.9	0.023282024961766668
161.	0.026974196378199998
161.1	0.025475746298146668
161.2	0.027321078517523332
161.3	0.02987244653777
161.4	0.01992555687926
161.5	0.0277406554545
161.6	0.027447756563616664
161.7	0.02544725827408033
161.8	0.02969831443198
161.9	0.017016747822559665
162.	0.02169997392972333
162.1	0.026874635383666662
162.2	0.02849057939992223
162.3	0.032087596587233334
162.4	0.0170617815834639
162.5	0.01858679013354833
162.6	0.021909457223046665
162.7	0.023837052995647333
162.8	0.033823071980966665
162.9	0.02187071217415733
163.	0.01869585581778333
163.1	0.021557250924546
163.2	0.02009188290408133
163.3	0.026679773939833333
163.4	0.02240993979339333
163.5	0.02306323727821
163.6	0.023972457851713334
163.7	0.020413514967436666
163.8	0.02361615353923
163.9	0.01878870620671
164.	0.020710118063633334
164.1	0.02623026915413333
164.2	0.022841775196566664
164.3	0.020932313967899997
164.4	0.01962346494977
164.5	0.021175236873663336
164.6	0.022693796301229995
164.7	0.02293974216047333
164.8	0.020400262589519998
164.9	0.01879266592303333
165.	0.023797254986513333
165.1	0.024796246281166667
165.2	0.022077955351049998
165.3	0.016952212620896665
165.4	0.0186361170844
165.5	0.02443565449379333
165.6	0.02290465031505
165.7	0.024533618936133334
165.8	0.017921831537366668
165.9	0.016090924021186663
166.	0.02519979934114333
166.1	0.021003402826393333
166.2	0.020479021297646664
166.3	0.01862633139701333
166.4	0.02003509588438
166.5	0.02805609441969667
166.6	0.02057723282177
166.7	0.019192473304483332
166.8	0.014963403527276667
166.9	0.016700343300176664
167.	0.033072117475599995
167.1	0.025630335836232997
167.2	0.01947164254561
167.3	0.015391580314549333
167.4	0.011868986859012
167.5	0.026125667598003333
167.6	0.026736863031971665
167.7	0.025892693735446663
167.8	0.02008106613196667
167.9	0.011570771081519667
168.	0.022106891504294665
168.1	0.020074676225745
168.2	0.02315404769145333
168.3	0.02799869828783333
168.4	0.01796033320502
168.5	0.02144170698529333
168.6	0.019478060998523332
168.7	0.018604223401886666
168.8	0.0230344089599
168.9	0.020735298386336667
169.	0.026554708310666662
169.1	0.022646612547216664
169.2	0.019953372828556665
169.3	0.021599825195766663
169.4	0.014190103669026665
169.5	0.02182036788116
169.6	0.02906885270679333
169.7	0.026712477744103336
169.8	0.023213633584909996
169.9	0.014856900028243332
170.	0.015495006426033334
170.1	0.023190181049546666
170.2	0.03119632872956666
170.3	0.02947188419963333
170.4	0.016962686896306665
170.5	0.015263347324646667
170.6	0.02178130061803333
170.7	0.026582136755000003
170.8	0.027163847238499995
170.9	0.022911549739949997
171.	0.01815780486647333
171.1	0.02176319316723333
171.2	0.02943638453266667
171.3	0.023113462677
171.4	0.01849927307866
171.5	0.022265376708663333
171.6	0.025378043139699998
171.7	0.029662699900799994
171.8	0.02361687314821
171.9	0.01965511899089
172.	0.01994695343663333
172.1	0.0240259346483
172.2	0.0334322056673
172.3	0.02173483919444
172.4	0.018987765549606662
172.5	0.02658467527766667
172.6	0.022630041198
172.7	0.02956249166216667
172.8	0.023539783058226668
172.9	0.019473955459189996
173.	0.026677504927699998
173.1	0.025269741298266663
173.2	0.03236847818843333
173.3	0.021206625549456667
173.4	0.019632164066126667
173.5	0.0316765130684
173.6	0.020112316351786664
173.7	0.029743379639633333
173.8	0.029033719132043334
173.9	0.021566387816906663
174.	0.03259800277543333
174.1	0.020710878214706664
174.2	0.0236121076675
174.3	0.0251526387222
174.4	0.027778689841963335
174.5	0.04223064438313333
174.6	0.019203185774966665
174.7	0.02154482527393333
174.8	0.026763589904266666
174.9	0.019989138075183332
175.	0.04371521860226666
175.1	0.030220057182
175.2	0.023577262491206664
175.3	0.029483459577433334
175.4	0.021060040890040002
175.5	0.035688358017500005
175.6	0.022899395342756666
175.7	0.03151931338499
175.8	0.04427805317463333
175.9	0.020959382925066664
176.	0.0342098241439
176.1	0.018853866046526665
176.2	0.017688977737690667
176.3	0.05099267225913333
176.4	0.037065275956199996
176.5	0.0368946944425
176.6	0.020354739884829998
176.7	0.017866521399053332
176.8	0.04263764131256667
176.9	0.027865215949233333
177.	0.0491713618777
177.1	0.03905799680963333
177.2	0.020098415970203332
177.3	0.04840841376776667
177.4	0.01834283319423
177.5	0.02589253766423333
177.6	0.0507816211007
177.7	0.046807121665566664
177.8	0.057547443715166666
177.9	0.016080467150056666
178.	0.01996945709213333
178.1	0.03802738259386666
178.2	0.0427255575476
178.3	0.08924164100943333
178.4	0.03455812159809333
178.5	0.01478870660026
178.6	0.05797180118636666
178.7	0.040480584460599996
178.8	0.06594991932843333
178.9	0.055164134532697334
179.	0.05782719307309667
179.1	0.08788141466709999
179.2	0.06334452015886666
179.3	0.08254033103539998
179.4	0.01705549037682333
179.5	0.0670106731473
179.6	0.2608770845824666
179.7	0.17705401611226668
179.8	0.1224181446951
179.9	0.23372531948493336
180.	2.0283857569756667