# O+CO(0,0) elastic diff. cross section
# E = 0.0098 eV
# angle, CS (1e-16 cm^2)
0.1	209854.22114039998
0.2	204790.98845809995
0.3	196606.89155796665
0.4	185665.94711823334
0.5	172443.47987363333
0.6	157495.26709540002
0.7	141422.41174416666
0.8	124834.74160199998
0.9	108315.55628003333
1.	92390.31388646667
1.1	77501.39528136665
1.2	63990.45900129999
1.3	52089.17205576666
1.4	41918.34641766666
1.5	33494.8025569
1.6	26744.685397866666
1.7	21521.524648333332
1.8	17627.090677833334
1.9	14833.057177499999
2.	12901.629554566667
2.1	11603.601897766664
2.2	10732.72037456
2.3	10115.704577156666
2.4	9617.756993746665
2.5	9143.82570773
2.6	8636.23765252
2.7	8069.563437093333
2.8	7443.698671823333
2.9	6776.153917323332
3.	6094.451202573332
3.1	5429.3539739299995
3.2	4809.439017193334
3.3	4257.284140923333
3.4	3787.322450256667
3.5	3405.22558395
3.6	3108.539623783333
3.7	2888.2156421833333
3.8	2730.6513510366667
3.9	2619.8838344933333
4.	2539.6340363399995
4.1	2474.9872399236665
4.2	2413.5856820199997
4.3	2346.296756377
4.4	2267.393052878
4.5	2174.3325536013335
4.6	2067.2563646906665
4.7	1948.3285803656665
4.8	1821.0321097404667
4.9	1689.5110514015335
5.	1558.0205482764334
5.1	1430.5146733237
5.2	1310.3763328246666
5.3	1200.2734086164664
5.4	1102.1136800230997
5.5	1017.067211042
5.6	945.6274091583333
5.7	887.6886906143333
5.8	842.6272349533333
5.9	809.3795104709999
6.	786.519480896
6.1	772.3387657126666
6.2	764.9343780263332
6.3	762.306507252
6.4	762.4651006623333
6.5	763.5398810500001
6.6	763.8850279243334
6.7	762.167908005
6.8	757.4314447419999
6.9	749.1220046363333
7.	737.0786791683333
7.1	721.4848676423333
7.2	702.7882571686666
7.3	681.5997709886666
7.4	658.585068913
7.5	634.3632345163333
7.6	609.4261957186666
7.7	584.0893565389999
7.8	558.479328242
7.9	532.5592192859999
8.	506.18647041433326
8.1	479.19349177666663
8.2	451.47804105066666
8.3	423.08882914066663
8.4	394.29243742859995
8.5	365.6101712642333
8.6	337.81758623666667
8.7	311.90452591766666
8.8	288.9988987014667
8.9	270.2623697546333
9.	256.77000010169996
9.1	249.38813777000667
9.2	248.66528728031668
9.3	254.74923661993662
9.4	267.3406337293333
9.5	285.68891293623994
9.6	308.63155270922
9.7	334.6727361768667
9.8	362.09319449503334
9.9	389.0798429370333
10.	413.8621049012
10.1	434.8416900454333
10.2	450.70396949069993
10.3	460.5017063168333
10.4	463.70534631569996
10.5	460.2178697449
10.6	450.3558615513999
10.7	434.80154876509994
10.8	414.5327673563666
10.9	390.73899204519995
11.	364.73168326070004
11.1	337.85640983609994
11.2	311.4127367056666
11.3	286.5860277790333
11.4	264.3934185667666
11.5	245.64453505603333
11.6	230.91627154279996
11.7	220.54018806546665
11.8	214.6008417546333
11.9	212.9435295171333
12.	215.1903325010333
12.1	220.76382829016666
12.2	228.91819668746666
12.3	238.77755337456668
12.4	249.38113253386666
12.5	259.7344103999333
12.6	268.86449539136663
12.7	275.87724238859994
12.8	280.0127462922666
12.9	280.6953026334433
13.	277.57373272744326
13.1	270.5482478641733
13.2	259.7807939330633
13.3	245.68702481532333
13.4	228.90958353491664
13.5	210.27405796275002
13.6	190.73062866397666
13.7	171.2858453912733
13.8	152.92998575326666
13.9	136.5659419868333
14.	122.94548893463333
14.1	112.61811652973333
14.2	105.89643794833333
14.3	102.84064045419998
14.4	103.26269869183332
14.5	106.74930606233332
14.6	112.70088026719999
14.7	120.38272004103331
14.8	128.9835454183
14.9	137.6763046515
15.	145.6762814804
15.1	152.2921372319333
15.2	156.96647884013333
15.3	159.3037306275
15.4	159.08436441116666
15.5	156.26577137343332
15.6	150.971120707
15.7	143.46835547786665
15.8	134.14197506876667
15.9	123.46043656756666
16.	111.94190303673334
16.1	100.12073372709997
16.2	88.51662823423334
16.3	77.60778837426666
16.4	67.80892726133334
16.5	59.45449728679999
16.6	52.78716621213332
16.7	47.9513553611
16.8	44.9915525177
16.9	43.855091376633325
17.	44.39910460123333
17.1	46.401362605900005
17.2	49.57466717
17.3	53.584355930966666
17.4	58.06828929376667
17.5	62.65845517026666
17.6	67.00307701876666
17.7	70.78789587516665
17.8	73.75516877096666
17.9	75.71892793856667
18.	76.57520536103334
18.1	76.30625089349999
18.2	74.97823972276666
18.3	72.732532959
18.4	69.77116167203333
18.5	66.33777766753333
18.6	62.695781558499995
18.7	59.1056385549
18.8	55.80348262316666
18.9	52.98297383083333
19.	50.782023877633335
19.1	49.27548021416667
19.2	48.47422091513332
19.3	48.33043560023333
19.4	48.74823106903333
19.5	49.598176546633326
19.6	50.73404970603333
19.7	52.00989594816667
19.8	53.29557898786667
19.9	54.489263909533335
20.	55.52569513813333
20.1	56.37965513886667
20.2	57.06455007416666
20.3	57.62660054563333
20.4	58.135560801366665
20.5	58.673204180999996
20.6	59.320970152499996
20.7	60.148163119466666
20.8	61.20193852333333
20.9	62.50003696526666
21.	64.02687285666666
21.1	65.73319661036666
21.2	67.539174408
21.3	69.34040698477334
21.4	71.01616844589667
21.5	72.43900493254665
21.6	73.48479443026
21.7	74.04242398442332
21.8	74.02236967922333
21.9	73.36364192554332
22.	72.03875541778
22.1	70.05657270127665
22.2	67.46303110552667
22.3	64.33988110311999
22.4	60.801635342299996
22.5	56.99095600213333
22.6	53.07270531713333
22.7	49.22686647566667
22.8	45.6405271052
22.9	42.49912059686666
23.	39.9771515475
23.1	38.22869306529999
23.2	37.3780296235
23.3	37.510915728166665
23.4	38.66700824423333
23.5	40.83408645106667
23.6	43.9446776033
23.7	47.875640833933325
23.8	52.45112099153333
23.9	57.44906943473333
24.	62.61125529943334
24.1	67.65638300653333
24.2	72.29562219723333
24.3	76.24958090993334
24.4	79.26554665629999
24.5	81.13371221763333
24.6	81.70111239036666
24.7	80.88213055153332
24.8	78.6646813062
24.9	75.11151562353334
25.	70.35649450563332
25.1	64.5960959504
25.2	58.07681504303333
25.3	51.079448588333335
25.4	43.90149147783333
25.5	36.83899090451666
25.6	30.169198839000003
25.7	24.135238779363334
25.8	18.933778020726667
25.9	14.706399390113333
26.	11.535030200626666
26.1	9.441446235708998
26.2	8.390557421340999
26.3	8.296925952920333
26.4	9.033784991670334
26.5	10.443724947431333
26.6	12.350193613553332
26.7	14.569006558916664
26.8	16.919169666656664
26.9	19.232457555646665
27.	21.36135015881333
27.1	23.185087102819995
27.2	24.613741603366666
27.3	25.5903331406
27.4	26.091087241066667
27.5	26.12401213613333
27.6	25.726000522899998
27.7	24.9586870293
27.8	23.9033058161
27.9	22.654804588666668
28.	21.315485478533333
28.1	19.988461081866667
28.2	18.77123346186
28.3	17.74972031426333
28.4	16.99305899281333
28.5	16.549508257996667
28.6	16.44373288183
28.7	16.67569334679
28.8	17.22127110490333
28.9	18.034642760666664
29.	19.052282084466665
29.1	20.198328777866664
29.2	21.390931913433334
29.3	22.549069407866668
29.4	23.599277149466666
29.5	24.4817037244
29.6	25.1549453593
29.7	25.599210809576665
29.8	25.817510826773333
29.9	25.834748562836666
30.	25.69478774359333
30.1	25.455773516986667
30.2	25.184154821983334
30.3	24.947987313616665
30.4	24.810167304121
30.5	24.82225139758133
30.6	25.019452783099332
30.7	25.417280651057997
30.8	26.01011806287133
30.9	26.771835235650002
31.	27.658331796106665
31.1	28.611715366476666
31.2	29.56567445691666
31.3	30.45150567444667
31.4	31.204216799789993
31.5	31.76814917751
31.6	32.10163900526666
31.7	32.18035559376666
31.8	31.999099628066663
31.9	31.571998287066666
32.	30.93117972853333
32.1	30.12413247
32.2	29.210045316966664
32.3	28.255475419333337
32.4	27.3297056421
32.5	26.50013213843333
32.6	25.82797665673333
32.7	25.3645555027
32.8	25.14826836053333
32.9	25.202404401366667
33.	25.53380704816667
33.1	26.132396251866666
33.2	26.97151886076667
33.3	28.00908150283333
33.4	29.18941214963333
33.5	30.445790893799998
33.6	31.70358219763333
33.7	32.883885790166666
33.8	33.907599272666666
33.9	34.6997525578
34.	35.19393529766667
34.1	35.33659851816667
34.2	35.09097743106666
34.3	34.44036116826666
34.4	33.390433834499994
34.5	31.970435084589997
34.6	30.232940106976663
34.7	28.252137876836663
34.8	26.120588681340003
34.9	23.944559637743332
35.	21.838159823843334
35.1	19.91661253275
35.2	18.289098428750002
35.3	17.051668449730002
35.4	16.280750134376667
35.5	16.027750386963334
35.6	16.315190884286665
35.7	17.134703682896667
35.8	18.44707308279333
35.9	20.18434824026
36.	22.253884672616664
36.1	24.54401771044333
36.2	26.93094214752
36.3	29.286282097526666
36.4	31.484791524899997
36.5	33.411632214399994
36.6	34.96872992
36.7	36.0798040396
36.8	36.69379040443333
36.9	36.786517135833336
37.	36.3606356352
37.1	35.443939087766665
37.2	34.0863081635
37.3	32.3556000907
37.4	30.33283922403333
37.5	28.107074953666668
37.6	25.770250266799998
37.7	23.4123781506
37.8	21.117261570266667
37.9	18.958924558
38.	16.99885481253333
38.1	15.284098250233331
38.2	13.84619707821
38.3	12.700926708773332
38.4	11.848762600356666
38.5	11.275993648703334
38.6	10.956390888936667
38.7	10.853335659583331
38.8	10.922307179709998
38.9	11.113623903479999
39.	11.375325548386666
39.1	11.656074196166665
39.2	11.907945294466666
39.3	12.088975385466668
39.4	12.16533574582333
39.5	12.113012208283331
39.6	11.918892678470002
39.7	11.581195393016666
39.8	11.10921141895
39.9	10.522381453503332
40.	9.848775624926667
40.1	9.12309093209
40.2	8.384319207646666
40.3	7.673264505523332
40.4	7.0300991024099995
40.5	6.492139947236667
40.6	6.092002385796666
40.7	5.856247373696332
40.8	5.8045861274911665
40.9	5.9496477544349995
41.	6.297257299026666
41.1	6.847120506976665
41.2	7.5937734851866665
41.3	8.527634994229999
41.4	9.635998989356667
41.5	10.903825435466667
41.6	12.31422602593
41.7	13.848593569663333
41.8	15.486383003743335
41.9	17.20461074643333
42.	18.97718984752
42.1	20.774254420043334
42.2	22.56164322751667
42.3	24.30070654662
42.4	25.948572800033336
42.5	27.458964988716666
42.6	28.783597047533334
42.7	29.874113981109993
42.8	30.684474844016666
42.9	31.17362189511333
43.	31.308238951763332
43.1	31.06538148765667
43.2	30.4347622615
43.3	29.420498520343333
43.4	28.042166953276666
43.5	26.335065555026663
43.6	24.34964122317
43.7	22.150101796090002
43.8	19.812285447953332
43.9	17.42090425536
44.	15.066309455063333
44.1	12.8409424814
44.2	10.835639220089998
44.3	9.135947447833333
44.4	7.81860251025
44.5	6.948287605523333
44.6	6.574785955843334
44.7	6.7306151819233335
44.8	7.4292206740366655
44.9	8.66379465767
45.	10.406779730646665
45.1	12.610107704313332
45.2	15.206213932959999
45.3	18.10985133449333
45.4	21.220704955846664
45.5	24.426776236396666
45.6	27.608466475949996
45.7	30.64324332798333
45.8	33.410725759656664
45.9	35.79797633852333
46.	37.70475009628666
46.1	39.04842184675333
46.2	39.768303409893335
46.3	39.82907222633
46.4	39.22306514288667
46.5	37.971245366839995
46.6	36.12272418198667
46.7	33.752807222326666
46.8	30.959631359826666
46.9	27.859554765143333
47.	24.58155112934333
47.1	21.26093143263333
47.2	18.03276623666333
47.3	15.025403442759998
47.4	12.3544684797
47.5	10.117696455559999
47.6	8.39088221801
47.7	7.225150286516667
47.8	6.64564988334
47.9	6.651679500123333
48.	7.218149406936666
48.1	8.298207253976665
48.2	9.826787809431666
48.3	11.724807059482
48.4	13.903704943502001
48.5	16.270048913950333
48.6	18.729939025699665
48.7	21.19299938321133
48.8	23.575794517096668
48.9	25.804566427329995
49.	27.817242966739997
49.1	29.564716435483334
49.2	31.011429766779997
49.3	32.135335238126665
49.4	32.92730758691333
49.5	33.390101352243335
49.6	33.53694364675333
49.7	33.38985109833
49.8	32.977755887490005
49.9	32.334522496523334
50.	31.496934925286666
50.1	30.502733685946666
50.2	29.388781935166666
50.3	28.189439086363336
50.4	26.935216336809994
50.5	25.651780036429997
50.6	24.359354519790003
50.7	23.072555513273333
50.8	21.80065908946333
50.9	20.548280936776663
51.	19.31640888654
51.1	18.10370124652
51.2	16.907937841946666
51.3	15.727492922456666
51.4	14.562691850976666
51.5	13.416918423939999
51.6	12.297357265693332
51.7	11.21528514811
51.8	10.185864158076665
51.9	9.227435052773332
52.	8.360356743343333
52.1	7.605483023189999
52.2	6.98240582861
52.3	6.507621439953333
52.4	6.192789040543333
52.5	6.043248231166666
52.6	6.0569433250066655
52.7	6.223869026838999
52.8	6.5261074639646655
52.9	6.938474738946
53.	7.429741252719333
53.1	7.964339278264333
53.2	8.504428604883467
53.3	9.012160591720631
53.4	9.4519654358248
53.5	9.792688038041998
53.6	10.009414008034334
53.7	10.084856967358668
53.8	10.010217962665
53.9	9.785473203728
54.	9.419092861929999
54.1	8.927236874466667
54.2	8.332509840496666
54.3	7.66238347884
54.4	6.947410303843332
54.5	6.219356053556667
54.6	5.50937202283
54.7	4.846313791
54.8	4.25529241645
54.9	3.756520701883333
55.	3.3644931333299994
55.1	3.087515604699333
55.2	2.9275814602716665
55.3	2.8805744196923335
55.4	2.9367666609536665
55.5	3.0815713129226663
55.6	3.29650216406
55.7	3.5602887935600003
55.8	3.850091982506666
55.9	4.14276185354
56.	4.416079741423333
56.1	4.649924651499999
56.2	4.827306874516666
56.3	4.935215526683333
56.4	4.965234016063333
56.5	4.91388799509
56.6	4.7827041728
56.7	4.577974921143333
56.8	4.310241973816667
56.9	3.993531367546667
57.	3.6443895505066664
57.1	3.2807856300199996
57.2	2.9209555043933335
57.3	2.5822688579466666
57.4	2.2801988803066666
57.5	2.0274668537996665
57.6	1.8334198229423333
57.7	1.7036804341393332
57.8	1.6400852903376664
57.9	1.6409038118133332
58.	1.7013058785086668
58.1	1.814025720137
58.2	1.9701536671293334
58.3	2.1599780841259997
58.4	2.373798049744
58.5	2.602633331262
58.6	2.8387713293326664
58.7	3.076109567025
58.8	3.3102749660269994
58.9	3.538525167275666
59.	3.759459939781
59.1	3.9725898525556667
59.2	4.177822863636999
59.3	4.3749359760776665
59.4	4.563098112795666
59.5	4.740502231907333
59.6	4.904150613627333
59.7	5.049819019460667
59.8	5.172205277729999
59.9	5.2652481183879996
60.	5.322584915589333
60.1	5.338104092340001
60.2	5.306540370153666
60.3	5.224059137044
60.4	5.088779592337666
60.5	4.901194029273
60.6	4.664451262429333
60.7	4.384484243434667
60.8	4.069973860342667
60.9	3.7321515738690003
61.	3.3844521323929997
61.1	3.0420338221546666
61.2	2.7211877129209996
61.3	2.4386596672847998
61.4	2.2109102114581
61.5	2.0533384544740665
61.6	1.9794976749891
61.7	2.0003322672144
61.8	2.1234683816098334
61.9	2.3525933760297666
62.	2.6869613705252
62.1	3.1210628560732596
62.2	3.644494509564926
62.3	4.242060335460616
62.4	4.894126522645533
62.5	5.5772399420335335
62.6	6.265004478778967
62.7	6.929191353446633
62.8	7.541040620430467
62.9	8.072692828352366
63.	8.498674200463267
63.1	8.797347398330665
63.2	8.952234466375666
63.3	8.953119975703999
63.4	8.796851175737332
63.5	8.487767935278331
63.6	8.037717541131666
63.7	7.465636499045666
63.8	6.796711304008333
63.9	6.061160301138667
64.	5.292706690457333
64.1	4.526835987269999
64.2	3.798947717193
64.3	3.142519260297333
64.4	2.5873987414836663
64.5	2.1583337238649998
64.6	1.8738240669793331
64.7	1.745362313783333
64.8	1.77709563191
64.9	1.9659123001933332
65.	2.30192575247
65.1	2.769302834716667
65.2	3.347362319403333
65.3	4.011856312466667
65.4	4.73634165694
65.5	5.49355063493
65.6	6.2566792946
65.7	7.000526078579999
65.8	7.702431221466665
65.9	8.342986597429999
66.	8.906504438226667
66.1	9.381250025636668
66.2	9.759456992633332
66.3	10.037153681363332
66.4	10.21383506646
66.5	10.292017461323333
66.6	10.276713281643332
66.7	10.174861368839998
66.8	9.994745571743334
66.9	9.745431066963333
67.	9.43624464113
67.1	9.076321950333332
67.2	8.67424146122
67.3	8.237761051849999
67.4	7.773668739646667
67.5	7.287753415876667
67.6	6.784894680392666
67.7	6.269263017694666
67.8	5.744613040243999
67.9	5.214644012571333
68.	4.683394209736666
68.1	4.155629787684
68.2	3.6371856520343333
68.3	3.1352160285896664
68.4	2.6583165153632664
68.5	2.2164874155937997
68.6	1.8209197896045304
68.7	1.4836001874563665
68.8	1.2167463363063
68.9	1.0321027830183334
69.	0.9401411023543332
69.1	0.9492222288416665
69.2	1.0647873470696667
69.3	1.2886474558816667
69.4	1.6184394915876663
69.5	2.047308547326667
69.6	2.5638616103699996
69.7	3.1524192681133334
69.8	3.79356942251
69.9	4.465003015243333
70.	5.142588157673333
70.1	5.8016179897899995
70.2	6.418151021596666
70.3	6.970352249646666
70.4	7.439740085863332
70.5	7.812248537276667
70.6	8.07902589379
70.7	8.236909488093334
70.8	8.288539368666665
70.9	8.242100013066665
71.	8.110706291469999
71.1	7.91147553908
71.2	7.664349760776666
71.3	7.3907490064333325
71.4	7.112147660163332
71.5	6.848669215666666
71.6	6.61779208756
71.7	6.433249700166667
71.8	6.3041935060766665
71.9	6.234669015876666
72.	6.223433835129999
72.1	6.264124583116667
72.2	6.345757809076666
72.3	6.4535298526533325
72.4	6.56986303662
72.5	6.675631433523333
72.6	6.7514892983433334
72.7	6.779219505453334
72.8	6.743018185356666
72.9	6.630635280123333
73.	6.4342988047
73.1	6.151362909413334
73.2	5.784635872436667
73.3	5.342363181277666
73.4	4.837861921639333
73.5	4.288824630645666
73.6	3.7163322592699997
73.7	3.1436355380250003
73.8	2.5947804583052996
73.9	2.0931655181580333
74.	1.6601248164009998
74.1	1.313631336232333
74.2	1.0672085800116666
74.3	0.9291263047193334
74.4	0.9019381345128332
74.5	0.9823963992785667
74.6	1.1617541360023333
74.7	1.4264375229393331
74.8	1.7590459625800001
74.9	2.1396134559266664
75.	2.5470455491
75.1	2.9606324486
75.2	3.361531982156667
75.3	3.73411655136
75.4	4.067086184153332
75.5	4.354264816173334
75.6	4.595018054726666
75.7	4.79425649424
75.8	4.962017376606667
75.9	5.112647006686666
76.	5.2636347359333335
76.1	5.434174483196667
76.2	5.643549870643334
76.3	5.909452686983333
76.4	6.246350605609999
76.5	6.6640184895833325
76.6	7.1663383848199995
76.7	7.750457153013333
76.8	8.406368800589998
76.9	9.116962439629997
77.	9.858548206246667
77.1	10.60184416026
77.2	11.313378944359998
77.3	11.95723936785
77.4	12.497070432700001
77.5	12.89821869299
77.6	13.129898983433332
77.7	13.167259942066666
77.8	12.993225589926666
77.9	12.599998483936668
78.	11.990124373059999
78.1	11.177038379539997
78.2	10.185037793329998
78.3	9.048655652199999
78.4	7.811441173193332
78.5	6.524186337139999
78.6	5.242670809776666
78.7	4.025028049493333
78.8	2.9288619620199996
78.9	2.0082639353196665
79.	1.310892841231
79.1	0.8752843059286667
79.2	0.7285494130669333
79.3	0.8846068216386667
79.4	1.3430665543886664
79.5	2.088849648174267
79.6	3.0925873148320666
79.7	4.311798643218966
79.8	5.692799963896849
79.9	7.173254762114368
80.	8.685233385657366
80.1	10.158619421562666
80.2	11.524676719251332
80.3	12.719579208793
80.4	13.687705765176663
80.5	14.384514465006667
80.6	14.778833952094999
80.7	14.854442809515
80.8	14.610848741806665
80.9	14.063225431683332
81.	13.241513276096665
81.1	12.188737848403335
81.2	10.958643982016667
81.3	9.612781215863333
81.4	8.217205814126665
81.5	6.838984074313334
81.6	5.542690236406667
81.7	4.38708976403
81.8	3.42218553147
81.9	2.686781588643333
82.	2.2066882800766665
82.1	1.9936555392873334
82.2	2.0450803877003
82.3	2.3444923448676667
82.4	2.862778866256666
82.5	3.560074162676667
82.6	4.388200666126666
82.7	5.2935245235799995
82.8	6.220066015136667
82.9	7.112693544963333
83.	7.920226332423334
83.1	8.59827627811
83.2	9.11167350006
83.3	9.436342178226667
83.4	9.560522719013333
83.5	9.485271595153332
83.6	9.224209922526667
83.7	8.802533969743333
83.8	8.255343149296666
83.9	7.625381229583334
84.	6.960322095373333
84.1	6.3097600459733325
84.2	5.7220843102100005
84.3	5.2414265958133335
84.4	4.9048681213066665
84.5	4.740078485693333
84.6	4.763533513546666
84.7	4.979424271816667
84.8	5.379326929246666
84.9	5.9426557496
85.	6.63787240343
85.1	7.424377235616667
85.2	8.254965335596665
85.3	9.078695082916667
85.4	9.843991598416666
85.5	10.501793817053333
85.6	11.008552494417334
85.7	11.328897280500666
85.8	11.437813140251333
85.9	11.322198215159668
86.	10.981714459049666
86.1	10.428886371877999
86.2	9.688448996447999
86.3	8.79599111766
86.4	7.795980559880334
86.5	6.739293215802
86.6	5.680394042477666
86.7	4.674335396802
86.8	3.7737450727033335
86.9	3.0259732108099997
87.	2.4705544686766667
87.1	2.1371205956533332
87.2	2.043870422943333
87.3	2.1966711336066664
87.4	2.588828572753333
87.5	3.2015273808266667
87.6	4.004905883593333
87.7	4.9596977608233335
87.8	6.0193440871299995
87.9	7.132456624816666
88.	8.245497147876666
88.1	9.305528649346666
88.2	10.262892770346665
88.3	11.073673618523332
88.4	11.701820963773333
88.5	12.120824979539998
88.6	12.31485935014
88.7	12.279338545836668
88.8	12.020866999866666
88.9	11.556591221330002
89.	10.912998802463331
89.1	10.124238999193334
89.2	9.23006626919
89.3	8.273529154463333
89.4	7.298540780533333
89.5	6.34747297451
89.6	5.458913053163333
89.7	4.665710746269999
89.8	3.9934231575166668
89.9	3.459239375053333
90.	3.071435085768333
90.1	2.829373464575233
90.2	2.7240340628406665
90.3	2.739018792987667
90.4	2.8519556158366663
90.5	3.0361980554
90.6	3.262703574876666
90.7	3.5019669471033326
90.8	3.725886216113333
90.9	3.90944823726
91.	4.032137119
91.1	4.078990747866666
91.2	4.041256231556666
91.3	3.9166226545800003
91.4	3.7090371070933337
91.5	3.4281357392
91.6	3.0883440643633326
91.7	2.707718657369333
91.8	2.3066149094596664
91.9	1.9062721570803334
92.	1.527408227221
92.1	1.1889105422756665
92.2	0.9067010196226667
92.3	0.6928379580613333
92.4	0.5549009795395999
92.5	0.4956860492852
92.6	0.5132178189867
92.7	0.601067175469
92.8	0.7489439805513333
92.9	0.9435194621556666
93.	1.169420290783
93.1	1.4103275848883332
93.2	1.65010927154
93.3	1.8739135292699998
93.4	2.069154419673333
93.5	2.2263280620866666
93.6	2.33960844922
93.7	2.4071857147099998
93.8	2.4313256722766665
93.9	2.4181469392033335
94.	2.3771299972466666
94.1	2.3203900986766666
94.2	2.26176190304
94.3	2.215757043701
94.4	2.1964654621183333
94.5	2.2164764658673333
94.6	2.2858954725310334
94.7	2.4115270386197665
94.8	2.5962841819926665
94.9	2.838868754439
95.	3.1337486891266666
95.1	3.4714366773466665
95.2	3.839052820453333
95.3	4.22113278524
95.4	4.600624663246666
95.5	4.960003607296667
95.6	5.282424567446666
95.7	5.552830795273334
95.8	5.758939431606667
95.9	5.892035096686667
96.	5.947517119846666
96.1	5.925164617146667
96.2	5.829104499313333
96.3	5.667488977516666
96.4	5.451909556123333
96.5	5.196592346526666
96.6	4.91743357458
96.7	4.630943523623333
96.8	4.353171406276667
96.9	4.0986827568866655
97.	3.87965523079
97.1	3.7051488544233333
97.2	3.580593696916666
97.3	3.507522682256667
97.4	3.4835609401766665
97.5	3.5026667872033332
97.6	3.5556041259233333
97.7	3.6306125929033333
97.8	3.714230836213333
97.9	3.79222032753
98.	3.8505323781566667
98.1	3.8762596121333335
98.2	3.8585149653700004
98.3	3.789186098676666
98.4	3.663520592496666
98.5	3.4805070050299998
98.6	3.243028333936666
98.7	2.9577770916866664
98.8	2.6349345226899996
98.9	2.2876298693133332
99.	1.9312084275063335
99.1	1.582348803011
99.2	1.258079661757
99.3	0.9747537554893333
99.4	0.7470415297450668
99.5	0.5870077042401333
99.6	0.5033315082551666
99.7	0.5007245975514936
99.8	0.5795901602526667
99.9	0.7359527074163333
100.	0.9616712158559999
100.1	1.2449296206636666
100.2	1.57097937131
100.3	1.9230902737199997
100.4	2.2836496122799996
100.5	2.635336985293333
100.6	2.96229459293
100.7	3.2512107459
100.8	3.4922385269499996
100.9	3.679681731273333
101.	3.8123958012066668
101.1	3.8938713285633337
101.2	3.9319902991999998
101.3	3.9384688137933335
101.4	3.9280226545066665
101.5	3.9173119826599994
101.6	3.92373709804
101.7	3.9641674066333334
101.8	4.053689854193999
101.9	4.204460938797999
102.	4.424738384243333
102.1	4.718155460413333
102.2	5.08328395236
102.3	5.513512311096666
102.4	5.99724505826
102.5	6.518409511803332
102.6	7.05723764527
102.7	7.591275435223334
102.8	8.096560145643332
102.9	8.54889808306
103.	8.925171565736665
103.1	9.204604058973333
103.2	9.369916292666666
103.3	9.40831320095
103.4	9.31225113227
103.5	9.079946345493333
103.6	8.71559873367
103.7	8.22931842446
103.8	7.636756879469999
103.9	6.958457882406666
104.	6.21895693749
104.1	5.4456696890666665
104.2	4.667620616693333
104.3	3.914072041483333
104.4	3.2131199753966664
104.5	2.5903271217066663
104.6	2.067463984583333
104.7	1.6614262234886665
104.8	1.3833898653856667
104.9	1.2382557135339998
105.	1.224420447429
105.1	1.3338949536466667
105.2	1.5527711205076669
105.3	1.862017718114
105.4	2.238565361484333
105.5	2.656621370774
105.6	3.0891390977723328
105.7	3.509354389344666
105.8	3.892295476709667
105.9	4.216172511362666
106.	4.463559528029
106.1	4.6222945675946665
106.2	4.686042239825666
106.3	4.654485836711666
106.4	4.533141497323666
106.5	4.332812894893333
106.6	4.068729408753333
106.7	3.7594318201899997
106.8	3.4254856000966662
106.9	3.088111655913333
107.	2.767827356786667
107.1	2.4831867382966664
107.2	2.2496985660799997
107.3	2.078985480323333
107.4	1.9782282025146665
107.5	1.9499174414973333
107.6	1.9919144275906666
107.7	2.097800572863666
107.8	2.2574790073879996
107.9	2.4579767441946663
108.	2.6843866532466665
108.1	2.920883541426666
108.2	3.1517483236166663
108.3	3.362338087273333
108.4	3.5399471170666663
108.5	3.67451382244
108.6	3.7591401091899996
108.7	3.79040218702
108.8	3.768444329796666
108.9	3.6968590554266663
109.	3.5823680715999995
109.1	3.4343277994699997
109.2	3.26409112727
109.3	3.084263153786667
109.4	2.90789301488
109.5	2.7476464343266667
109.6	2.615004392996666
109.7	2.5195322430053335
109.8	2.4682606637699998
109.9	2.4652150220999998
110.	2.5111229432299997
110.1	2.6033212780466664
110.2	2.73587333027
110.3	2.8998955037666665
110.4	3.0840799403233334
110.5	3.27538691855
110.6	3.4598686105866667
110.7	3.6235751849066666
110.8	3.7534861694766666
110.9	3.83840534283
111.	3.8697569158033334
111.1	3.842224831133333
111.2	3.7541857018399996
111.3	3.60789887227
111.4	3.409433532263333
111.5	3.168331575703333
111.6	2.897024507793333
111.7	2.610041545293333
111.8	2.323062489915
111.9	2.051881516220333
112.	1.8113555433436668
112.1	1.6144126362949998
112.2	1.471191703601
112.3	1.3883749619299999
112.4	1.368760068084
112.5	1.4111007357626666
112.6	1.5102246089563334
112.7	1.6574168367976665
112.8	1.8410388360363332
112.9	2.047335601264667
113.	2.2613727832873334
113.1	2.4680373589936666
113.2	2.6530333803106667
113.3	2.803806900604333
113.4	2.9103412348673334
113.5	2.9657744079036665
113.6	2.9668039688676666
113.7	2.9138591873943334
113.8	2.8110358849166666
113.9	2.6658037772476666
114.	2.4885093518353334
114.1	2.2917083207303333
114.2	2.089370142676333
114.3	1.8960027756586666
114.4	1.7257486748143331
114.5	1.5915032147356665
114.6	1.504104423101
114.7	1.4716384644296667
114.8	1.498899034941
114.9	1.5870310473823335
115.	1.7333800061473332
115.1	1.9315585858083335
115.2	2.1717314095499995
115.3	2.4411081664400003
115.4	2.7246243318433327
115.5	3.0057782451033335
115.6	3.267583605646667
115.7	3.49358809968
115.8	3.6689024463666664
115.9	3.7811802533866663
116.	3.8214882581399996
116.1	3.7850092522466667
116.2	3.671526510193333
116.3	3.4856488779233334
116.4	3.2367495257633334
116.5	2.93860809866
116.6	2.6087646474666664
116.7	2.2676130646333332
116.8	1.9372803563966665
116.9	1.6403544761566664
117.	1.3985362076703334
117.1	1.2312985286953335
117.2	1.1546391600733332
117.3	1.180008216347
117.4	1.3134831321626665
117.5	1.5552479664933332
117.6	1.899414869013333
117.7	2.3342033811366663
117.8	2.8424700184166665
117.9	3.4025579956266663
118.	3.9894166751433335
118.1	4.575923772536666
118.2	5.134331617173332
118.3	5.637752487296667
118.4	6.061597409546666
118.5	6.3848875808533325
118.6	6.591367105969999
118.7	6.670359119673333
118.8	6.617323466573333
118.9	6.434091752843333
119.	6.128773601263333
119.1	5.715345273336667
119.2	5.212947595965334
119.3	4.644933661442
119.4	4.037717602663333
119.5	3.41948362473
119.6	2.8188193189359994
119.7	2.263339156726
119.8	1.778363120019
119.9	1.3857118917136666
120.	1.1026741617563331
120.1	0.941193669024
120.2	0.9073138718107666
120.3	1.0009069039666665
120.4	1.215701035606
120.5	1.5396075617333334
120.6	1.95533429318
120.7	2.4412591011066667
120.8	2.9725238271566665
120.9	3.5222969517999996
121.	4.063143397296667
121.1	4.568432427963334
121.2	5.013710450333333
121.3	5.377965152413333
121.4	5.64471121321
121.5	5.80283587137
121.6	5.8471547744466665
121.7	5.778644220536667
121.8	5.604334307583333
121.9	5.336867496443333
122.	4.9937473396
122.1	4.596321185783333
122.2	4.1685571336
122.3	3.7356881123366668
122.4	3.3228037404533333
122.5	2.9534729531800004
122.6	2.6484771475533333
122.7	2.4247250730729997
122.8	2.2944076391473334
122.9	2.2644343109882334
123.	2.3361741642086664
123.1	2.505505415856333
123.2	2.763158768523333
123.3	3.095323459756666
123.4	3.4844715026966666
123.5	3.9103459077766667
123.6	4.351053000123333
123.7	4.784197257156666
123.8	5.187999050683333
123.9	5.54234072365
124.	5.82969386157
124.1	6.035889677209999
124.2	6.150704384876667
124.3	6.168241655826666
124.4	6.087104203073332
124.5	5.910355863446666
124.6	5.645283982459999
124.7	5.30297933211
124.8	4.897757143333333
124.9	4.446448103589999
125.	3.967592350196666
125.1	3.4805725684499995
125.2	3.00472423101
125.3	2.5584617235666665
125.4	2.158458491796667
125.5	1.8189173253866664
125.6	1.5509633916033334
125.7	1.3621876247423332
125.8	1.2563616256273333
125.9	1.233337485021
126.	1.2891371871316666
126.1	1.4162268598063332
126.2	1.6039616055313335
126.3	1.8391775374433332
126.4	2.1068995595633333
126.5	2.391126959376667
126.6	2.6756545411966663
126.7	2.9448852110533332
126.8	3.1845908401000003
126.9	3.382581882786667
127.	3.52925237786
127.1	3.6179751653166665
127.2	3.6453317762533333
127.3	3.611171735056666
127.4	3.51850614378
127.5	3.3732496199599997
127.6	3.18383227072
127.7	2.960708931533333
127.8	2.715796131643333
127.9	2.46186817178
128.	2.211942546283333
128.1	1.9786821319899999
128.2	1.7738376383053334
128.3	1.6077493444056667
128.4	1.4889226733476666
128.5	1.4236880884283334
128.6	1.4159524015963332
128.7	1.4670459306893335
128.8	1.57566793305
128.9	1.7379311422133332
129.	1.9475047295933332
129.1	2.1958532824066666
129.2	2.4725671679466665
129.3	2.765776794631
129.4	3.0626397811270003
129.5	3.3498860688756666
129.6	3.6144018660409998
129.7	3.843829406048
129.8	4.027156305860666
129.9	4.155266272284333
130.	4.2214224090986665
130.1	4.221655682504333
130.2	4.155034300356666
130.3	4.023794778048666
130.4	3.833322045369333
130.5	3.5919737007609998
130.6	3.31075193448
130.7	3.002835151036666
130.8	2.6829893475699995
130.9	2.3668863076699997
131.	2.0703611928099996
131.1	1.808645814003333
131.2	1.5956155399966667
131.3	1.4430873860699998
131.4	1.360204413201
131.5	1.3529373598836667
131.6	1.42372874115
131.7	1.5712978603833332
131.8	1.7906177033033333
131.9	2.073066928573333
132.	2.4067525073666665
132.1	2.7769913049433335
132.2	3.1669322727866662
132.3	3.5582950845433334
132.4	3.9321960898866672
132.5	4.270028418943333
132.6	4.5543599725199995
132.7	4.7698109217699995
132.8	4.9038712958133335
132.9	4.947619396196667
133.	4.896303328789999
133.1	4.749751112623333
133.2	4.512579818536667
133.3	4.194181168370666
133.4	3.80847001716
133.5	3.3733930135973336
133.6	2.9102071347236667
133.7	2.4425511415346666
133.8	1.9953465099346666
133.9	1.593577095148
134.	1.2610076388246667
134.1	1.0189091888996666
134.2	0.8848636605836667
134.3	0.8717194436142999
134.4	0.9867648039663333
134.5	1.231175874378
134.6	1.5997817240999999
134.7	2.08117118235
134.8	2.6581459248099994
134.9	3.308503209983333
135.	4.006111067933333
135.1	4.722220166816666
135.2	5.4269413271
135.3	6.090806772193332
135.4	6.686327407256666
135.5	7.1894580332833335
135.6	7.580887365176666
135.7	7.84707960603
135.8	7.981008399966667
135.9	7.982541282410001
136.	7.858452158383334
136.1	7.622059699836667
136.2	7.292509715783334
136.3	6.893738448966666
136.4	6.4531704678
136.5	6.000218597956666
136.6	5.564663604823334
136.7	5.174997725383333
136.8	4.85681846447
136.9	4.63135729711
137.	4.514222190163332
137.1	4.5144234356599995
137.2	4.633739554433333
137.3	4.866464458459999
137.4	5.199559216836667
137.5	5.6132123006466665
137.6	6.0817918100899995
137.7	6.57515271589
137.8	7.060242450576666
137.9	7.5029301995766655
138.	7.86996994219
138.1	8.130995653756665
138.2	8.260440023973334
138.3	8.239266377643332
138.4	8.056407796856666
138.5	7.709818056023334
138.6	7.207055841623333
138.7	6.565346362703334
138.8	5.811091943009999
138.9	4.97883414754
139.	4.109702680293333
139.1	3.2494186437233332
139.2	2.4459495832333333
139.3	1.74693887861
139.4	1.1970505290513334
139.5	0.8353806363809999
139.6	0.693087891702
139.7	0.791386736452
139.8	1.1400289269333332
139.9	1.7363730030533333
140.	2.565108288059333
140.1	3.5986626534136663
140.2	4.798283813628332
140.3	6.1157449280359995
140.4	7.495589254147667
140.5	8.877797731742
140.6	10.200739463662
140.7	11.404249378633333
140.8	12.432670596901
140.9	13.237701296049666
141.	13.780896763426664
141.1	14.035695936239998
141.2	13.988866820913334
141.3	13.641295235580003
141.4	13.008074677206665
141.5	12.117890065619997
141.6	11.011722984319999
141.7	9.740939241413333
141.8	8.364849684666666
141.9	6.947860969676666
142.	5.55635335307
142.1	4.255436734233333
142.2	3.105743493466666
142.3	2.16041680692
142.4	1.46244593665
142.5	1.042485631848
142.6	0.9172756412933333
142.7	1.0887491102426665
142.8	1.5438862904596666
142.9	2.2553337878866664
143.	3.1827710393416666
143.1	4.274966617723667
143.2	5.472429271093999
143.3	6.710524366645999
143.4	7.922897699897666
143.5	9.04502738247
143.6	10.017712407204332
143.7	10.790304768033334
143.8	11.32350138472
143.9	11.591532589566665
144.	11.583614875536664
144.1	11.304575523656666
144.2	10.774603459243332
144.3	10.028131458879999
144.4	9.111906462163333
144.5	8.082353843529999
144.6	7.002384751439999
144.7	5.937830030320001
144.8	4.953707391836667
144.9	4.110538760353333
145.	3.46093137165
145.1	3.0466195205966664
145.2	2.8961350481359998
145.3	3.0232357911196663
145.4	3.426175009793333
145.5	4.087844407453334
145.6	4.976772091283333
145.7	6.048907936666667
145.8	7.250085239513333
145.9	8.519011701893334
146.	9.790616488473333
146.1	10.999564406413334
146.2	12.083743577686668
146.3	12.987539000533333
146.4	13.66472026964
146.5	14.080796102053334
146.6	14.214719528203332
146.7	14.059863763506666
146.8	13.624227894069998
146.9	12.92987161645
147.	12.01161747115
147.1	10.915095566766666
147.2	9.694238152956665
147.3	8.408358238079998
147.4	7.118966679056666
147.5	5.886494962199999
147.6	4.767095690536666
147.7	3.8096893195166666
147.8	3.05341396135
147.9	2.5256154538709996
148.	2.24048803186657
148.1	2.198442865164
148.2	2.3862437973599997
148.3	2.777908520206667
148.4	3.336331132746667
148.5	4.015540770333333
148.6	4.763473090256666
148.7	5.525099221763334
148.8	6.245732542573333
148.9	6.874319237583332
149.	7.366515455116667
149.1	7.6873627961193325
149.2	7.813394872787667
149.3	7.734039950660998
149.4	7.452226570223666
149.5	6.984148080659667
149.6	6.358195104256
149.7	5.613118543141
149.8	4.7955361190809995
149.9	3.956939003622667
150.	3.1503886668309997
150.1	2.4271151577333328
150.2	1.83323503741
150.3	1.4067995799833333
150.4	1.1753621811086667
150.5	1.1542197574188333
150.6	1.3454387682666669
150.7	1.7377255087799999
150.8	2.30714609038
150.9	3.0186477441666666
151.	3.828283292643333
151.1	4.6859979585066664
151.2	5.538804617326666
151.3	6.334151899506667
151.4	7.02328012842
151.5	7.564363047866667
151.6	7.925247985323332
151.7	8.085632211706665
151.8	8.038546969533332
151.9	7.791060776326667
152.	7.36415778304
152.1	6.7917927410833325
152.2	6.11916913308
152.3	5.40032905111
152.4	4.695180510256666
152.5	4.066118421916666
152.6	3.5744181130899997
152.7	3.276594124866666
152.8	3.220921474583333
152.9	3.444311409973333
153.	3.96971906734
153.1	4.80423686754
153.2	5.937995791013333
153.3	7.34395805077
153.4	8.978640646806667
153.5	10.783761664866667
153.6	12.688752091856665
153.7	14.61402770206
153.8	16.474870735933333
153.9	18.18573220209
154.	19.664735171446665
154.1	20.83813964373
154.2	21.644522277816666
154.3	22.038430727676662
154.4	21.993292989806665
154.5	21.50339664496
154.6	20.58479981664
154.7	19.27509277443
154.8	17.631993236896665
154.9	15.730825750223332
155.	13.661001781636665
155.1	11.521677998636665
155.2	9.416821453103331
155.3	7.449948453476667
155.4	5.718826052433333
155.5	4.310429650233333
155.6	3.2964368076433326
155.7	2.7295068383609995
155.8	2.6405501707165997
155.9	3.037133925463
156.	3.9031045081366664
156.1	5.199438579286667
156.2	6.866264982760001
156.3	8.825936310403332
156.4	10.986973490539999
156.5	13.248663101803333
156.6	15.506057136236667
156.7	17.655109794639998
156.8	19.597685756366666
156.9	21.24618848112
157.	22.527583959799998
157.1	23.38663280588333
157.2	23.78818911926333
157.3	23.71847537044667
157.4	23.185295806649997
157.5	22.21720382885667
157.6	20.861688931736666
157.7	19.182493961216665
157.8	17.256211853333333
157.9	15.168341318919996
158.	13.009002211720002
158.1	10.86852303964
158.2	8.83311510808
158.3	6.980840303816667
158.4	5.378063010966667
158.5	4.076551833236666
158.6	3.1113646537666666
158.7	2.499612301793333
158.8	2.240153157
158.9	2.3142250903133332
159.	2.6869741250533328
159.1	3.3097932301893334
159.2	4.123342002246
159.3	5.061080996102667
159.4	6.053125403090999
159.5	7.030203696136334
159.6	7.927499413586666
159.7	8.688159487034
159.8	9.266270742939666
159.9	9.629136861342333
160.	9.758729686473666
160.1	9.652238997211334
160.2	9.321700550107334
160.3	8.792739737449667
160.4	8.102523616987332
160.5	7.297063464112001
160.6	6.4280498422033325
160.7	5.549429623346666
160.8	4.713947497296666
160.9	3.969872442583333
161.	3.358112735523333
161.1	2.9098927889199997
161.2	2.64512388318
161.3	2.5715518712199996
161.4	2.6847118813699997
161.5	2.9686667487566663
161.6	3.3974560718399998
161.7	3.9371396912399996
161.8	4.548285646939999
161.9	5.188730104976666
162.	5.816426283589999
162.1	6.392201085773333
162.2	6.882251160653333
162.3	7.260232962593332
162.4	7.508831995623333
162.5	7.620732409383334
162.6	7.598946874783332
162.7	7.456505671226666
162.8	7.21554082878
162.9	6.905833992936666
163.	6.562923871376666
163.1	6.225889635166667
163.2	5.934939936943332
163.3	5.728943207313334
163.4	5.643033926806667
163.5	5.706422272893333
163.6	5.940521738966667
163.7	6.357491933016666
163.8	6.959272718686666
163.9	7.737162044603334
164.	8.671964041663333
164.1	9.734707028506666
164.2	10.887903721896665
164.3	12.087299031233332
164.4	13.284025259509999
164.5	14.427061418896665
164.6	15.465873922936666
164.7	16.3531014535
164.8	17.04713863743333
164.9	17.514472472403334
165.	17.731633081253328
165.1	17.686636742363333
165.2	17.37982401510333
165.3	16.824028240336666
165.4	16.04404808538333
165.5	15.075439834119999
165.6	13.962687968303332
165.7	12.756853164743333
165.8	11.51283202199
165.9	10.286389811723332
166.	9.13114404824
166.1	8.09568121052
166.2	7.22098100298
166.3	6.538302586919999
166.4	6.067656708306666
166.5	5.816948894803333
166.6	5.781834824646666
166.7	5.946282893183334
166.8	6.283794301753333
166.9	6.75919085147
167.	7.330847761376665
167.1	7.95322530788
167.2	8.579540161813332
167.3	9.164415387990001
167.4	9.666356730996666
167.5	10.049920837856668
167.6	10.28746663571
167.7	10.360411919296666
167.8	10.25995079941
167.9	9.9872214877
168.	9.55294560348
168.1	8.976587809073333
168.2	8.28510665181
168.3	7.511383146499999
168.4	6.69242264258
168.5	5.86742823181
168.6	5.075841213646666
168.7	4.355437126486666
168.8	3.7405559206333336
168.9	3.2605333073299994
169.	2.93838828286
169.1	2.7898100742866667
169.2	2.822476660743333
169.3	3.0357265577133328
169.4	3.420595350316667
169.5	3.96021796567
169.6	4.63058630525
169.7	5.401639202293333
169.8	6.238647644609999
169.9	7.103843171473333
170.	7.958222154636666
170.1	8.76344457903
170.2	9.483734510126666
170.3	10.08768232197
170.4	10.54984745399
170.5	10.852066056116666
170.6	10.984380839916664
170.7	10.945530495743334
170.8	10.742962082603334
170.9	10.392360021566667
171.	9.916717339156666
171.1	9.345005888626666
171.2	8.71052967531
171.3	8.049066650769998
171.4	7.396917497476666
171.5	6.788983844283333
171.6	6.25699276806
171.7	5.827969994806666
171.8	5.52304239225
171.9	5.356623281486667
172.	5.33600436094
172.1	5.46134835093
172.2	5.726049447009999
172.3	6.117406548616666
172.4	6.617538676170001
172.5	7.204463950496667
172.6	7.8532631475766665
172.7	8.53725554807
172.8	9.22912726385
172.9	9.901968586419999
173.	10.530194956396667
173.1	11.09034357219333
173.2	11.5617522561
173.3	11.927137171693333
173.4	12.173090136036665
173.5	12.290514161649998
173.6	12.27500790667
173.7	12.127197169743333
173.8	11.852996425876668
173.9	11.463768172376668
174.	10.976335268216667
174.1	10.412794111693334
174.2	9.800076518
174.3	9.169216815373332
174.4	8.554298190196667
174.5	7.991077696026666
174.6	7.515320452526667
174.7	7.160907269006666
174.8	6.957812471
174.9	6.930076116023334
175.	7.093913387973334
175.1	7.456110871563333
175.2	8.012852924276666
175.3	8.74910123355
175.4	9.63861814718
175.5	10.644682197473331
175.6	11.721496222153334
175.7	12.816239116046667
175.8	13.871666164576663
175.9	14.829124355599998
176.	15.63182138762
176.1	16.228172380386667
176.2	16.57504719419
176.3	16.64075294728333
176.4	16.407608678716663
176.5	15.873999058289998
176.6	15.055827982719999
176.7	13.987327132763333
176.8	12.721205796620001
176.9	11.32815393732
177.	9.895729052163333
177.1	8.526668428526666
177.2	7.3366726324433325
177.3	6.451705128686666
177.4	6.00484916748
177.5	6.1327592186899995
177.6	6.971743030073332
177.7	8.653514247523333
177.8	11.300666211433333
177.9	15.021935859346666
178.	19.907352349379998
178.1	26.02339659941
178.2	33.40833279913333
178.3	42.06790745425333
178.4	51.97164130644666
178.5	63.04995979558001
178.6	75.19241399654999
178.7	88.24723218615334
178.8	102.02240960537002
178.9	116.28848944272399
179.	130.783112523634
179.1	145.21731979510264
179.2	159.28348582830066
179.3	172.66465052589734
179.4	185.04490873449097
179.5	196.120422824669
179.6	205.61055064147303
179.7	213.26853836768197
179.8	218.8912205309647
179.9	222.32720049859768
180.	223.48305388785462