# O+CO(0,0) elastic diff. cross section
# E = 0.029 eV
# angle, CS (1e-16 cm^2)
0.1	514556.7184011333
0.2	482626.54228543333
0.3	433418.17241850006
0.4	372249.6185312
0.5	305322.6503610666
0.6	238785.52327523334
0.7	177884.1010841
0.8	126349.47674109998
0.9	86109.99560046665
1.	57341.2837114
1.1	38797.951506499994
1.2	28320.956473899998
1.3	23394.546775066665
1.4	21637.32875853333
1.5	21146.628414933337
1.6	20662.163446
1.7	19560.933507266665
1.8	17729.2592018
1.9	15373.963091023334
2.	12832.38705089
2.1	10424.73200774
2.2	8369.330973543332
2.3	6759.449394946667
2.4	5584.705105829999
2.5	4773.782988506666
2.6	4237.181413146665
2.7	3896.35682196
2.8	3694.9940149769996
2.9	3595.838083464666
3.	3570.5861203043332
3.1	3590.448944949666
3.2	3622.233600064667
3.3	3630.9400971473333
3.4	3586.617956078667
3.5	3471.661541976333
3.6	3285.049317840667
3.7	3041.7217683576664
3.8	2767.4278755769997
3.9	2491.056052445667
4.	2237.1483503433333
4.1	2020.894181183333
4.2	1846.7384937943334
4.3	1710.3605064466665
4.4	1602.7062209973333
4.5	1514.3156988876665
4.6	1438.4228642486669
4.7	1372.0260960853332
4.8	1315.003032748
4.9	1268.0453124389999
5.	1230.5028298359998
5.1	1199.102617435
5.2	1168.050539703
5.3	1130.4373426033333
5.4	1080.3731863476667
5.5	1015.0283021079999
5.6	935.821415518
5.7	848.3225646983334
5.8	760.8921740036667
5.9	682.5016729869999
6.	620.4338162056666
6.1	578.5702198856667
6.2	556.750976416
6.3	551.323195295
6.4	556.6111598123333
6.5	566.7676870616666
6.6	577.3876961816667
6.7	586.3951716309999
6.8	593.9973370486666
6.9	601.830484647
7.	611.6857956086666
7.1	624.315331539
7.2	638.750080338
7.3	652.3491941956665
7.4	661.5257843806667
7.5	662.8590143456667
7.6	654.1839750743333
7.7	635.2826874339999
7.8	607.9595226103334
7.9	575.5072424753332
8.	541.7736930523333
8.1	510.15515819300003
8.2	482.8380456163334
8.3	460.49805286333327
8.4	442.49370276699995
8.5	427.423662322
8.6	413.8111922643334
8.7	400.664371075
8.8	387.733120653
8.9	375.41009517699996
9.	364.35406708466667
9.1	355.0065671186667
9.2	347.19800659233334
9.3	339.99591544599997
9.4	331.855682545
9.5	321.0274449896666
9.6	306.08712463533334
9.7	286.42079731266665
9.8	262.5086052113
9.9	235.91846441520002
10.	209.00852126006663
10.1	184.42254522329998
10.2	164.51899401036667
10.3	150.88716953066665
10.4	144.0713456446
10.5	143.55809533746665
10.6	148.00464259316666
10.7	155.62079232036666
10.8	164.58292275486664
10.9	173.36419233103334
11.	180.90612244416664
11.1	186.61748922026666
11.2	190.24559863156665
11.3	191.7026010082
11.4	190.9338007977
11.5	187.88629399139998
11.6	182.5867788469
11.7	175.2862743389333
11.8	166.59611748926665
11.9	157.53648941016664
12.	149.44703241909997
12.1	143.75850683786666
12.2	141.67693260226665
12.3	143.86831531663333
12.4	150.23972638469996
12.5	159.88836794066665
12.6	171.24247822696663
12.7	182.36247153
12.8	191.32551421303333
12.9	196.5956393642333
13.	197.28985239543334
13.1	193.28418415109996
13.2	185.1504764772
13.3	173.959865245
13.4	161.01933025876667
13.5	147.61591742439998
13.6	134.82931837266668
13.7	123.44403312153332
13.8	113.95785677243333
13.9	106.65479012386666
14.	101.69567280066667
14.1	99.1819699582
14.2	99.16497440359998
14.3	101.5977461958
14.4	106.25186423353331
14.5	112.63748380003332
14.6	119.96807412903333
14.7	127.19961543349999
14.8	133.15153049906667
14.9	136.69021332343334
15.	136.93404017173333
15.1	133.42833851843335
15.2	126.24360292416668
15.3	115.96921746063333
15.4	103.60250881189998
15.5	90.36075349110001
15.6	77.46331238073333
15.7	65.9365264401
15.8	56.484101883099996
15.9	49.44410924014667
16.	44.827726704296666
16.1	42.41288659051333
16.2	41.85468830166667
16.3	42.77654563539
16.4	44.81960797988334
16.5	47.647371702323326
16.6	50.92036767851
16.7	54.26620555283
16.8	57.270014689199996
16.9	59.500329383129994
17.	60.56995128304
17.1	60.21615122415666
17.2	58.37511719707666
17.3	55.22491103977333
17.4	51.179326919130006
17.5	46.82903622618666
17.6	42.84162944693333
17.7	39.843876358366664
17.8	38.31431696053333
17.9	38.51102014803333
18.	40.44927782236667
18.1	43.93029038506666
18.2	48.60856709506666
18.3	54.076542895033334
18.4	59.94223591125667
18.5	65.88015417817667
18.6	71.64560627978666
18.7	77.05499550900333
18.8	81.94578287454999
18.9	86.13617081907
19.	89.40417416683
19.1	91.49866409865334
19.2	92.18338232245333
19.3	91.30253514066
19.4	88.847483630686
19.5	85.00139588802668
19.6	80.14364620493333
19.7	74.80689215224332
19.8	69.59370127476001
19.9	65.07191331553668
20.	61.674665196389995
20.1	59.630021392063334
20.2	58.93679273043333
20.3	59.39010080626665
20.4	60.64667807003333
20.5	62.30993353136666
20.6	64.01128368306667
20.7	65.46780142909999
20.8	66.50527780126666
20.9	67.04714178826666
21.	67.07970349853333
21.1	66.60995619166667
21.2	65.63233572569999
21.3	64.11586400733333
21.4	62.01497515716666
21.5	59.29878306569999
21.6	55.98722240556666
21.7	52.18014366433333
21.8	48.0675463835
21.9	43.91486959343334
22.	40.02482098056666
22.1	36.684381180593334
22.2	34.11031612478
22.3	32.40744134605
22.4	31.550746037306666
22.5	31.396173920136665
22.6	31.71715109810333
22.7	32.257050183299995
22.8	32.78368696899333
22.9	33.13186412001333
23.	33.22392113874999
23.1	33.065008348566664
23.2	32.717283403066666
23.3	32.26311271896667
23.4	31.7698494762
23.5	31.267172228899998
23.6	30.742963363566663
23.7	30.157055023299996
23.8	29.466138753166664
23.9	28.649706805066664
24.	27.727097395566666
24.1	26.759309796599997
24.2	25.834855930533337
24.3	25.04452795373333
24.4	24.453690715966665
24.5	24.0813967877
24.6	23.893195676599994
24.7	23.80992814513333
24.8	23.729663065399997
24.9	23.555919020833333
25.	23.223614041066668
25.1	22.715193455833333
25.2	22.0626310256
25.3	21.3353795257
25.4	20.618508295633333
25.5	19.9880088169
25.6	19.490853318333333
25.7	19.135767340866664
25.8	18.897350448466664
25.9	18.732120346000002
26.	18.601415338106666
26.1	18.493900076219997
26.2	18.440322249276665
26.3	18.515235056033333
26.4	18.824091031
26.5	19.478396107366667
26.6	20.565241227899996
26.7	22.119400351499998
26.8	24.105689156966665
26.9	26.416519088666664
27.	28.885368369966663
27.1	31.31251182647
27.2	33.49615798470666
27.3	35.261107372686666
27.4	36.478432737073334
27.5	37.072953371093334
27.6	37.019284633666665
27.7	36.33063351898
27.8	35.04618611037667
27.9	33.222426847836665
28.	30.931343886809998
28.1	28.265142150269998
28.2	25.34402110096
28.3	22.321846834736665
28.4	19.384727729023332
28.5	16.73949954187
28.6	14.592260120273332
28.7	13.12035382306
28.8	12.443586609096664
28.9	12.601260862883333
29.	13.54065034982
29.1	15.120092210036667
29.2	17.126636526313334
29.3	19.305014432586667
29.4	21.392350458979998
29.5	23.152088992039996
29.6	24.40119715318666
29.7	25.02662618595
29.8	24.989715544093333
29.9	24.319978868219998
30.	23.101792685403332
30.1	21.45838967463
30.2	19.537064615606667
30.3	17.497875208540002
30.4	15.505961688166666
30.5	13.725696915869998
30.6	12.31391648927
30.7	11.409849377666667
30.8	11.120983611793331
30.9	11.506401789229999
31.	12.561259078956667
31.1	14.207202785996666
31.2	16.293103889406666
31.3	18.608459541289996
31.4	20.908752291469998
31.5	22.94882597021
31.6	24.517957983856665
31.7	25.4695289707
31.8	25.739279224429996
31.9	25.348793956263336
32.	24.394314122426664
32.1	23.02425738529
32.2	21.411082120323332
32.3	19.72381088673
32.4	18.10659521904
32.5	16.66654325970333
32.6	15.471331369013335
32.7	14.554642970043332
32.8	13.925850416959998
32.9	13.57992138359
33.	13.50428716771
33.1	13.681038051923332
33.2	14.08477942367
33.3	14.678193668233334
33.4	15.408297983083333
33.5	16.206281701226665
33.6	16.992668528343334
33.7	17.687711175863335
33.8	18.224951812483333
33.9	18.564411763709998
34.	18.701431174859998
34.1	18.66799431841333
34.2	18.52528868952667
34.3	18.348727646433332
34.4	18.208968199889995
34.5	18.153841104803334
34.6	18.196099067876663
34.7	18.310425612373333
34.8	18.440634934876666
34.9	18.515172256873335
35.	18.466736773763333
35.1	18.250769309266666
35.2	17.857968483956668
35.3	17.31775474432333
35.4	16.69213091479333
35.5	16.06193078579333
35.6	15.509286557626666
35.7	15.100819799893332
35.8	14.875477826193334
35.9	14.839370425786665
36.	14.967932851936663
36.1	15.21384870967
36.2	15.517912798913331
36.3	15.819678039646664
36.4	16.065316701586667
36.5	16.211388216836664
36.6	16.224730700356666
36.7	16.080017033706667
36.8	15.75724612442
36.9	15.241355975136667
37.	14.525262032576666
37.1	13.616195454296667
37.2	12.543675424746667
37.3	11.366297615983331
37.4	10.174177950546666
37.5	9.084560621453333
37.6	8.229683959486666
37.7	7.738100898653333
37.8	7.7126782640333325
37.9	8.209832971039999
38.	9.224757133033332
38.1	10.68631424132
38.2	12.463206162383331
38.3	14.380473223846666
38.4	16.243091566216666
38.5	17.86199024329
38.6	19.07757812979
38.7	19.77683881046333
38.8	19.90187113327
38.9	19.44986116781333
39.	18.466275570836665
39.1	17.03412253325333
39.2	15.26225341166
39.3	13.274981057166666
39.4	11.204096875246666
39.5	9.183105992399998
39.6	7.342564448566667
39.7	5.805051381029999
39.8	4.678606547583334
39.9	4.04828131651
40.	3.9665181926999997
40.1	4.44405302552
40.2	5.4436099182846664
40.3	6.878618015918333
40.4	8.618467972592
40.5	10.500572726565332
40.6	12.347992511727334
40.7	13.990013667739001
40.8	15.282216157716665
40.9	16.122492455853333
41.	16.460254910226666
41.1	16.29751773366
41.2	15.68229242248333
41.3	14.696325199406667
41.4	13.440209912376668
41.5	12.019082588996667
41.6	10.53144869455
41.7	9.0624606623
41.8	7.681559818486666
41.9	6.44325350889
42.	5.389227995580001
42.1	4.55010373304
42.2	3.9457987969433335
42.3	3.584389314996667
42.4	3.4601980514599995
42.5	3.5523221682133332
42.6	3.8247952803566663
42.7	4.229109321373333
42.8	4.709083176489999
42.9	5.20731132383
43.	5.671894832445
43.1	6.062003058479666
43.2	6.351072977883334
43.3	6.527044022608
43.4	6.589784320971333
43.5	6.546585944598
43.6	6.407100601038033
43.7	6.1792179975437
43.8	5.867110506508866
43.9	5.472037623298609
44.	4.995677167108733
44.1	4.444947793254199
44.2	3.8367408083022996
44.3	3.2008653765085335
44.4	2.579893205242
44.5	2.025385421132333
44.6	1.5909823512256667
44.7	1.3237487720233332
44.8	1.2557188183773333
44.9	1.3976049090159999
45.	1.7361143611553331
45.1	2.2354141404699996
45.2	2.842272987644333
45.3	3.4935904089136667
45.4	4.124619302017667
45.5	4.676284387561666
45.6	5.100510482589
45.7	5.363197073605666
45.8	5.445156696239666
45.9	5.341764004307667
46.	5.062136921415333
46.1	4.6284175641530005
46.2	4.075272096668667
46.3	3.4492700696779997
46.4	2.8075064398783334
46.5	2.214799477163
46.6	1.739051189375333
46.7	1.444824026187333
46.8	1.3857394110796666
46.9	1.5967886420086668
47.	2.0879281101369997
47.1	2.840316939077667
47.2	3.8062200912566664
47.3	4.91299242665
47.4	6.070797630406666
47.5	7.182967908380999
47.6	8.157356199649
47.7	8.916819125019668
47.8	9.407164377144333
47.9	9.601462766235333
48.	9.500419938830332
48.1	9.129314375831665
48.2	8.532618566153
48.3	7.767673625564666
48.4	6.898642415528666
48.5	5.991508562552267
48.6	5.110302077708099
48.7	4.314231939813533
48.8	3.655163113081266
48.9	3.1749574727914
49.	2.902548325371666
49.1	2.851080870663333
49.2	3.0158311855103332
49.3	3.3737516644903334
49.4	3.885307990571333
49.5	4.498809944996
49.6	5.156828831834333
49.7	5.803718940717332
49.8	6.392889720307665
49.9	6.892419428416666
50.	7.287883155823334
50.1	7.581824458099999
50.2	7.790001615013333
50.3	7.935227351259998
50.4	8.040141046456668
50.5	8.120488610703333
50.6	8.180380861433331
50.7	8.210572180349999
50.8	8.190135352813332
50.9	8.091151525923333
51.	7.88536058854
51.1	7.551289507766666
51.2	7.080301402576667
51.3	6.48030463217
51.4	5.77644741185
51.5	5.008837249486666
51.6	4.2279692379
51.7	3.4889519795
51.8	2.845693006177666
51.9	2.345962551892667
52.	2.0278095388473334
52.1	1.917326658971
52.2	2.027417321863
52.3	2.357108741735
52.4	2.8910910289109997
52.5	3.5994593905448995
52.6	4.437957767220233
52.7	5.349227512041534
52.8	6.2655615985252
52.9	7.113437332827001
53.	7.819709325263
53.1	8.318901686177
53.2	8.560669043389
53.3	8.516300678126333
53.4	8.183172722814666
53.5	7.586306073246666
53.6	6.776610733776666
53.7	5.825907846643333
53.8	4.81932344871
53.9	3.8460526943199995
54.	2.9897288315266666
54.1	2.3196577199166666
54.2	1.8839959214833333
54.3	1.7056004808486667
54.4	1.7808392795113335
54.5	2.0812185738499998
54.6	2.557348311503333
54.7	3.1445822032399997
54.8	3.7696440733333327
54.9	4.357639952946666
55.	4.838980375486666
55.1	5.155823615
55.2	5.26765594988
55.3	5.1555605582999995
55.4	4.824654051956666
55.5	4.304175551203333
55.6	3.6448701619766664
55.7	2.913638893111
55.8	2.185883909159
55.9	1.5364547519513334
56.	1.0304636375029999
56.1	0.7153699146253333
56.2	0.6155774863161667
56.3	0.7303659492596666
56.4	1.035381243926
56.5	1.4872834959953334
56.6	2.030629819758333
56.7	2.6057634976893334
56.8	3.1564335949426665
56.9	3.63606219904
57.	4.011941100166666
57.1	4.26708000588
57.2	4.399846839583333
57.3	4.421858588729999
57.4	4.35475139531
57.5	4.226470837036667
57.6	4.067603152029999
57.7	3.908069992163333
57.8	3.774303935603333
57.9	3.6868786138433327
58.	3.658533015006667
58.1	3.692611935913333
58.2	3.7821044373599997
58.3	3.9096215369733334
58.4	4.0487207137566665
58.5	4.166885121509999
58.6	4.230178742076667
58.7	4.209173712403333
58.8	4.085294657666666
58.9	3.85639119731
59.	3.5402635097533333
59.1	3.1750957645
59.2	2.816277441173333
59.3	2.5298023008
59.4	2.383158245953333
59.5	2.435177492946667
59.6	2.7265671887166665
59.7	3.2727290663856667
59.8	4.060040021521666
59.9	5.046118662286666
60.	6.163902261226999
60.1	7.328757461947
60.2	8.447459034702664
60.3	9.427743581693333
60.4	10.18726336556
60.5	10.661061091773332
60.6	10.80706215873
60.7	10.60943626273
60.8	10.079935472463333
60.9	9.257428846596666
61.	8.205828527193333
61.1	7.010487708356667
61.2	5.773027273846666
61.3	4.6045041182699995
61.4	3.61693876823
61.5	2.913493940873333
61.6	2.5779965506133333
61.7	2.6649201608366666
61.8	3.191253647816666
61.9	4.131740812693333
62.	5.41870194851
62.1	6.947045182236666
62.2	8.584242520476666
62.3	10.184159074719998
62.4	11.60289038793
62.5	12.714360865233333
62.6	13.423465746663332
62.7	13.674992513436667
62.8	13.457324574063332
62.9	12.80083024835333
63.	11.771674600763333
63.1	10.462395361043333
63.2	8.98086337917
63.3	7.439195120446667
63.4	5.943868030223332
63.5	4.58782596039
63.6	3.4448811003503335
63.7	2.5663312001986665
63.8	1.979483872905
63.9	1.6877282345150002
64.	1.6718828635926664
64.1	1.8927061818103335
64.2	2.294593426999333
64.3	2.8105251508039997
64.4	3.3682302247666667
64.5	3.897285860609
64.6	4.336556024199333
64.7	4.641067455991999
64.8	4.787253461355
64.9	4.775552391262
65.	4.629667474453999
65.1	4.392338996905666
65.2	4.118137469283666
65.3	3.864400150140333
65.4	3.6818441360936665
65.5	3.6064840760913333
65.6	3.654229332232666
65.7	3.8189937161993335
65.8	4.074454589135333
65.9	4.378915453665333
66.	4.682211678423666
66.1	4.933352085473333
66.2	5.087632399249333
66.3	5.112238485079667
66.4	4.9897757732953325
66.5	4.719598038331666
66.6	4.317163058536666
66.7	3.8118545866723332
66.8	3.2437683344983332
66.9	2.6598959307936667
67.	2.110013661980333
67.1	1.642458100588
67.2	1.2999028768896665
67.3	1.1152686471943332
67.4	1.1079973391926665
67.5	1.2810646025343333
67.6	1.619229302096
67.7	2.089056212280333
67.8	2.6411418391083332
67.9	3.214702713389333
68.	3.744279358565333
68.1	4.167846753848
68.2	4.435217544505
68.3	4.515396192081333
68.4	4.401577722017999
68.5	4.1128082912803325
68.6	3.6918846400036665
68.7	3.199746621248333
68.8	2.707256167175
68.9	2.285709083273
69.	1.99759367397
69.1	1.8889686293536667
69.2	1.9844368044269998
69.3	2.2851548778603332
69.4	2.7697772076149993
69.5	3.397804626651333
69.6	4.114567955310999
69.7	4.857034882073666
69.8	5.5597475329803325
69.9	6.160403177746333
70.	6.604801353111332
70.1	6.851032511206999
70.2	6.872842769833666
70.3	6.662079403709666
70.4	6.23003702079
70.5	5.607439609439666
70.6	4.842767827840666
70.7	3.9987204209066665
70.8	3.146802179065333
70.9	2.360339499652
71.	1.706580664042
71.1	1.2388546182026665
71.2	0.9899439665259999
71.3	0.9677982311176666
71.4	1.1544402700346665
71.5	1.508431666328
71.6	1.9706526238786666
71.7	2.472550762848333
71.8	2.9455607224666664
71.9	3.3302002272789997
72.	3.583452593556333
72.1	3.683418761555667
72.2	3.6307659448536667
72.3	3.4470804621956663
72.4	3.1707174463320005
72.5	2.851036556187
72.6	2.5419871234829996
72.7	2.295886435392
72.8	2.1579940463943332
72.9	2.162213392829
73.	2.3280286058449997
73.1	2.6586563122660003
73.2	3.1403661035029993
73.3	3.742970034859666
73.4	4.4215493821
73.5	5.119519511245333
73.6	5.773086791270665
73.7	6.3170056332946665
73.8	6.6913114096260005
73.9	6.848430255113334
74.	6.759817634321334
74.1	6.421131448863001
74.2	5.854969311543
74.3	5.110429155749666
74.4	4.259176027107666
74.5	3.388251599724333
74.6	2.5904393931243335
74.7	1.9534712142566666
74.8	1.549615761466
74.9	1.4271609236056666
75.	1.6049861739526667
75.1	2.07088902947
75.2	2.7836998439719993
75.3	3.678630911211333
75.4	4.674878623929999
75.5	5.684301382615332
75.6	6.620037510561667
75.7	7.404154877062333
75.8	7.973749037762333
75.9	8.285234232116666
76.	8.316826475748666
76.1	8.069362500445667
76.2	7.565635493361333
76.3	6.848393742473999
76.4	5.977092870202
76.5	5.0234664446006665
76.6	4.066017767109333
76.7	3.1836475817759995
76.8	2.4488017953476664
76.9	1.9207105286246666
77.	1.6394409776016667
77.1	1.6215456006156668
77.2	1.8580105353136667
77.3	2.3149799447909993
77.4	2.937369610843
77.5	3.655044772168666
77.6	4.390808724032333
77.7	5.069124975573667
77.8	5.624355841614333
77.9	6.007384074702333
78.	6.189778471070666
78.1	6.165104645310999
78.2	5.947468888042
78.3	5.567809329585
78.4	5.068729515567666
78.5	4.498763391791666
78.6	3.9068767802013324
78.7	3.337800185056667
78.8	2.8285248704526667
78.9	2.4060503876386665
79.	2.086297244786333
79.1	1.8740118842773335
79.2	1.7634813412049999
79.3	1.739910981072333
79.4	1.7813637075726665
79.5	1.8611824918816666
79.6	1.9508034332906665
79.7	2.022813392215
79.8	2.0540283125206664
79.9	2.0282893317609663
80.	1.9386218203270664
80.1	1.7884042045983333
80.2	1.5912672816653333
80.3	1.3695945287753333
80.4	1.1517040241903334
80.5	0.9680273539936666
80.6	0.8468100199403332
80.7	0.8099881754043332
80.8	0.8699070889284233
80.9	1.0274230386760332
81.	1.2716917751106664
81.1	1.5816439288400002
81.2	1.928849735813
81.3	2.2812499067003333
81.4	2.607123348384
81.5	2.8786892948349996
81.6	3.0748797275549995
81.7	3.183020779142
81.8	3.1993733038739998
81.9	3.1286556724376666
82.	2.982779292102333
82.1	2.7790662336649996
82.2	2.538204033495
82.3	2.282149102841333
82.4	2.032139501083333
82.5	1.806934438346333
82.6	1.6213668142973336
82.7	1.4852747189463333
82.8	1.402863604857
82.9	1.3725381532269998
83.	1.3872276386926665
83.1	1.4352068072623334
83.2	1.5013817421066664
83.3	1.5689640974209997
83.4	1.6213989740103334
83.5	1.6443502499719997
83.6	1.6274984183283332
83.7	1.565889722158
83.8	1.4606081087273335
83.9	1.3186285450856667
84.	1.1518405604009998
84.1	0.975377861898
84.2	0.8055181988163334
84.3	0.6574944948833332
84.4	0.5435643345994999
84.5	0.4716208695787
84.6	0.44451401591266665
84.7	0.46011792292566667
84.8	0.5120609553336666
84.9	0.5909499678426666
85.	0.6858788267239999
85.1	0.7860060252596666
85.2	0.8820050828809999
85.3	0.9672223594673333
85.4	1.0384142254293334
85.5	1.095980026274333
85.6	1.1436624084766664
85.7	1.1877527574436666
85.8	1.235910238706
85.9	1.295764999249
86.	1.373513921297333
86.1	1.47271950878
86.2	1.5934869919786667
86.3	1.7321302594076666
86.4	1.8813599637233331
86.5	2.030954545817666
86.6	2.1688194550676663
86.7	2.282305720692
86.8	2.359643091896333
86.9	2.391338888099
87.	2.371396930775333
87.1	2.2982215673863333
87.2	2.175093926215
87.3	2.0101454981973332
87.4	1.8158080550126665
87.5	1.6077821988923333
87.6	1.4036273926826666
87.7	1.2211210270793331
87.8	1.0765544511049332
87.9	0.9831297609202334
88.	0.949600373234
88.1	0.979272466524
88.2	1.0694619379026666
88.3	1.21148348646
88.4	1.3912270918863332
88.5	1.5903404220039996
88.6	1.7879745662286664
88.7	1.9629661562476663
88.8	2.0962358958245333
88.9	2.1731065996234666
89.	2.1852099159796667
89.1	2.1316786308886666
89.2	2.019413271316333
89.3	1.8623516664593336
89.4	1.679828274156333
89.5	1.4942519388266666
89.6	1.3284276480766666
89.7	1.202884465711
89.8	1.1335483453283333
89.9	1.1300276416476667
90.	1.1946798134863332
90.1	1.322519129414
90.2	1.5019224386593333
90.3	1.716003886223333
90.4	1.9444668890966668
90.5	2.1657074423466667
90.6	2.35893914652
90.7	2.5061356257066665
90.8	2.5936332319166664
90.9	2.61329387336
91.	2.563179926973333
91.1	2.44772878737
91.2	2.2774299728300003
91.3	2.0680096813199995
91.4	1.8391315020266668
91.5	1.6126446895066666
91.6	1.4104632243526667
91.7	1.2522363405316668
91.8	1.1530554879853332
91.9	1.121504722884
92.	1.1583721410993333
92.1	1.2562815812833332
92.2	1.4003784981299998
92.3	1.5700346951216666
92.4	1.741361230260667
92.5	1.8901781235633335
92.6	1.9950151027446668
92.7	2.0397231501129998
92.8	2.015355441013333
92.9	1.921105759262
93.	1.7642423271146666
93.1	1.5591160782769333
93.2	1.3254331624885665
93.3	1.0860503468859666
93.4	0.8645765767452667
93.5	0.6830485827013334
93.6	0.5599017646921666
93.7	0.5083912883016
93.8	0.5355460143352999
93.9	0.6416735567003333
94.	0.8203899825336667
94.1	1.0591278782376667
94.2	1.3400781936796666
94.3	1.6415319088416667
94.4	1.9395894270336669
94.5	2.2101828948166666
94.6	2.431303339373333
94.7	2.5852493862466663
94.8	2.660640477823333
94.9	2.6538955640133333
95.	2.56989520423
95.1	2.421633115723333
95.2	2.228813049853333
95.3	2.0155282285566667
95.4	1.8073306701533334
95.5	1.6281143751566667
95.6	1.4972708887566664
95.7	1.4275213860933331
95.8	1.4237019956049999
95.9	1.482610842348333
96.	1.5938544070600003
96.1	1.7414906233333334
96.2	1.906177919893333
96.3	2.067509901673333
96.4	2.2062388132366664
96.5	2.30615352689
96.6	2.3554622164633328
96.7	2.3476186499633336
96.8	2.281608654273333
96.9	2.1617678090999997
97.	1.997226168603333
97.1	1.80107133696
97.2	1.5892962479100001
97.3	1.3795680671566664
97.4	1.1898378377699999
97.5	1.0368209110703333
97.6	0.9344194350056667
97.7	0.8922197686853333
97.8	0.914256878347
97.9	0.9982665981033333
98.	1.1356224431246664
98.1	1.3120688707103334
98.2	1.5092300633296667
98.3	1.7067229889756668
98.4	1.8845751362403331
98.5	2.02557658119
98.6	2.1172030878933334
98.7	2.1528301247633332
98.8	2.1320947189733332
98.9	2.06041795528
99.	1.9478391827733335
99.1	1.8074060947199997
99.2	1.6534002927566667
99.3	1.4996587096666665
99.4	1.3581916120433333
99.5	1.238217141169
99.6	1.145649158216
99.7	1.083004163175333
99.8	1.0496437265466665
99.9	1.0422457410683332
100.	1.0554007895296664
100.1	1.082254266083
100.2	1.1151511262406666
100.3	1.146275270436
100.4	1.1682960595266665
100.5	1.1750308249199999
100.6	1.1621034900676666
100.7	1.127535238686
100.8	1.072161971392
100.9	0.999756188502
101.	0.9167533738856666
101.1	0.8315474472393333
101.2	0.7534130386576666
101.3	0.6912081612063333
101.4	0.6520790923249999
101.5	0.640406321982
101.6	0.6571880968546666
101.7	0.6999668723326666
101.8	0.7632894478079999
101.9	0.839585399253
102.	0.9202777327809999
102.1	0.996918629901
102.2	1.0621699579609998
102.3	1.1105080009423332
102.4	1.1386035506133334
102.5	1.1453925382189998
102.6	1.1318962863076667
102.7	1.1008704940416667
102.8	1.0563615290539998
102.9	1.0032343004703332
103.	0.9467150951766667
103.1	0.8919711946986666
103.2	0.843731498461
103.3	0.805942620138
103.4	0.7814559029376666
103.5	0.7717531919339999
103.6	0.7767397378033333
103.7	0.7946533483133332
103.8	0.8221487733473334
103.9	0.854605050625
104.	0.886666796945
104.1	0.9129735815823334
104.2	0.928969973519
104.3	0.9316438533439999
104.4	0.9200315883273333
104.5	0.8953652415563333
104.6	0.8608136316356667
104.7	0.8208656332186666
104.8	0.7804920559823333
104.9	0.7442746953056665
105.	0.7156918332078999
105.1	0.6966995200420999
105.2	0.6876644854128667
105.3	0.6876142258484667
105.4	0.6946993559183332
105.5	0.7067303780126666
105.6	0.7216595046176666
105.7	0.737918744741
105.8	0.7545807755506667
105.9	0.7713607669153333
106.	0.7885118498833332
106.1	0.8066787022316666
106.2	0.8267645412683332
106.3	0.8498432196163332
106.4	0.8771184414546666
106.5	0.909904410524
106.6	0.9495834613643332
106.7	0.9974920270696668
106.8	1.0547002065706668
106.9	1.1216821303729998
107.	1.1979187869439998
107.1	1.2815204112603333
107.2	1.3689862070649998
107.3	1.4552197844966666
107.4	1.5338806082133332
107.5	1.5980782216133333
107.6	1.64132376306
107.7	1.6585688905833333
107.8	1.6471138777999998
107.9	1.6071740750166665
108.	1.5419604095433332
108.1	1.4572393692333332
108.2	1.360460521347
108.3	1.25963976396
108.4	1.1622357973763333
108.5	1.0742435116673332
108.6	0.9996584421243334
108.7	0.94036455854
108.8	0.8963942798636666
108.9	0.8664327467199999
109.	0.8484050492439998
109.1	0.8399978298186667
109.2	0.839015121727
109.3	0.843534397503
109.4	0.8518930491376666
109.5	0.8625819370873332
109.6	0.8741416083696667
109.7	0.8851457120520001
109.8	0.894318952664
109.9	0.9007830972565333
110.	0.9043679053146
110.1	0.9058805504714332
110.2	0.9072123591682333
110.3	0.9111852541392667
110.4	0.9211019523365667
110.5	0.9400510690094667
110.6	0.9701071138893334
110.7	1.0116271161186665
110.8	1.062855571559
110.9	1.1199963826586665
111.	1.1778026821286665
111.1	1.2306000469813334
111.2	1.2735342692936666
111.3	1.3037595302393332
111.4	1.32128115167
111.5	1.3292418281036666
111.6	1.3335710799669998
111.7	1.3420678738533331
111.8	1.3631146246199999
111.9	1.4042940817399998
112.	1.4711834520866667
112.1	1.56653766202
112.2	1.68996804625
112.3	1.8381049317899998
112.4	2.0051328961733335
112.5	2.18352795497
112.6	2.3648162016866667
112.7	2.5402103281499997
112.8	2.701050421003333
112.9	2.8390582517766667
113.	2.9464873867900003
113.1	3.0162943168766665
113.2	3.0424544041466666
113.3	3.020497237573333
113.4	2.948248570613333
113.5	2.8266628012499995
113.6	2.6605419317466668
113.7	2.4588955662900003
113.8	2.2347236280466665
113.9	2.0041026070466663
114.	1.7846085105433334
114.1	1.5932774302933332
114.2	1.4444410097636666
114.3	1.3478376424110001
114.4	1.3073683382353332
114.5	1.320743046673
114.6	1.380079245763
114.7	1.4733174056083334
114.8	1.5861578601883333
114.9	1.7041389524739998
115.	1.814482947034333
115.1	1.907424858321
115.2	1.976880498896
115.3	2.0204641175289995
115.4	2.0389949326166663
115.5	2.0357086087629996
115.6	2.0154032135166666
115.7	1.9837046436899997
115.8	1.9465520387599997
115.9	1.9099049500133332
116.	1.8795882580966667
116.1	1.8611412278433335
116.2	1.85953786122
116.3	1.878698350423333
116.4	1.9208031218566666
116.5	1.9855261494199996
116.6	2.069390069353333
116.7	2.1654808034266666
116.8	2.26372406917
116.9	2.35182008683
117.	2.4167781176666665
117.1	2.446829300493333
117.2	2.4333716505366665
117.3	2.37255456202
117.4	2.2661605825999995
117.5	2.1215808291266667
117.6	1.9508725938766664
117.7	1.7690832706226662
117.8	1.5921731343003334
117.9	1.4349347043639997
118.	1.3092766873343333
118.1	1.2231301383646667
118.2	1.1800776560136665
118.3	1.1796457906609998
118.4	1.2180752470373333
118.5	1.289318401664
118.6	1.3860168183603332
118.7	1.5002734115686664
118.8	1.6241327002733332
118.9	1.7497900337919998
119.	1.8696388424050001
119.1	1.9763118375546667
119.2	2.062865852585933
119.3	2.123201877359733
119.4	2.1527166428799003
119.5	2.1490760660251667
119.6	2.112915924156406
119.7	2.0482406008186933
119.8	1.9623240682054999
119.9	1.8650169520070001
120.	1.767507152969133
120.1	1.6807305345946668
120.2	1.613738750345
120.3	1.5723678628983333
120.4	1.5584988101736665
120.5	1.5700699734516665
120.6	1.6018275979476666
120.7	1.646629169642
120.8	1.696993994904
120.9	1.7465545965353333
121.	1.7911087012436666
121.1	1.8290868582659998
121.2	1.8614002265076666
121.3	1.8907762672583335
121.4	1.9207925399716665
121.5	1.954860488301
121.6	1.9953893947906667
121.7	2.043288267495333
121.8	2.09786292503
121.9	2.157063095522333
122.	2.2179538238766665
122.1	2.2772442498343333
122.2	2.331712906721333
122.3	2.3784193256863335
122.4	2.4146733645949996
122.5	2.4378240632656665
122.6	2.4450025795193335
122.7	2.4329851523946666
122.8	2.398318465730666
122.9	2.337773488295
123.	2.2490843402496665
123.1	2.1318183904019996
123.2	1.9881485045543332
123.3	1.8232857397039999
123.4	1.6453901982976666
123.5	1.4648961135596665
123.6	1.293332248497
123.7	1.1418489177846667
123.8	1.0197410503366666
123.9	0.9332612437716665
124.	0.8849483131016666
124.1	0.8735767174816667
124.2	0.8946946153246667
124.3	0.941598975152
124.4	1.0065222933113334
124.5	1.0817892218813334
124.6	1.160739169639
124.7	1.2382870098066665
124.8	1.311086708873
124.9	1.3773502396973332
125.	1.4364390510249998
125.1	1.488376596575
125.2	1.5334241987523332
125.3	1.571822392365
125.4	1.6037363952790002
125.5	1.6293737462639997
125.6	1.6491836259399997
125.7	1.6640184989383333
125.8	1.6751499622036665
125.9	1.6840809475576668
126.	1.6921716375156663
126.1	1.700172707859
126.2	1.7078103535913334
126.3	1.7135731775623333
126.4	1.7148059436423333
126.5	1.7081312234753332
126.6	1.6901228791940002
126.7	1.6580762367689998
126.8	1.610684344489333
126.9	1.5484491455973333
127.	1.473724065076333
127.1	1.3903787896713333
127.2	1.3031693800889999
127.3	1.2169617187323332
127.4	1.1359788757149998
127.5	1.0632224508253334
127.6	1.0001654858336666
127.7	0.9467477225749998
127.8	0.9016403954583333
127.9	0.8627002538036666
128.	0.8275074572346668
128.1	0.7938800208869999
128.2	0.7602755401689999
128.3	0.7260238857736666
128.4	0.6913758851276667
128.5	0.6573946667433334
128.6	0.6257491553619999
128.7	0.598484453532
128.8	0.577836171205
128.9	0.5661261689260666
129.	0.5657343800789999
129.1	0.5791001519813334
129.2	0.6086829924376667
129.3	0.656817863152
129.4	0.725435209105
129.5	0.8156700164956666
129.6	0.927438092536
129.7	1.0590907252103332
129.8	1.2072568459606665
129.9	1.3669432075763333
130.	1.531899760854
130.1	1.695190223376
130.2	1.8498586554690002
130.3	1.989566395321
130.4	2.1090924725846665
130.5	2.204634997504
130.6	2.2739040206959995
130.7	2.316040741856333
130.8	2.3314225453246666
130.9	2.321416027458333
131.	2.2881267211989997
131.1	2.2341741623726667
131.2	2.1625028491578666
131.3	2.0762280036857996
131.4	1.9785098924971332
131.5	1.8724493438946666
131.6	1.7609977032933335
131.7	1.646876230563
131.8	1.5325037440386666
131.9	1.4199376925646665
132.	1.310841169607
132.1	1.2064925511436666
132.2	1.107850578406333
132.3	1.0156733395886666
132.4	0.9306673609693332
132.5	0.8536210869543333
132.6	0.7854664998933334
132.7	0.7272225176866667
132.8	0.6798059756643333
132.9	0.643742623083
133.	0.618855801919
133.1	0.6040361543534666
133.2	0.5971888322053667
133.3	0.5954135067457667
133.4	0.5954082683943
133.5	0.5940219649887333
133.6	0.5888331467382999
133.7	0.5786232724266667
133.8	0.5636401894023333
133.9	0.5456045968323333
134.	0.527477632567
134.1	0.5130609182166667
134.2	0.506526656868
134.3	0.5119707866059999
134.4	0.5330535193613333
134.5	0.572752214378
134.6	0.6332156020003332
134.7	0.7156858833573333
134.8	0.8204497900973333
134.9	0.9467892132096665
135.	1.0929212020649999
135.1	1.2559399799746667
135.2	1.4317946688973333
135.3	1.6153507129513331
135.4	1.800585622132
135.5	1.9809561251893335
135.6	2.1499418847869998
135.7	2.301723321132333
135.8	2.4318974491183334
135.9	2.5380918539186665
136.	2.620321076902666
136.1	2.680955348436333
136.2	2.7242411827409994
136.3	2.7554143848973336
136.4	2.7795528782284
136.5	2.800397845165233
136.6	2.819399938395366
136.7	2.835210152407
136.8	2.843739490020666
136.9	2.838783120964667
137.	2.813078714912667
137.1	2.7595789809056663
137.2	2.672686913162
137.3	2.549232367953
137.4	2.3890461980706665
137.5	2.1950875972679995
137.6	1.9731735385596665
137.7	1.7314242739476664
137.8	1.4795649229156667
137.9	1.2282111001479998
138.	0.9882262276523333
138.1	0.770184323581
138.2	0.583920171615
138.3	0.4381124277209666
138.4	0.3398342798590666
138.5	0.2940253970406333
138.6	0.3028859428356666
138.7	0.3652582188593333
138.8	0.476126220012
138.9	0.626405669131
139.	0.8031961504406666
139.1	0.9906111517796666
139.2	1.1711950926796666
139.3	1.3278003470186666
139.4	1.4456670026119998
139.5	1.5143624829799998
139.6	1.5292271350756668
139.7	1.4920456427756665
139.8	1.4108082356090001
139.9	1.2986044829693333
140.	1.1718598620266667
140.1	1.0482389574943334
140.2	0.9445734332796666
140.3	0.8751256594761667
140.4	0.8503903215963333
140.5	0.8765010106840001
140.6	0.9551838793659999
140.7	1.0841149285683331
140.8	1.2575054310636666
140.9	1.466759362926
141.	1.7011028149043332
141.1	1.9481567600953333
141.2	2.1944890956326666
141.3	2.4262213152963334
141.4	2.6297681982836667
141.5	2.792752916563
141.6	2.905071988541
141.7	2.960000979856333
141.8	2.955156499401
141.9	2.8930890757393333
142.	2.7812964114306666
142.1	2.631526120651
142.2	2.4583717468323334
142.3	2.2773269228006665
142.4	2.102608153516333
142.5	1.9451436205573334
142.6	1.8111228629833331
142.7	1.7014031181883331
142.8	1.6118932606723333
142.9	1.5348291738879998
143.	1.460668475424333
143.1	1.380214861457
143.2	1.2865595929179998
143.3	1.1764990285949999
143.4	1.0512264951623331
143.5	0.9162625670066666
143.6	0.7807365407373333
143.7	0.6562306584803334
143.8	0.5554326336413333
143.9	0.49081542460566663
144.	0.4734945870366667
144.1	0.5123285488629999
144.2	0.6132510431053333
144.3	0.7787770283776665
144.4	1.007613997896
144.5	1.29433967515
144.6	1.6291647330863335
144.7	1.9978667776256664
144.8	2.382035394392333
144.9	2.75978343892
145.	3.1070397853673333
145.1	3.3994403701549993
145.2	3.6146930767309997
145.3	3.7351410016916664
145.4	3.7501314142709994
145.5	3.657755454848666
145.6	3.465581173926666
145.7	3.1901580634229996
145.8	2.855293879419
145.9	2.4893416220706666
146.	2.1219266189219996
146.1	1.780642483605
146.2	1.4882276516196664
146.3	1.2606103568566667
146.4	1.1060161213539998
146.5	1.0251201566183332
146.6	1.0120487883329998
146.7	1.0559254928033333
146.8	1.142631977828
146.9	1.2565036759636665
147.	1.3817761678879998
147.1	1.5037114279019996
147.2	1.6094294993136666
147.3	1.6885301059206665
147.4	1.733599653608
147.5	1.7406645058176669
147.6	1.7095850106513333
147.7	1.6443087636029996
147.8	1.552842638140333
147.9	1.4467863089600002
148.	1.34031173705
148.1	1.248574334947
148.2	1.1856840556996666
148.3	1.1625128252893333
148.4	1.1847238244213334
148.5	1.251437484816
148.6	1.3548763262356665
148.7	1.4811617411516667
148.8	1.6122059327499998
148.9	1.7284078056166667
149.	1.8116837363103333
149.1	1.8482898721376668
149.2	1.8309405218982333
149.3	1.759882213444767
149.4	1.6428019395041666
149.5	1.4936739462564996
149.6	1.3308286121666666
149.7	1.1746241297013333
149.8	1.0451069656233332
149.9	0.9599748738906668
150.	0.9330373569436667
150.1	0.9732391369916666
150.2	1.0842041101636668
150.3	1.264191157005
150.4	1.5063365065619998
150.5	1.7990849977666665
150.6	2.1267694328886666
150.7	2.4703614973166665
150.8	2.8084651523956663
150.9	3.118632464071
151.	3.379039845729667
151.1	3.570471513227999
151.2	3.6784357630463327
151.3	3.6951227446336667
151.4	3.6208407419079998
151.5	3.4645766856043334
151.6	3.2434315601113335
151.7	2.9808705208933333
151.8	2.7039609495073336
151.9	2.439991276622666
152.	2.213010065313333
152.1	2.040856957751333
152.2	1.9331640680229998
152.3	1.8906121825243334
152.4	1.9054813592836668
152.5	1.963301482121333
152.6	2.0452384423470003
152.7	2.130776969753333
152.8	2.2002844548106664
152.9	2.237139183143333
153.	2.229244329109
153.1	2.1698867892926668
153.2	2.0580067618053333
153.3	1.898003168827333
153.4	1.6992095086780001
153.5	1.4751443228566665
153.6	1.2425877523636664
153.7	1.0204818839633332
153.8	0.8286188044413333
153.9	0.6860832097536665
154.	0.6094638276836666
154.1	0.6109344044466667
154.2	0.6964101457013332
154.3	0.864076475797
154.4	1.1036266432919999
154.5	1.3965036022533335
154.6	1.7173101642026665
154.7	2.036347394254
154.8	2.3230084667586666
154.9	2.549552803620333
155.	2.6946700697146664
155.1	2.7462515599946666
155.2	2.7029205904216664
155.3	2.574101734822333
155.4	2.378674124511
155.5	2.1424923053809994
155.6	1.8952171421729997
155.7	1.6669528420386666
155.8	1.4851386251613334
155.9	1.3720239022986667
156.	1.3429053313826664
156.1	1.4051625831186665
156.2	1.558024922380333
156.3	1.7929445055716666
156.4	2.0944416102209997
156.5	2.441309017879
156.6	2.808100162419333
156.7	3.1668607468353334
156.8	3.4890809084743335
156.9	3.7478337440969995
157.	3.9200223214046663
157.1	3.9885875056396665
157.2	3.944450910172333
157.3	3.787908512383333
157.4	3.52918127902
157.5	3.1878922484829997
157.6	2.7913793498003336
157.7	2.371949595554667
157.8	1.9633901796846667
157.9	1.5972205728356665
158.	1.2992472098763335
158.1	1.086941391934
158.2	0.9680071373556667
158.3	0.940277072739
158.4	0.9928300931026667
158.5	1.1080254518686665
158.6	1.2640381015856665
158.7	1.4374740864119997
158.8	1.6057264035441332
158.9	1.7488630472795332
159.	1.8509752767118999
159.1	1.9010190814149666
159.2	1.8932375940903334
159.3	1.8272573192489996
159.4	1.7079212389
159.5	1.5448779454483335
159.6	1.3519075550979998
159.7	1.1459465414193333
159.8	0.945782750027
159.9	0.7704308475293333
160.	0.6372637045616666
160.1	0.5600563446631667
160.2	0.5471780806215667
160.3	0.6002209992933333
160.4	0.7133537413213333
160.5	0.8736210017273334
160.6	1.062270819858
160.7	1.257005408027
160.8	1.4348590336133333
160.9	1.5752597523336664
161.	1.6627749831146668
161.1	1.6890952672933333
161.2	1.653964997707667
161.3	1.5649821185616668
161.4	1.4364024142376666
161.5	1.2872421737733333
161.6	1.1390408447683331
161.7	1.0136190604739999
161.8	0.9310729552616666
161.9	0.908126123996
162.	0.9568591455699998
162.1	1.083781405656
162.2	1.289206645148333
162.3	1.566927527966333
162.4	1.9042299113623333
162.5	2.2823193307433334
162.6	2.677234552850666
162.7	3.0612919917529995
162.8	3.4050460258549995
162.9	3.679674379669333
163.	3.8596164620113336
163.1	3.9252177956219994
163.2	3.8650786731503333
163.3	3.6777852032156666
163.4	3.37273103529
163.5	2.9698273669756667
163.6	2.4980432945659996
163.7	1.9928964501086663
163.8	1.4931876917896665
163.9	1.0373996896070001
164.	0.6602223001159999
164.1	0.3896147737106666
164.2	0.24468254928371663
164.3	0.234476408906
164.4	0.35766666191033336
164.5	0.6029487317666665
164.6	0.9500177841346665
164.7	1.3709959190596666
164.8	1.8322677246806667
164.9	2.2967318278683333
165.	2.726471937693
165.1	3.085781183465667
165.2	3.344358219859333
165.3	3.480373443504
165.4	3.4830240579509995
165.5	3.3541904326096663
165.6	3.1088828139806663
165.7	2.774312444291333
165.8	2.387603621058333
165.9	1.9923475578883334
166.	1.6343547389803332
166.1	1.3570695451369998
166.2	1.1971585572346668
166.3	1.1807678770536665
166.4	1.32086536428
166.5	1.6159470325166665
166.6	2.050208520512333
166.7	2.595089865707666
166.8	3.211931303178333
166.9	3.8553663884936666
167.	4.477050694776667
167.1	5.029379907137
167.2	5.468962781924665
167.3	5.759734364121
167.4	5.875672471852667
167.5	5.803083256395333
167.6	5.5423505792659995
167.7	5.108935854303
167.8	4.533329858777
167.9	3.8596553671306664
168.	3.1427334196829997
168.1	2.4436492923050004
168.2	1.824137867242333
168.3	1.3403774819323333
168.4	1.0369615333876665
168.5	0.9418577325656666
168.6	1.06305472662
168.7	1.3873627912539999
168.8	1.8815335717296666
168.9	2.495554608609
169.	3.1677088814493333
169.1	3.8308001055869996
169.2	4.418844221005333
169.3	4.873516067401999
169.4	5.149709626668
169.5	5.219707156972333
169.6	5.075637205550333
169.7	4.730105637386333
169.8	4.215072696336
169.9	3.5791893034529996
170.	2.8838771601546664
170.1	2.198443385023
170.2	1.5944910848006668
170.3	1.1398686332333334
170.4	0.8924354291343334
170.5	0.8940278901396668
170.6	1.1651637101376666
170.7	1.7011638190943335
170.8	2.4704200196479995
170.9	3.4154243339759995
171.	4.456879183934333
171.1	5.500761205631999
171.2	6.447706412251667
171.3	7.203640150348667
171.4	7.690302615717333
171.5	7.854286612715667
171.6	7.673412946590666
171.7	7.159664747172333
171.8	6.3583919910996665
171.9	5.343981913104999
172.	4.2125912351783334
172.1	3.072809009157333
172.2	2.035255914893
172.3	1.2021420526539999
172.4	0.6577253669233334
172.5	0.4604623755973333
172.6	0.6374462611286666
172.7	1.1815100546446666
172.8	2.0511618640733333
172.9	3.173339187145667
173.	4.448832093564667
173.1	5.7601207628876665
173.2	6.981269570208999
173.3	7.989375467373333
173.4	8.676853390374333
173.5	8.963563818198335
173.6	8.807506424023
173.7	8.212621384349333
173.8	7.232271384369334
173.9	5.967305599333999
174.	4.558241128249
174.1	3.1719528611359995
174.2	1.9841737275456668
174.3	1.1598705238823332
174.4	0.8339959868713334
174.5	1.095123618302
174.6	1.97405365463
174.7	3.4387431911893334
174.8	5.396030124352667
174.9	7.699767180017666
175.	10.164296480730666
175.1	12.581746951947665
175.2	14.741428990250665
175.3	16.449589591093666
175.4	17.547915530289334
175.5	17.929376651827333
175.6	17.550245622269
175.7	16.437388510507
175.8	14.690175409401668
175.9	12.476604254381332
176.	10.023471479478332
176.1	7.600690097181666
176.2	5.500199904582333
176.3	4.010389177805333
176.4	3.3875751067536664
176.5	3.82682696009
176.6	5.435129870360666
176.7	8.210372322102666
176.8	12.029668645475667
176.9	16.649926791485665
177.	21.722302930635998
177.1	26.820388285581334
177.2	31.479957751163997
177.3	35.24627815977634
177.4	37.72371618787433
177.5	38.621964906413
177.6	37.79368594330066
177.7	35.25959204221979
177.8	31.218668452294
177.9	26.042991002533995
178.	20.258132646312998
178.1	14.511269150458332
178.2	9.529751918763665
178.3	6.073179469275333
178.4	4.881994133349
178.5	6.625483737682666
178.6	11.851873766658333
178.7	20.943010624048668
178.8	34.07599233763733
178.9	51.194015254256655
179.	71.988668978118
179.1	95.89588013534866
179.2	122.107569009121
179.3	149.600672220823
179.4	177.18431215505566
179.5	203.56443337846633
179.6	227.4232019895157
179.7	247.50811041926968
179.8	262.72348685838
179.9	272.2155299289203
180.	275.4415923465683