# O+CO(0,0) elastic diff. cross section
# E = 0.0089 eV
# angle, CS (1e-16 cm^2)
0.1	226000.55623666666
0.2	221015.03665629998
0.3	212929.97666903332
0.4	202067.54757159998
0.5	188851.79230759997
0.6	173784.04936896666
0.7	157414.57668156666
0.8	140312.4028195333
0.9	123035.4984249
1.	106103.25532583334
1.1	89972.99939496665
1.2	75021.87416653332
1.3	61534.95499966667
1.4	49699.93370193333
1.5	39608.1985125
1.6	31261.668540066665
1.7	24584.362553933333
1.8	19437.4163538
1.9	15636.125421699999
2.	12967.581816366664
2.1	11207.585702833334
2.2	10135.721635196665
2.3	9547.769444606667
2.4	9264.93704377
2.5	9139.724938326664
2.6	9058.529900843332
2.7	8941.343875983333
2.8	8739.086973933332
2.9	8429.221984116666
3.	8010.3321230266665
3.1	7496.311005026667
3.2	6910.727103333333
3.3	6281.800926423333
3.4	5638.289875070001
3.5	5006.430690653333
3.6	4407.957516766666
3.7	3859.106094386666
3.8	3370.4382955366664
3.9	2947.27834347
4.	2590.540864043333
4.1	2297.746318953333
4.2	2064.0542100166667
4.3	1883.1905976529997
4.4	1748.1960088276667
4.5	1651.9658943113332
4.6	1587.5933624956665
4.7	1548.549978682
4.8	1528.7540788886665
4.9	1522.578243256
5.	1524.840622791333
5.1	1530.8118516966665
5.2	1536.2536859430002
5.3	1537.4903960306
5.4	1531.5017545830335
5.5	1516.0187442366
5.6	1489.6004443245668
5.7	1451.6726176480333
5.8	1402.5142911578332
5.9	1343.1866483948
6.	1275.4072165376667
6.1	1201.3801409559999
6.2	1123.5991227963332
6.3	1044.6426350586667
6.4	966.9811179126666
6.5	892.8132439726666
6.6	823.9436713233333
6.7	761.7088327186666
6.8	706.951189561
6.9	660.0368861339999
7.	620.9075631139999
7.1	589.1546542479999
7.2	564.1039245516666
7.3	544.8991602943333
7.4	530.5764096109999
7.5	520.1234692646666
7.6	512.5228316803333
7.7	506.77949375766667
7.8	501.9374401429999
7.9	497.0899648896667
8.	491.38918948899993
8.1	484.0592579673333
8.2	474.41598218366664
8.3	461.89352110933334
8.4	446.07640475900007
8.5	426.7332431179999
8.6	403.847113543
8.7	377.63710935166665
8.8	348.5659377823333
8.9	317.3297198313333
9.	284.8280864684999
9.1	252.11501053636667
9.2	220.33323381409997
9.3	190.6373107493
9.4	164.11190016039998
9.5	141.6927777743333
9.6	124.09800441619998
9.7	111.77577261463333
9.8	104.87378687633333
9.9	103.23282275478667
10.	106.40463401655333
10.1	113.69193836893665
10.2	124.20609915292432
10.3	136.936570821366
10.4	150.82534789716502
10.5	164.83961146881998
10.6	178.03646447579334
10.7	189.61495661883998
10.8	198.95232217799997
10.9	205.62325028060002
11.	209.40283284563333
11.1	210.2553733437
11.2	208.31232717756666
11.3	203.84319269353333
11.4	197.22317162999997
11.5	188.9009362981
11.6	179.3690061399333
11.7	169.13821503126667
11.8	158.71672074319997
11.9	148.5931318411
12.	139.2227288209
12.1	131.01550462466668
12.2	124.32485238256666
12.3	119.43613363216664
12.4	116.55496916843333
12.5	115.79577803816666
12.6	117.1717111083
12.7	120.58756104763332
12.8	125.83739024926666
12.9	132.60845803399997
13.	140.49255606086666
13.1	149.00513360566666
13.2	157.61170991123333
13.3	165.76015196866666
13.4	172.91657270926663
13.5	178.60199468803333
13.6	182.42661768950668
13.7	184.11857477864663
13.8	183.54446325063668
13.9	180.71965183519
14.	175.80731117573998
14.1	169.106181072581
14.2	161.02815228653964
14.3	152.06768281653734
14.4	142.76578612664133
14.5	133.67174906723898
14.6	125.30582468321998
14.7	118.12590401053998
14.8	112.50064299062333
14.9	108.69077796523666
15.	106.83949831068333
15.1	106.97185840802666
15.2	109.00239994834666
15.3	112.74950111926667
15.4	117.9545292511
15.5	124.30367683823334
15.6	131.45040595106667
15.7	139.03668319093333
15.8	146.71160432776668
15.9	154.14651767343332
16.	161.04628578116666
16.1	167.1568077567
16.2	172.2693031862
16.3	176.22209575953332
16.4	178.9007148125333
16.5	180.23706378673333
16.6	180.20821427476668
16.7	178.83511675876667
16.8	176.18122716786667
16.9	172.35078584366664
17.	167.48629961939997
17.1	161.76470240673333
17.2	155.39172082626663
17.3	148.5941447729333
17.4	141.60997458113332
17.5	134.6767468763333
17.6	128.01868006338333
17.7	121.83357427359
17.8	116.28060057542666
17.9	111.47018298329331
18.	107.4570941076233
18.1	104.23765150231333
18.2	101.75153804738332
18.3	99.88831580493999
18.4	98.49821188242
18.5	97.40628679796
18.6	96.42870926986666
18.7	95.38960585192666
18.8	94.13686345960667
18.9	92.55535147858332
19.	90.57628969592334
19.1	88.18188966701332
19.2	85.40489391532665
19.3	82.32317193544
19.4	79.05004266950999
19.5	75.72142207954667
19.6	72.48119459101
19.7	69.4663478236
19.8	66.79338014126665
19.9	64.54729942123333
20.	62.774206873666664
20.1	61.47804388506667
20.2	60.62162345179999
20.3	60.13162366576666
20.4	59.9068373345
20.5	59.828687691966664
20.6	59.77285977043333
20.7	59.62086901116666
20.8	59.27048566463333
20.9	58.644134411433335
21.	57.69466192476666
21.1	56.4081738445
21.2	54.80394907816666
21.3	52.93170982053333
21.4	50.86673410633333
21.5	48.70342836893333
21.6	46.548025732266666
21.7	44.51104772196667
21.8	42.70007770043333
21.9	41.21326456475333
22.	40.133828745766664
22.1	39.52570215401
22.2	39.43031842868666
22.3	39.864492447616655
22.4	40.819293807853334
22.5	42.259825370899996
22.6	44.125855569799995
22.7	46.33330746404
22.8	48.776661301226
22.9	51.332363509269335
23.	53.86333934170533
23.1	56.22466971387999
23.2	58.27041275493599
23.3	59.861432337944
23.4	60.87395154581899
23.5	61.20839660764
23.6	60.79795785366333
23.7	59.61619093989333
23.8	57.68293411853
23.9	55.06784057594666
24.	51.89092632352333
24.1	48.31971223095333
24.2	44.56278253979333
24.3	40.859871778726664
24.4	37.468900791413326
24.5	34.650679783066664
24.6	32.65225042963333
24.7	31.6900216505
24.8	31.933942416500003
24.9	33.4939368381
25.	36.409699444666664
25.1	40.644721025433334
25.2	46.0851071288
25.3	52.54339021643333
25.4	59.76715584506667
25.5	67.45193816823333
25.6	75.25752354383333
25.7	82.82656058373333
25.8	89.8042297735
25.9	95.85768491626665
26.	100.69404064496668
26.1	104.07583368595999
26.2	105.83311100765333
26.3	105.87157045282999
26.4	104.17647162125667
26.5	100.812320019
26.6	95.91858278256333
26.7	89.70190226118666
26.8	82.42542398707333
26.9	74.39594499383333
27.	65.9496205246
27.1	57.43695079033999
27.2	49.20771671620967
27.3	41.596458132494
27.4	34.909002338137
27.5	29.410465859522333
27.6	25.315074415323
27.7	22.778078545809997
27.8	21.88998425557333
27.9	22.673265496169996
28.	25.08167272482
28.1	29.002192997356666
28.2	34.259646951866664
28.3	40.623823624319996
28.4	47.818955329763334
28.5	55.535225220799994
28.6	63.44188619734667
28.7	71.20146079961
28.8	78.48439830747999
28.9	84.9834985761
29.	90.42738205983332
29.1	94.59229952333334
29.2	97.31163703946665
29.3	98.4825816844
29.4	98.06956593849999
29.5	96.10429487696668
29.6	92.6823668144
29.7	87.9567096089
29.8	82.12825466496668
29.9	75.43444258493332
30.	68.13628425653333
30.1	60.5047782722
30.2	52.807503855133334
30.3	45.296167022166664
30.4	38.19578101726667
30.5	31.696019350833332
30.6	25.945104362389998
30.7	21.046401817169997
30.8	17.05769940896333
30.9	13.992970141626666
31.	11.826274077043331
31.1	10.497343960146667
31.2	9.91833742804
31.3	9.981221826846665
31.4	10.565283528063333
31.5	11.544314727546666
31.6	12.793117027323333
31.7	14.193061341203332
31.8	15.636546607515665
31.9	17.030295577063665
32.	18.297507049436
32.1	19.378945785140335
32.2	20.23309243039533
32.3	20.835497496703997
32.4	21.177489247601997
32.5	21.264380094116664
32.6	21.113304965006666
32.7	20.75081274342333
32.8	20.210321606469996
32.9	19.529542671389997
33.	18.747973630943335
33.1	17.904563410709997
33.2	17.035647573296664
33.3	16.173249108069996
33.4	15.343827551026665
33.5	14.567539201636666
33.6	13.858042076196664
33.7	13.222842340966666
33.8	12.664137079100001
33.9	12.180065421799998
34.	11.766241130589998
34.1	11.417409571050001
34.2	11.12905498919
34.3	10.89878318153
34.4	10.727321436453332
34.5	10.619011432236666
34.6	10.581719051596666
34.7	10.626143483609997
34.8	10.76457090706
34.9	11.009179135076666
35.	11.370052485639999
35.1	11.8531051304
35.2	12.458131854399998
35.3	13.1772048937
35.4	13.993613729133331
35.5	14.881502963309998
35.6	15.806305259096664
35.7	16.725996988699997
35.8	17.593130103723333
35.9	18.357521685396666
36.	18.969419424919998
36.1	19.38291286854
36.2	19.559331208639996
36.3	19.470361459786666
36.4	19.100636686896664
36.5	18.44958107464
36.6	17.53235359399
36.7	16.379799770686667
36.8	15.037395441079
36.9	13.563240791996998
37.	12.025231030944
37.1	10.497586183975999
37.2	9.056962602444667
37.3	7.778390347425667
37.4	6.731283168554667
37.5	5.9757525830419995
37.6	5.559427421869666
37.7	5.514939090353334
37.8	5.858185208183333
37.9	6.587434770603332
38.	7.683290510576666
38.1	9.109481812723333
38.2	10.81442624346
38.3	12.733470200379998
38.4	14.791698962756666
38.5	16.907192357499998
38.6	18.99459276502333
38.7	20.96884572349333
38.8	22.748968791146666
38.9	24.261701121213335
39.	25.444884717339995
39.1	26.250429643889994
39.2	26.64672119198
39.3	26.62033897999
39.4	26.176977834636666
39.5	25.341489090639996
39.6	24.156998748373333
39.7	22.683104657599998
39.8	20.993206257686666
39.9	19.171074003426664
40.	17.306817260413332
40.1	15.492454613713335
40.2	13.817324787356664
40.3	12.363595976623333
40.4	11.202133717553332
40.5	10.388971302696666
40.6	9.962592682053334
40.7	9.942187912069999
40.8	10.326979149136665
40.9	11.096645686906665
41.	12.212805059283333
41.1	13.62143938461
41.2	15.256097178703332
41.3	17.04165524405333
41.4	18.898396169456664
41.5	20.74614620115333
41.6	22.508225949226663
41.7	24.11499122565
41.8	25.50678056355
41.9	26.636135889723334
42.	27.469218973356664
42.1	27.986403948146663
42.2	28.182080866769997
42.3	28.063752886103334
42.4	27.650547169823334
42.5	26.97128487728333
42.6	26.062267834866663
42.7	24.964939009669997
42.8	23.72356214815
42.9	22.38304520211333
43.	20.98700530243
43.1	19.576143171046667
43.2	18.18696499452667
43.3	16.85086253377333
43.4	15.593539581786667
43.5	14.434755985486664
43.6	13.388349655016665
43.7	12.462491859336666
43.8	11.660130595756666
43.9	10.979579474369999
44.	10.415213803283333
44.1	9.95823995062
44.2	9.597507507373333
44.3	9.320335690663335
44.4	9.113325779296666
44.5	8.963130651823333
44.6	8.857151577696666
44.7	8.784132363606666
44.8	8.734622818966665
44.9	8.701288057373333
45.	8.67904774596
45.1	8.665039860046667
45.2	8.658416059649998
45.3	8.659989251846666
45.4	8.671766722283333
45.5	8.696412778763332
45.6	8.736691690886666
45.7	8.794943733353332
45.8	8.87264381755
45.9	8.970083646403332
46.	9.086205335896667
46.1	9.218598374633332
46.2	9.363654407893332
46.3	9.516857583713334
46.4	9.673173973963333
46.5	9.827493463849999
46.6	9.975072580496667
46.7	10.11192747936
46.8	10.235132540963335
46.9	10.342990950866666
47.	10.435057947336666
47.1	10.512013504306665
47.2	10.575397322546666
47.3	10.627233469986667
47.4	10.669583426366666
47.5	10.704073637813332
47.6	10.73144642634
47.7	10.751181176573333
47.8	10.761226542376665
47.9	10.75787475704
48.	10.735797034436667
48.1	10.688245692823333
48.2	10.60741520489
48.3	10.484941962723333
48.4	10.312512042369999
48.5	10.082538309773334
48.6	9.78886319988
48.7	9.427441532549999
48.8	8.996958660053334
48.9	8.499342743176665
49.	7.94013556172
49.1	7.3286934550166665
49.2	6.678198230896666
49.3	6.00546670604
49.4	5.330556569323333
49.5	4.676175221729999
49.6	4.066906982773333
49.7	3.5282824766433336
49.8	3.0857220695166667
49.9	2.763392844151
50.	2.5830256084686667
50.1	2.562744552954
50.2	2.7159669565059996
50.3	3.0504332082239998
50.4	3.567427681501
50.5	4.261247968293433
50.6	5.118973052299211
50.7	6.120569786904067
50.8	7.239361510062867
50.9	8.44286318064
51.	9.693964965420333
51.1	10.952422147322332
51.2	12.176585383820333
51.3	13.325283817263333
51.4	14.35975650188
51.5	15.245517062586668
51.6	15.954034034866666
51.7	16.46411589628
51.8	16.762905530886663
51.9	16.84641301309
52.	16.719546517826664
52.1	16.395636466316667
52.2	15.895484747466668
52.3	15.246005815166665
52.4	14.478556507093334
52.5	13.627073826436666
52.6	12.726152627046666
52.7	11.809197006623332
52.8	10.906770145446666
52.9	10.045248254086667
53.	9.24585708775
53.1	8.524136728143333
53.2	7.88984506866
53.3	7.347275829053332
53.4	6.895935944949999
53.5	6.531502332086667
53.6	6.2469611191
53.7	6.03382445403
53.8	5.88332102522
53.9	5.78746578085
54.	5.739930578213333
54.1	5.736658738053333
54.2	5.776190538816667
54.3	5.859691334013332
54.4	5.9906971559999995
54.5	6.174612671393334
54.6	6.418011935663333
54.7	6.72780285082
54.8	7.110321388749999
54.9	7.5704218187466665
55.	8.110625067526666
55.1	8.730379910793333
55.2	9.425482020443333
55.3	10.187685042943333
55.4	11.004526781741
55.5	11.859382904099665
55.6	12.731750813853333
55.7	13.597757567602999
55.8	14.430877861025
55.9	15.202840899275332
56.	15.884698049972332
56.1	16.448016249647967
56.2	16.866155048707334
56.3	17.115578009901967
56.4	17.177142290193935
56.5	17.03730428061
56.6	16.689175041122
56.7	16.133357958094667
56.8	15.378503581062663
56.9	14.441523798480333
57.	13.347419884389334
57.1	12.12869651202
57.2	10.824356032096667
57.3	9.478492998539998
57.4	8.138536379389999
57.5	6.853213977766666
57.6	5.6703379214066665
57.7	4.634529283846666
57.8	3.7850118573766665
57.9	3.1536082086299997
58.	2.763064531023333
58.1	2.625814447877
58.2	2.7432667032266664
58.3	3.1056693465833334
58.4	3.692566021773333
58.5	4.473821233
58.6	5.411154103009999
58.7	6.460087166736665
58.8	7.572190766143333
58.9	8.697486586073333
59.	9.786866936256667
59.1	10.79438977567
59.2	11.679322537546668
59.3	12.407829100246667
59.4	12.954221706693334
59.5	13.301730819689997
59.6	13.4427782313
59.7	13.378769752993332
59.8	13.119451340406664
59.9	12.681894884259998
60.	12.089196028596668
60.1	11.368975778696667
60.2	10.551780431736667
60.3	9.66947110266
60.4	8.753685800989999
60.5	7.834444863326667
60.6	6.93895587538
60.7	6.0906583088233335
60.8	5.3085320999266665
60.9	4.6066792347
61.	3.99417375879
61.1	3.475163914786666
61.2	3.0492005091933336
61.3	2.7117581213466666
61.4	2.4549102597199997
61.5	2.2681158602
61.6	2.13907242235
61.7	2.05459045933
61.8	2.001444739403333
61.9	1.9671600465216665
62.	1.9406929709863334
62.1	1.9129766644296666
62.2	1.877302624899
62.3	1.8295223874920001
62.4	1.7680622970646667
62.5	1.6937559467676666
62.6	1.6095107822399997
62.7	1.519837001201
62.8	1.430277284621
62.9	1.3467840825509998
63.	1.2750962011493332
63.1	1.2201675295712333
63.2	1.1856974304765
63.3	1.1738045134942
63.4	1.1848735842056333
63.5	1.2175903419638
63.6	1.269161132147833
63.7	1.3356972987390665
63.8	1.4127271511209
63.9	1.4957849556956666
64.	1.5810171805356668
64.1	1.6657425638816667
64.2	1.7489050214476667
64.3	1.8313669151660001
64.4	1.9160041091623334
64.5	2.0075822948473334
64.6	2.112414582821333
64.7	2.2378213663193334
64.8	2.391432926498
64.9	2.580391290714333
65.	2.8105189364633327
65.1	3.085527024213333
65.2	3.4063345096866664
65.3	3.7705619250233333
65.4	4.172250607876666
65.5	4.601840957916666
65.6	5.046423503503333
65.7	5.490255914093333
65.8	5.915519317879999
65.9	6.303269913636666
66.	6.634528114336666
66.1	6.891438143893333
66.2	7.058426503676666
66.3	7.1232879967
66.4	7.078132641863332
66.5	6.920135163136667
66.6	6.652039954903332
66.7	6.28238761001
66.8	5.8254433749866665
66.9	5.30082249971
67.	4.73282174953
67.1	4.14947987468
67.2	3.5814022595733332
67.3	3.060396079783333
67.4	2.6179719169699998
67.5	2.2837757633519997
67.6	2.0840214923753333
67.7	2.0399979135890662
67.8	2.1667261208959996
67.9	2.4718415744833333
68.	2.9547707954466667
68.1	3.6062643097366665
68.2	4.408335288093333
68.3	5.334637134153334
68.4	6.351293308213332
68.5	7.418169524933333
68.6	8.49055310404
68.7	9.521178032086667
68.8	10.46250888807
68.9	11.2691740916
69.	11.900420923936668
69.1	12.322453324799998
69.2	12.510510164453331
69.3	12.450547627706666
69.4	12.140404984489667
69.5	11.590358049576333
69.6	10.822997942508666
69.7	9.872412446948333
69.8	8.782690773401665
69.9	7.605816790743667
70.	6.399057519724
70.1	5.221989622443333
70.2	4.133333864771334
70.3	3.187783772055
70.4	2.433018480155667
70.5	1.9070806136493332
70.6	1.6362784588223331
70.7	1.6337392811673332
70.8	1.8986997667893333
70.9	2.416573280057
71.	3.1597853266703333
71.1	4.0893217563393325
71.2	5.156892067045
71.3	6.307575425713333
71.4	7.4827917479399995
71.5	8.623425615583333
71.6	9.672927325653333
71.7	10.580222510463331
71.8	11.302278387593333
71.9	11.806199084129997
72.	12.070752571923336
72.1	12.087265341706665
72.2	11.85985585833
72.3	11.405012098096666
72.4	10.750550399876667
72.5	9.934021160093334
72.6	9.000650651903333
72.7	8.000926894353334
72.8	6.987950783069999
72.9	6.014681598186666
73.	5.131208650203333
73.1	4.382178420179999
73.2	3.8044993368199997
73.3	3.4254345544199993
73.4	3.2611770132999998
73.5	3.315980973223333
73.6	3.5819004970699995
73.7	4.039158555706666
73.8	4.657141256689999
73.9	5.395981142819999
74.	6.208662796429999
74.1	7.043554600973334
74.2	7.847244120669999
74.3	8.567532929499999
74.4	9.156431577883332
74.5	9.572988280856666
74.6	9.785787028533333
74.7	9.774962848245666
74.8	9.5336039258
74.9	9.068441534846666
75.	8.399767790519666
75.1	7.560565981418666
75.2	6.594885893704667
75.3	5.5555439614966655
75.4	4.501271922209
75.5	3.493474682573333
75.6	2.5927854537226667
75.7	1.8556216651446666
75.8	1.3309473553993332
75.9	1.0574362834973332
76.	1.0612055895103334
76.1	1.3542541395906664
76.2	1.9336952782193333
76.3	2.7818237957456664
76.4	3.8670051019073335
76.5	5.1453245531643335
76.6	6.562890060276333
76.7	8.058644442435666
76.8	9.567517706536332
76.9	11.023734850265999
77.	12.364092318359997
77.1	13.531025372663333
77.2	14.475308062293331
77.3	15.158255252300002
77.4	15.55332991935
77.5	15.64709608337333
77.6	15.439495759763332
77.7	14.943464858513334
77.8	14.183936040833332
77.9	13.196304658806667
78.	12.024456030237
78.1	10.718467918679332
78.2	9.332111114402998
78.3	7.920273735434334
78.4	6.536431832848333
78.5	5.230280822648666
78.6	4.045629975430666
78.7	3.0186464994140003
78.8	2.1765174329636663
78.9	1.5365773562769998
79.	1.1059285118563331
79.1	0.8815579372539999
79.2	0.8509342956706667
79.3	0.9930458989736666
79.4	1.2798216563446667
79.5	1.677859103555
79.6	2.1503690682116665
79.7	2.6592357067259997
79.8	3.1670843658973333
79.9	3.639248613864334
80.	4.045532294867666
80.1	4.36167275415
80.2	4.570427273963333
80.3	4.662225684876667
80.4	4.635357090478
80.5	4.495686302249
80.6	4.2559242457526665
80.7	3.9345043814716663
80.8	3.554142117203333
80.9	3.140174412464666
81.	2.718790677406
81.1	2.3152724624006664
81.2	1.9523576793703334
81.3	1.6488351815206665
81.4	1.418458104471
81.5	1.2692407103663332
81.6	1.203175377099
81.7	1.2163760118223332
81.8	1.2996239036383335
81.9	1.4392642030276666
82.	1.6183779330173333
82.1	1.818137390505
82.2	2.019243119536
82.3	2.2033388200696664
82.4	2.3543064206719997
82.5	2.4593562910493327
82.6	2.5098458789226665
82.7	2.5017822251356665
82.8	2.4359879341240003
82.9	2.3179343216999997
83.	2.1572678374973
83.1	1.967074958532
83.2	1.7629454518598
83.3	1.5619035282576665
83.4	1.381280727367
83.5	1.2376035761436666
83.6	1.1455636885296665
83.7	1.1171288264526666
83.8	1.1608414849863333
83.9	1.281337825134
84.	1.4791052588959999
84.1	1.7504826027033336
84.2	2.087893224093333
84.3	2.4802896152000002
84.4	2.9137777648766665
84.5	3.3723818420499994
84.6	3.8389041816999994
84.7	4.295832410766667
84.8	4.72624471519
84.9	5.114665626223333
85.	5.4478281548866665
85.1	5.715303457093334
85.2	5.909966271276667
85.3	6.028272901219999
85.4	6.070338234523334
85.5	6.039808850436668
85.6	5.943540262003333
85.7	5.791097269263333
85.8	5.594106713896666
85.9	5.365501021456667
86.	5.118698174796666
86.1	4.8667685980933335
86.2	4.62164134493
86.3	4.3934006193999995
86.4	4.189718859416666
86.5	4.015464462199999
86.6	3.87251108916
86.7	3.7597619810166663
86.8	3.6733877220633335
86.9	3.607260486226666
87.	3.553553164106667
87.1	3.5034591077300004
87.2	3.447978640003333
87.3	3.37871285146
87.4	3.2886041356033333
87.5	3.1725666067166665
87.6	3.02795779966
87.7	2.8548552590666665
87.8	2.65611681546
87.9	2.4372202692266667
88.	2.205895452123333
88.1	1.9715777702700001
88.2	1.7447260215
88.3	1.5360574201666666
88.4	1.3557585821466667
88.5	1.2127323398366665
88.6	1.1139367062099998
88.7	1.063864516389
88.8	1.0642010113393332
88.9	1.1136829069303333
89.	1.2081674735953332
89.1	1.3409050302513332
89.2	1.5029941525446664
89.3	1.6839867700693332
89.4	1.8726009158793335
89.5	2.057492670033
89.6	2.2280360131056662
89.7	2.3750598323866665
89.8	2.4914949434633336
89.9	2.57289027943
90.	2.6177658231866667
90.1	2.6277798199666664
90.2	2.6076986972666667
90.3	2.565169348653333
90.4	2.510304461173333
90.5	2.4551018957166666
90.6	2.41272833914
90.7	2.396705172526
90.8	2.4200404333116667
90.9	2.494354639085
91.	2.6290498907763333
91.1	2.8305709460179997
91.2	3.101803781976667
91.3	3.4416515649766666
91.4	3.844820022653333
91.5	4.30183419541
91.6	4.799296774509999
91.7	5.320385189303333
91.8	5.845570889346665
91.9	6.353530592653334
92.	6.8222064394799995
92.1	7.229960846076667
92.2	7.55676322938
92.3	7.78534043346
92.4	7.902221256733334
92.5	7.8986083639533335
92.6	7.771018218969999
92.7	7.521641322853332
92.8	7.158390485266666
92.9	6.694623262693332
93.	6.148544942856665
93.1	5.54231918995
93.2	4.900933214989999
93.3	4.2508816140966665
93.4	3.618746448303333
93.5	3.0297595938966664
93.6	2.5064360880633334
93.7	2.067363782536667
93.8	1.7262252271676666
93.9	1.4911129440976665
94.	1.3641801661543334
94.1	1.341647096351
94.2	1.414159426127
94.3	1.5674729487966665
94.4	1.7834172853666665
94.5	2.0410744716133333
94.6	2.31809559335
94.7	2.5920715582666665
94.8	2.8418727702716664
94.9	3.048876791813333
95.	3.1980124980926665
95.1	3.2785628606496666
95.2	3.284685220736333
95.3	3.2156264597239996
95.4	3.0756295519639996
95.5	2.873546370629333
95.6	2.6221882354236667
95.7	2.337459676701
95.8	2.037331618462333
95.9	1.7407172779736666
96.	1.4663174054753334
96.1	1.231501119492
96.2	1.051284782592
96.3	0.9374644969106667
96.4	0.897948363081
96.5	0.9363231886006667
96.6	1.0516774355543332
96.7	1.2386884616443332
96.8	1.4879681311953332
96.9	1.7866472437433334
97.	2.11916651884
97.1	2.46823063503
97.2	2.8158725616966667
97.3	3.1445686111199995
97.4	3.43834067627
97.5	3.6837813223833327
97.6	3.870939969426666
97.7	3.994014402433333
97.8	4.051801175633333
97.9	4.047870847913333
98.	3.990448916606666
98.1	3.8920001200766663
98.2	3.7685315913199995
98.3	3.6386481476799997
98.4	3.52240968117
98.5	3.4400550243833337
98.6	3.4106677154666665
98.7	3.450865819693333
98.8	3.5735996635699996
98.9	3.787137587823333
99.	4.094310588766667
99.1	4.49207235862
99.2	4.971412527396667
99.3	5.517638995539999
99.4	6.111021570736668
99.5	6.72776532216
99.6	7.341259847586667
99.7	7.923531646943333
99.8	8.446812438113334
99.9	8.885127627533333
100.	9.215806927789998
100.1	9.420823479296665
100.2	9.487878460456667
100.3	9.41116427994
100.4	9.191759845129999
100.5	8.83763461431
100.6	8.363262523283332
100.7	7.78887074802
100.8	7.13937004708
100.9	6.443031757773333
101.	5.729990339086666
101.1	5.030658966733333
101.2	4.374148780333334
101.3	3.7867800304999997
101.4	3.2907659778213336
101.5	2.9031386522323332
101.6	2.6349703861747664
101.7	2.490927424192333
101.8	2.469172974956
101.9	2.56161788818
102.	2.75449872037
102.1	3.02924619759
102.2	3.3635927461966664
102.3	3.73285643707
102.4	4.111330797853333
102.5	4.473705742899999
102.6	4.796444438056667
102.7	5.059044184776333
102.8	5.245116157687667
102.9	5.343228710842666
103.	5.347471507288933
103.1	5.2577123498714995
103.2	5.079534629821333
103.3	4.8238600349
103.4	4.506277779063
103.5	4.146117335974333
103.6	3.7653156731733333
103.7	3.3871415407166663
103.8	3.0348477874566666
103.9	2.7303274027499995
104.	2.4928496107566667
104.1	2.3379486802733336
104.2	2.2765301850233333
104.3	2.314247543803333
104.4	2.451186332169333
104.5	2.6818758877219997
104.6	2.9956281478339997
104.7	3.377183651576667
104.8	3.8076254913199996
104.9	4.26550500866
105.	4.728109399056667
105.1	5.172792137049999
105.2	5.578282998596666
105.3	5.92589582658
105.4	6.200559050113332
105.5	6.39160590764
105.6	6.493277527539999
105.7	6.504911347586667
105.8	6.43080842046
105.9	6.27979444168
106.	6.064509322096666
106.1	5.80047740233
106.2	5.50502378755
106.3	5.196110908366666
106.4	4.8911727978599995
106.5	4.60602264119
106.6	4.353902207343333
106.7	4.144730479
106.8	3.98459409433
106.9	3.8755052388699998
107.	3.8154346028166666
107.1	3.798609181406667
107.2	3.81604818212
107.3	3.8562960984899997
107.4	3.9063008878233334
107.5	3.9523776816566674
107.6	3.981194840956667
107.7	3.9807194744333327
107.8	3.9410635733700006
107.9	3.8551792898366664
108.	3.71936204906
108.1	3.5335324755799995
108.2	3.3012817837233333
108.3	3.029679557346667
108.4	2.7288569410133325
108.5	2.4113914409366664
108.6	2.0915311069566664
108.7	1.7843052476699999
108.8	1.5045755434466666
108.9	1.2660851225233332
109.	1.0805636552003333
109.1	0.956943756059
109.2	0.9007380772593333
109.3	0.9136176951749999
109.4	0.9932211540566667
109.5	1.133210384696333
109.6	1.323575328739
109.7	1.5511742281233332
109.8	1.8004820012459999
109.9	2.0545057650426664
110.	2.2958151988396667
110.1	2.5076268415723333
110.2	2.6748762150266665
110.3	2.7852103556686663
110.4	2.829836191222667
110.5	2.804167244135334
110.6	2.7082221378956666
110.7	2.546742800363333
110.8	2.3290173082276664
110.9	2.068410973792
111.	1.7816283405373332
111.1	1.4877469323183332
111.2	1.2070795961196668
111.3	0.9599348926143333
111.4	0.7653532247633335
111.5	0.6398995441056666
111.6	0.5965911853794333
111.7	0.6440316998543333
111.8	0.7858089377826666
111.9	1.0201988994496667
112.	1.3401971777216666
112.1	1.7338785242126664
112.2	2.1850636773499996
112.3	2.6742525848066663
112.4	3.179765911933334
112.5	3.6790234099833325
112.6	4.1498791805733335
112.7	4.571930618173333
112.8	4.927719962429999
112.9	5.203754698026667
113.	5.3912849119166655
113.1	5.4867912901033336
113.2	5.492155631943334
113.3	5.414505380786665
113.4	5.26574347543
113.5	5.06179361491
113.6	4.821607710253333
113.7	4.5659959412
113.8	4.316349731953333
113.9	4.0933336271266665
114.	3.9156232613166666
114.1	3.7987633988800003
114.2	3.75421263698
114.3	3.7886302954866666
114.4	3.9034469255100004
114.5	4.094743562443333
114.6	4.35344723925
114.7	4.665832322733333
114.8	5.014299905660001
114.9	5.378391703446667
115.	5.73598150006
115.1	6.064576871743334
115.2	6.342657239246666
115.3	6.550971624853334
115.4	6.673720989306667
115.5	6.69955565715
115.6	6.622327865313332
115.7	6.44155244915
115.8	6.16254449282
115.9	5.796220637123334
116.	5.35856974793
116.1	4.86981779912
116.2	4.353330061803334
116.3	3.8343099599400006
116.4	3.3383672530899995
116.5	2.890037653306666
116.6	2.5113408659600003
116.7	2.2204638859566668
116.8	2.030650986616666
116.9	1.9493713284066667
117.	1.9778199433366663
117.1	2.1107887963066667
117.2	2.3369227584233334
117.3	2.63935195604
117.4	2.99666854202
117.5	3.3841939897299995
117.6	3.775463999194667
117.7	4.143843334111667
117.8	4.464173423158333
117.9	4.714352063928
118.	4.876747372954333
118.1	4.939357113467667
118.2	4.896639180336333
118.3	4.749958418396666
118.4	4.507617884813333
118.5	4.1844676953499995
118.6	3.8011101587700002
118.7	3.38274441997
118.8	2.957715806813333
118.9	2.555853186966667
119.	2.206690821713333
119.1	1.9376786954633332
119.2	1.7724866880746666
119.3	1.7295031872676667
119.4	1.8206181079569999
119.5	2.0503644210413334
119.6	2.415472110413333
119.7	2.9048651241166668
119.8	3.500106683986667
119.9	4.176272688513333
120.	4.903208329396667
120.1	5.647100832486666
120.2	6.3722826889
120.3	7.043165920889999
120.4	7.626199634213333
120.5	8.091740835846666
120.6	8.415732410543333
120.7	8.581092061523332
120.8	8.578731411669999
120.9	8.408144499803331
121.	8.077528497146666
121.1	7.603425319483333
121.2	7.009899491596667
121.3	6.327293659433332
121.4	5.590627091526667
121.5	4.837723027026666
121.6	4.107166648793333
121.7	3.4362058669233333
121.8	2.8587113585933333
121.9	2.4033101192533333
122.	2.091798178176333
122.1	1.9379235105310002
122.2	1.946610266480333
122.3	2.1136712728299996
122.4	2.42602864101
122.5	2.8624337315433337
122.6	3.39464929253
122.7	3.98902995245
122.8	4.6084139819033325
122.9	5.214220758543334
123.	5.7686358299033325
123.1	6.236759688876667
123.2	6.588597775536667
123.3	6.80077778114
123.4	6.857895596003332
123.5	6.753412334936666
123.6	6.49005054495
123.7	6.079666422343333
123.8	5.542604920860001
123.9	4.906574228875666
124.	4.205103488978333
124.1	3.4756712292859993
124.2	2.7576104337346665
124.3	2.0899084842469997
124.4	1.5090257208816666
124.5	1.0468548625363332
124.6	0.728935179092
124.7	0.5730206623582332
124.8	0.5880813961154
124.9	0.7737930396753333
125.	1.1205421850209998
125.1	1.609946823554
125.2	2.2158628132173335
125.3	2.9058205910343333
125.4	3.642812847731666
125.5	4.387334717396
125.6	5.099564251063666
125.7	5.741563272871333
125.8	6.279377572003332
125.9	6.684920833643333
126.	6.937538471203332
126.1	7.025164966666665
126.2	6.945010518763333
126.3	6.703738535426667
126.4	6.317123387293333
126.5	5.8092063314099995
126.6	5.21099505351
126.7	4.55877734319
126.8	3.8921406274533332
126.9	3.25180527189
127.	2.6773898268166665
127.1	2.2052301823233336
127.2	1.8663716962656667
127.3	1.6848439322726665
127.4	1.6763122084053332
127.5	1.847179554704333
127.6	2.194188035073333
127.7	2.704541052643333
127.8	3.3565397259033327
127.9	4.120698264733333
128.	4.961277049426666
128.1	5.838149283946667
128.2	6.708898941373332
128.3	7.53103527795
128.4	8.264203177603331
128.5	8.872269357283333
128.6	9.325171976059998
128.7	9.60043501409
128.8	9.68426811529
128.9	9.57219627457
129.	9.269190399496667
129.1	8.789297802953332
129.2	8.154799438376667
129.3	7.394946547499999
129.4	6.544351866263334
129.5	5.641128370803333
129.6	4.724880790606667
129.7	3.8346611772833334
129.8	3.0069994899366668
129.9	2.274113616863333
130.	1.6623910405003333
130.1	1.1912173113426665
130.2	0.8722057243903333
130.3	0.7088593520793666
130.4	0.6966722357838666
130.5	0.8236524416743333
130.6	1.0712271507793334
130.7	1.415470157078
130.8	1.8285760887683333
130.9	2.280494121787
131.	2.740627441251
131.1	3.1795034729736664
131.2	3.5703239202166666
131.3	3.8903125905860003
131.4	4.121792315924
131.5	4.2529391534066665
131.6	4.278181520137333
131.7	4.1982328263660005
131.8	4.019767331641666
131.9	3.754769136070667
132.	3.4196022896039997
132.1	3.0338649285146664
132.2	2.619101309352333
132.3	2.197452019995333
132.4	1.7903242027523334
132.5	1.4171603180286667
132.6	1.0943760925316666
132.7	0.8345263886403332
132.8	0.6457425853119333
132.9	0.5314676375340334
133.	0.4904963574234267
133.1	0.5173097585592766
133.2	0.6026746310316433
133.3	0.7344638893961999
133.4	0.8986405442531666
133.5	1.080339090899333
133.6	1.2649731686473333
133.7	1.4392977635086668
133.8	1.5923579955906668
133.9	1.7162643917243332
134.	1.806745999251
134.1	1.8634470456433334
134.2	1.8899492166733332
134.3	1.8935190167833333
134.4	1.8845970276866666
134.5	1.8760621306300003
134.6	1.88231790513
134.7	1.9182595890140002
134.8	1.9981874951906669
134.9	2.134736173886
135.	2.337887692543
135.1	2.6141322618753335
135.2	2.965830415878333
135.3	3.39081864917
135.4	3.8822856167666666
135.5	4.428929642983333
135.6	5.015391376913333
135.7	5.6229389932
135.8	6.230368334826665
135.9	6.815067686819999
136.	7.354187156886667
136.1	7.825846434803333
136.2	8.21031231161
136.3	8.491078855236665
136.4	8.65578844097
136.5	8.696940609059999
136.6	8.612347473563332
136.7	8.405308493763332
136.8	8.084493075256667
136.9	7.663535840973333
137.	7.160365604059999
137.1	6.5963041783400005
137.2	5.994984317006666
137.3	5.381146501823334
137.4	4.779381377506667
137.5	4.2128878834000005
137.6	3.702316339476667
137.7	3.2647608988173333
137.8	2.912957136657
137.9	2.6547286036089996
138.	2.4927116376336667
138.1	2.4243714885733327
138.2	2.4423058555166666
138.3	2.534815312693333
138.4	2.686704818413333
138.5	2.8802674839633333
138.6	3.0963917888766668
138.7	3.3157270250833335
138.8	3.519839259393333
138.9	3.6922915976979995
139.	3.8195878460126664
139.1	3.891927402460333
139.2	3.9037307982983336
139.3	3.853909007525666
139.4	3.745864636073
139.5	3.587228509528
139.6	3.389350128231
139.7	3.166574126523333
139.8	2.935346522306667
139.9	2.7132035636366667
140.	2.51770191507
140.1	2.365351496473333
140.2	2.2706113995733332
140.3	2.245005062133
140.4	2.296403562232
140.5	2.428515959593333
140.6	2.6406136540700667
140.7	2.9275024549296664
140.8	3.279742224474333
140.9	3.6841003566499997
141.	4.12421272716
141.1	4.581414780109999
141.2	5.035696660196667
141.3	5.4667301790166665
141.4	5.854912181306667
141.5	6.182368649946666
141.6	6.433866596110001
141.7	6.5975862164666665
141.8	6.665713629773333
141.9	6.634824297203332
142.	6.506038470209999
142.1	6.28494212879
142.2	5.981279271749999
142.3	5.6084334863933325
142.4	5.182727854503333
142.5	4.722581872393333
142.6	4.24757165633
142.7	3.777444834996667
142.8	3.331143867883333
142.9	2.9258908809233333
143.	2.5763834461689994
143.1	2.294144195815
143.2	2.087058082084333
143.3	1.959119978556
143.4	1.910402825185333
143.5	1.9372434213343332
143.6	2.03263010562
143.7	2.1867647651733333
143.8	2.3877616633566667
143.9	2.622438110906667
144.	2.877147499236666
144.1	3.13860391794
144.2	3.3946495086800006
144.3	3.6349206512666665
144.4	3.8513766125833335
144.5	4.038663826236666
144.6	4.194299807493333
144.7	4.31867208795
144.8	4.414858726553334
144.9	4.488287230159999
145.	4.546257514013333
145.1	4.5973614058533325
145.2	4.6508358569166655
145.3	4.715889337369999
145.4	4.80104088341
145.5	4.913509080952666
145.6	5.058684178558
145.7	5.239710867068333
145.8	5.457202441767667
145.9	5.709099504260333
146.	5.990678491794
146.1	6.294707552883333
146.2	6.611739987243333
146.3	6.930528955809999
146.4	7.238541693426666
146.5	7.522547208343333
146.6	7.76924854038
146.7	7.9659291177333325
146.8	8.101082583456666
146.9	8.16499659312
147.	8.150263404506665
147.1	8.05219346534
147.2	7.86911250332
147.3	7.602527684296668
147.4	7.2571540660133325
147.5	6.8407986623633334
147.6	6.364105766069999
147.7	5.840173536403332
147.8	5.284058009043333
147.9	4.712186350906666
148.	4.141706062996667
148.1	3.589800617476666
148.2	3.07300439609
148.3	2.6065505133799998
148.4	2.20378397135
148.5	1.87566952332
148.6	1.6304186818983333
148.7	1.4732537006156665
148.8	1.4063184577057997
148.9	1.4287374766343
149.	1.5368154373456664
149.1	1.7243611205613334
149.2	1.9831124312533333
149.3	2.303233538713333
149.4	2.67385168678
149.5	3.083600126346667
149.6	3.521134950446667
149.7	3.9755972025999995
149.8	4.436997116703333
149.9	4.896504209363333
150.	5.346634558593333
150.1	5.781334306296667
150.2	6.195965586523333
150.3	6.587207170309999
150.4	6.952886730583334
150.5	7.29176453876
150.6	7.603289550636667
150.7	7.887348333393332
150.8	8.144025374109999
150.9	8.373390334683332
151.	8.575324166726666
151.1	8.749392070603331
151.2	8.894767425926666
151.3	9.010207323483334
151.4	9.094077385932998
151.5	9.144421273957999
151.6	9.159068643365668
151.7	9.135774277023332
151.8	9.072380541413333
151.9	8.96699505724
152.	8.818175379183332
152.1	8.625112420923333
152.2	8.38780425866
152.3	8.107211776896666
152.4	7.7853874253
152.5	7.425568241623332
152.6	7.032224416313333
152.7	6.611055215813332
152.8	6.168925230179999
152.9	5.713735826063333
153.	5.254229462326666
153.1	4.799728171736667
153.2	4.359811910423333
153.3	3.943947400396667
153.4	3.56108317279
153.5	3.2192313112799997
153.6	2.925060369373333
153.7	2.683526567163333
153.8	2.4975711812566663
153.9	2.3679106658966664
154.	2.2929422954033334
154.1	2.2687820313489997
154.2	2.2894431663516666
154.3	2.3471545942253327
154.4	2.432807023831333
154.5	2.5365049590976665
154.6	2.648192744393333
154.7	2.7583153296526666
154.8	2.8584694261166668
154.9	2.941998974256667
155.	3.0044906268799996
155.1	3.0441302448633327
155.2	3.06188987523
155.3	3.0615257083266667
155.4	3.0493802435333337
155.5	3.0339953392466663
155.6	3.025555945793333
155.7	3.0351961330226667
155.8	3.0742086828810002
155.9	3.1532063814503335
156.	3.2812868272969995
156.1	3.4652529457373333
156.2	3.7089385847923326
156.3	4.012682900083333
156.4	4.372989202793333
156.5	4.782394133583333
156.6	5.2295620587933325
156.7	5.699608069876666
156.8	6.174641455763333
156.9	6.634510485356667
157.	7.057719174
157.1	7.422477724966667
157.2	7.707840785843333
157.3	7.894881744436665
157.4	7.967847198556667
157.5	7.915233638809998
157.6	7.730728466176666
157.7	7.413959885133334
157.8	6.971005123533332
157.9	6.414613925333333
158.	5.7641143713666665
158.1	5.04498070987
158.2	4.288057792693333
158.3	3.5284534981673326
158.4	2.8041285748956666
158.5	2.154231860315
158.6	1.6172468288339998
158.7	1.2290317815176666
158.8	1.0208494884086665
158.9	1.0174915196146666
159.	1.235606726535
159.1	1.68234143565
159.2	2.3543902778333337
159.3	3.23754098788
159.4	4.306774249389999
159.5	5.526951535543333
159.6	6.854091243559999
159.7	8.237198060676667
159.8	9.620574635483331
159.9	10.946510706686666
160.	12.158215363833332
160.1	13.202835443183332
160.2	14.034389204243334
160.3	14.616440865760001
160.4	14.924349082460001
160.5	14.946941021876668
160.6	14.687492528576666
160.7	14.163932358976666
160.8	13.408232362256669
160.9	12.464993025950001
161.	11.389281937166666
161.1	10.243828337596664
161.2	9.09571713191
161.3	8.012757902739999
161.4	7.05972669953
161.5	6.294689284093334
161.6	5.765613552843666
161.7	5.507466163284333
161.8	5.539964801950667
161.9	5.866124461556667
162.	6.471695426009999
162.1	7.325544593566666
162.2	8.380982693850001
162.3	9.57799030905
162.4	10.846247786933333
162.5	12.10883036537
162.6	13.286392135783332
162.7	14.301632603626667
162.8	15.0838189908
162.9	15.573127160056666
163.	15.724564845723332
163.1	15.511253071626665
163.2	14.92686512735333
163.3	13.987056711426668
163.4	12.729764823973333
163.5	11.21430521427
163.6	9.519256704426667
163.7	7.739183124209999
163.8	5.980307113706667
163.9	4.355311595956667
164.	2.977501004793333
164.1	1.9546020582533334
164.2	1.3825198038813333
164.3	1.339385968375333
164.4	1.8802410005866665
164.5	3.0326770169199997
164.6	4.793735488276667
164.7	7.128301367159999
164.8	9.96916603611
164.9	13.21884775487
165.	16.753164123946668
165.1	20.42645138614
165.2	24.078225823476664
165.3	27.540989171106663
165.4	30.648798991169997
165.5	33.24616207653333
165.6	35.196769100270004
165.7	36.39157559175
165.8	36.75575002827
165.9	36.25405472555
166.	34.89429768518333
166.1	32.72859021703666
166.2	29.8522607682
166.3	26.400403511156668
166.4	22.542173309796667
166.5	18.473068779543333
166.6	14.405564397166666
166.7	10.558553733103333
166.8	7.146142690829999
166.9	4.366379437856667
167.	2.3905235483266667
167.1	1.3534396939563333
167.2	1.3456518785066667
167.3	2.407515378153333
167.4	4.525859477235666
167.5	7.633330320013666
167.6	11.610526216807665
167.7	16.290874592700334
167.8	21.468057685142668
167.9	26.90566015374333
168.	32.348592553342996
168.1	37.535745980445
168.2	42.21326000102666
168.3	46.14774193091
168.4	49.138763109593334
168.5	51.02997809391667
168.6	51.71826538777667
168.7	51.16037169428
168.8	49.376652670246656
168.9	46.451637378306664
169.	42.53129549643333
169.1	37.817049310979996
169.2	32.55673915849333
169.3	27.03291342
169.4	21.548964218643334
169.5	16.413759649863334
169.6	11.925525151643331
169.7	8.355793940569999
169.8	5.934274036583333
169.9	4.8354637340533335
170.	5.167786943276666
170.1	6.965915429643333
170.2	10.186799863306664
170.3	14.709751500949999
170.4	20.340709341563333
170.5	26.820603900296664
170.6	33.837500122739996
170.7	41.041981242543336
170.8	48.06503570521666
170.9	54.53754326784
171.	60.110335322156665
171.1	64.47373751140333
171.2	67.37549602761666
171.3	68.63604538819666
171.4	68.16019394681999
171.5	65.94447894260666
171.6	62.07966683770999
171.7	56.74813506514
171.8	50.216153499066664
171.9	42.82137172409
172.	34.95609459117
172.1	27.047177130383332
172.2	19.533575695966665
172.3	12.842742752456665
172.4	7.367138781833334
172.5	3.44215094415
172.6	1.3266530589466665
172.7	1.1873179389283333
172.8	3.0876077040099994
172.9	6.98213039599
173.	12.71677466025
173.1	20.03473304724
173.2	28.588214284099994
173.3	37.95534159032333
173.4	47.66145312522667
173.5	57.203776058563335
173.6	66.07824977108666
173.7	73.80713620463334
173.8	79.96598353391666
173.9	84.20850734266666
174.	86.28802248626666
174.1	86.07419685191333
174.2	83.56410028162333
174.3	78.88678020818334
174.4	72.30089956289
174.5	64.18530958743332
174.6	55.02278565531666
174.7	45.37751218946
174.8	35.86724638994333
174.9	27.13140289787666
175.	19.79656623196
175.1	14.441139749216667
175.2	11.56096587563
175.3	11.537792115173332
175.4	14.612404060783334
175.5	20.864097592953332
175.6	30.19791954858667
175.7	42.34077617064333
175.8	56.847103363533336
175.9	73.11432872749666
176.	90.40785334641998
176.1	107.89476573261334
176.2	124.68499788724998
176.3	139.87817201871667
176.4	152.61399336282335
176.5	162.1237450520833
176.6	167.78025643949331
176.7	169.14366279594665
176.8	166.00036117444665
176.9	158.3927961690233
177.	146.63807375917
177.1	131.33388677550664
177.2	113.35081937483332
177.3	93.81075157416332
177.4	74.05177453489
177.5	55.580716410099996
177.6	40.01502971251333
177.7	29.01636868208
177.8	24.218657051906664
177.9	27.153786769200003
178.	39.178277792206664
178.1	61.404257554640004
178.2	94.63798445337332
178.3	139.32884988217666
178.4	195.53136313944665
178.5	262.8820751471966
178.6	340.59275803957667
178.7	427.4604596928
178.8	521.8943285425066
178.9	621.9583879989699
179.	725.4287633235933
179.1	829.8632558187933
179.2	932.6806444045633
179.3	1031.2466928426134
179.4	1122.9635661259633
179.5	1205.3592206027768
179.6	1276.1733319391801
179.7	1333.4364604115033
179.8	1375.5394167136467
179.9	1401.29017149024
180.	1409.95613205481