# O+CO(0,0) elastic diff. cross section
# E = 0.0085 eV
# angle, CS (1e-16 cm^2)
0.1	218685.79526009999
0.2	214105.37319226668
0.3	206667.06889813335
0.4	196652.74072156666
0.5	184434.3782831
0.6	170453.4429753333
0.7	155196.9107807333
0.8	139171.6674735333
0.9	122878.97110486666
1.	106790.62595786668
1.1	91328.31621753333
1.2	76847.24751436667
1.3	63624.86984623333
1.4	51855.04113216666
1.5	41647.5736843
1.6	33032.72133646667
1.7	25969.84319413333
1.8	20359.243737066667
1.9	16056.0519609
2.	12884.968087433332
2.1	10654.769253903332
2.2	9171.611319196665
2.3	8250.371980773332
2.4	7723.526413403333
2.5	7447.305080873333
2.6	7305.130107886667
2.7	7208.54111856
2.8	7095.988519113333
2.9	6929.9828174233335
3.	6693.1401793800005
3.1	6383.660457909999
3.2	6010.722781189999
3.3	5590.19734359
3.4	5140.9640516
3.5	4682.013082116666
3.6	4230.39187143
3.7	3799.967791006666
3.8	3400.902812156666
3.9	3039.6893589033325
4.	2719.5754799533333
4.1	2441.209744093333
4.2	2203.35705436
4.3	2003.569811613
4.4	1838.7381126219998
4.5	1705.4819731096668
4.6	1600.3830429666668
4.7	1520.079546143
4.8	1461.2645072159999
4.9	1420.6335903899999
5.	1394.826285120333
5.1	1380.3948951103332
5.2	1373.8225082973333
5.3	1371.5966038116667
5.4	1370.3316396373332
5.5	1366.9237263666666
5.6	1358.7144441326668
5.7	1343.6393338416665
5.8	1320.3392150006666
5.9	1288.21832653
6.	1247.4410923526666
6.1	1198.8677069426667
6.2	1143.936440813
6.3	1084.5065676933332
6.4	1022.6794676503333
6.5	960.6165266466667
6.6	900.3710830403334
6.7	843.7483317403332
6.8	792.202463752
6.9	746.7751593866666
7.	708.074606783
7.1	676.2900985803333
7.2	651.2343890120001
7.3	632.4045661843334
7.4	619.052179518
7.5	610.2545381033333
7.6	604.9811031840001
7.7	602.1513087616665
7.8	600.682529329
7.9	599.5289053933333
8.	597.7130748393333
8.1	594.3534141783334
8.2	588.6891796113333
8.3	580.1050887663332
8.4	568.1556273626666
8.5	552.587980124
8.6	533.361255975
8.7	510.65885104866663
8.8	484.8905424496666
8.9	456.68130904633335
9.	426.84490511599995
9.1	396.34174302499997
9.2	366.222468082
9.3	337.5604793128333
9.4	311.3782987872333
9.5	288.5738779856666
9.6	269.8534684861333
9.7	255.67747431106665
9.8	246.22473872453332
9.9	241.37909056026666
10.	240.73986100466666
10.1	243.65572099323333
10.2	249.27885424836668
10.3	256.63444205276664
10.4	264.6989281544
10.5	272.4797265459666
10.6	279.0890174827666
10.7	283.8050401078
10.8	286.1157342478666
10.9	285.7415323097667
11.	282.63632344576666
11.1	276.96784985556667
11.2	269.0807994078
11.3	259.44741626353334
11.4	248.61140914723333
11.5	237.13121908776662
11.6	225.52832093306665
11.7	214.24525936679998
11.8	203.6167075617
11.9	193.8551743169333
12.	185.05127963173334
12.1	177.1869661146333
12.2	170.1587789144
12.3	163.80754430083334
12.4	157.95046052666666
12.5	152.41177565573332
12.6	147.04880093406666
12.7	141.77088671706667
12.8	136.55003639083333
12.9	131.42291049003333
13.	126.48494808929999
13.1	121.8781019435
13.2	117.77418146156666
13.3	114.35599888686666
13.4	111.79843511493331
13.5	110.25123233456665
13.6	109.82485468963333
13.7	110.58021986796666
13.8	112.52257643703334
13.9	115.59935339093335
14.	119.70148771886666
14.1	124.6675650221
14.2	130.29008325483332
14.3	136.32324366116666
14.4	142.49184278026667
14.5	148.50103373443332
14.6	154.0468934569333
14.7	158.82783337623334
14.8	162.5568978762
14.9	164.97489976283333
15.	165.86415678293332
15.1	165.06234703443334
15.2	162.4757358123333
15.3	158.0907903626
15.4	151.98303984263333
15.5	144.32199542793333
15.6	135.37104625423333
15.7	125.48149911139998
15.8	115.08032224016667
15.9	104.65165569386666
16.	94.71271598476666
16.1	85.785293403
16.2	78.36455423579999
16.3	72.887257361
16.4	69.70172514626665
16.5	69.04193768416667
16.6	71.00793244032333
16.7	75.55429596859332
16.8	82.48795991817667
16.9	91.47580881814334
17.	102.06183532452333
17.1	113.69281076852333
17.2	125.75074674765
17.3	137.58987179911
17.4	148.57548707464997
17.5	158.12192847075335
17.6	165.72695999074665
17.7	171.0002414714333
17.8	173.68401937469332
17.9	173.66483130146665
18.	170.9757310204
18.1	165.7892645187
18.2	158.4020947212
18.3	149.21272810583332
18.4	138.69419956743334
18.5	127.36379926206666
18.6	115.75197212020001
18.7	104.3724002935
18.8	93.69501866936665
18.9	84.12335191113333
19.	75.97714138183332
19.1	69.48079500956666
19.2	64.75778082389999
19.3	61.8307254277
19.4	60.626691278333325
19.5	60.9868995324
19.6	62.68003643109999
19.7	65.4182209836
19.8	68.87470536173333
19.9	72.70241061303332
20.	76.55245400663333
20.1	80.09188917506667
20.2	83.01994969976667
20.3	85.08215969466667
20.4	86.08175432099998
20.5	85.88794494893332
20.6	84.44067444906666
20.7	81.75164300339999
20.8	77.90154560516666
20.9	73.03364623236666
21.	67.34401251119999
21.1	61.06893580853333
21.2	54.47024890716666
21.3	47.819408923033336
21.4	41.38131968136666
21.5	35.398911209143336
21.6	30.079464940826668
21.7	25.58356891546
21.8	22.017411989126664
21.9	19.428891425266663
22.	17.80773188028
22.1	17.08951809891
22.2	17.16325336763333
22.3	17.88179575097
22.4	19.074316756709997
22.5	20.559790132556664
22.6	22.160463448406666
22.7	23.714296030916664
22.8	25.08545999652
22.9	26.17218557245667
23.	26.911470374943335
23.1	27.28044310848
23.2	27.294451113163333
23.3	27.002204061386664
23.4	26.478530749466664
23.5	25.815474351866662
23.6	25.112551374266662
23.7	24.4670252026
23.8	23.964997866599994
23.9	23.674011259299995
24.	23.637684922599995
24.1	23.87271897226666
24.2	24.368377234133334
24.3	25.0883567486
24.4	25.974763206599995
24.5	26.953761904333334
24.6	27.942370161766664
24.7	28.855804369599998
24.8	29.6147923001
24.9	30.152303866833336
25.	30.419232477766663
25.1	30.388663677233332
25.2	30.058486426299996
25.3	29.452224304033336
25.4	28.618080101799997
25.5	27.626291171566667
25.6	26.564980666766665
25.7	25.5347601717
25.8	24.642392811666667
25.9	23.993864544856667
26.	23.687236975726666
26.1	23.805669161893334
26.2	24.410998851549998
26.3	25.538264396809996
26.4	27.191525083543333
26.5	29.34129699358333
26.6	31.923861089429998
26.7	34.842618345009996
26.8	37.97156368290666
26.9	41.16082901650333
27.	44.2441115078
27.1	47.04766465799333
27.2	49.40039769250333
27.3	51.14451476396
27.4	52.146041674840006
27.5	52.30454462829333
27.6	51.561350737383336
27.7	49.90563762580667
27.8	47.377868817726664
27.9	44.0702072485
28.	40.12373116074666
28.1	35.72249100975999
28.2	31.084666432553334
28.3	26.451291343623332
28.4	22.073195882603333
28.5	18.196951442516667
28.6	15.050688036739999
28.7	12.830674985213335
28.8	11.689514551803331
28.9	11.72669710708
29.	12.982113729219998
29.1	15.432929898783332
29.2	18.99400689473
29.3	23.521831894343336
29.4	28.82169992146
29.5	34.657695693899996
29.6	40.764863712056666
29.7	46.862839938440004
29.8	52.67015367476667
29.9	57.91839529152999
30.	62.36548204828334
30.1	65.80733474968332
30.2	68.08739422947
30.3	69.10354867227
30.4	68.81219986234666
30.5	67.22935798193
30.6	64.42881085265999
30.7	60.53755643177665
30.8	55.72881071858666
30.9	50.213002884160005
31.	44.22724337723333
31.1	38.02379856939
31.2	31.858128230503333
31.3	25.977041580446667
31.4	20.607506077446665
31.5	15.946602754063331
31.6	12.153064811276666
31.7	9.340764101043332
31.8	7.5744246357466665
31.9	6.867745007903332
32.	7.18400461934
32.1	8.43911467534
32.2	10.506957774553332
32.3	13.226744515103334
32.4	16.412007805833333
32.5	19.86076223335
32.6	23.366283860956663
32.7	26.72792176351
32.8	29.76134178004333
32.9	32.30762878672
33.	34.240737065266664
33.1	35.47287686766333
33.2	35.95755374209
33.3	35.690127366426665
33.4	34.70591798830333
33.5	33.07604907654333
33.6	30.901362027553333
33.7	28.304861107353332
33.8	25.423234501456665
33.9	22.398043534899998
34.	19.36717350442
34.1	16.457096722893333
34.2	13.776415716673334
34.3	11.411039808606667
34.4	9.421211912823333
34.5	7.840456151156666
34.6	6.676373167886666
34.7	5.913080291375666
34.8	5.514987715877333
34.9	5.431526798935
35.	5.602406451655999
35.1	5.962969223149999
35.2	6.4492477224524665
35.3	7.0023794798674
35.4	7.572117223729667
35.5	8.1192636286944
35.6	8.616956312803666
35.7	9.050822102734333
35.8	9.418102350937
35.9	9.725918003720667
36.	9.988890734201666
36.1	10.226363318236666
36.2	10.459468962776667
36.3	10.708287510083332
36.4	10.989299523453333
36.5	11.313311119359998
36.6	11.683977194286665
36.7	12.097002366543332
36.8	12.540050956013333
36.9	12.993352361373333
37.	13.430948123576666
37.1	13.822492845946666
37.2	14.135493360289999
37.3	14.337849013936665
37.4	14.400540420466665
37.5	14.300304212763331
37.6	14.022127217166664
37.7	13.561395323013333
37.8	12.925540758893334
37.9	12.13504734344
38.	11.2236974051
38.1	10.237977054673333
38.2	9.235598388043332
38.3	8.283147194723334
38.4	7.452921019216667
38.5	6.819082017576666
38.6	6.453307978613333
38.7	6.420178349933334
38.8	6.772574928936665
38.9	7.547403981243333
39.	8.761953570953333
39.1	10.41118377128
39.2	12.466206905223332
39.3	14.874150946836668
39.4	17.559514885859997
39.5	20.42702561087
39.6	23.365898915943333
39.7	26.255301044663327
39.8	28.97071068974333
39.9	31.390803128576664
40.	33.40442550992666
40.1	34.91721053822
40.2	35.857387658136666
40.3	36.180396164996665
40.4	35.871980333383334
40.5	34.94954690122
40.6	33.46168213046666
40.7	31.48584989179333
40.8	29.12441394598
40.9	26.49923738939667
41.	23.74520189563666
41.1	21.003052656076665
41.2	18.412007969873333
41.3	16.102574060726667
41.4	14.189977336273333
41.5	12.768571701153334
41.6	11.907503289206666
41.7	11.647825894113332
41.8	12.00116480072
41.9	12.949931824043333
42.	14.44900658312
42.1	16.428723565509998
42.2	18.798945040226666
42.3	21.453958360396662
42.4	24.277913058449997
42.5	27.150507377713332
42.6	29.952643406873335
42.7	32.57179198662
42.8	34.90683992016333
42.9	36.87222967296999
43.	38.401242965036666
43.1	39.448322266793326
43.2	39.990366648523334
43.3	40.02697977066333
43.4	39.57968757867333
43.5	38.69018132305666
43.6	37.417677799606665
43.7	35.83552293974
43.8	34.02719652904666
43.9	32.081903880969996
44.	30.089963254336666
44.1	28.138213836256668
44.2	26.30567616535
44.3	24.65969297974333
44.4	23.252762060636663
44.5	22.120242849233335
44.6	21.279075576473332
44.7	20.727596690696664
44.8	20.446470101956663
44.9	20.400683976426667
45.	20.542492282559998
45.1	20.815114383833333
45.2	21.156950191976666
45.3	21.506027826546664
45.4	21.804379505296666
45.5	22.002042212886664
45.6	22.060403461983334
45.7	21.95465808637666
45.8	21.675206418496664
45.9	21.227902565449998
46.	20.633147612113333
46.1	19.923909431133332
46.2	19.14283120748
46.3	18.338658135310002
46.4	17.56226051492333
46.5	16.862557816846667
46.6	16.28265034344
46.7	15.856443195829998
46.8	15.606003713739998
46.9	15.539832546666668
47.	15.652155552729997
47.1	15.92326511048
47.2	16.320861669569997
47.3	16.802275558636666
47.4	17.317390381733333
47.5	17.812046629176663
47.6	18.231679677866666
47.7	18.52494080598
47.8	18.647062262493332
47.9	18.562755546416664
48.	18.24847257399
48.1	17.69390842912
48.2	16.902677756019997
48.3	15.892150565609999
48.4	14.692483754936664
48.5	13.344929129266664
48.6	11.899535142243332
48.7	10.412386743593332
48.8	8.942545250293332
48.9	7.548858298273334
49.	6.286809444506667
49.1	5.205568927596667
49.2	4.345392644133334
49.3	3.7354967221899997
49.4	3.39251121773
49.5	3.319589315136666
49.6	3.506218721123333
49.7	3.928750360973333
49.8	4.551626681479999
49.9	5.329258610850999
50.	6.208467499578667
50.1	7.1313774088286666
50.2	8.038615440579333
50.3	8.872655159969334
50.4	9.581122402989665
50.5	10.119875692036333
50.6	10.455676642159
50.7	10.568280174574333
50.8	10.451800411098333
50.9	10.115245269990332
51.	9.582159523623332
51.1	8.889369931536667
51.2	8.084883690953333
51.3	7.225048849896667
51.4	6.371138165146665
51.5	5.585561843783333
51.6	4.92794580804
51.7	4.451327525286667
51.8	4.198719172626666
51.9	4.200267492569999
52.	4.471202190476667
52.1	5.0107126536
52.2	5.801829950449999
52.3	6.81232228473
52.4	7.996542661953333
52.5	9.298102878473333
52.6	10.653193039486666
52.7	11.994324764999998
52.8	13.254251936443334
52.9	14.369816708213332
53.	15.285480449296665
53.1	15.956327714913332
53.2	16.350373429223332
53.3	16.45005538396
53.4	16.25285155785
53.5	15.771020117206664
53.6	15.03051500031
53.7	14.069178049966666
53.8	12.934346922073333
53.9	11.680044669526666
54.	10.363931229753332
54.1	9.044199290869999
54.2	7.776588267726667
54.3	6.6116721356133334
54.4	5.592551776073333
54.5	4.753052592673333
54.6	4.116495684689999
54.7	3.6950778323399995
54.8	3.4898636064499997
54.9	3.4913633303399996
55.	3.680644265413333
55.1	4.030899804736666
55.2	4.5093829329799995
55.3	5.079595896519999
55.4	5.7036180233266665
55.5	6.344448064396666
55.6	6.968236488373333
55.7	7.546287104046666
55.8	8.056716489941
55.9	8.48567419604
56.	8.828046608269332
56.1	9.087592516987998
56.2	9.276488211445333
56.3	9.414293289350333
56.4	9.526383794317333
56.5	9.641934797954665
56.6	9.791567782822334
56.7	10.004806619571333
56.8	10.307507022960666
56.9	10.719435828681
57.	11.25217646850233
57.1	11.907524577981665
57.2	12.676512632877
57.3	13.539165782271333
57.4	14.465044610706665
57.5	15.414577363137997
57.6	16.341127936235665
57.7	17.19369090719
57.8	17.920055407166664
57.9	18.470239876519997
58.	18.799973154826667
58.1	18.87398648087333
58.2	18.668887085869997
58.3	18.175407061633333
58.4	17.399859569993332
58.5	16.364685444436667
58.6	15.108032986526668
58.7	13.682377735853333
58.8	12.152252350009999
58.9	10.591214749426666
59.	9.078231173266666
59.1	7.693686443226666
59.2	6.515254363093334
59.3	5.613865874956666
59.4	5.0500017131099995
59.5	4.870511379969999
59.6	5.106123817303333
59.7	5.76977034701
59.8	6.855790860073332
59.9	8.34004342556
60.	10.18088880153
60.1	12.320977574863335
60.2	14.689730990323334
60.3	17.206378338166665
60.4	19.783394690963334
60.5	22.33017275468
60.6	24.756761009263332
60.7	26.977506140236663
60.8	28.914449753146663
60.9	30.500346204466666
61.	31.681188822693333
61.1	32.418154748806664
61.2	32.68890321244667
61.3	32.488187610016666
61.4	31.827767758219995
61.5	30.735634754863334
61.6	29.254586592773336
61.7	27.440217579626665
61.8	25.35840811227
61.9	23.082422659113334
62.	20.68974196990333
62.1	18.258769467069996
62.2	15.865560354756663
62.3	13.580724139116668
62.4	11.466646144196666
62.5	9.575160718229998
62.6	7.945788138133334
62.7	6.604619273729999
62.8	5.5638980305063335
62.9	4.822313210021333
63.	4.365970981773334
63.1	4.169979294480666
63.2	4.200539076297333
63.3	4.417406721261667
63.4	4.776570549305333
63.5	5.232972514414
63.6	5.7431065155343335
63.7	6.267336435167332
63.8	6.771799743383999
63.9	7.229794490540667
64.	7.622586320446333
64.1	7.9396147310566665
64.2	8.178120842244333
64.3	8.342259035174665
64.4	8.441788930069999
64.5	8.490469751056
64.6	8.504294451052333
64.7	8.499705214195
64.8	8.491925255892
64.9	8.493525253575
65.	8.513318096816334
65.1	8.555645353838667
65.2	8.620085647030665
65.3	8.701581821178
65.4	8.790952982724335
65.5	8.875731395091998
65.6	8.941244471321
65.7	8.971849681564667
65.8	8.952225382736334
65.9	8.868623026460666
66.	8.7099950211
66.1	8.468926426946666
66.2	8.142316125743333
66.3	7.731772530116666
66.4	7.243708757793334
66.5	6.689141160686667
66.6	6.083212101856667
66.7	5.444472168743333
66.8	4.7939681571533335
66.9	4.15419100127
67.	3.5479424321666664
67.1	2.997180747423333
67.2	2.5219049903333333
67.3	2.1391334151866666
67.4	1.8620266858033334
67.5	1.6991991032073335
67.6	1.6542525182536665
67.7	1.7255576533766668
67.8	1.9062965220710002
67.9	2.184767714181333
68.	2.544943795743
68.1	2.9672573437386665
68.2	3.4295797069576666
68.3	3.908345082844
68.4	4.379762650176
68.5	4.821052068614
68.6	5.211633399638666
68.7	5.534202066156999
68.8	5.775623307911333
68.9	5.927588892533
69.	5.986991457445666
69.1	5.9559882592883335
69.2	5.841745398223001
69.3	5.655874525422
69.4	5.413595145467999
69.5	5.132675258941333
69.6	4.832219630150666
69.7	4.531386940993333
69.8	4.248123347829333
69.9	3.997999769772333
70.	3.793233418759
70.1	3.6419610095783335
70.2	3.5478127061526665
70.3	3.509813591447333
70.4	3.522615082
70.5	3.5770342322166666
70.6	3.6608562923933334
70.7	3.7598370294366665
70.8	3.85882768026
70.9	3.942937998163333
71.	3.9986521251999996
71.1	4.0148178443399996
71.2	3.9834414447899995
71.3	3.900236813856667
71.4	3.764896948883333
71.5	3.5810771766466667
71.6	3.3561002632866668
71.7	3.10041271465
71.8	2.8268375821266667
71.9	2.549681032893333
72.	2.2837572489466664
72.1	2.043398729113333
72.2	1.8415170015253333
72.3	1.688772642934333
72.4	1.5929041046199999
72.5	1.5582530541146666
72.6	1.5855106922983335
72.7	1.6716956929826667
72.8	1.8103608374799998
72.9	1.9920127457733332
73.	2.2047178549166664
73.1	2.4348583369499996
73.2	2.66799422866
73.3	2.88978281376
73.4	3.0869033335566667
73.5	3.2479344425866667
73.6	3.3641334794699995
73.7	3.430070577533333
73.8	3.444076851926667
73.9	3.408474278944333
74.	3.329565266953667
74.1	3.2173720424256667
74.2	3.085129450471
74.3	2.948549065770667
74.4	2.8248869512
74.5	2.731861181356333
74.6	2.686477465745
74.7	2.7038309188953336
74.8	2.7959583207759993
74.9	2.970817293305
75.	3.231466093462333
75.1	3.5755098823589995
75.2	3.994866420474333
75.3	4.475886609589667
75.4	4.999844011085
75.5	5.543783661730332
75.6	6.081695744928333
75.7	6.585955727870665
75.8	7.028951297811
75.9	7.384799586370333
76.	7.6310472930549995
76.1	7.750242538374334
76.2	7.731271215364999
76.3	7.5703622902603325
76.4	7.271685326175666
76.5	6.847488272284334
76.6	6.317752568563
76.7	5.7093737855486655
76.8	5.054907068574
76.9	4.3909453091029995
77.	3.756222126611
77.1	3.189549689912667
77.2	2.7277119224530004
77.3	2.4034361009766667
77.4	2.2435602880633336
77.5	2.267501056193333
77.6	2.486106712973333
77.7	2.90095727719
77.8	3.504145590063333
77.9	4.278546071796666
78.	5.198550579446666
78.1	6.231226210766666
78.2	7.337829042709999
78.3	8.47559162594
78.4	9.599691113693332
78.5	10.665299326856667
78.6	11.629615656466669
78.7	12.453788013426667
78.8	13.104635401463334
78.9	13.556097354493334
79.	13.7903496568
79.1	13.798541691570001
79.2	13.581127746173333
79.3	13.147782035203335
79.4	12.516904551093333
79.5	11.714741662373331
79.6	10.77416122354
79.7	9.733136432199998
79.8	8.63300534355
79.9	7.516583385006667
80.	6.426213932569999
80.1	5.401846540173333
80.2	4.47923330617
80.3	3.6883307436166666
80.4	3.0519871568166668
80.5	2.5849838626299997
80.6	2.293482828006667
80.7	2.1749138981166665
80.8	2.2183125366923333
80.9	2.405094954675
81.	2.7102329755239998
81.1	3.1037674670189994
81.2	3.552578228436
81.3	4.022311389952333
81.4	4.479354019970333
81.5	4.8927408090123325
81.6	5.235880060373667
81.7	5.487995920116333
81.8	5.635200435441666
81.9	5.6711317012213325
82.	5.597121606671
82.1	5.421886697292999
82.2	5.160766319384
82.3	4.834561334365667
82.4	4.4680521695263336
82.5	4.088294975938333
82.6	3.7228077746849992
82.7	3.397763813357
82.8	3.1363066533673334
82.9	2.9570911250366665
83.	2.873137154273
83.1	2.8910610087193334
83.2	3.0107225097336667
83.3	3.225299179875
83.4	3.5217711361190003
83.5	3.881775646428
83.6	4.28276920962
83.7	4.699418973963667
83.8	5.105135006046666
83.9	5.473650613603334
84.	5.780559428143333
84.1	6.004724688596665
84.2	6.12948727325
84.3	6.143613436726666
84.4	6.041939778336666
84.5	5.8256905583466665
84.6	5.502460048723333
84.7	5.085869264343333
84.8	4.5949214672566665
84.9	4.053093770259999
85.	3.4872126699333332
85.1	2.9261692614499997
85.2	2.39953520294
85.3	1.9361432616199998
85.4	1.56269659987
85.5	1.3024689748303333
85.6	1.174153864682
85.7	1.1909143290676667
85.8	1.3596772974229998
85.9	1.6807061136766666
86.	2.1474737521966665
86.1	2.7468464283066667
86.2	3.45957372053
86.3	4.261067268143333
86.4	5.122436181596667
86.5	6.011734172753333
86.6	6.895361809126666
86.7	7.7395579714233325
86.8	8.511908259756666
86.9	9.182795355389999
87.	9.726717638383334
87.1	10.123407885958333
87.2	10.358693557106665
87.3	10.425053618564
87.4	10.321843402436333
87.5	10.055177640512666
87.6	9.637481421587333
87.7	9.086738055509333
87.8	8.425480368778
87.9	7.679586550348667
88.	6.876952255405998
88.1	6.046116499149332
88.2	5.214919524798999
88.3	4.4092663162123324
88.4	3.6520601514116664
88.5	2.962357337777333
88.6	2.3547781092086666
88.7	1.839190885341
88.8	1.420669056256
88.9	1.0997025017583333
89.	0.8726313675446666
89.1	0.7322581465853333
89.2	0.6685864858833332
89.3	0.669631640894
89.4	0.7222480693659998
89.5	0.8129239107493333
89.6	0.9284993945653333
89.7	1.0567757363783334
89.8	1.1869918916829998
89.9	1.3101577162623332
90.	1.419242766616
90.1	1.509229440444
90.2	1.5770468586666664
90.3	1.6214074820693334
90.4	1.6425717982776664
90.5	1.642067556057
90.6	1.6223891721776669
90.7	1.5867004180479998
90.8	1.5385597131486666
90.9	1.4816827474266667
91.	1.41975215841
91.1	1.3562789967366666
91.2	1.2945160628933332
91.3	1.237419149869
91.4	1.1876489631276668
91.5	1.1476041148463332
91.6	1.1194741361476666
91.7	1.10530089446
91.8	1.1070370731783
91.9	1.1265913686421665
92.	1.1658516699830335
92.1	1.2266795895073335
92.2	1.3108721856886665
92.3	1.4200894514563331
92.4	1.5557490139183332
92.5	1.7188923934766667
92.6	1.91002997768
92.7	2.1289744433599997
92.8	2.37467455898
92.9	2.645062952903333
93.	2.9369323707233335
93.1	3.24585500077
93.2	3.56615848083
93.3	3.8909701184933327
93.4	4.212337640233333
93.5	4.521430499193333
93.6	4.8088205937233335
93.7	5.064835459963333
93.8	5.279970985493334
93.9	5.445344910423334
94.	5.5531673348599995
94.1	5.597200647489999
94.2	5.573179166376666
94.3	5.479158693446665
94.4	5.31576831512
94.5	5.0863411549699995
94.6	4.796907211196666
94.7	4.4560395241399995
94.8	4.07455416881
94.9	3.665074292743333
95.	3.24147788228
95.1	2.8182574043799997
95.2	2.4098262630466665
95.3	2.029811579583333
95.4	1.6903747774899998
95.5	1.4016006535833334
95.6	1.1709920873186666
95.7	1.0031015307773332
95.8	0.8993223585363334
95.9	0.8578536083436666
96.	0.873841264298
96.1	0.9396887146546666
96.2	1.0455190280293332
96.3	1.1797628433383331
96.4	1.3298384677286665
96.5	1.4828856061823334
96.6	1.6265112492979998
96.7	1.7495057244369998
96.8	1.842488735541
96.9	1.8984492224309997
97.	1.913148799297333
97.1	1.8853660374456667
97.2	1.8169675279936666
97.3	1.7128010413466666
97.4	1.5804157149590001
97.5	1.4296235693423331
97.6	1.2719253103326666
97.7	1.1198308953903333
97.8	0.9861113454036667
97.9	0.8830224620559999
98.	0.8215432362633333
98.1	0.8106716689376667
98.2	0.856818435212
98.3	0.9633343745890001
98.4	1.130201352466
98.5	1.35390788338
98.6	1.627521394243333
98.7	1.9409585766033333
98.8	2.2814444351966667
98.9	2.6341399333966664
99.	2.982908135633333
99.1	3.311180019106666
99.2	3.602874206756667
99.3	3.84332023235
99.4	4.0201329638
99.5	4.12398673459
99.6	4.149241664433333
99.7	4.094381514129999
99.8	3.962231956246666
99.9	3.7599399042700004
100.	3.4987079114833333
100.1	3.1932918638866665
100.2	2.8612843887799997
100.3	2.522219677493333
100.4	2.196546892913333
100.5	1.9045282034133333
100.6	1.665123109721
100.7	1.4949226712653332
100.8	1.4071953007577664
100.9	1.4111000534936669
101.	1.511114127605333
101.1	1.7067091912366665
101.2	1.9922969345366666
101.3	2.3574488191233334
101.4	2.787379340436667
101.5	3.2636672004666663
101.6	3.76517550422
101.7	4.2691212040533335
101.8	4.752236103456665
101.9	5.1919571690433335
102.	5.5675828441799995
102.1	5.861334454373332
102.2	6.059267398466666
102.3	6.1519852274166675
102.4	6.135120393259999
102.5	6.009557793756667
102.6	5.781390582749999
102.7	5.461611387216667
102.8	5.0655554117533335
102.9	4.61212430128
103.	4.122830511826667
103.1	3.620710824503333
103.2	3.1291641335600002
103.3	2.670772451313333
103.4	2.266165019073333
103.5	1.9329834317466665
103.6	1.6850008382
103.7	1.53144076431
103.8	1.4765312397133332
103.9	1.5193181325433334
104.	1.6537484525733332
104.1	1.8690204997166664
104.2	2.150183798376333
104.3	2.4789584804023335
104.4	2.834731864330333
104.5	3.195680084765333
104.6	3.5399553305016664
104.7	3.8468750135020002
104.8	4.098048328098
104.9	4.278378312627666
105.	4.376883649222333
105.1	4.387293788141333
105.2	4.308383126239667
105.3	4.144024285150667
105.4	3.902956257747667
105.5	3.5982794300493333
105.6	3.246705291941667
105.7	2.8676030543639994
105.8	2.4818974895806667
105.9	2.110881304068333
106.	1.7750106270683332
106.1	1.4927533589086663
106.2	1.2795570443453332
106.3	1.1469957705106666
106.4	1.1021447677579999
106.5	1.14721759737
106.6	1.27948493305
106.7	1.4914770136733333
106.8	1.7714549619033333
106.9	2.1041204088566663
107.	2.4715192273133333
107.1	2.8540844776633336
107.2	3.2317565131466663
107.3	3.5851149203866663
107.4	3.8964576624599996
107.5	4.150767259989999
107.6	4.3365116726899995
107.7	4.446238123366666
107.8	4.476930698666666
107.9	4.430116352913332
108.	4.311718103626666
108.1	4.131667947583333
108.2	3.9033046317299993
108.3	3.642592282506666
108.4	3.3672045592599997
108.5	3.09552512232
108.6	2.8456186029333335
108.7	2.6342268741433332
108.8	2.4758433144303336
108.9	2.3819131061953334
109.	2.360200691362
109.1	2.4143566722146668
109.2	2.543706122465
109.3	2.7432689406999993
109.4	3.004011056276667
109.5	3.31331352848
109.6	3.6556354102833333
109.7	4.0133362081233335
109.8	4.36761534934
109.9	4.699519699746666
110.	4.990966200303333
110.1	5.225725359429999
110.2	5.390312769633334
110.3	5.474740009153333
110.4	5.473083098733333
110.5	5.383835831213333
110.6	5.210026368676667
110.7	4.959087982083333
110.8	4.64248806863
110.9	4.2751329300766665
111.	3.874578499863333
111.1	3.4600885386033324
111.2	3.051591088233333
111.3	2.668590582566667
111.4	2.329096481123333
111.5	2.0486293155713327
111.6	1.8393615021253331
111.7	1.7094432843862668
111.8	1.6625540578926998
111.9	1.6977066324356667
112.	1.809317439298
112.1	1.9875401619500002
112.2	2.2188447201966666
112.3	2.4868089526033335
112.4	2.77307765402
112.5	3.0584336508099996
112.6	3.3239189746199997
112.7	3.5519413400233333
112.8	3.7273022001266662
112.9	3.8380875431333337
113.	3.876370945353333
113.1	3.8386896361566665
113.2	3.7262677100133326
113.3	3.5449752784233337
113.4	3.30502737908
113.5	3.020440954986667
113.6	2.708281358303333
113.7	2.387740918413333
113.8	2.079100594023333
113.9	1.8026312330299998
114.	1.5774933069203332
114.1	1.4206931615683334
114.2	1.3461499954429998
114.3	1.36392124353
114.4	1.4796252345926666
114.5	1.6940894140566667
114.6	2.0032406585133335
114.7	2.39824185655
114.8	2.8658666050166666
114.9	3.3890921594199996
115.	3.9478802261066663
115.1	4.520106270636667
115.2	5.082591133269999
115.3	5.612184180329999
115.4	6.086845157699999
115.5	6.48667241147
115.6	6.794828137343332
115.7	6.998316645900001
115.8	7.088578999046666
115.9	7.061876421223333
116.	6.919445173326666
116.1	6.667416612446666
116.2	6.316507428833333
116.3	5.8814960341699996
116.4	5.380511268196667
116.5	4.8341685267933325
116.6	4.264595677566666
116.7	3.6943963764833327
116.8	3.1456013666066664
116.9	2.638658862613333
117.	2.1915131431666666
117.1	1.81881604302
117.2	1.5313093330733332
117.3	1.3354072956033332
117.4	1.2329985517059998
117.5	1.2214748880986666
117.6	1.2939830470966664
117.7	1.43988382325
117.8	1.6453920000033335
117.9	1.8943612806633334
118.	2.1691709695433334
118.1	2.451666182646666
118.2	2.7241011100866666
118.3	2.970035446311333
118.4	3.175137501237
118.5	3.32785348202
118.6	3.419910605737333
118.7	3.4466315493880004
118.8	3.407048650616
118.9	3.303817573839667
119.	3.142941179388333
119.1	2.933324443128667
119.2	2.6861899138993337
119.3	2.414389917692333
119.4	2.131656203312333
119.5	1.8518297994256667
119.6	1.588113487625
119.7	1.352386599212
119.8	1.154617048340333
119.9	1.0023989617973332
120.	0.9006363784596667
120.1	0.851384751895
120.2	0.8538529090409999
120.3	0.9045592128546667
120.4	0.9976274387906666
120.5	1.1252007455273332
120.6	1.277946467085
120.7	1.4456205492229999
120.8	1.6176584604029998
120.9	1.783759370661333
121.	1.9344322339146667
121.1	2.0614759401236666
121.2	2.1583706358879997
121.3	2.2205632810516662
121.4	2.2456371040676664
121.5	2.2333614129066666
121.6	2.1856248000029996
121.7	2.106260781411333
121.8	2.0007800322903333
121.9	1.876027405772
122.	1.7397847220386666
122.1	1.6003418487706667
122.2	1.466058900283333
122.3	1.3449415611166664
122.4	1.2442497353466666
122.5	1.1701571080633333
122.6	1.1274759617519998
122.7	1.1194578999086666
122.8	1.147677163864333
122.9	1.211999147541
123.	1.31063266739
123.1	1.4402606726833334
123.2	1.59624052085
123.3	1.7728618270399998
123.4	1.9636473559400003
123.5	2.161680576486667
123.6	2.3599424509833336
123.7	2.5516398553133333
123.8	2.73050876666
123.9	2.8910770015700002
124.	3.0288737795666663
124.1	3.1405766084633333
124.2	3.224089767016667
124.3	3.278552782436667
124.4	3.3042815175899998
124.5	3.302648530186666
124.6	3.2759129843499997
124.7	3.2270133416433335
124.8	3.1593381339433333
124.9	3.0764911758066664
125.	2.98206752575
125.1	2.8794553432499996
125.2	2.7716765729266664
125.3	2.6612762546566664
125.4	2.55026640964
125.5	2.4401261437966664
125.6	2.331855140896667
125.7	2.226073410793333
125.8	2.12315633942
125.9	2.0233910630733334
126.	1.92713822298
126.1	1.8349824424599996
126.2	1.74785551568
126.3	1.6671183080806666
126.4	1.5945906344693332
126.5	1.5325226823633333
126.6	1.4835065632086668
126.7	1.4503319042026668
126.8	1.435794591133233
126.9	1.4424723826622001
127.	1.472484716853
127.1	1.5272562744083333
127.2	1.6073045145946665
127.3	1.712070360905
127.4	1.8398085375533333
127.5	1.9875499470799998
127.6	2.151143267973333
127.7	2.3253770741733337
127.8	2.50417772978
127.9	2.6808725969799996
128.	2.8485031813533332
128.1	3.000169113886667
128.2	3.129381604853333
128.3	3.230404339633333
128.4	3.2985607138033335
128.5	3.330488687353333
128.6	3.32432812465
128.7	3.2798299472299997
128.8	3.1983813853700003
128.9	3.0829466913933334
129.	2.9379275190966667
129.1	2.76895148365
129.2	2.582600972013333
129.3	2.3860969369433334
129.4	2.1869541207266665
129.5	1.9926249346833336
129.6	1.81014914029
129.7	1.6458256500646666
129.8	1.5049213236406667
129.9	1.3914297103336666
130.	1.3078904071116666
130.1	1.2552771612483333
130.2	1.2329601278368667
130.3	1.2387448472669997
130.4	1.2689875737583334
130.5	1.3187835911343333
130.6	1.3822221279546665
130.7	1.45269847575
130.8	1.5232709916766667
130.9	1.5870479309933334
131.	1.6375866415266664
131.1	1.6692857280699998
131.2	1.6777495512333331
131.3	1.6601040602733335
131.4	1.61524366095
131.5	1.5439907373333333
131.6	1.4491526698429997
131.7	1.3354657212563332
131.8	1.2094208918266667
131.9	1.078973548721
132.	0.9531459671156666
132.1	0.841539426511
132.2	0.7537796498843333
132.3	0.6989255761146667
132.4	0.6848761453895666
132.5	0.717812442779
132.6	0.801712793582
132.7	0.9379760097979999
132.8	1.125182927369
132.9	1.3590188500119997
133.	1.6323699493813333
133.1	1.9355956825343335
133.2	2.2569676469799997
133.3	2.583253859856667
133.4	2.90041709545
133.5	3.1943874535966668
133.6	3.4518634344000003
133.7	3.6610929365433327
133.8	3.8125860121399997
133.9	3.8997148750233332
134.	3.919163292486667
134.1	3.8711965881
134.2	3.7597343662733334
134.3	3.5922199464599993
134.4	3.37929253354
134.5	3.134279549773334
134.6	2.8725366017000002
134.7	2.6106706853799997
134.8	2.3656880532933333
134.9	2.154111471123333
135.	1.9911123639910002
135.1	1.8897017323216665
135.2	1.8600199828341666
135.3	1.9087603354726
135.4	2.0387536475243335
135.5	2.2487347657233334
135.6	2.5333022778166665
135.7	2.88307514007
135.8	3.285041402553333
135.9	3.7230863714566667
136.	4.178680216313333
136.1	4.631698387276666
136.2	5.061342370723333
136.3	5.4471233943833335
136.4	5.7698678255999996
136.5	6.012700341463333
136.6	6.161959671986666
136.7	6.208002025339999
136.8	6.145849409636666
136.9	5.975644143923334
137.	5.702877030503334
137.1	5.338364970693334
137.2	4.897964143846666
137.3	4.4020169815933325
137.4	3.8745446133699994
137.5	3.342210628383333
137.6	2.833096116863333
137.7	2.375339126806667
137.8	1.9957029446766665
137.9	1.7181460334486665
138.	1.5624711882258666
138.1	1.5431318290602667
138.2	1.6682689329090001
138.3	1.9390428256933332
138.4	2.349310186953333
138.5	2.8856788065699996
138.6	3.5279518637433327
138.7	4.24995103994
138.8	5.02068509254
138.9	5.8058091442599995
139.	6.569301382693333
139.1	7.2752694435133325
139.2	7.889789518029998
139.3	8.382677862096665
139.4	8.729097143819999
139.5	8.910908765963333
139.6	8.917696322613333
139.7	8.747403726566667
139.8	8.40655301573
139.9	7.910029988850001
140.	7.280449153006666
140.1	6.547131564683333
140.2	5.7447487595733335
140.3	4.911702074426667
140.4	4.088318556733333
140.5	3.3149519337099997
140.6	2.630079692763333
140.7	2.0684854127766665
140.8	1.6596095119223335
140.9	1.4261421461503334
141.	1.3829198046442
141.1	1.536172941974
141.2	1.8831564797766664
141.3	2.4121788615033335
141.4	3.103029126153333
141.5	3.9277856629166665
141.6	4.851975317983333
141.7	5.83603768165
141.8	6.837036985066666
141.9	7.810553367736667
142.	8.712676633883333
142.1	9.502019322323333
142.2	10.141662314769999
142.3	10.600945657154998
142.4	10.857020107252332
142.5	10.896081419003998
142.6	10.714219692293664
142.7	10.317830245366334
142.8	9.723550178313333
142.9	8.957705602396333
143.	8.055277654699665
143.1	7.058419862883332
143.2	6.014583910281667
143.3	4.974333935933334
143.4	3.9889496747433335
143.5	3.1079345142933335
143.6	2.3765545966599997
143.7	1.833538377383333
143.8	1.5090619256776665
143.9	1.4231335366966666
144.	1.5844722925773331
144.1	1.9899499520666666
144.2	2.6246353669633335
144.3	3.4624473240833327
144.4	4.467387386963333
144.5	5.595291180413334
144.6	6.796006800573332
144.7	8.015884602683332
144.8	9.200445110483333
144.9	10.297082304436667
145.	11.257658603360001
145.1	12.040855383363333
145.2	12.614158213236665
145.3	12.955377956949999
145.4	13.053635924116664
145.5	12.909771493456667
145.6	12.536162136163334
145.7	11.955976604209997
145.8	11.20191047286
145.9	10.31447777781
146.	9.339952056069999
146.1	8.328063991366665
146.2	7.329570774636666
146.3	6.393814298086667
146.4	5.566381792750001
146.5	4.886974129063333
146.6	4.387574515596667
146.7	4.090994626196666
146.8	4.009857137531333
146.9	4.14605410461
147.	4.49070029717
147.1	5.024580227263333
147.2	5.719067690499999
147.3	6.537477719933333
147.4	7.43679336655
147.5	8.369694110769998
147.6	9.286799417689998
147.7	10.139030441236667
147.8	10.879985641876665
147.9	11.468222597503331
148.	11.86933900976
148.1	12.057751213476667
148.2	12.018078608626666
148.3	11.746057381303332
148.4	11.24892641606333
148.5	10.545251885866668
148.6	9.664183755663334
148.7	8.644166162783332
148.8	7.53115286213
148.9	6.376406971906666
149.	5.23398935096
149.1	4.1580603363133335
149.2	3.2001337003233328
149.3	2.4064282961876664
149.4	1.8154611356659998
149.5	1.4560153122453334
149.6	1.3455975726403333
149.7	1.4894743808443334
149.8	1.880343503416333
149.9	2.498662428078333
150.	3.313617587891333
150.1	4.284681829290999
150.2	5.363674223373999
150.3	6.497208339154334
150.4	7.6293942452803325
150.5	8.704647019030666
150.6	9.670451051347
150.7	10.479934916839333
150.8	11.094125393518333
150.9	11.483770175505335
151.	11.630645311674332
151.1	11.528293522867665
151.2	11.182171285954
151.3	10.609213944189001
151.4	9.836857310837999
151.5	8.901579775740998
151.6	7.847049667624667
151.7	6.7219778507926655
151.8	5.577784929887
151.9	4.466196063763666
152.	3.4368746285716663
152.1	2.5351994305673333
152.2	1.800279617423
152.3	1.2632877050883333
152.4	0.9461750621789999
152.5	0.8608165545963333
152.6	1.008612547719
152.7	1.3805576893066667
152.8	1.9577673622376666
152.9	2.712434838967667
153.	3.6091753862869997
153.1	4.606698245921999
153.2	5.659733957197667
153.3	6.721133327483334
153.4	7.744045965066666
153.5	8.684081153883334
153.6	9.50135244163
153.7	10.162310042083334
153.8	10.641272300153332
153.9	10.921579137936668
154.	10.99630644537
154.1	10.868500372396667
154.2	10.550913677016666
154.3	10.065251638646666
154.4	9.440961240503333
154.5	8.713622840456665
154.6	7.923026762913332
154.7	7.11103655436
154.8	6.319354594803333
154.9	5.587313183106667
155.	4.94981434155
155.1	4.435534141303334
155.2	4.0654926007566665
155.3	3.85206896543
155.4	3.7985157570566668
155.5	3.89899510575
155.6	4.139129554349999
155.7	4.497028868893333
155.8	4.944726469289999
155.9	5.44993575418
156.	5.978019310776667
156.1	6.4940537732933326
156.2	6.964870376786667
156.3	7.360955944333332
156.4	7.658110516916666
156.5	7.8387750167600005
156.6	7.892963824393334
156.7	7.81876135125
156.8	7.622366946313333
156.9	7.31769721373
157.	6.925577643796666
157.1	6.472575253296665
157.2	5.989539890436667
157.3	5.509933506356667
157.4	5.068033874236667
157.5	4.697102045973334
157.6	4.427601598016666
157.7	4.285552877139667
157.8	4.291097551384666
157.9	4.457338342753333
158.	4.78950639696
158.1	5.284494809966666
158.2	5.930781807973333
158.3	6.708751354026667
158.4	7.591402891276666
158.5	8.545425900456666
158.6	9.532599345616665
158.7	10.511461362836666
158.8	11.439181233693333
158.9	12.273554355716666
159.	12.975032208103332
159.1	13.508693840083334
159.2	13.846063776266664
159.3	13.966683924763332
159.4	13.859354412166667
159.5	13.522970343213332
159.6	12.966898104989998
159.7	12.210855491853332
159.8	11.284283785933335
159.9	10.225225843886665
160.	9.07875081045
160.1	7.894991729783333
160.2	6.726885406186666
160.3	5.627722790746667
160.4	4.64863153433
160.5	3.8361190643233334
160.6	3.2298039436999995
160.7	2.86045518248
160.8	2.748443954283333
160.9	2.90269069533
161.	3.320164165563333
161.1	3.9859594182099998
161.2	4.873950662543333
161.3	5.9479846863266665
161.4	7.1635527031
161.5	8.469854835909999
161.6	9.812153208496666
161.7	11.134297606156666
161.8	12.38130223013
161.9	13.501853070086664
162.	14.450632311866665
162.1	15.190358120229998
162.2	15.693454000939997
162.3	15.943280593579999
162.4	15.934883016553332
162.5	15.67522775030333
162.6	15.182923639343333
162.7	14.487441265666664
162.8	13.627863247236668
162.9	12.651214661886666
163.	11.61043762808
163.1	10.562086980699998
163.2	9.563834848349998
163.3	8.67188059372
163.4	7.938368765099999
163.5	7.40892107049
163.6	7.120388507713333
163.7	7.098926211596666
163.8	7.35848590851
163.9	7.899808795646667
164.	8.709985083540001
164.1	9.76262549799
164.2	11.018665191776666
164.3	12.427792552253333
164.4	13.930465434550001
164.5	15.460446814199999
164.6	16.947762392536667
164.7	18.32195607858333
164.8	19.5154973179
164.9	20.467178619063333
165.	21.125333771286666
165.1	21.45070819908
165.2	21.418823203843335
165.3	21.02169547565
165.4	20.268801569759997
165.5	19.187212773019997
165.6	17.82086711252
165.7	16.2289899073
165.8	14.483719641623333
165.9	12.667039321663335
166.	10.867152203846667
166.1	9.174472442416667
166.2	7.677423829936666
166.3	6.458252006806665
166.4	5.589056591366667
166.5	5.128239649989999
166.6	5.117546511743333
166.7	5.579845491093334
166.8	6.517756477229999
166.9	7.913196787346667
167.	9.727868543146666
167.1	11.90466748435
167.2	14.369950788109998
167.3	17.036563035626664
167.4	19.80748650063
167.5	22.57995555840333
167.6	25.249855958113333
167.7	27.716218316326664
167.8	29.88561152738
167.9	31.67624566178667
168.	33.021604978233334
168.1	33.87344943868666
168.2	34.204047027399994
168.3	34.00752858869333
168.4	33.300291068679996
168.5	32.12041309198666
168.6	30.52608767021333
168.7	28.593119260949997
168.8	26.411574897386664
168.9	24.081719987766668
169.	21.709406789196667
169.1	19.40111553158
169.2	17.25887277039
169.3	15.375286979959998
169.4	13.828946147123334
169.5	12.680415087093332
169.6	11.969050830846665
169.7	11.710822819306665
169.8	11.897281587213335
169.9	12.495766665593331
170.	13.450883810019999
170.1	14.687216228096668
170.2	16.11316758292
170.3	17.62576986287
170.4	19.116230513896667
170.5	20.475944208559998
170.6	21.60265859523
170.7	22.406463071263335
170.8	22.815266998199995
170.9	22.77944980382
171.	22.275399983876667
171.1	21.307711884696666
171.2	19.909875958016663
171.3	18.143376569494333
171.4	16.095197214903
171.5	13.873821374035332
171.6	11.603903144006667
171.7	9.419860200300999
171.8	7.458707865866666
171.9	5.852503118543333
172.	4.720798154963333
172.1	4.1635127009533335
172.2	4.2546218823499995
172.3	5.037022675076666
172.4	6.51888845509
172.5	8.67175073564
172.6	11.430463431786666
172.7	14.695112167353333
172.8	18.334833831723333
172.9	22.193414513986667
173.	26.096441673333334
173.1	29.859703229446666
173.2	33.29845597625334
173.3	36.23713156502333
173.4	38.51901282226333
173.5	40.01539819985333
173.6	40.63377877882666
173.7	40.32458075343
173.8	39.08607619664333
173.9	36.96713481969999
174.	34.06757722819667
174.1	30.535992881063336
174.2	26.564999837086663
174.3	22.384043994493332
174.4	18.2499578873
174.5	14.435617771663333
174.6	11.217147100256664
174.7	8.860208961526666
174.8	7.606004395247234
174.9	7.657643024136666
175.	9.167573379383331
175.1	12.22674997876
175.2	16.85617130582333
175.3	23.001347470469998
175.4	30.530150203736667
175.5	39.23436419788666
175.6	48.83510240171999
175.7	58.99207481233
175.8	69.31651779131332
175.9	79.38740708581699
176.	88.77040114296267
176.1	97.03880073785133
176.2	103.79567490446667
176.3	108.69619942688999
176.4	111.46918943768999
176.5	111.93678709484999
176.6	110.03129216281333
176.7	105.80819868404667
176.8	99.45462354676332
176.9	91.29247892725999
177.	81.77594429650333
177.1	71.48302668707666
177.2	61.10125028504667
177.3	51.40777676167
177.4	43.24451408565
177.5	37.48901161253
177.6	35.02215143655333
177.7	36.69381980708333
177.8	43.287869122986656
177.9	55.48775406579666
178.	73.84424077390666
178.1	98.74654422706666
178.2	130.39814754367666
178.3	168.79840160304664
178.4	213.73080053737002
178.5	264.7585864002167
178.6	321.2280645104
178.7	382.2797204721967
178.8	446.8669322363167
178.9	513.78177751211
179.	581.6871598747266
179.1	649.1542267955999
179.2	714.7038394369945
179.3	776.8506858234366
179.4	834.1485126526956
179.5	885.2348914467412
179.6	928.873934832553
179.7	963.9954388599982
179.8	989.7290455063473
179.9	1005.4321921274488
180.	1010.71083479699