# O+CO(0,0) elastic diff. cross section
# E = 0.18 eV
# angle, CS (1e-16 cm^2)
0.1	144297.32923476666
0.2	137342.34750849998
0.3	126517.64780643334
0.4	112858.6653018
0.5	97605.61710083333
0.6	82037.92554973334
0.7	67314.21566626667
0.8	54342.82327813333
0.9	43700.916724133334
1.	35610.5744034
1.1	29969.55768357333
1.2	26425.21090316333
1.3	24473.63634740333
1.4	23564.008012146667
1.5	23189.670473993334
1.6	22952.733269866665
1.7	22595.82345859
1.8	22001.857494906668
1.9	21168.63158517
2.	20168.65306175
2.1	19105.524239323335
2.2	18076.57696163333
2.3	17148.090341024
2.4	16345.334608257333
2.5	15655.903665610334
2.6	15042.125566045668
2.7	14457.184016069
2.8	13859.930028263334
2.9	13224.841044936666
3.	12545.617309509998
3.1	11832.88240190333
3.2	11107.892437037
3.3	10394.798159720665
3.4	9713.840507677334
3.5	9077.097423245332
3.6	8487.361192927667
3.7	7939.746872664
3.8	7424.968700957999
3.9	6932.992944083333
4.	6455.958725857334
4.1	5989.71829853
4.2	5533.897114220334
4.3	5090.834279088333
4.4	4664.01739403
4.5	4256.637666993
4.6	3870.7056119653334
4.7	3506.8805557396668
4.8	3164.888378578333
4.9	2844.2193011080003
5.	2544.753606663
5.1	2267.049279261
5.2	2012.192552042333
5.3	1781.2924434406668
5.4	1574.831110386333
5.5	1392.1253406023334
5.6	1231.105956037
5.7	1088.5067994576666
5.8	960.4171728873332
5.9	843.0372405823333
6.	733.4187889046666
6.1	629.9863183076666
6.2	532.7056110369999
6.3	442.8717527376666
6.4	362.59249178333323
6.5	294.1163383336667
6.6	239.18075502766663
6.7	198.53266860899998
6.8	171.71381611099997
6.9	157.12804907466665
7.	152.3388267445
7.1	154.49970513443333
7.2	160.80650716276665
7.3	168.8750752253
7.4	176.9835685067667
7.5	184.1601910328333
7.6	190.1338662091
7.7	195.18864608246668
7.8	199.97003232423333
7.9	205.28542934706664
8.	211.92736384629998
8.1	220.53331975336667
8.2	231.4850193872
8.3	244.84495690556665
8.4	260.32830319326666
8.5	277.31124800426664
8.6	294.8790540136
8.7	311.9159314602
8.8	327.23337229416666
8.9	339.72487896203336
9.	348.52574490123334
9.1	353.1500223459333
9.2	353.5759351865
9.3	350.25723157976665
9.4	344.0508212671333
9.5	336.0680365293
9.6	327.4741150935333
9.7	319.27370946396667
9.8	312.12575034053333
9.9	306.22689303186667
10.	301.28941635303335
10.1	296.61952762513334
10.2	291.2800375233
10.3	284.3025081038333
10.4	274.9028711711667
10.5	262.6539974476333
10.6	247.57902188539995
10.7	230.14792566914332
10.8	211.18232849339336
10.9	191.69407720307666
11.	172.69694988055664
11.1	155.03440275369334
11.2	139.25925879142665
11.3	125.5858819871
11.4	113.91615094973334
11.5	103.92274654716667
11.6	95.16154990029999
11.7	87.18200077579999
11.8	79.61012659358667
11.9	72.19109806303999
12.	64.79238711059
12.1	57.38034502965332
12.2	49.98880827914
12.3	42.69681691525666
12.4	35.62480027215333
12.5	28.94777116252333
12.6	22.914241013513333
12.7	17.85437274966
12.8	14.162350213066667
12.9	12.245796023053332
13.	12.44683752118
13.1	14.951212018673333
13.2	19.709564885569996
13.3	26.395919868486665
13.4	34.421379855080005
13.5	43.00803168159667
13.6	51.312313778003336
13.7	58.57320033041333
13.8	64.25248978722334
13.9	68.13469005870333
14.	70.36259509035332
14.1	71.39944889167333
14.2	71.92571829895667
14.3	72.69350536421666
14.4	74.37075753702999
14.5	77.40858594287667
14.6	81.95825098904332
14.7	87.85182489807133
14.8	94.645647716179
14.9	101.71225606224831
15.	108.35759831425133
15.1	113.93772753721532
15.2	117.95270635334333
15.3	120.10353546555332
15.4	120.30794445637999
15.5	118.68011593854999
15.6	115.48570198304999
15.7	111.08578290873666
15.8	105.88189984995
15.9	100.27016768026331
16.	94.60748091962
16.1	89.18865474957568
16.2	84.23114713466367
16.3	79.864114524525
16.4	76.12046287710132
16.5	72.93318571648865
16.6	70.13936969566666
16.7	67.49578224542
16.8	64.70849657361667
16.9	61.47582669828367
17.	57.53983191606333
17.1	52.738047280439
17.2	47.04511881171533
17.3	40.59448927877867
17.4	33.67336137100766
17.5	26.689302965683428
17.6	20.112897613909766
17.7	14.406319927934568
17.8	9.951243014182598
17.9	6.990118744477366
18.	5.592365018483001
18.1	5.651874738657999
18.2	6.915705277240666
18.3	9.037345805191334
18.4	11.643092720695666
18.5	14.397882327736667
18.6	17.057850401897998
18.7	19.500559799719664
18.8	21.729253696605
18.9	23.85327018928833
19.	26.05150254901033
19.1	28.528466853519664
19.2	31.472703621039997
19.3	35.025128685608664
19.4	39.261364643396334
19.5	44.18813916418433
19.6	49.75061942444633
19.7	55.84582685801166
19.8	62.33729213090732
19.9	69.06757293809301
20.	75.86746533904534
20.1	82.56283239768865
20.2	88.98121439454066
20.3	94.96038589531199
20.4	100.35985598342799
20.5	105.07445118977735
20.6	109.04729741361366
20.7	112.27844308947967
20.8	114.825514005272
20.9	116.79423551066999
21.	118.31904986083266
21.1	119.53672542393267
21.2	120.55801547296633
21.3	121.44341486691968
21.4	122.18854157114666
21.5	122.72271744080999
21.6	122.92141787781966
21.7	122.63014211567
21.8	121.694715604149
21.9	119.99169861907234
22.	117.45273763145431
22.1	114.07826043805667
22.2	109.93843495478332
22.3	105.16212380533
22.4	99.91698354053
22.5	94.38534213513
22.6	88.74078425523
22.7	83.12954512962
22.8	77.65919998536299
22.9	72.39523480258666
23.	67.36440400005667
23.1	62.56270326594
23.2	57.965476590483334
23.3	53.53756378519
23.4	49.24221665381334
23.5	45.04841469449667
23.6	40.936865362199995
23.7	36.90517562219
23.8	32.97240933299
23.9	29.182658254959996
24.	25.606635060146665
24.1	22.33995296021333
24.2	19.49691788308
24.3	17.19939323361
24.4	15.561475130759998
24.5	14.672036605803331
24.6	14.578269218993334
24.7	15.273797629763333
24.8	16.694531118816666
24.9	18.724130396603336
25.	21.209038364143332
25.1	23.980881818676668
25.2	26.88222673678333
25.3	29.790650393229996
25.4	32.63618944607333
25.5	35.408473212989996
25.6	38.151999755826665
25.7	40.95056453395999
25.8	43.90419742020999
25.9	47.103536499323326
26.	50.606990998769994
26.1	54.425236655949995
26.2	58.515772370490005
26.3	62.78792263334667
26.4	67.11638926228332
26.5	71.35978938822666
26.6	75.37992898078333
26.7	79.05794182917666
26.8	82.30467769916999
26.9	85.06444072340668
27.	87.31286203113333
27.1	89.05089735790666
27.2	90.29740483312999
27.3	91.08245193399998
27.4	91.44262185768665
27.5	91.41848624842666
27.6	91.05346517411999
27.7	90.39280377206998
27.8	89.48148564356666
27.9	88.36050507447331
28.	87.06179806169999
28.1	85.60296784019334
28.2	83.98343647662666
28.3	82.18362486363
28.4	80.16819024331332
28.5	77.89338249893333
28.6	75.31748752597
28.7	72.41241679186666
28.8	69.17403564174666
28.9	65.62893664518
29.	61.83604039641
29.1	57.88248027830667
29.2	53.874437269396665
29.3	49.9246461308
29.4	46.13895236133
29.5	42.604421850966666
29.6	39.38108639423999
29.7	36.49856884457
29.8	33.95778269731
29.9	31.736888382249994
30.	29.799934274820004
30.1	28.106261524096666
30.2	26.618851373736664
30.3	25.310277082526667
30.4	24.165639267903334
30.5	23.182618104566664
30.6	22.369378406
30.7	21.741377254389995
30.8	21.318097679596665
30.9	21.120411747596666
31.	21.168789731473332
31.1	21.48209046268333
31.2	22.076357062436664
31.3	22.963011661083332
31.4	24.146111016103337
31.5	25.618810335159996
31.6	27.359723710753663
31.7	29.330272042233336
31.8	31.474205958806664
31.9	33.72019798675333
32.	35.98774834580333
32.1	38.19579332401666
32.2	40.27257655925666
32.3	42.16479119733333
32.4	43.84391689087333
32.5	45.30813246003667
32.6	46.57910530750334
32.7	47.694127939548004
32.8	48.69519279045299
32.9	49.61737001358433
33.	50.479063308734325
33.1	51.27629730106734
33.2	51.982236963629
33.3	52.55189923268999
33.4	52.93080997737667
33.5	53.06549413015333
33.6	52.91337402063
33.7	52.44994842858666
33.8	51.67192567872934
33.9	50.596052162902666
34.	49.25441887056832
34.1	47.687774601302664
34.2	45.938655965843
34.3	44.045930639799664
34.4	42.04174868517067
34.5	39.951111015398325
34.6	37.793529598835335
34.7	35.58576838335733
34.8	33.34452433305033
34.9	31.088129259576995
35.	28.836820077263
35.1	26.611672706081997
35.2	24.43275151542267
35.3	22.31726396608167
35.4	20.278476798797
35.5	18.325876781799
35.6	16.466642936662666
35.7	14.708068162485997
35.8	13.060249855062999
35.9	11.538246055360332
36.	10.162992841913999
36.1	8.960567927581334
36.2	7.959786763067666
36.3	7.188529867790665
36.4	6.669524817984998
36.5	6.4164686299169995
36.6	6.431340010593333
36.7	6.7035239267929985
36.8	7.211001684558667
36.9	7.923426927807666
37.	8.806504740881998
37.1	9.826806191111665
37.2	10.956050022441
37.3	12.173994291652999
37.4	13.469384125535
37.5	14.838832454417332
37.6	16.283970282203
37.7	17.80758229323733
37.8	19.409648809977
37.9	21.084194164228666
38.	22.817599997678332
38.1	24.58864445918333
38.2	26.370082806137667
38.3	28.131213901212327
38.4	29.84068210903333
38.5	31.46879544143433
38.6	32.98888136089433
38.7	34.37757092354299
38.8	35.614279964215996
38.9	36.680420452587
39.	37.55894005641233
39.1	38.23463199294267
39.2	38.69533167939467
39.3	38.933730133347
39.4	38.949218235427665
39.5	38.749043328085335
39.6	38.34816618243333
39.7	37.76753212190833
39.8	37.03092345164633
39.9	36.16100570611833
40.	35.17547962202933
40.1	34.084306989447
40.2	32.88876550064099
40.3	31.582658685503
40.4	30.155478740488668
40.5	28.596837288983327
40.6	26.901171911729666
40.7	25.071682555912666
40.8	23.122657032744662
40.9	21.079743463451667
41.	18.97820631475833
41.1	16.859635108509
41.2	14.767857722198332
41.3	12.744889763531663
41.4	10.827633334219666
41.5	9.045778794329665
41.6	7.421046656743
41.7	5.967619380834333
41.8	4.693417822343333
41.9	3.6018015363643334
42.	2.69330637725
42.1	1.9671408318973331
42.2	1.422297828888
42.3	1.0582602694499998
42.4	0.8753607221113333
42.5	0.8748915576960999
42.6	1.0590588818336666
42.7	1.4308469115493332
42.8	1.9938241022936665
42.9	2.7518894214203335
43.	3.7089329961089996
43.1	4.868373393688666
43.2	6.232536882422001
43.3	7.801865084015
43.4	9.573977720045098
43.5	11.542673091209089
43.6	13.697009519392434
43.7	16.020658046284332
43.8	18.491728995197
43.9	21.083235651207666
44.	23.764262750378
44.1	26.50176885601733
44.2	29.26280065072767
44.3	32.016774800235325
44.4	34.737428848025004
44.5	37.404080978844334
44.6	40.001968660786
44.7	42.521629644581665
44.8	44.95749598731499
44.9	47.30603635286033
45.	49.563858366626995
45.1	51.72615146491633
45.2	53.785724456884566
45.3	55.73271265882879
45.4	57.55485416325469
45.5	59.23811711244466
45.6	60.76743189897934
45.7	62.12734416324167
45.8	63.30252492313634
45.9	64.27820177300899
46.	65.04065706431366
46.1	65.57794022419066
46.2	65.88085758685466
46.3	65.94416276711533
46.4	65.767725589137
46.5	65.35736495487333
46.6	64.72503301261301
46.7	63.88814625485967
46.8	62.86804980499932
46.9	61.687821306009994
47.	60.369805436555325
47.1	58.93336259994633
47.2	57.39328591391454
47.3	55.7591952158258
47.4	54.03599524152587
47.5	52.225247978832336
47.6	50.3271191946566
47.7	48.3424623943517
47.8	46.2746171190081
47.9	44.13060803496996
48.	41.9215977071545
48.1	39.66261975703549
48.2	37.37175600864326
48.3	35.06899414820796
48.4	32.7750068680516
48.5	30.5100446518799
48.6	28.293058849804332
48.7	26.141096635540027
48.8	24.068953885871895
48.9	22.089042735613404
49.	20.21142325816353
49.1	18.443953203774065
49.2	16.792516147243234
49.3	15.2612918802868
49.4	13.85303466070113
49.5	12.569329990589068
49.6	11.410813355879565
49.7	10.377354726700434
49.8	9.468234556098432
49.9	8.682350458036316
50.	8.018489181493429
50.1	7.47567215245375
50.2	7.053540050112167
50.3	6.7526967114152825
50.4	6.574903682757566
50.5	6.52302004096644
50.6	6.600624359866847
50.7	6.811330050123553
50.8	7.157892083290752
50.9	7.6412754897971595
51.	8.259888879666
51.1	9.009165183247433
51.2	9.881598977055633
51.3	10.867244074505999
51.4	11.954566677025335
51.5	13.131469966586266
51.6	14.38627831472033
51.7	15.7084995172512
51.8	17.08925942992593
51.9	18.5213988043189
52.	19.999305870892428
52.1	21.518604999496965
52.2	23.075820619126496
52.3	24.66809305393823
52.4	26.292960030445293
52.5	27.94816155957556
52.6	29.631399922047997
52.7	31.3400012114911
52.8	33.070474563181634
52.9	34.81802995206973
53.	36.57616880408236
53.1	38.33648040338763
53.2	40.08874991508377
53.3	41.8214157911695
53.4	43.522325199601006
53.5	45.17965372508641
53.6	46.78280624960023
53.7	48.3231154875069
53.8	49.794203333401995
53.9	51.191952864434
54.	52.51413041087133
54.1	53.75977121611001
54.2	54.92847956195166
54.3	56.01978860081533
54.4	57.032683918766
54.5	57.96533562857499
54.6	58.81502720606333
54.7	59.578231857329
54.8	60.25077618533499
54.9	60.828042997222
55.	61.305189066185
55.1	61.677375787520674
55.2	61.94002043910099
55.3	62.08906971027367
55.4	62.12127977774999
55.5	62.03446824828533
55.6	61.827693309157326
55.7	61.50132114906533
55.8	61.056964022618
55.9	60.49730150790433
56.	59.82582574804366
56.1	59.04656758237299
56.2	58.16385870912234
56.3	57.182166578743
56.4	56.106011018831666
56.5	54.939945383616674
56.6	53.688569941375334
56.7	52.356546081832995
56.8	50.948594816116994
56.9	49.469484309875
57.	47.92402859609667
57.1	46.31712470613733
57.2	44.653845092187325
57.3	42.939579943725995
57.4	41.180198858599994
57.5	39.38218417674167
57.6	37.55268742636266
57.7	35.69947799010866
57.8	33.83078422472866
57.9	31.955061041237663
58.	30.080741969863002
58.1	28.216038388678
58.2	26.36883123892533
58.3	24.546666473196666
58.4	22.756826494787333
58.5	21.006419989595333
58.6	19.30242311016433
58.7	17.651620243061664
58.8	16.060428172600332
58.9	14.534631595565665
59.	13.079095550461
59.1	11.697538184333
59.2	10.392438630945666
59.3	9.165121642168664
59.4	8.016013110946666
59.5	6.9450134776673345
59.6	5.951903635047666
59.7	5.0366897351496664
59.8	4.199810799005332
59.9	3.4421698296543335
60.	2.7649934209563334
60.1	2.169563594633666
60.2	1.6568887540926664
60.3	1.2273840983583333
60.4	0.8806179935706666
60.5	0.6151569277986666
60.6	0.428516773932
60.7	0.3172095186603333
60.8	0.2768657783221667
60.9	0.30241320203183336
61.	0.38829490849733334
61.1	0.5287152442309999
61.2	0.7178988943113334
61.3	0.9503434645063332
61.4	1.2210380932046667
61.5	1.5256162780723335
61.6	1.8604143174893333
61.7	2.2224194195776663
61.8	2.6091118124823334
61.9	3.0182280017896668
62.	3.4474909794416666
62.1	3.8943617959329995
62.2	4.355862485043666
62.3	4.828503902377999
62.4	5.308328275937666
62.5	5.791051859281
62.6	6.272274457570665
62.7	6.747713889813333
62.8	7.21342535724
62.9	7.665975665261667
63.	8.102555816042333
63.1	8.521028086509666
63.2	8.919912341182666
63.3	9.298320400003998
63.4	9.655848330905332
63.5	9.992437104378666
63.6	10.308214191041
63.7	10.603332818899666
63.8	10.877830200481998
63.9	11.131528224161665
64.	11.363997051347333
64.1	11.574592429473
64.2	11.762562420731665
64.3	11.927202209969998
64.4	12.068021669149
64.5	12.184884149816998
64.6	12.278079298154333
64.7	12.348307183474
64.8	12.396572170117999
64.9	12.424007063131334
65.	12.431665065207333
65.1	12.420324467768665
65.2	12.390347127861334
65.3	12.341618288576
65.4	12.273576391758
65.5	12.185322501782332
65.6	12.075784498488
65.7	11.943904057897331
65.8	11.788814900851335
65.9	11.609987032670332
66.	11.407320802400669
66.1	11.181183787773998
66.2	10.932391020660333
66.3	10.662134537943667
66.4	10.371872350869333
66.5	10.063190623917666
66.6	9.737656597806334
66.7	9.396683070934666
66.8	9.041426713601332
66.9	8.672740515866666
67.	8.291194239654667
67.1	7.897166110850334
67.2	7.490995898515333
67.3	7.073176878717
67.4	6.644555132572333
67.5	6.2065016274769995
67.6	5.761026482745334
67.7	5.310814824906999
67.8	4.859177300215666
67.9	4.409922537899
68.	3.9671707978676665
68.1	3.53513582432
68.2	3.1179049722563335
68.3	2.719246473667
68.4	2.3424682923406666
68.5	1.9903463649949997
68.6	1.6651317384733333
68.7	1.3686364264316666
68.8	1.1023870018906665
68.9	0.867823815878
69.	0.6665139171773333
69.1	0.5003395698396667
69.2	0.37162413200666666
69.3	0.28316454416366665
69.4	0.2381546435501333
69.5	0.24000370038699997
69.6	0.2920758127373333
69.7	0.39739305548833337
69.8	0.5583540388316666
69.9	0.7765172124073333
70.	1.0524851040413332
70.1	1.385904830373
70.2	1.7755767940696665
70.3	2.2196431339246665
70.4	2.7158147449519996
70.5	3.261592717272333
70.6	3.8544462812883333
70.7	4.491921952669333
70.8	5.171673607465333
70.9	5.8914170297506665
71.	6.6488227628250005
71.1	7.441367312437333
71.2	8.266165753186332
71.3	9.119809936556667
71.4	9.998236698066666
71.5	10.896649541315998
71.6	11.809514056183334
71.7	12.730640307795001
71.8	13.653353838320665
71.9	14.570741613969666
72.	15.475943013854664
72.1	16.362442987903
72.2	17.22431914352167
72.3	18.056399661324
72.4	18.854304785300332
72.5	19.614368194749666
72.6	20.33346027508433
72.7	21.008756564339997
72.8	21.63750582873
72.9	22.21685042410433
73.	22.743737591794996
73.1	23.214938262819665
73.2	23.627165965824336
73.3	23.977268744062002
73.4	24.262455911051667
73.5	24.480520320835332
73.6	24.630023841944997
73.7	24.71042511050633
73.8	24.722140210034002
73.9	24.666535698913
74.	24.545858530692662
74.1	24.363110110963
74.2	24.121874318224332
74.3	23.826113737871665
74.4	23.479954954750998
74.5	23.08749074947466
74.6	22.652631099480335
74.7	22.179032451153667
74.8	21.670123778462997
74.9	21.12922924747
75.	20.559764764214
75.1	19.965465388463997
75.2	19.350588945234332
75.3	18.720042627092667
75.4	18.07939474384733
75.5	17.43475958903033
75.6	16.792572822197666
75.7	16.159299689968666
75.8	15.541131992818865
75.9	14.943728596013864
76.	14.372039631438234
76.1	13.8302314936347
76.2	13.321705595143898
76.3	12.849185553429933
76.4	12.41483934371723
76.5	12.020405425330667
76.6	11.667301766062998
76.7	11.356708800384334
76.8	11.089626535502333
76.9	10.866909282005667
77.	10.689279035188331
77.1	10.557313428157666
77.2	10.471400827420666
77.3	10.431657207001333
77.4	10.437808045380999
77.5	10.489051483307998
77.6	10.583931569353133
77.7	10.720256977701467
77.8	10.8950969633775
77.9	11.104871725058567
78.	11.345532017877332
78.1	11.612799228229997
78.2	11.902419716765
78.3	12.210382001234667
78.4	12.533054497398634
78.5	12.867222587876466
78.6	13.210030339899234
78.7	13.558856059672433
78.8	13.911164878145634
78.9	14.264382002555632
79.	14.615818061638969
79.1	14.9626582018182
79.2	15.3020065203145
79.3	15.630963809708
79.4	15.946713263969396
79.5	16.246595424300498
79.6	16.528166085481033
79.7	16.789243026404
79.8	17.027953705348665
79.9	17.24279370742633
80.	17.432695898309
80.1	17.59709748270333
80.2	17.735982607026997
80.3	17.849876902076964
80.4	17.939779375889664
80.5	18.00703413083683
80.6	18.053163775853633
80.7	18.07970098780563
80.8	18.0880585748736
80.9	18.079469327267365
81.	18.055007246611034
81.1	18.015677694887767
81.2	17.962543608462198
81.3	17.896845071615598
81.4	17.820073482825563
81.5	17.7339776983487
81.6	17.640502070481297
81.7	17.541677264603166
81.8	17.43949699566233
81.9	17.3358135933826
82.	17.232273521758998
82.1	17.130295789885
82.2	17.031078961396396
82.3	16.935612901489066
82.4	16.84467300027
82.5	16.758786374900133
82.6	16.6781763970125
82.7	16.602706685202598
82.8	16.531852056552765
82.9	16.464718744932597
83.	16.40012091854817
83.1	16.3367006807295
83.2	16.273061845307566
83.3	16.20788050086233
83.4	16.139960947818096
83.5	16.06822249254523
83.6	15.991625052177866
83.7	15.909061630745299
83.8	15.819256321626135
83.9	15.7207038434511
84.	15.611671816269466
84.1	15.490265524039566
84.2	15.354534616276867
84.3	15.202589330544932
84.4	15.032694335343798
84.5	14.843320463771033
84.6	14.633153315120467
84.7	14.401075474253398
84.8	14.146148971945202
84.9	13.867622811162434
85.	13.564977767449133
85.1	13.2380023572959
85.2	12.886877286100566
85.3	12.512237658117204
85.4	12.115186341795798
85.5	11.6972470267266
85.6	11.260266257393464
85.7	10.8062923410161
85.8	10.337468378976798
85.9	9.8559729537726
86.	9.364026219289132
86.1	8.8639567737894
86.2	8.358303699603367
86.3	7.849916019848132
86.4	7.3420128019204665
86.5	6.8381806793778
86.6	6.342306563881867
86.7	5.858464047003367
86.8	5.390785009253532
86.9	4.943348861968033
87.	4.5201109014714
87.1	4.1248731624853665
87.2	3.7612832275885997
87.3	3.4328357422485665
87.4	3.1428520066063665
87.5	2.8944245409093665
87.6	2.6903311936143663
87.7	2.532939940058567
87.8	2.4241341084491
87.9	2.3652845122567663
88.	2.357280591781333
88.1	2.4006122772997003
88.2	2.4954754722652
88.3	2.641864035693933
88.4	2.8396140158791665
88.5	3.08838103711345
88.6	3.3875540095832335
88.7	3.7361298938406002
88.8	4.132587491198766
88.9	4.574798551454166
89.	5.0600019809732
89.1	5.584846309373266
89.2	6.145484372118267
89.3	6.737689937626699
89.4	7.356963517129967
89.5	7.998604113382433
89.6	8.657740967200565
89.7	9.329337422535332
89.8	10.008190756863893
89.9	10.688952767072976
90.	11.36618594550997
90.1	12.034453426546932
90.2	12.68842440557464
90.3	13.322967258825752
90.4	13.933204269083577
90.5	14.514514476402105
90.6	15.062490204547188
90.7	15.572871108191364
90.8	16.0414900624248
90.9	16.4642635718547
91.	16.837245749653498
91.1	17.1567439008346
91.2	17.4194727079933
91.3	17.622710407587267
91.4	17.764418932887068
91.5	17.84330114747253
91.6	17.858787860994163
91.7	17.810968228530974
91.8	17.700492030409404
91.9	17.52847627253654
92.	17.296440792450163
92.1	17.00628171911037
92.2	16.660274201930193
92.3	16.261083644860605
92.4	15.811762310774544
92.5	15.315716176516581
92.6	14.77664174345082
92.7	14.198447855532274
92.8	13.585186944115708
92.9	12.941019327374862
93.	12.270223069444206
93.1	11.577244390256862
93.2	10.866766301340984
93.3	10.143762778151865
93.4	9.413506685766091
93.5	8.681512077288257
93.6	7.953411347618049
93.7	7.23478821755066
93.8	6.531001498022083
93.9	5.847037215180067
94.	5.187417179969499
94.1	4.556173997648266
94.2	3.956882311920167
94.3	3.392720796053766
94.4	2.8665340379465665
94.5	2.380869219509
94.6	1.9379764474445667
94.7	1.5397779538728333
94.8	1.18782374484575
94.9	0.8832550827918733
95.	0.6267914422645466
95.1	0.41874412283831003
95.2	0.25904603958558337
95.3	0.14727828603416665
95.4	0.08267390060449667
95.5	0.06408835342324333
95.6	0.08994132276617667
95.7	0.15814952296216667
95.8	0.2660795365873333
95.9	0.41054870943693333
96.	0.5878907783368666
96.1	0.7940845270551333
96.2	1.0249245981158666
96.3	1.2762002650521
96.4	1.5438451513488334
96.5	1.8240295632360999
96.6	2.1131842698460996
96.7	2.4079643204510996
96.8	2.7051772178848994
96.9	3.001706513797167
97.	3.294458079954533
97.1	3.5803441794183
97.2	3.8563050808804338
97.3	4.119355225137933
97.4	4.366635342737867
97.5	4.595454867337999
97.6	4.8033184475249335
97.7	4.987941752427833
97.8	5.147269871074034
97.9	5.2795126636969325
98.	5.3832046666024995
98.1	5.457285108802332
98.2	5.501181141774566
98.3	5.514869803586233
98.4	5.498895174575868
98.5	5.4543271255587
98.6	5.382664075599166
98.7	5.285698905830533
98.8	5.165378776203366
98.9	5.0236918805189
99.	4.862606165226933
99.1	4.684069316699267
99.2	4.490061115046199
99.3	4.2826745421672
99.4	4.064195436063233
99.5	3.8371536586376003
99.6	3.6043299188815667
99.7	3.368717145392733
99.8	3.133448281354834
99.9	2.9017092979683996
100.	2.6766553905677997
100.1	2.4613410979152333
100.2	2.2586652050852334
100.3	2.0713232734890332
100.4	1.9017579633406
100.5	1.7521010325199669
100.6	1.6241092650593667
100.7	1.5191057840081668
100.8	1.4379439028212
100.9	1.3810097820623002
101.	1.3482721404556666
101.1	1.3393744254066666
101.2	1.3537515400616666
101.3	1.390744270322
101.4	1.4496834327643333
101.5	1.5299232872016666
101.6	1.6308177297463333
101.7	1.7516487564827665
101.8	1.8915295405868333
101.9	2.0493102048694327
102.	2.223511508663333
102.1	2.4123016622259996
102.2	2.613518111625333
102.3	2.824724060742
102.4	3.043282550362667
102.5	3.266430786041667
102.6	3.491343165503333
102.7	3.715180076363
102.8	3.9351271836313337
102.9	4.148433498634667
103.	4.352454828520999
103.1	4.544703370465332
103.2	4.72289713302
103.3	4.884997992897667
103.4	5.029227093871
103.5	5.154051581804
103.6	5.258145711333333
103.7	5.3403388615930005
103.8	5.399569262301999
103.9	5.434862575840333
104.	5.445348301258333
104.1	5.430316013667333
104.2	5.389301238175666
104.3	5.322181303292667
104.4	5.229257920208666
104.5	5.111306572669667
104.6	4.969581804892666
104.7	4.805779044152333
104.8	4.621963882101667
104.9	4.420485639417333
105.	4.2038921556926665
105.1	3.9748578139396664
105.2	3.7361292523016663
105.3	3.4904861590426663
105.4	3.2407105676063335
105.5	2.989558273229333
105.6	2.739729670998
105.7	2.493842340383
105.8	2.2544114694740003
105.9	2.023844726467
106.	1.8044548912446665
106.1	1.5984875662083333
106.2	1.408154932612333
106.3	1.2356624450209999
106.4	1.083215448414
106.5	0.9529973292063333
106.6	0.8471186451706667
106.7	0.7675451606216666
106.8	0.7160189855529999
106.9	0.6939889697453334
107.	0.7025635296406666
107.1	0.7424922832996668
107.2	0.814174608794
107.3	0.9176862899176667
107.4	1.0528119388743333
107.5	1.219071721573
107.6	1.415735337469
107.7	1.6418223087419999
107.8	1.8960930828206666
107.9	2.1770383881656663
108.	2.4828739693066666
108.1	2.8115448413670006
108.2	3.160739110157
108.3	3.527908063544333
108.4	3.9102880450779995
108.5	4.304920952959333
108.6	4.708673322554667
108.7	5.118257331744333
108.8	5.530259066549999
108.9	5.9411789239259996
109.	6.347486039505334
109.1	6.745684109608999
109.2	7.132381583063333
109.3	7.504356629058
109.4	7.858607594888667
109.5	8.192382877609333
109.6	8.503189222309667
109.7	8.788782743591664
109.8	9.047150732062333
109.9	9.276493422797667
110.	9.475213211452665
110.1	9.641915108739
110.2	9.775417964843331
110.3	9.874772648330666
110.4	9.939281930373332
110.5	9.968517482323666
110.6	9.962331523484334
110.7	9.920863156635333
110.8	9.844541202698332
110.9	9.734085749521999
111.	9.590509689465334
111.1	9.415119877515
111.2	9.209516117842332
111.3	8.975585761504998
111.4	8.715492554728332
111.5	8.431660175408
111.6	8.126752821105667
111.7	7.803656334481333
111.8	7.465463029399334
111.9	7.115461565823333
112.	6.757130490839332
112.1	6.394131424477
112.2	6.030296353560666
112.3	5.669603756380665
112.4	5.316140326040666
112.5	4.974048257814333
112.6	4.647461375622333
112.7	4.340435758568666
112.8	4.056881338066999
112.9	3.8005001164776666
113.	3.574734743340333
113.1	3.3827290107513335
113.2	3.2273001870076663
113.3	3.110922395007
113.4	3.0357203365366665
113.5	3.003473018996666
113.6	3.0156270818666666
113.7	3.0733184054696663
113.8	3.1773989631096673
113.9	3.328463928833667
114.	3.526872773530333
114.1	3.7727583057573337
114.2	4.066019718656333
114.3	4.4062993754569995
114.4	4.792947337983334
114.5	5.224981195803332
114.6	5.701050407778666
114.7	6.219413514172333
114.8	6.777933453388
114.9	7.374091827340334
115.	8.005018732897998
115.1	8.667532035923333
115.2	9.358179439913
115.3	10.073278280800999
115.4	10.808950772667332
115.5	11.561155162757
115.6	12.325714794288999
115.7	13.098346903406666
115.8	13.874691399790333
115.9	14.65033788916433
116.	15.420848031848333
116.1	16.181770914461666
116.2	16.92865159447433
116.3	17.657036596352665
116.4	18.36248345539733
116.5	19.04058285397067
116.6	19.687000435088667
116.7	20.297540975416997
116.8	20.868231356812
116.9	21.395412608340667
117.	21.875827271099997
117.1	22.30668794360834
117.2	22.685716398651664
117.3	23.01114911418333
117.4	23.281712424191
117.5	23.496576488600667
117.6	23.65530015690433
117.7	23.757777966216
117.8	23.804196722161997
117.9	23.795004120263332
118.	23.730887733761996
118.1	23.612760955569332
118.2	23.441753527582666
118.3	23.219207242713665
118.4	22.946680468401667
118.5	22.625966390491662
118.6	22.259128088944667
118.7	21.848548801275662
118.8	21.396989453697998
118.9	20.907640077376
119.	20.38414943619533
119.1	19.830619493336332
119.2	19.251558105776997
119.3	18.651792780807334
119.4	18.03635760953
119.5	17.410371654236997
119.6	16.778928126144997
119.7	16.147009354709
119.8	15.519434353534665
119.9	14.900836539512001
120.	14.295661926722
120.1	13.708175109128334
120.2	13.142462131116666
120.3	12.602424684216667
120.4	12.091766446207666
120.5	11.613977015617664
120.6	11.172319864006333
120.7	10.769827727591998
120.8	10.409303336379667
120.9	10.093317954564998
121.	9.824197607117
121.1	9.603988785333332
121.2	9.434401747869334
121.3	9.316738280777333
121.4	9.251818770732
121.5	9.239927472847999
121.6	9.280792951462667
121.7	9.373612912572998
121.8	9.517121252347666
121.9	9.709683744164666
122.	9.949401148856
122.1	10.234197199795666
122.2	10.561874283537666
122.3	10.930129790648333
122.4	11.336537530169332
122.5	11.778507448055999
122.6	12.253240418879333
122.7	12.757692408239002
122.8	13.288555420972
122.9	13.842254532110333
123.	14.414954430021666
123.1	15.002567694075
123.2	15.600760841354665
123.3	16.204961168182
123.4	16.810374266418997
123.5	17.412025349741
123.6	18.004835002712
123.7	18.58373174047
123.8	19.143792265622665
123.9	19.680389509976997
124.	20.189322520723668
124.1	20.666903616912666
124.2	21.109987126691667
124.3	21.51593789094766
124.4	21.882552259259004
124.5	22.207954881385
124.6	22.490497960112
124.7	22.728685043720667
124.8	22.92113091871433
124.9	23.066556716500997
125.	23.16380943194233
125.1	23.211890930825668
125.2	23.209984074551663
125.3	23.157471030678
125.4	23.053947500632
125.5	22.89924240360533
125.6	22.69345269182033
125.7	22.436997022817998
125.8	22.130682200060996
125.9	21.77576664005233
126.	21.37399990077533
126.1	20.927619317092
126.2	20.43929418731333
126.3	19.912022048295
126.4	19.348995710807333
126.5	18.753468966726
126.6	18.12864982513133
126.7	17.477642218581
126.8	16.803442876345002
126.9	16.108984238462668
127.	15.397202148914333
127.1	14.671102500487665
127.2	13.93380511135533
127.3	13.188553877209998
127.4	12.438695328685
127.5	11.687638156504331
127.6	10.938810321572001
127.7	10.195626956777334
127.8	9.461473325942665
127.9	8.739696759808332
128.	8.033594422197
128.1	7.346383306506667
128.2	6.681145654129333
128.3	6.040754619267998
128.4	5.427796910488333
128.5	4.844516324572
128.6	4.292801092304666
128.7	3.77422825705
128.8	3.2901626646563327
128.9	2.8418916759136668
129.	2.430765078227333
129.1	2.058306995172
129.2	1.7262739385376666
129.3	1.4366480988339998
129.4	1.1915724951913333
129.5	0.9932488793256666
129.6	0.8438258086503333
129.7	0.7453014938479999
129.8	0.6994557368986666
129.9	0.707811995046
130.	0.7716196893446666
130.1	0.891842468452
130.2	1.0691415870229999
130.3	1.3038529261953333
130.4	1.5959670432033335
130.5	1.9451288491423333
130.6	2.35067330114
130.7	2.8117050129359997
130.8	3.327215470052333
130.9	3.8962166316939997
131.	4.51785981041
131.1	5.191508025600667
131.2	5.916739546964999
131.3	6.693277446797666
131.4	7.520859249460667
131.5	8.399075917449665
131.6	9.327215562822667
131.7	10.304142683455332
131.8	11.328230417117997
131.9	12.397346267170334
132.	13.508877065975001
132.1	14.659771522697664
132.2	15.846580524915996
132.3	17.065484789973667
132.4	18.312311990864668
132.5	19.582555539566336
132.6	20.871410384489334
132.7	22.173835951627332
132.8	23.484644730601666
132.9	24.798601736537336
133.	26.11051083172133
133.1	27.41526300600433
133.2	28.707830439780665
133.3	29.983206070150004
133.4	31.236306123392666
133.5	32.46186638341733
133.6	33.654366919002335
133.7	34.808012903466334
133.8	35.91678324150733
133.9	36.97453930756233
134.	37.97516976372633
134.1	38.91273953612766
134.2	39.78161384844833
134.3	40.576540159374
134.4	41.292687068679996
134.5	41.925653605172
134.6	42.471469605905
134.7	42.92660586739832
134.8	43.28800288241133
134.9	43.553113780747005
135.	43.71994637345566
135.1	43.787085677337
135.2	43.753683811021325
135.3	43.619416772160335
135.4	43.38442247529632
135.5	43.049245480132335
135.6	42.614816220575996
135.7	42.082484550503665
135.8	41.454111175041
135.9	40.732201395218
136.	39.92005016952899
136.1	39.02186124317033
136.2	38.042808321650334
136.3	36.98902125015633
136.4	35.867499764683
136.5	34.68597499685967
136.6	33.452748755258995
136.7	32.17653998273633
136.8	30.86635775433233
136.9	29.531405313357332
137.	28.181005973829002
137.1	26.82453456062933
137.2	25.471339887034336
137.3	24.13065334387167
137.4	22.811491560122665
137.5	21.522571439468667
137.6	20.272258750411332
137.7	19.068564820618
137.8	17.919191525827998
137.9	16.831607641302
138.	15.813126096225334
138.1	14.870947079583333
138.2	14.012138575380668
138.3	13.243542043802664
138.4	12.571611468871332
138.5	12.002212119220331
138.6	11.540415207899336
138.7	11.190323246358334
138.8	10.954949312779334
138.9	10.836156268935998
139.	10.834645516099666
139.1	10.949974918027998
139.2	11.180585050443334
139.3	11.523821199519332
139.4	11.975951386297334
139.5	12.532192315221666
139.6	13.18676033181833
139.7	13.932960714167336
139.8	14.763317091157667
139.9	15.669727909153332
140.	16.64362465446133
140.1	17.676102201629334
140.2	18.757997600051
140.3	19.879908399760332
140.4	21.032160444101667
140.5	22.204751456103
140.6	23.387304976430997
140.7	24.569066378914663
140.8	25.73895980938333
140.9	26.885706525087663
141.	27.997987660984997
141.1	29.06462381680766
141.2	30.074743297479998
141.3	31.017919817617
141.4	31.884274989238666
141.5	32.66455505106333
141.6	33.350199575816
141.7	33.933419295259995
141.8	34.40729131200099
141.9	34.765866731479335
142.	35.00427381382966
142.1	35.118794303632995
142.2	35.106894294229996
142.3	34.96720289246933
142.4	34.69944782677133
142.5	34.304371037819664
142.6	33.78365383037967
142.7	33.139877537511
142.8	32.37653276755767
142.9	31.49807253845067
143.	30.509988057877337
143.1	29.418876389193002
143.2	28.232469926193993
143.3	26.959608047089993
143.4	25.610147592327667
143.5	24.19482503099033
143.6	22.725093699614664
143.7	21.212960993695333
143.8	19.670843038834665
143.9	18.111441659880665
144.	16.547635804790332
144.1	14.992372140947666
144.2	13.458540275429332
144.3	11.958826547312
144.4	10.505553018172332
144.5	9.110519801523667
144.6	7.784874204158999
144.7	6.539026596797666
144.8	5.382621176634999
144.9	4.324553730377
145.	3.373013828497333
145.1	2.535520924987333
145.2	1.8189256306546666
145.3	1.2293585291913334
145.4	0.7721255799316666
145.5	0.451565730462
145.6	0.27089733535766664
145.7	0.2320819794633333
145.8	0.3357272883443333
145.9	0.581037458216
146.	0.9658066798576666
146.1	1.4864414494123332
146.2	2.137996070372367
146.3	2.914211472723
146.4	3.8075578018889993
146.5	4.809291276013
146.6	5.909540923550333
146.7	7.097438330436665
146.8	8.36129383654
146.9	9.688809066173
147.	11.067303285388999
147.1	12.483924665977
147.2	13.925819859222667
147.3	15.380245972983666
147.4	16.834624706769333
147.5	18.276553846919334
147.6	19.693801467916664
147.7	21.074309890031664
147.8	22.406229606321666
147.9	23.677990919936995
148.	24.87840767836166
148.1	25.996798045069966
148.2	27.023104762291368
148.3	27.948002058725763
148.4	28.76298568067543
148.5	29.460452185655996
148.6	30.033779365595997
148.7	30.477418875217328
148.8	30.787004946583668
148.9	30.95947223755967
149.	30.993165716032664
149.1	30.887920241173333
149.2	30.64508962136634
149.3	30.267514146426997
149.4	29.759428988952
149.5	29.126328948051338
149.6	28.37481335571433
149.7	27.512435870399997
149.8	26.547577311934663
149.9	25.489348251777997
150.	24.347515992926994
150.1	23.132442106237665
150.2	21.855014551999673
150.3	20.526562828784332
150.4	19.158753308561334
150.5	17.76347115699533
150.6	16.352701200002997
150.7	14.938420426972336
150.8	13.532509485623667
150.9	12.14668178596133
151.	10.792420318247666
151.1	9.480907555943666
151.2	8.222934954977667
151.3	7.028785384168666
151.4	5.9080919389933335
151.5	4.869686313669666
151.6	3.9214556639153333
151.7	3.070226568981667
151.8	2.3216884160216664
151.9	1.680358573054
152.	1.149581647395
152.1	0.7315484453333334
152.2	0.4273190910593333
152.3	0.2368391634306667
152.4	0.15894565986633333
152.5	0.191367881221
152.6	0.33073378333366665
152.7	0.5725930436703333
152.8	0.911464059147
152.9	1.3409051868686666
153.	1.8536036830763334
153.1	2.4414717860196666
153.2	3.095739806599333
153.3	3.8070407032279996
153.4	4.565487502855
153.5	5.360751262947667
153.6	6.182150436881665
153.7	7.018761134509
153.8	7.859552238471
153.9	8.693541627706999
154.	9.509962667956
154.1	10.298426207851
154.2	11.049063912141666
154.3	11.752643546847665
154.4	12.400653977683001
154.5	12.985364576753001
154.6	13.499868107381333
154.7	13.938116744450667
154.8	14.294957955263666
154.9	14.566172099703332
155.	14.748509004517333
155.1	14.839718324250999
155.2	14.838569086908999
155.3	14.744856950347998
155.4	14.559401799100332
155.5	14.284041413518667
155.6	13.921627498924668
155.7	13.476027894674667
155.8	12.952134081834998
155.9	12.355867906300332
156.	11.694177718869334
156.1	10.975013355910999
156.2	10.207271900399
156.3	9.400711122463333
156.4	8.565833194134333
156.5	7.713745842515
156.6	6.856010231588666
156.7	6.0044842625036665
156.8	5.1711674272803325
156.9	4.368050286293332
157.	3.6069695209773336
157.1	2.8994691889509996
157.2	2.2566701712217663
157.3	1.6891518716693001
157.4	1.2068516189572334
157.5	0.8189867779617666
157.6	0.5340019264643666
157.7	0.3595392134376666
157.8	0.3024255840513333
157.9	0.368667550653
158.	0.563443777647
158.1	0.8910881563083334
158.2	1.3550604386456666
158.3	1.9579063074106666
158.4	2.7012123071696665
158.5	3.585562247046333
158.6	4.610500421586334
158.7	5.774504223239999
158.8	7.0749659840616665
158.9	8.508182647982999
159.	10.069352853148333
159.1	11.7525838108415
159.2	13.550913640728933
159.3	15.456356781573334
159.4	17.459979320475934
159.5	19.5520071867099
159.6	21.72196404804733
159.7	23.958829374689266
159.8	26.25120276286267
159.9	28.587459911455667
160.	30.955889009398334
160.1	33.34480258514566
160.2	35.74262683747133
160.3	38.137975566554
160.4	40.51971725768966
160.5	42.877041303419006
160.6	45.199524090012666
160.7	47.47719018636066
160.8	49.70056076572167
160.9	51.86068235251666
161.	53.94913398216799
161.1	55.9580181266157
161.2	57.879947313121704
161.3	59.708041317807854
161.4	61.43594746498664
161.5	63.05788920010413
161.6	64.56873805562674
161.7	65.96409494539459
161.8	67.24036188175947
161.9	68.39478663987266
162.	69.42547030910467
162.1	70.33133841656932
162.2	71.11208643578466
162.3	71.76811617570533
162.4	72.30047862714466
162.5	72.71083172434066
162.6	73.001411057657
162.7	73.17500213051834
162.8	73.23489836589266
162.9	73.184831903196
163.	73.02887355567532
163.1	72.77131082423153
163.2	72.41652363090387
163.3	71.96888204699316
163.4	71.43268638424429
163.5	70.8121585567794
163.6	70.11147842966317
163.7	69.33484553194396
163.8	68.48654000820196
163.9	67.57095965993267
164.	66.592621403786
164.1	65.55613125384167
164.2	64.46614092459899
164.3	63.327315936893
164.4	62.14433677439666
164.5	60.92194229697399
164.6	59.665007864702005
164.7	58.37863600215332
164.8	57.06823090139566
164.9	55.739532586603
165.	54.398600915128
165.1	53.05175863508143
165.2	51.705519203693434
165.3	50.36653253484613
165.4	49.04157692660099
165.5	47.737609545280556
165.6	46.46186660338756
165.7	45.2219856639751
165.8	44.0261135312293
165.9	42.88296754961952
166.	41.801834496973
166.1	40.79251352900733
166.2	39.86522932511166
166.3	39.030550943963334
166.4	38.299346967855996
166.5	37.682789792343996
166.6	37.19239797708933
166.7	36.840084606618
166.8	36.63817007330967
166.9	36.59932383375833
167.	36.736419934709666
167.1	37.06231828226467
167.2	37.5896077134737
167.3	38.33035867720616
167.4	39.2959279437522
167.5	40.49683686738713
167.6	41.94271587014773
167.7	43.64228189839453
167.8	45.60330256717117
167.9	47.83250589515606
168.	50.33541634418266
168.1	53.11612821860234
168.2	56.17705479243933
168.3	59.518704994878995
168.4	63.13953339102267
168.5	67.03588519018633
168.6	71.20202480018966
168.7	75.63020656310033
168.8	80.31073149002833
168.9	85.23194036854332
169.	90.38011988645498
169.1	95.739335090337
169.2	101.29123497985223
169.3	107.01489551016928
169.4	112.88675866039672
169.5	118.88069902698426
169.6	124.96821040823147
169.7	131.11866862333227
169.8	137.29960719022262
169.9	143.47694729101738
170.	149.61515129271464
170.1	155.67730962293166
170.2	161.62520844612197
170.3	167.41944547393564
170.4	173.01965477818933
170.5	178.38487011604064
170.6	183.47401103820266
170.7	188.24643380552268
170.8	192.66246617055066
170.9	196.68385088081664
171.	200.27405615905064
171.1	203.39846065578496
171.2	206.024467300712
171.3	208.1216272540486
171.4	209.66185113153927
171.5	210.61975059868325
171.6	210.97310159019065
171.7	210.70337016944325
171.8	209.79621272887306
171.9	208.24186561797262
172.	206.03537491892294
172.1	203.1766720643094
172.2	199.67055453077364
172.3	195.52666200318265
172.4	190.7595342383303
172.5	185.38879750647268
172.6	179.43946577787398
172.7	172.9422832703603
172.8	165.9339995718223
172.9	158.45747195119966
173.	150.561532034725
173.1	142.300621273779
173.2	133.73426714452597
173.3	124.9265145167339
173.4	115.94542749360257
173.5	106.86273494305695
173.6	97.75362293175021
173.7	88.6966054557601
173.8	79.77335882388672
173.9	71.0684033863746
174.	62.66856118029153
174.1	54.66219373150807
174.2	47.13830263336813
174.3	40.185626260765
174.4	33.89186828637233
174.5	28.34314441640533
174.6	23.623649592827334
174.7	19.815459535072996
174.8	16.99832158513233
174.9	15.249284330896666
175.	14.642067999390001
175.1	15.246170914504333
175.2	17.12580795302433
175.3	20.338847281615166
175.4	24.935924033577237
175.5	30.959857143537896
175.6	38.4453957550547
175.7	47.41921056830473
175.8	57.899965044953774
175.9	69.8982834291716
176.	83.41648650232936
176.1	98.44807418025326
176.2	114.97705726909004
176.3	132.97733199833397
176.4	152.41231324780233
176.5	173.23498296870503
176.6	195.38838684968735
176.7	218.80646786513833
176.8	243.41501333178132
176.9	269.13245669751234
177.	295.8703343251826
177.1	323.5333344022803
177.2	352.019042988379
177.3	381.2176300854619
177.4	411.0117731132221
177.5	441.2770608443326
177.6	471.88297163450636
177.7	502.6943252567735
177.8	533.5729377713332
177.9	564.3791282511895
178.	594.9727710006282
178.1	625.2137488448586
178.2	654.961890325049
178.3	684.0766871948969
178.4	712.4172082908564
178.5	739.8426007844259
178.6	766.2133970342076
178.7	791.3935749214771
178.8	815.2530399316903
178.9	837.6700061024486
179.	858.5327236982937
179.1	877.7401564587792
179.2	895.2015110728727
179.3	910.8348749656286
179.4	924.5655112681326
179.5	936.3244921642541
179.6	946.0482715771443
179.7	953.6795217500055
179.8	959.1691660053436
179.9	962.4791529224469
180.	963.585258048881