# O+CO(0,0) elastic diff. cross section
# E = 0.4 eV
# angle, CS (1e-16 cm^2)
0.1	2.8090480413936665e6
0.2	1.5241293432293332e6
0.3	543075.3125396667
0.4	196868.1484973333
0.5	158463.25452466664
0.6	122672.82974676667
0.7	70985.78510373333
0.8	48630.0286151
0.9	37632.83077170333
1.	24202.905019966667
1.1	18905.69590345
1.2	19674.457926749998
1.3	17461.222051006665
1.4	14222.600286410001
1.5	12857.055659083333
1.6	10541.70366719
1.7	6989.207187383334
1.8	5254.25514571
1.9	5434.326821186667
2.	5291.070380976667
2.1	4594.384700953333
2.2	4431.966649393333
2.3	4420.5703441666665
2.4	3723.83157572
2.5	3066.567888493333
2.6	3272.7364816433333
2.7	3579.9415086306662
2.8	3219.1372038689997
2.9	2700.1651555466665
3.	2443.9622801453334
3.1	2084.1078278723335
3.2	1571.8748693193334
3.3	1377.4066330826665
3.4	1539.516279799333
3.5	1608.6459051556667
3.6	1437.9159643383332
3.7	1302.2940196463333
3.8	1296.0270301913333
3.9	1215.3384878166667
4.	1069.353413431
4.1	1102.1434254126666
4.2	1258.4009477793331
4.3	1231.6018164409998
4.4	1011.5431835380001
4.5	844.9366350313333
4.6	787.1632367733333
4.7	723.0924563956667
4.8	668.0278569893333
4.9	726.7698378786667
5.	850.6824414048667
5.1	868.6143988346334
5.2	745.8765911697333
5.3	617.0006323235332
5.4	547.6483350276667
5.5	482.99995519223336
5.6	434.93604402819994
5.7	477.3884967866667
5.8	568.8400512823999
5.9	589.1661142724333
6.	521.7574915004334
6.1	452.2260318396
6.2	422.94720506713327
6.3	398.9904528958999
6.4	372.5326797161334
6.5	396.6146111247666
6.6	472.4690740818667
6.7	508.4648189795
6.8	453.88197950759997
6.9	368.35619024666664
7.	312.8169152821
7.1	277.4879871966
7.2	247.28560336386664
7.3	248.67927637576668
7.4	297.4502750454
7.5	349.94357498843334
7.6	348.8027261503333
7.7	297.30641201476664
7.8	240.0155862406
7.9	191.19819604353665
8.	143.29645761547334
8.1	116.71546608929665
8.2	136.15384012615
8.3	181.87211037700666
8.4	210.80884999691332
8.5	209.14087136521664
8.6	195.77180548939
8.7	181.94600295759
8.8	157.28901588922997
8.9	125.67581029670566
9.	117.63123440168268
9.1	143.38986386795966
9.2	171.71324681387404
9.3	176.18144946455038
9.4	166.43404642039434
9.5	159.92899474336497
9.6	152.70101533483
9.7	133.97558948282
9.8	114.71877258294
9.9	118.47158372569
10.	143.65983027192465
10.1	162.430076819407
10.2	160.7177345127664
10.3	149.82210137587995
10.4	137.72409035842466
10.5	118.10671847141532
10.6	90.11422835666265
10.7	69.016580520722
10.8	69.52921236072532
10.9	86.07155560611166
11.	100.96810689763899
11.1	108.13492896536198
11.2	111.92911485223
11.3	108.75941241276001
11.4	90.99492522563332
11.5	64.21110372481066
11.6	44.008528883089674
11.7	38.47767102357333
11.8	42.57141049693999
11.9	49.38740248317333
12.	59.82572981217332
12.1	74.38499235470667
12.2	83.27102803111333
12.3	77.72844116066666
12.4	64.01489422268999
12.5	54.229134734759995
12.6	50.90538974536666
12.7	49.211096492696655
12.8	48.40063063154666
12.9	53.49078866755
13.	64.79227951303666
13.1	72.73920662417666
13.2	70.16038094013334
13.3	62.890674977283325
13.4	59.80349376097
13.5	60.46106166549333
13.6	60.21915719764999
13.7	60.197282837816665
13.8	65.39767285910668
13.9	75.1700336137
14.	81.04780493458333
14.1	77.32936094098332
14.2	68.73490435746
14.3	61.95788042202666
14.4	56.39761574986333
14.5	49.59677477924333
14.6	44.941132247123335
14.7	47.89979325472667
14.8	57.772396393289995
14.9	67.17763667513
15.	70.54559343475667
15.1	69.73373555809667
15.2	67.87428319132
15.3	62.89806717128667
15.4	52.68968738582999
15.5	41.367543489346666
15.6	35.215596493616665
15.7	35.466205924293334
15.8	38.03136133028333
15.9	39.56394177490667
16.	41.27173601896666
16.1	44.573958507183335
16.2	46.39369495303333
16.3	43.39069220494666
16.4	37.493673573879995
16.5	33.00460104657999
16.6	31.01209364838333
16.7	29.24952038242333
16.8	26.157595722466667
16.9	23.319504870646668
17.	22.545102051646666
17.1	22.21972553238
17.2	19.91513484657333
17.3	16.69124517107
17.4	15.311516411206664
17.5	16.248540637766666
17.6	17.725810303196667
17.7	18.35119012565
17.8	18.598440834683334
17.9	19.264791665116668
18.	19.13026483679667
18.1	16.44367827557
18.2	12.00628224458
18.3	8.108501984293333
18.4	5.689393086183333
18.5	4.40365933867
18.6	4.08080002962
18.7	5.174747319643333
18.8	7.920105435386668
18.9	11.08505682357
19.	12.827064080686668
19.1	12.871413029939998
19.2	12.08481909625333
19.3	10.697276874106665
19.4	8.606697220995333
19.5	6.260816413818999
19.6	4.406566582756334
19.7	3.55461636279
19.8	3.4669582024399994
19.9	3.44599351889
20.	3.4524996381633324
20.1	3.8382957757186666
20.2	4.31835744258
20.3	4.561630248248666
20.4	4.8568009819523335
20.5	5.420500884372666
20.6	6.031895180672
20.7	6.3237473018133326
20.8	6.0652482276566655
20.9	5.481588334385667
21.	4.8147743444649995
21.1	3.7168859563809997
21.2	2.1444029318023334
21.3	1.0344711191323332
21.4	1.1289579818103332
21.5	2.176640544235333
21.6	3.5860842128373336
21.7	5.078774763557333
21.8	6.732302065639667
21.9	8.308343306099001
22.	8.743762554014666
22.1	7.353400199946667
22.2	5.031622622773
22.3	3.1265215224843335
22.4	2.0034038165496666
22.5	1.394164802354
22.6	1.2981040289669998
22.7	2.1585870351193335
22.8	4.092766619902666
22.9	6.049167107877666
23.	6.713402023893334
23.1	6.149617964053999
23.2	5.364483898700333
23.3	4.777652115369333
23.4	4.113969111753
23.5	3.251461440769333
23.6	2.671245217056333
23.7	2.990787415687333
23.8	3.943493649831333
23.9	4.544485140053999
24.	4.4936290587463334
24.1	4.343222958281499
24.2	4.3669223511706665
24.3	4.2746530707999995
24.4	3.8114727662166663
24.5	3.190461498176667
24.6	2.9733442921766664
24.7	3.3288937861
24.8	3.7742913145799997
24.9	4.0333091512833334
25.	4.34007126635
25.1	4.695090491726667
25.2	4.71747028426
25.3	4.187880127821334
25.4	3.285182039733583
25.5	2.447250305614333
25.6	1.918215351919
25.7	1.5264727166266667
25.8	1.2681738702996666
25.9	1.5204174804423334
26.	2.299327833811333
26.1	3.0811136544930005
26.2	3.4717606395476666
26.3	3.511742834802333
26.4	3.438790652335
26.5	3.267542769886666
26.6	2.659187222151333
26.7	1.5725546410066666
26.8	0.6517736081158333
26.9	0.4272988134945666
27.	0.724171565281
27.1	1.1604113909376665
27.2	1.6533769458426666
27.3	2.341965430986667
27.4	3.164709037346667
27.5	3.5770885676466664
27.6	3.1139157601219996
27.7	2.114041276547333
27.8	1.272840100169
27.9	0.8130696295463333
28.	0.5645601272599999
28.1	0.4376169694163333
28.2	0.5813800233083333
28.3	1.1519757979935998
28.4	1.874873729975
28.5	2.1972885760523333
28.6	2.0136154426483333
28.7	1.690721750832
28.8	1.4456530964196666
28.9	1.2043441471179999
29.	0.8684323314363334
29.1	0.5037323127546667
29.2	0.35043890569399994
29.3	0.49822654355066665
29.4	0.7097602642956666
29.5	0.8252588243533332
29.6	0.9434408211298001
29.7	1.090899423543933
29.8	1.1560621030885334
29.9	1.0697776668774666
30.	0.8487719550194333
30.1	0.6204177136933999
30.2	0.4973382168434333
30.3	0.40837397265333336
30.4	0.314007440757
30.5	0.34010860966966666
30.6	0.49274604212566664
30.7	0.6199988830765999
30.8	0.659538630932
30.9	0.65651045281297
31.	0.6829440759103667
31.1	0.7445874106047332
31.2	0.6860170002241001
31.3	0.425822229684
31.4	0.16197055274033334
31.5	0.06689387235813332
31.6	0.07680972167266667
31.7	0.10099039389669998
31.8	0.14492050173457333
31.9	0.27342866864359333
32.	0.5133331503417333
32.1	0.6961193045379666
32.2	0.619555315937
32.3	0.37303112054233334
32.4	0.1842366123684333
32.5	0.10810334505576666
32.6	0.080359253132
32.7	0.04835267597713334
32.8	0.02862539813883333
32.9	0.11353464597533333
33.	0.28406805067566665
33.1	0.3712257233882666
33.2	0.3337491912280666
33.3	0.28750639798086663
33.4	0.2825168101869
33.5	0.2906404730007566
33.6	0.26644128403246664
33.7	0.17540317767436397
33.8	0.08411372149862334
33.9	0.07521145418223332
34.	0.10665268269289999
34.1	0.13985830930576665
34.2	0.20660839718166668
34.3	0.2813301156518
34.4	0.31674530105526666
34.5	0.3157532432882
34.6	0.2767091134013
34.7	0.2224963154479333
34.8	0.19325094737683335
34.9	0.15282047849969999
35.	0.08332018034886667
35.1	0.054404331783133336
35.2	0.07460446169193333
35.3	0.08672805060373331
35.4	0.08586117296059999
35.5	0.09101534952679999
35.6	0.12601822792529999
35.7	0.2065537334479133
35.8	0.2537837647251
35.9	0.19184387436779998
36.	0.09110762100366666
36.1	0.03924897921313333
36.2	0.03287747179673334
36.3	0.0502071689965
36.4	0.06761648725653333
36.5	0.08258321907939332
36.6	0.14248265747706668
36.7	0.22829140345543333
36.8	0.2511661775208666
36.9	0.2135681239526333
37.	0.18249457978599998
37.1	0.18164741074736668
37.2	0.2126771245595333
37.3	0.24507661177520002
37.4	0.2321679192320667
37.5	0.2058300658858
37.6	0.21334294356461336
37.7	0.2290122646784
37.8	0.23830525691736665
37.9	0.2521733330175
38.	0.2520578696414333
38.1	0.24462517010696666
38.2	0.2516871923925
38.3	0.24937906723253328
38.4	0.2344910990353333
38.5	0.23394069690009994
38.6	0.23851032589763327
38.7	0.25236840343909994
38.8	0.29617004735779995
38.9	0.3316651740262333
39.	0.3275908392622666
39.1	0.3150790869337
39.2	0.31726395445916666
39.3	0.34620676241719994
39.4	0.40425316781699994
39.5	0.4387317076633333
39.6	0.4233856600753333
39.7	0.411737831844
39.8	0.42718449370486666
39.9	0.44262492269433334
40.	0.44533880429
40.1	0.4244898142357
40.2	0.3920870539136333
40.3	0.390613271174
40.4	0.40154545132033326
40.5	0.37321141637766664
40.6	0.325330100997
40.7	0.300347579202
40.8	0.30768494529466667
40.9	0.3431561431586667
41.	0.36584558960666663
41.1	0.33782394849666664
41.2	0.2998995078665333
41.3	0.2956771832264333
41.4	0.3101092542611
41.5	0.3313955233853333
41.6	0.352090317728
41.7	0.3591186091306667
41.8	0.375589271399
41.9	0.4109298058426667
42.	0.4271093237083333
42.1	0.41954809373066665
42.2	0.41615168025999993
42.3	0.4238640261528333
42.4	0.45207091038299996
42.5	0.49183189597233334
42.6	0.49575979442766666
42.7	0.46123205588033334
42.8	0.4328318708883999
42.9	0.4242702843133333
43.	0.43176155759199997
43.1	0.4437259474763333
43.2	0.42718323183600004
43.3	0.39075874399133337
43.4	0.37868222458766665
43.5	0.385739798897
43.6	0.38624968619266664
43.7	0.38229543405399996
43.8	0.37594500309033335
43.9	0.38045500956166667
44.	0.40971617584099995
44.1	0.4256734204089999
44.2	0.3990028587093333
44.3	0.3695311380113333
44.4	0.3771667085843333
44.5	0.4265401670743333
44.6	0.5007343445283332
44.7	0.5496077624503333
44.8	0.54620484047
44.9	0.5299810540576666
45.	0.5263718928843333
45.1	0.519356729156
45.2	0.5043860582786666
45.3	0.48096732352033333
45.4	0.455263361882
45.5	0.4560215928806666
45.6	0.476338139678
45.7	0.47563185560466664
45.8	0.45568762148799996
45.9	0.44088007433183335
46.	0.43703631380926666
46.1	0.44625072022866663
46.2	0.4460715351793333
46.3	0.4032245338303333
46.4	0.342076710671
46.5	0.3101926101405
46.6	0.31483024008166666
46.7	0.34765073472636665
46.8	0.3909233392257999
46.9	0.41848990739516667
47.	0.440817142187
47.1	0.4745034575043333
47.2	0.4936822209036667
47.3	0.48228728463866666
47.4	0.45739479979599995
47.5	0.43430664043753336
47.6	0.4321747946419999
47.7	0.4539710288983333
47.8	0.46211255368399995
47.9	0.444139857262
48.	0.434458956896
48.1	0.44944065733893335
48.2	0.48002704094333337
48.3	0.506050862599
48.4	0.4926655487803333
48.5	0.44040714524833335
48.6	0.3924942763306667
48.7	0.3629541435546
48.8	0.3396517443647
48.9	0.32491677006249997
49.	0.31958211486143334
49.1	0.3292972710598333
49.2	0.36550535057733335
49.3	0.40116504406076664
49.4	0.4009944112695667
49.5	0.37844094146496665
49.6	0.359790529254
49.7	0.3545190700673333
49.8	0.36298571673746666
49.9	0.3589595416020666
50.	0.3214057903479667
50.1	0.2822318583711
50.2	0.2760987670252
50.3	0.2989445544723333
50.4	0.3353376715023333
50.5	0.3606051720333333
50.6	0.35536698419299995
50.7	0.3384240618433333
50.8	0.32520598185
50.9	0.300334501973
51.	0.26435470821539997
51.1	0.2348014216839
51.2	0.22120824535419997
51.3	0.23508511988286662
51.4	0.2670350990967
51.5	0.2808261220759667
51.6	0.27275771561946666
51.7	0.2702526617674
51.8	0.28210507320326667
51.9	0.30363853044146666
52.	0.3191368198093
52.1	0.3024471967316333
52.2	0.2631691978836
52.3	0.23734810452676663
52.4	0.2316280600947333
52.5	0.23739674150353335
52.6	0.25167848022886663
52.7	0.26394929527
52.8	0.2752406908373333
52.9	0.293279206852
53.	0.29732379773099993
53.1	0.27148868492486666
53.2	0.23577550931366667
53.3	0.21025212698559997
53.4	0.20452915037123334
53.5	0.21940803488836663
53.6	0.2288839372102333
53.7	0.21632964073473332
53.8	0.20528757618203333
53.9	0.2139785333204
54.	0.23740812007486667
54.1	0.2670065252845
54.2	0.2833782217437
54.3	0.27628607688476664
54.4	0.26593051651925
54.5	0.26091273020849
54.6	0.2484268954202266
54.7	0.231083807914
54.8	0.2175320212061
54.9	0.21214535467653334
55.	0.22433650296
55.1	0.24148524312783332
55.2	0.23437812527186666
55.3	0.20680222398776665
55.4	0.18251266410956662
55.5	0.17138302778976666
55.6	0.17532405716150667
55.7	0.17887712324673333
55.8	0.15783105598016664
55.9	0.12332952120586665
56.	0.10377854317626667
56.1	0.10284886688469999
56.2	0.11441713336344667
56.3	0.12969044389202666
56.4	0.13507749049323567
56.5	0.13823265930945333
56.6	0.15179564324453665
56.7	0.1611888216652
56.8	0.15517289389716665
56.9	0.14305284021793332
57.	0.13253820242343667
57.1	0.13350921888147332
57.2	0.14871280040265666
57.3	0.15524367943852
57.4	0.14231829305903332
57.5	0.13004497471263332
57.6	0.13150298259373333
57.7	0.14546629026389998
57.8	0.16298591046106664
57.9	0.16078287873233332
58.	0.1331652843486333
58.1	0.10595415817551668
58.2	0.09290463437685666
58.3	0.08873228543104333
58.4	0.09083040521833666
58.5	0.09227733179533333
58.6	0.09271065946356667
58.7	0.105963717327
58.8	0.12619583361679998
58.9	0.13354849278143333
59.	0.13002713226309998
59.1	0.1263604708851
59.2	0.12849086663396664
59.3	0.14189680644026667
59.4	0.15293298755273332
59.5	0.1423242458104
59.6	0.1230704545557
59.7	0.11843470085766666
59.8	0.13203931337139999
59.9	0.15734825845266665
60.	0.1756915167293333
60.1	0.16843319902833334
60.2	0.14812030132826665
60.3	0.1351369299875
60.4	0.12748321478559999
60.5	0.12102687974336668
60.6	0.11526592159313333
60.7	0.10776132467836666
60.8	0.10846461583246665
60.9	0.122041983731
61.	0.130220180854
61.1	0.12554031922266667
61.2	0.1209610614811
61.3	0.1247884085615
61.4	0.14079762363033332
61.5	0.16185469724899998
61.6	0.16428438812066667
61.7	0.14471433028766667
61.8	0.12735573474473333
61.9	0.1256645538626
62.	0.13751090046199999
62.1	0.15286597443333333
62.2	0.1523436988465
62.3	0.1343184642517
62.4	0.11920315682776667
62.5	0.11233522076819999
62.6	0.10612935182183332
62.7	0.10045954022106665
62.8	0.09408234451293332
62.9	0.090247369732
63.	0.09810407827743334
63.1	0.10729365125286668
63.2	0.10185699312096666
63.3	0.089572304761
63.4	0.08385156346196666
63.5	0.08978671349646666
63.6	0.10746061144156667
63.7	0.12033191221383333
63.8	0.11296205843606666
63.9	0.09959192892436666
64.	0.09905899788130001
64.1	0.11182889200636666
64.2	0.13161002016649997
64.3	0.14448706464276667
64.4	0.13916928581816668
64.5	0.127750382849
64.6	0.12208235194276665
64.7	0.1153500086701
64.8	0.10519262083156666
64.9	0.09590807127206664
65.	0.0897741732631
65.1	0.09473306476246665
65.2	0.10843383267563333
65.3	0.11142732308023331
65.4	0.10056019424573333
65.5	0.09157430315266665
65.6	0.09341603589526666
65.7	0.10763807978476665
65.8	0.1241140313491
65.9	0.122002048694
66.	0.1027923058027
66.1	0.090034327267
66.2	0.09449147103559999
66.3	0.1130356732907
66.4	0.13603582721843333
66.5	0.1472636026409
66.6	0.14612410547733332
66.7	0.14659832880473334
66.8	0.14744140612296666
66.9	0.14064180375773333
67.	0.12907290930089999
67.1	0.11647059234869667
67.2	0.10963486474149334
67.3	0.11561358112553999
67.4	0.12208841863943333
67.5	0.11563357082096999
67.6	0.10588936720657666
67.7	0.1060640193271
67.8	0.119912895449
67.9	0.1430971319089333
68.	0.1556008958033
68.1	0.14310838423349997
68.2	0.121132202564
68.3	0.109703053391
68.4	0.1131262717412
68.5	0.12799909980113333
68.6	0.14155049255876664
68.7	0.14393992373316666
68.8	0.14589572846569998
68.9	0.15568191216833333
69.	0.1645343909522
69.1	0.16683657395839996
69.2	0.16190390217323333
69.3	0.15073195235396666
69.4	0.14368920365756666
69.5	0.14323040256626665
69.6	0.13693027914413333
69.7	0.12459887222548
69.8	0.11840680459532
69.9	0.12404200143865332
70.	0.1424674334151
70.1	0.16387793633463332
70.2	0.16870565544869998
70.3	0.15676597960773334
70.4	0.14582420055343331
70.5	0.14404066835906665
70.6	0.15079087217623333
70.7	0.16007029102396667
70.8	0.16029694737939998
70.9	0.1548418705813333
71.	0.1585690626354333
71.1	0.17092512703981333
71.2	0.18310065966543332
71.3	0.19128861810616998
71.4	0.19113054863742332
71.5	0.18575041368654333
71.6	0.18337505292305667
71.7	0.17795017083373335
71.8	0.16280302300916666
71.9	0.14767263877463332
72.	0.14245009161456668
72.1	0.15050160730086665
72.2	0.16942243781629998
72.3	0.1823910543102
72.4	0.17708221935786667
72.5	0.1652771038739
72.6	0.16118160872146667
72.7	0.16702736414206668
72.8	0.1791415899579
72.9	0.1851967990183
73.	0.1778425979135
73.1	0.1703678711938333
73.2	0.17432109997263334
73.3	0.18577031067696664
73.4	0.1997150566718
73.5	0.21022702573363333
73.6	0.21265105562913333
73.7	0.2134685843263
73.8	0.21410814303196668
73.9	0.2049015028718
74.	0.18744611844846665
74.1	0.173078699204
74.2	0.1686987226856
74.3	0.17809135338356666
74.4	0.19296922710403333
74.5	0.19469942895826667
74.6	0.18232561062839997
74.7	0.17141834218526666
74.8	0.17052213887149997
74.9	0.17979435651249998
75.	0.19014247491546668
75.1	0.18625215368246667
75.2	0.17068745149279999
75.3	0.1612327096459
75.4	0.16436075569463332
75.5	0.17647446261689997
75.6	0.19094597291103332
75.7	0.19734725443329998
75.8	0.19609864694079998
75.9	0.19647264070603332
76.	0.19562060960893335
76.1	0.18731168533726666
76.2	0.17537485334453332
76.3	0.1643938750701
76.4	0.1600082309109
76.5	0.16674815019113332
76.6	0.17427337818033334
76.7	0.17192782894433334
76.8	0.1663565604128333
76.9	0.16619323818906664
77.	0.17320002655583333
77.1	0.18455285399866667
77.2	0.18717371825333334
77.3	0.17272610133616664
77.4	0.15410517136173332
77.5	0.14566874346936665
77.6	0.14927011591486666
77.7	0.16163123328259998
77.8	0.17294072984336664
77.9	0.1755579151897
78.	0.17700641222556668
78.1	0.18273037243966667
78.2	0.18600518037713334
78.3	0.18354426501036664
78.4	0.1759400372489333
78.5	0.1645815422058
78.6	0.15754459685536665
78.7	0.15656544617033333
78.8	0.1521730009907
78.9	0.1445378095789333
79.	0.14299916669716667
79.1	0.15132240459953333
79.2	0.1690271120785
79.3	0.18677492564233333
79.4	0.18802205174166664
79.5	0.17269523688516666
79.6	0.15626575329113332
79.7	0.14752060427163333
79.8	0.14755827403586666
79.9	0.15122670924566667
80.	0.14789051683499999
80.1	0.13960313639483332
80.2	0.13934367600416667
80.3	0.14883028068466667
80.4	0.1618420285649
80.5	0.1735210150533333
80.6	0.17772171031953332
80.7	0.17578409141703333
80.8	0.17494050746533332
80.9	0.17137714949533334
81.	0.15954186694733333
81.1	0.14609304640973333
81.2	0.13918846558549997
81.3	0.1439055022236
81.4	0.16054717521633333
81.5	0.17535070419566667
81.6	0.175922227072
81.7	0.16964070985999996
81.8	0.16851257760649999
81.9	0.1760545821597
82.	0.18822804634666662
82.1	0.19061804206900002
82.2	0.17377579350333333
82.3	0.150616044978
82.4	0.1382582695675
82.5	0.14066885394899997
82.6	0.15352671349466668
82.7	0.16507398155733333
82.8	0.16578825417933335
82.9	0.16258541857233333
83.	0.163684473946
83.1	0.1652916712453333
83.2	0.16362317192366665
83.3	0.15732601149466666
83.4	0.14597889886866666
83.5	0.13663078596866665
83.6	0.13237021817
83.7	0.12495480792133334
83.8	0.11296224449633332
83.9	0.10448235231469999
84.	0.1044628704766
84.1	0.1146189114626
84.2	0.1281797494304333
84.3	0.12929186842126666
84.4	0.1153408653597
84.5	0.10030833475343333
84.6	0.09450847832876666
84.7	0.09994353641306666
84.8	0.10997822122719998
84.9	0.1104033160531
85.	0.09934413836283332
85.1	0.0905408714846
85.2	0.09151650944523333
85.3	0.10002322312606667
85.4	0.11002920605076666
85.5	0.1115937750576
85.6	0.10365299587023331
85.7	0.09671728393966667
85.8	0.09384433035346665
85.9	0.09089878449956665
86.	0.0877162215406
86.1	0.08381138230606666
86.2	0.0807274657668
86.3	0.08383477631436666
86.4	0.08895967669593333
86.5	0.08755113337566667
86.6	0.08222758781579999
86.7	0.0788943042987
86.8	0.07993342991256666
86.9	0.08636578436583334
87.	0.09062346753906665
87.1	0.08375766759563333
87.2	0.07190975551803333
87.3	0.06573727503473333
87.4	0.06753501055953333
87.5	0.07531913336493333
87.6	0.0810175455125
87.7	0.0762213398325
87.8	0.06692268761959999
87.9	0.06312101885006667
88.	0.06476920954273332
88.1	0.06925900685043332
88.2	0.07297382448576666
88.3	0.0712633895478
88.4	0.06840289897446666
88.5	0.069727462032
88.6	0.07073538562046666
88.7	0.06907169960943332
88.8	0.06816577987233333
88.9	0.06928200689609999
89.	0.07493247768913333
89.1	0.08460967446496666
89.2	0.088772091914
89.3	0.08462726437286666
89.4	0.08134036158649999
89.5	0.08519436744853333
89.6	0.09713091115283334
89.7	0.11237599083649999
89.8	0.11820940461069998
89.9	0.11057964950756666
90.	0.10065297467596665
90.1	0.09701174421693333
90.2	0.10058660554356666
90.3	0.10820287570029999
90.4	0.11073380678663333
90.5	0.1050803197748
90.6	0.1002932603468
90.7	0.10090362294513333
90.8	0.10378841575533332
90.9	0.10721313817259999
91.	0.1080377531607
91.1	0.10550224028256666
91.2	0.10530070932703334
91.3	0.10648362923126667
91.4	0.10236461946639999
91.5	0.09477604780183332
91.6	0.0893863541555
91.7	0.08975780430076666
91.8	0.09853775207923333
91.9	0.10887717846321332
92.	0.10921959082386667
92.1	0.10158549777670667
92.2	0.09611707431715667
92.3	0.09780883695308332
92.4	0.10644060568489666
92.5	0.11296332139109
92.6	0.10570732621856667
92.7	0.08905631230606666
92.8	0.07728541033996666
92.9	0.07670288885053332
93.	0.08581564148806665
93.1	0.09611891132699998
93.2	0.0967802524752
93.3	0.09071841923958998
93.4	0.08944112698536
93.5	0.09536780505210332
93.6	0.10483754261445
93.7	0.11279899237596666
93.8	0.1129700216489
93.9	0.10795746729763334
94.	0.10560553658626666
94.1	0.10466676126796667
94.2	0.10173952890346667
94.3	0.09882293274023335
94.4	0.09703215616040001
94.5	0.09859546438676665
94.6	0.10501174653829999
94.7	0.10824442684036667
94.8	0.1021938107973
94.9	0.09325930828896664
95.	0.08881042717873333
95.1	0.09155660283236666
95.2	0.09929786781373331
95.3	0.1007180527232
95.4	0.08877328618176668
95.5	0.07304993432543333
95.6	0.06540286217266666
95.7	0.06926120378666667
95.8	0.0813337905034
95.9	0.09013576632676665
96.	0.0874522504686
96.1	0.08080660854843333
96.2	0.07977803064513334
96.3	0.08481803658686667
96.4	0.09263321973176666
96.5	0.09617728226649999
96.6	0.0904076823079
96.7	0.08209304998253333
96.8	0.07830754776456667
96.9	0.07727588679056666
97.	0.07775494913123333
97.1	0.07947588252413333
97.2	0.08116343241503332
97.3	0.08624505645370001
97.4	0.09506243771433333
97.5	0.09982953353246667
97.6	0.09842367714233333
97.7	0.09586111396826666
97.8	0.0952193903826
97.9	0.0990201572447
98.	0.10507285842603332
98.1	0.10434205190703333
98.2	0.09641660654753333
98.3	0.09132962192173333
98.4	0.09504893757273333
98.5	0.10774345292696666
98.6	0.12363921170253334
98.7	0.13082208066743334
98.8	0.12646904967363332
98.9	0.12001993466426666
99.	0.11719943519659999
99.1	0.1176863570563
99.2	0.11864116134053333
99.3	0.11346279532776667
99.4	0.10226899430386667
99.5	0.09476308784943333
99.6	0.09499822584273333
99.7	0.10037214241166666
99.8	0.1090857412827
99.9	0.11717551251069999
100.	0.12287820527336668
100.1	0.129807849659
100.2	0.13568718824383333
100.3	0.13468773587299998
100.4	0.1287541765409
100.5	0.12218300466229999
100.6	0.1179833655176
100.7	0.11953177531936665
100.8	0.12269534225603332
100.9	0.12023658817163332
101.	0.11570115436326667
101.1	0.11667229863083334
101.2	0.12518146848276668
101.3	0.13941260463983332
101.4	0.15043599848653333
101.5	0.1481072377018
101.6	0.13637474526069998
101.7	0.1264968903813667
101.8	0.12333192008523332
101.9	0.12677001766973334
102.	0.13098638093666665
102.1	0.12809258356779998
102.2	0.12169847131219999
102.3	0.12130921309409999
102.4	0.12830282966226664
102.5	0.13953808353786668
102.6	0.14983061076506665
102.7	0.152236540365
102.8	0.1481376614295
102.9	0.14380092453006665
103.	0.1385723161719
103.1	0.13118087660403333
103.2	0.12419187318299998
103.3	0.11848295154896667
103.4	0.11676539773129999
103.5	0.12145636114776666
103.6	0.12635466995489997
103.7	0.12650948699386666
103.8	0.1259690888416
103.9	0.12848466033786665
104.	0.13537789345706666
104.1	0.14510716747196664
104.2	0.14831650909413333
104.3	0.13943593624349998
104.4	0.1264809801029
104.5	0.11883646652506666
104.6	0.11998622265826667
104.7	0.12824373545726664
104.8	0.133885585604
104.9	0.1300017607224
105.	0.12350612956873333
105.1	0.12281061041086666
105.2	0.12870067164283333
105.3	0.1378037640957
105.4	0.14165654509216666
105.5	0.13447993074773332
105.6	0.12344160855923332
105.7	0.11720661232263332
105.8	0.11629459397983334
105.9	0.11893767882333334
106.	0.12090557420573333
106.1	0.11818690372896667
106.2	0.11534558869233333
106.3	0.11686843887396667
106.4	0.11950254387523332
106.5	0.12128094126503333
106.6	0.12218400759103333
106.7	0.12089446994153333
106.8	0.12001834067026665
106.9	0.12067308108199999
107.	0.11747766747446667
107.1	0.11009525528956667
107.2	0.10446400109786665
107.3	0.10353251829813333
107.4	0.10851072795533334
107.5	0.11655819001323334
107.6	0.11850819075636666
107.7	0.11249223156053334
107.8	0.1069286959916
107.9	0.10751537388433333
108.	0.1151429033086
108.1	0.12595001994496666
108.2	0.1299911566107
108.3	0.12441509529273333
108.4	0.11810766165396665
108.5	0.11754009524310001
108.6	0.12316628860339998
108.7	0.13201458468333332
108.8	0.13599149263569998
108.9	0.13197326188626668
109.	0.1273172027120333
109.1	0.12677314699870001
109.2	0.1292997981416
109.3	0.13369286629389998
109.4	0.13593633831493335
109.5	0.13413057800856665
109.6	0.13361010345213334
109.7	0.13602442355406666
109.8	0.1375763959703
109.9	0.1379397013716
110.	0.13710895837669998
110.1	0.13477752433883333
110.2	0.13456214965876667
110.3	0.1359042394162333
110.4	0.1336184692061
110.5	0.12910232283986667
110.6	0.1266890875214
110.7	0.12754947377263331
110.8	0.13281029036093334
110.9	0.13883298973413333
111.	0.13801864709019998
111.1	0.1316697023318
111.2	0.12679803514389998
111.3	0.12587761034649997
111.4	0.1289416601061333
111.5	0.1319248914412
111.6	0.1274754133238
111.7	0.11771924166116665
111.8	0.11193410134063334
111.9	0.11371689690233333
112.	0.12229884317273332
112.1	0.13342526456929998
112.2	0.13897253165536666
112.3	0.1382634104935
112.4	0.13787220701129999
112.5	0.13928448224513332
112.6	0.14103196750906666
112.7	0.14210187321969997
112.8	0.1388723694327
112.9	0.13218610325006666
113.	0.12810965382923334
113.1	0.12698310193723333
113.2	0.12680107478433333
113.3	0.12922978379049999
113.4	0.1338972646783
113.5	0.1403765699833333
113.6	0.14993214437253333
113.7	0.1575344141827333
113.8	0.15745238897233332
113.9	0.15258940460203332
114.	0.14720446706216667
114.1	0.1435142299178
114.2	0.1432699077666
114.3	0.1417364002655
114.4	0.13356583703326666
114.5	0.12393009339323331
114.6	0.12032412129016667
114.7	0.12478915967556665
114.8	0.1359444962998
114.9	0.14574883509873332
115.	0.14546879687076666
115.1	0.13842344528836664
115.2	0.1326795056847
115.3	0.13067222056373332
115.4	0.1317575787303
115.5	0.13077923382696666
115.6	0.12165080046366666
115.7	0.10908936601856667
115.8	0.10225049357169999
115.9	0.1030714297966
116.	0.10987966307706666
116.1	0.11807464306509999
116.2	0.12090013052
116.3	0.119512563952
116.4	0.11913407886066665
116.5	0.1186767847018
116.6	0.11639116025896667
116.7	0.11250886421526668
116.8	0.10569467522039999
116.9	0.09874727185646666
117.	0.0960959611235
117.1	0.09500561951539999
117.2	0.09314419467696666
117.3	0.09350284418286665
117.4	0.09717842279616665
117.5	0.10457618286643333
117.6	0.11486678389513333
117.7	0.12020012723723335
117.8	0.11567213676463331
117.9	0.10704969778033332
118.	0.10066862033346666
118.1	0.09937312742213333
118.2	0.10250762635963334
118.3	0.10191434186440002
118.4	0.0924670636758
118.5	0.08190732380009999
118.6	0.0792967574874
118.7	0.08688564691546666
118.8	0.10113856010813334
118.9	0.11087143673133333
119.	0.10770776645869998
119.1	0.09800892753623333
119.2	0.09192558428643333
119.3	0.09270255381686666
119.4	0.09842111643316666
119.5	0.100875534057
119.6	0.09316358480060001
119.7	0.08152118979813333
119.8	0.07583204248343332
119.9	0.07822728045436667
120.	0.08650847151566667
120.1	0.09419454564333332
120.2	0.09436498759520001
120.3	0.09026040616166667
120.4	0.08837932356553332
120.5	0.08827525000123333
120.6	0.08836114488949999
120.7	0.08717738949306665
120.8	0.08219193491593332
120.9	0.07688210886136665
121.	0.07578641304619999
121.1	0.0759901085269
121.2	0.07538677973383333
121.3	0.0757977501169
121.4	0.07728194424096665
121.5	0.08130020568286667
121.6	0.0881342055733
121.7	0.09096681210383334
121.8	0.08654146217506666
121.9	0.08040795099316667
122.	0.07718819691373334
122.1	0.07896183760806666
122.2	0.08423143409053332
122.3	0.08422150469266666
122.4	0.0750111712301
122.5	0.06501690944946666
122.6	0.062534131484
122.7	0.06961727214476666
122.8	0.08227990849783334
122.9	0.08882299688923334
123.	0.08265654004696667
123.1	0.07235785377683333
123.2	0.068563283478
123.3	0.07435024532296666
123.4	0.0860912978077
123.5	0.09253689442826665
123.6	0.0861157493692
123.7	0.07457820043316667
123.8	0.06904269148903333
123.9	0.07275415265116666
124.	0.08306771526116666
124.1	0.0908685772469
124.2	0.08848069768853334
124.3	0.08136267224509999
124.4	0.07845779680653332
124.5	0.08119432543623331
124.6	0.0875088702772
124.7	0.09195996550140001
124.8	0.08905808540309998
124.9	0.08314595265953334
125.	0.08107745226946665
125.1	0.08228469613089999
125.2	0.085075932543
125.3	0.08792468212900001
125.4	0.0880013074946
125.5	0.08813262101816667
125.6	0.09196898699482667
125.7	0.09584373075834335
125.8	0.09731570403086666
125.9	0.09808444471643665
126.	0.09806225778886299
126.1	0.09871419772836666
126.2	0.10073969676964667
126.3	0.09823305195423333
126.4	0.08912918212586998
126.5	0.07986600244500999
126.6	0.07528028302209999
126.7	0.07727866161856667
126.8	0.08417556275823332
126.9	0.08704159701153666
127.	0.08170703984443667
127.1	0.07600403620272667
127.2	0.07733679118323332
127.3	0.08709133713205333
127.4	0.10113042986644666
127.5	0.10781115424099999
127.6	0.1004674407726
127.7	0.08739911720787999
127.8	0.07906051198979332
127.9	0.07905647180240999
128.	0.08508287123275332
128.1	0.08723913433849667
128.2	0.07861919527729999
128.3	0.06680639372899633
128.4	0.06222093710297034
128.5	0.06752400417527765
128.6	0.07990269489378732
128.7	0.09010086360771
128.8	0.09009447468713999
128.9	0.08500060789297999
129.	0.08357533870032666
129.1	0.08726980116643332
129.2	0.09411521416197333
129.3	0.09848839356535
129.4	0.09466452479525
129.5	0.08738248991216668
129.6	0.08452229265517666
129.7	0.08642069329537999
129.8	0.09132585520415999
129.9	0.09631337808264331
130.	0.09670584566021334
130.1	0.09466259888782999
130.2	0.09483068613880331
130.3	0.09518761736998
130.4	0.09425059150164335
130.5	0.0933437462745
130.6	0.09149509148489
130.7	0.09042931881812666
130.8	0.09254262183596665
130.9	0.09357292295733667
131.	0.09145899415159332
131.1	0.09059288591260001
131.2	0.0930087122505
131.3	0.09918182384783332
131.4	0.10793296988196667
131.5	0.11127163068993332
131.6	0.10487338034576665
131.7	0.09518067527413333
131.8	0.08837234053525
131.9	0.08672352112996998
132.	0.08928675143630666
132.1	0.08784094169061665
132.2	0.07735852255120666
132.3	0.06554707013254665
132.4	0.061082117221163336
132.5	0.0663547955597
132.6	0.07899128732506666
132.7	0.0889951913989
132.8	0.08838917095926666
132.9	0.08298592687923333
133.	0.0815761557169
133.1	0.0862548058738
133.2	0.0947942828428
133.3	0.09871071566836666
133.4	0.0905896586862
133.5	0.07660307634903332
133.6	0.0671506066743
133.7	0.0653746022803
133.8	0.07014937800693333
133.9	0.07504504315986665
134.	0.07258993930343333
134.1	0.0666644529818
134.2	0.06572835646126665
134.3	0.07106724531349999
134.4	0.08087277088753332
134.5	0.09051395162943332
134.6	0.09321889236803334
134.7	0.0909581720514
134.8	0.09039192138053333
134.9	0.09166750297479999
135.	0.09355157903709999
135.1	0.09519335065516667
135.2	0.09291532665776665
135.3	0.08814160033086667
135.4	0.08577841712846665
135.5	0.08427895488273332
135.6	0.0819717292619
135.7	0.08094756531203333
135.8	0.08052125999379998
135.9	0.08130831051726667
136.	0.08558415574673334
136.1	0.0890605047651
136.2	0.08831315508036666
136.3	0.08729054465476667
136.4	0.08838925694103333
136.5	0.09212788000256666
136.6	0.09877326405833332
136.7	0.10189869827263333
136.8	0.09647972795029999
136.9	0.0882205970317
137.	0.08340356951879999
137.1	0.08397765603873333
137.2	0.08956671361673332
137.3	0.0925122740754
137.4	0.08587268401619999
137.5	0.07546803539960001
137.6	0.0700278836065
137.7	0.07240478386283333
137.8	0.08162415624933334
137.9	0.08929236030509999
138.	0.08659153705953333
138.1	0.07832730281543333
138.2	0.07452825033419999
138.3	0.07869987583036667
138.4	0.08974370618926666
138.5	0.099712070238
138.6	0.09893327809386666
138.7	0.09090306558143332
138.8	0.08604486883909998
138.9	0.08800967173386666
139.	0.09550992064493333
139.1	0.10175000189673333
139.2	0.09734979387513333
139.3	0.08499000787423333
139.4	0.0757398202332
139.5	0.07421125969959999
139.6	0.0799293873947
139.7	0.08822372694643334
139.8	0.09042407902119999
139.9	0.0870189170721
140.	0.08697137368886666
140.1	0.0932289326704
140.2	0.1041209157709
140.3	0.11615266516966666
140.4	0.12152308108393331
140.5	0.11855984585546667
140.6	0.11388265596723332
140.7	0.10946442800776665
140.8	0.10442831496789998
140.9	0.09992110957626665
141.	0.09371232523693332
141.1	0.08584409527876666
141.2	0.08201552066803333
141.3	0.08232788726316667
141.4	0.08371436532216667
141.5	0.08784382980106667
141.6	0.09443906860313334
141.7	0.10219382533389999
141.8	0.11297348027896666
141.9	0.12284358993349999
142.	0.12523425521666665
142.1	0.12214288867583334
142.2	0.11732711212146665
142.3	0.11223185856013332
142.4	0.10973872999476667
142.5	0.10688793701419999
142.6	0.09759707110529998
142.7	0.08600783029253334
142.8	0.07997370503413333
142.9	0.0821046720868
143.	0.09272823947576667
143.1	0.10526461899743333
143.2	0.10935061816216665
143.3	0.10680731287606667
143.4	0.10696331864783333
143.5	0.11349624263889999
143.6	0.1256498690162
143.7	0.135789352549
143.8	0.13233815709966668
143.9	0.11742533116403332
144.	0.1046201236185
144.1	0.10203798432139999
144.2	0.11059750128743331
144.3	0.12282316945539998
144.4	0.1249224978322
144.5	0.1154462688127
144.6	0.106993484197
144.7	0.1081133660002
144.8	0.11946465195093332
144.9	0.1340674433282
145.	0.13793060574073335
145.1	0.12776998311683332
145.2	0.11612387688999999
145.3	0.11303281340876666
145.4	0.12020707118099999
145.5	0.1327317511998
145.6	0.13811751893986668
145.7	0.13153336722776665
145.8	0.12372652441726667
145.9	0.12369586420813333
146.	0.13157438645496666
146.1	0.142514524762
146.2	0.14516994379133333
146.3	0.13385847794136665
146.4	0.11868204995763333
146.5	0.10983383699003335
146.6	0.10883869172896667
146.7	0.11370389938709999
146.8	0.11650347036739997
146.9	0.11120899572853334
147.	0.10515426324726668
147.1	0.10631491871373333
147.2	0.11409208122133332
147.3	0.12626410679399996
147.4	0.136590846366
147.5	0.13786626510333333
147.6	0.13369399633299997
147.7	0.12955805005999999
147.8	0.12405873765599998
147.9	0.11774965458566668
148.	0.111127694023
148.1	0.1017233356328
148.2	0.09355970583379998
148.3	0.09102094187843332
148.4	0.09054537118
148.5	0.09155972481716668
148.6	0.09664803139313333
148.7	0.10404843269033333
148.8	0.11438673934049999
148.9	0.127596486471
149.	0.13562843901033333
149.1	0.13535572162266665
149.2	0.13194143454633334
149.3	0.127619929199
149.4	0.12451889115766668
149.5	0.12357282590000002
149.6	0.11749547856789999
149.7	0.10407600941879999
149.8	0.09248083282786665
149.9	0.08899613058526665
150.	0.09534478563973332
150.1	0.10956478896233332
150.2	0.12027873942423331
150.3	0.12072588443896666
150.4	0.11918378639366667
150.5	0.12356487736733335
150.6	0.135072519891
150.7	0.150237760509
150.8	0.15631935873166666
150.9	0.145037865005
151.	0.12676195226266665
151.1	0.11493312795916666
151.2	0.11443908995943333
151.3	0.12334410838826666
151.4	0.1289048209197
151.5	0.1200880382072
151.6	0.10550891887393332
151.7	0.09986053108569999
151.8	0.10826203879856666
151.9	0.12767804280646666
152.	0.14399050000933333
152.1	0.14269693417633333
152.2	0.12981434527966665
152.3	0.12146042971946666
152.4	0.12475102045599998
152.5	0.13810173415033333
152.6	0.14914625251766667
152.7	0.14268075496466665
152.8	0.12313932476299999
152.9	0.1080646239371
153.	0.10647149644486667
153.1	0.11770311827856667
153.2	0.1306044814113
153.3	0.12867996242219998
153.4	0.11313804860283333
153.5	0.10101475700713333
153.6	0.10219057625543333
153.7	0.11647386910933333
153.8	0.13417534844266665
153.9	0.13837772047099997
154.	0.12712533648366667
154.1	0.11631044734866666
154.2	0.11646031419066667
154.3	0.12783791850166665
154.4	0.14266029188283333
154.5	0.14485781544653334
154.6	0.13018816230976665
154.7	0.11367792403273333
154.8	0.10722032266886668
154.9	0.11237781951606665
155.	0.12409150898896666
155.1	0.12824418461223333
155.2	0.11841240977463333
155.3	0.10731656072293333
155.4	0.10647942178863334
155.5	0.11698106597869998
155.6	0.1348415239295
155.7	0.1472201134769
155.8	0.14489890452236664
155.9	0.13696872756363332
156.	0.1338040810512
156.1	0.13631654573426666
156.2	0.14310659914776663
156.3	0.14598533471733333
156.4	0.13685893519133333
156.5	0.12360525504299998
156.6	0.11645176943083331
156.7	0.11583823348593332
156.8	0.12138704989523331
156.9	0.12821250558526667
157.	0.1282702073366333
157.1	0.12620186971509997
157.2	0.12962921875263334
157.3	0.13612308755036664
157.4	0.14393534320549997
157.5	0.1505460185983
157.6	0.1489878881561
157.7	0.1424008521201
157.8	0.1382802828266
157.9	0.13451603973033333
158.	0.130653442001
158.1	0.12881056321466666
158.2	0.12490724117673335
158.3	0.12038518797083334
158.4	0.12067485978556666
158.5	0.12153422661659999
158.6	0.12095113450216666
158.7	0.12354742579916667
158.8	0.1275206193642333
158.9	0.13197929666723332
159.	0.13912101431993332
159.1	0.1417380778503
159.2	0.13573378264456665
159.3	0.1290399209772667
159.4	0.12541569895409999
159.5	0.12560978144626667
159.6	0.13143818784366665
159.7	0.13407799177853333
159.8	0.12628749388103333
159.9	0.11661683439316667
160.	0.11251222756620001
160.1	0.11547765267336665
160.2	0.12648037512003332
160.3	0.13527915786556666
160.4	0.1311367767741
160.5	0.12182552196963332
160.6	0.11771412937096666
160.7	0.12111638020583333
160.8	0.13253340428403332
160.9	0.1417346569604
161.	0.13612073468676666
161.1	0.1233834743534
161.2	0.11746044175066667
161.3	0.12177504349033333
161.4	0.135300985682
161.5	0.14645290038666664
161.6	0.13956896411956665
161.7	0.1211338332082
161.8	0.10925361235773334
161.9	0.11078524587326666
162.	0.12509870260496667
162.1	0.14025963478223333
162.2	0.1372018111487
162.3	0.11895928098909998
162.4	0.10584925897013334
162.5	0.10806439066216667
162.6	0.12595970714756666
162.7	0.14803795166439998
162.8	0.15204497111396664
162.9	0.1356430432953333
163.	0.11878592578749998
163.1	0.11409346642816667
163.2	0.12359861832293331
163.3	0.13881358666193333
163.4	0.13835795156503333
163.5	0.11739724354710002
163.6	0.09654641444826667
163.7	0.09094767373603332
163.8	0.10285424119996667
163.9	0.1244611171679
164.	0.1335450605829333
164.1	0.12083390562729998
164.2	0.10557172691809999
164.3	0.10460443896849998
164.4	0.11974648957269998
164.5	0.14297034251319998
164.6	0.15131072219976666
164.7	0.13165322203649998
164.8	0.10319341956
164.9	0.08815989392673332
165.	0.09257693308326666
165.1	0.11171607504266667
165.2	0.12392244069593333
165.3	0.1113168525842
165.4	0.08896696259106665
165.5	0.0802406684666
165.6	0.09209580062020001
165.7	0.12060274392773332
165.8	0.1446677296931
165.9	0.14142874151216667
166.	0.12061568404213333
166.1	0.10626370203636666
166.2	0.10729605450873332
166.3	0.12262601776183332
166.4	0.13589910980946668
166.5	0.12452016780783333
166.6	0.09642383160066666
166.7	0.0782112853933
166.8	0.08081830160006666
166.9	0.10307399260643332
167.	0.12930813520796663
167.1	0.13330010076939997
167.2	0.11682343232306666
167.3	0.1059245745662
167.4	0.11268927443536665
167.5	0.13564112951083332
167.6	0.16063763848573334
167.7	0.16008509618813332
167.8	0.13153901493136666
167.9	0.10308899017836666
168.	0.09244658676496666
168.1	0.1021463121336
168.2	0.12297839311436666
168.3	0.12806567031783334
168.4	0.10896374429526667
168.5	0.09083993403616666
168.6	0.09179743125513332
168.7	0.11315454703666668
168.8	0.1466371410863
168.9	0.16485510847753332
169.	0.1527880295145
169.1	0.13220301762300002
169.2	0.12306528205833334
169.3	0.12805035226039999
169.4	0.14338098294266666
169.5	0.1468996939923
169.6	0.12239090094466666
169.7	0.091334833117
169.8	0.07750524781399999
169.9	0.08447400840316667
170.	0.1095642563432
170.1	0.1318637528787
170.2	0.1288905606438
170.3	0.11538626342343333
170.4	0.11421462719563331
170.5	0.12721396541816665
170.6	0.1516029392156
170.7	0.169826020372
170.8	0.15731619488936666
170.9	0.12605135743596665
171.	0.10327325650679998
171.1	0.09499625393493334
171.2	0.10251584991803334
171.3	0.11507491343599999
171.4	0.10759987917739999
171.5	0.0865315347231
171.6	0.07862784864036666
171.7	0.08844093150043333
171.8	0.11413180925553335
171.9	0.1458566887884
172.	0.1546618538483
172.1	0.13875692036299997
172.2	0.12450632082996667
172.3	0.1189411562544
172.4	0.12225149674949999
172.5	0.13251580996683332
172.6	0.12528851811726666
172.7	0.09601069794843332
172.8	0.07327425556666667
172.9	0.06740247553113332
173.	0.0774017376372
173.1	0.10400035484183334
173.2	0.1224052735888
173.3	0.11862217028556665
173.4	0.11637422212126665
173.5	0.12458954902743333
173.6	0.13719233525376665
173.7	0.15627610765256666
173.8	0.16106162567139998
173.9	0.1350043987188
174.	0.10531801029186667
174.1	0.08993367578039999
174.2	0.08508131177299999
174.3	0.0968926940312
174.4	0.108887116905
174.5	0.09763744508836666
174.6	0.08600537475036665
174.7	0.09451007132309999
174.8	0.11508727960803333
174.9	0.150755508987
175.	0.18516215553999998
175.1	0.18436962183866662
175.2	0.16373296840466667
175.3	0.14916217071773333
175.4	0.13554896924636664
175.5	0.13249817553763332
175.6	0.13773267759716665
175.7	0.1187322770509
175.8	0.08782720675553332
175.9	0.0763842548201
176.	0.07636181334429999
176.1	0.092415067687
176.2	0.12732209944803333
176.3	0.14308303050093332
176.4	0.141482700451
176.5	0.15581375998566666
176.6	0.172362819911
176.7	0.18558594123966668
176.8	0.20344976663210002
176.9	0.18798149239866668
177.	0.13833948574393332
177.1	0.10599776395860001
177.2	0.08986233754443332
177.3	0.0837927834358
177.4	0.10532283151616667
177.5	0.11182729686959998
177.6	0.08286170164223333
177.7	0.07439474702096666
177.8	0.08985401513306665
177.9	0.11378089311513331
178.	0.1736111806538
178.1	0.2234242476337333
178.2	0.2126320927158333
178.3	0.1966921402375333
178.4	0.1842484963215333
178.5	0.14822156098153333
178.6	0.14497864529150664
178.7	0.15540933668393334
178.8	0.11113393218403333
178.9	0.0861369863052
179.	0.10332785535513334
179.1	0.08844254310463334
179.2	0.10998920627083333
179.3	0.17349870273056667
179.4	0.14968430675749667
179.5	0.16069353480776666
179.6	0.31650424114633335
179.7	0.420952340625
179.8	0.5889958284013332
179.9	1.084054782712
180.	1.4161951643493333