# O+CO(0,0) elastic diff. cross section
# E = 0.062 eV
# angle, CS (1e-16 cm^2)
0.1	78006.0472921
0.2	76471.71799666666
0.3	73987.51958786667
0.4	70658.08432349999
0.5	66620.51221009999
0.6	62035.88497563333
0.7	57079.546448466666
0.8	51930.88945216666
0.9	46763.40332026667
1.	41735.68480703333
1.1	36984.0054371
1.2	32616.872608466663
1.3	28711.836436966667
1.4	25314.597993533334
1.5	22440.2859961
1.6	20076.605160733336
1.7	18188.433863706665
1.8	16723.370452919997
1.9	15617.700147406666
2.	14802.27633831
2.1	14207.874864191668
2.2	13769.677334186334
2.3	13430.657297198999
2.4	13143.767603549999
2.5	12872.945895599998
2.6	12593.056923686667
2.7	12288.967315153335
2.8	11953.995986473332
2.9	11588.000598493332
3.	11195.34963199
3.1	10782.995783903332
3.2	10358.816243743333
3.3	9930.326646833333
3.4	9503.815640063334
3.5	9083.892638473333
3.6	8673.397537913334
3.7	8273.591007647332
3.8	7884.528640078666
3.9	7505.520942301668
4.	7135.591684451666
4.1	6773.866207426332
4.2	6419.845197793
4.3	6073.544440809666
4.4	5735.503922517666
4.5	5406.6879050729995
4.6	5088.309749116
4.7	4781.620793319333
4.8	4487.701911410999
4.9	4207.290546651666
5.	3940.6666269103334
5.1	3687.609546904333
5.2	3447.4270714513336
5.3	3219.047025261999
5.4	3001.155068638667
5.5	2792.357330628
5.6	2591.3453511346665
5.7	2397.042424553333
5.8	2208.7144819036666
5.9	2026.0343300679997
6.	1849.0945315696667
6.1	1678.370620779
6.2	1514.6419843860003
6.3	1358.8820294753332
6.4	1212.1318728383333
6.5	1075.3725814949998
6.6	949.410054057
6.7	834.784209781
6.8	731.7106340356665
6.9	640.0586850236
7.	559.3657946258666
7.1	488.8837701959667
7.2	427.64972799953335
7.3	374.5721594868333
7.4	328.52171371766667
7.5	288.41659482633327
7.6	253.293905991
7.7	222.36058446166663
7.8	195.02044091766666
7.9	170.876868447
8.	149.71364717133332
8.1	131.4586084193333
8.2	116.13648754536666
8.3	103.81794686916666
8.4	94.57147288626666
8.5	88.42374813416666
8.6	85.3323730458
8.7	85.17274178883333
8.8	87.73876338003333
8.9	92.75525684899999
9.	99.89847550279998
9.1	108.82048523193333
9.2	119.17308854056667
9.3	130.62759907193333
9.4	142.8878890698333
9.5	155.69554741439998
9.6	168.82745997680001
9.7	182.08742446066665
9.8	195.29434641219999
9.9	208.2700068738333
10.	220.82930326629997
10.1	232.77528628056666
10.2	243.90036385536666
10.3	253.99388777263334
10.4	262.85517211073335
10.5	270.31000170989995
10.6	276.2280239557999
10.7	280.5381731455333
10.8	283.23948019806664
10.9	284.40522950373327
11.	284.17933838573333
11.1	282.76491115309994
11.2	280.4059992786666
11.3	277.3645285867333
11.4	273.89500832093336
11.5	270.2199350601667
11.6	266.5087191903333
11.7	262.8625192618666
11.8	259.3066425338667
11.9	255.79126402363332
12.	252.2002534485
12.1	248.36700048639995
12.2	244.0953978163
12.3	239.18365376676664
12.4	233.44840178496668
12.5	226.7466551622333
12.6	218.99349185713334
12.7	210.17388920856666
12.8	200.34778882209997
12.9	189.64817883313333
13.	178.27265857786668
13.1	166.46953496536668
13.2	154.51994254986667
13.3	142.7177512140333
13.4	131.3491164514
13.5	120.6734446604
13.6	110.90731134943333
13.7	102.21251608866665
13.8	94.6890239947
13.9	88.3730723907
14.	83.24025605886666
14.1	79.21298520776666
14.2	76.17137127063333
14.3	73.96636306013332
14.4	72.43384573923333
14.5	71.40843195513332
14.6	70.73581072959999
14.7	70.28275599313332
14.8	69.94420376833332
14.9	69.64714877879999
15.	69.35144839186665
15.1	69.0479166569
15.2	68.75431225296666
15.3	68.5099501789
15.4	68.36968971853332
15.5	68.39797643066666
15.6	68.66346259313333
15.7	69.23452781216666
15.8	70.17580446989999
15.9	71.5456167044
16.	73.3940972126
16.1	75.761674136
16.2	78.67762856856666
16.3	82.15850594493332
16.4	86.2063029296
16.5	90.80651727373333
16.6	95.92630829746668
16.7	101.51313799239998
16.8	107.49432107446667
16.9	113.777891132
17.	120.2550869953333
17.1	126.80459003133333
17.2	133.29842271816665
17.3	139.6091833977
17.4	145.6180768749333
17.5	151.2230387382
17.6	156.34616911446665
17.7	160.93970402446666
17.8	164.98986139656665
17.9	168.51809241226664
18.	171.57952394356667
18.1	174.25866296373334
18.2	176.66271402846667
18.3	178.91310256236665
18.4	181.13597190969998
18.5	183.45251228953333
18.6	185.96997754566667
18.7	188.77415498559665
18.8	191.92388899984996
18.9	195.4480425850366
19.	199.3450387139633
19.1	203.58488284031
19.2	208.11335327716668
19.3	212.8578770579233
19.4	217.73449774092
19.5	222.65529349002
19.6	227.53561669425665
19.7	232.3005926134333
19.8	236.89042202967997
19.9	241.26416750156332
20.	245.40184977318336
20.1	249.30482653409663
20.2	252.99455840566668
20.3	256.5099778704666
20.4	259.90375994423664
20.5	263.2378456835633
20.6	266.5785907624633
20.7	269.9919032604166
20.8	273.5387012025067
20.9	277.27096649973663
21.	281.22860387387334
21.1	285.43723780088334
21.2	289.9070040527033
21.3	294.63232121908334
21.4	299.59256661509994
21.5	304.7535338366633
21.6	310.0695176015066
21.7	315.48585532080665
21.8	320.94175225408003
21.9	326.37322494316334
22.	331.71601216013335
22.1	336.9083200419166
22.2	341.8932854479966
22.3	346.62105719167334
22.4	351.05040845210334
22.5	355.14980699498324
22.6	358.89788489968333
22.7	362.2832697471533
22.8	365.30376664361995
22.9	367.9649165143133
23.	370.27799986206657
23.1	372.25760378100335
23.2	373.91891823162
23.3	375.2749688422767
23.4	376.3340207184017
23.5	377.0973945748867
23.6	377.55791831545423
23.7	377.699192862103
23.8	377.49578257840597
23.9	376.9143540083433
24.	375.91569120175325
24.1	374.45742240677
24.2	372.49721354555993
24.3	369.99612880907
24.4	366.92183616832324
24.5	363.2513488223167
24.6	358.9730423945666
24.7	354.0877657604167
24.8	348.60896176157996
24.9	342.56182007549324
25.	335.9815853926
25.1	328.91122717852664
25.2	321.39873334397663
25.3	313.49431316397
25.4	305.24778358982
25.5	296.70637115336467
25.6	287.9130960932806
25.7	278.9058261762923
25.8	269.71700589940997
25.9	260.37399296302766
26.	250.89987667086768
26.1	241.31461783166665
26.2	231.63633885457
26.3	221.8826045233033
26.4	212.07156391856665
26.5	202.2228656068767
26.6	192.35830409611998
26.7	182.5021985795433
26.8	172.68153931946335
26.9	162.92595888052665
27.	153.26759334685664
27.1	143.74089345771333
27.2	134.38242997123666
27.3	125.23071541643665
27.4	116.32604022215334
27.5	107.71029923806665
27.6	99.42676844108667
27.7	91.51978352852001
27.8	84.03427320420333
27.9	77.01511011988
28.	70.5062603106
28.1	64.54973552396999
28.2	59.18437940746333
28.3	54.444545241773326
28.4	50.358746879866665
28.5	46.948383057956676
28.6	44.22664593227999
28.7	42.19772566607333
28.8	40.85641295462
28.9	40.188180170719995
29.	40.16978992996
29.1	40.770439130643325
29.2	41.95339978180667
29.3	43.67806923338999
29.4	45.90229653243999
29.5	48.584813753569996
29.6	51.68757628250333
29.7	55.17780827774667
29.8	59.02956160146667
29.9	63.22462896165666
30.	67.75270312964
30.1	72.61073977232667
30.2	77.80155546377667
30.3	83.33176713107
30.4	89.20924635601666
30.5	95.44031375032333
30.6	102.02692876325666
30.7	108.96413478676331
30.8	116.23799727379333
30.9	123.82422592210665
31.	131.68760585792
31.1	139.78228461391666
31.2	148.05288027843
31.3	156.43630056626
31.4	164.86410084921664
31.5	173.26516765057
31.6	181.56849628294665
31.7	189.70583789114997
31.8	197.61401970666333
31.9	205.23678814917665
32.	212.52608092544997
32.1	219.44269430848
32.2	225.95636829881335
32.3	232.04535949559
32.4	237.69560519277334
32.5	242.89960048843665
32.6	247.6551132882733
32.7	251.96385210780664
32.8	255.83018198915335
32.9	259.25995885966995
33.	262.2595264397
33.1	264.8348960815033
33.2	266.99111127249665
33.3	268.7317864006467
33.4	270.0588038800933
33.5	270.9721539107133
33.6	271.46990521748995
33.7	271.54830097797
33.8	271.20197956973664
33.9	270.42432298089
34.	269.20793545549
34.1	267.5452506616966
34.2	265.429257614
34.3	262.8543246078533
34.4	259.81708792672333
34.5	256.3173597448233
34.6	252.35899925086667
34.7	247.95068422991997
34.8	243.10651850387003
34.9	237.84641469529666
35.	232.19620203076332
35.1	226.1874251095777
35.2	219.85682074419032
35.3	213.245484578221
35.4	206.39776514669597
35.5	199.3599478644053
35.6	192.178812593134
35.7	184.9001634292
35.8	177.56743616944334
35.9	170.220486216193
36.	162.89464707830967
36.1	155.62012778984234
36.2	148.4217883331243
36.3	141.31929825168334
36.4	134.32764856875
36.5	127.45795473180564
36.6	120.71846218713699
36.7	114.11564946552068
36.8	107.655318270777
36.9	101.34356669014666
37.	95.18755942337465
37.1	89.19603561841934
37.2	83.37952710700932
37.3	77.750293494734
37.4	72.322011423181
37.5	67.10927964826499
37.6	62.12701652056499
37.7	57.38983054834266
37.8	52.91143804009667
37.9	48.70418588157933
38.	44.77871513500567
38.1	41.14377588530267
38.2	37.806179479701
38.3	34.770854514223004
38.4	32.04096029930199
38.5	29.618007615486334
38.6	27.50194145214433
38.7	25.691152930406332
38.8	24.18240543346667
38.9	22.970680102214665
39.	22.048965060056332
39.1	21.408028036006662
39.2	21.036221162074334
39.3	20.919368331647334
39.4	21.040779437695996
39.5	21.38142297815733
39.6	21.920270735636336
39.7	22.634807923618
39.8	23.50168198914767
39.9	24.497445689844998
40.	25.599337193239993
40.1	26.786033182481667
40.2	28.038310919826998
40.3	29.339561757704335
40.4	30.676110856715997
40.5	32.03731449946766
40.6	33.41542568163733
40.7	34.80523878146633
40.8	36.20354326968166
40.9	37.608432999669006
41.	39.018530284983335
41.1	40.43219172008399
41.2	41.84676490280633
41.3	43.25796166380833
41.4	44.65940426380633
41.5	46.04238691686567
41.6	47.395876929740666
41.7	48.70675913161467
41.8	49.960305812672665
41.9	51.14083396267566
42.	52.232494209262995
42.1	53.220123208997336
42.2	54.09008484599401
42.3	54.831026227542
42.4	55.434482372675006
42.5	55.89527795033133
42.6	56.211694101216
42.7	56.38539120469166
42.8	56.42110194386733
42.9	56.32613062981267
43.	56.10971203874867
43.1	55.782294138316
43.2	55.35481291009632
43.3	54.838023801373666
43.4	54.24194392692432
43.5	53.575443502081995
43.6	52.846006332641664
43.7	52.059659902931664
43.8	51.221058117607
43.9	50.33368602483433
44.	49.40014724855266
44.1	48.42249190886933
44.2	47.40254524210133
44.3	46.342203962761324
44.4	45.243677068111666
44.5	44.10965859191166
44.6	42.94342997919533
44.7	41.748897962562
44.8	40.530579138067
44.9	39.29354461744866
45.	38.04333746403067
45.1	36.785872868551664
45.2	35.52732725314
45.3	34.274018799071996
45.4	33.032279232955666
45.5	31.80831570196333
45.6	30.608062402051665
45.7	29.437024062464662
45.8	28.300116822815667
45.9	27.201515632348666
46.	26.14452016438003
46.1	25.13145261245303
46.2	24.163600115961447
46.3	23.24121182453651
46.4	22.363555992820537
46.5	21.529036588386532
46.6	20.735362508977666
46.7	19.97975654796733
46.8	19.259186565023
46.9	18.570598574366
47.	17.911131021893
47.1	17.278291433309665
47.2	16.670080600809666
47.3	16.085055006515333
47.4	15.522324554165666
47.5	14.981489143636667
47.6	14.46252345650033
47.7	13.965623947084
47.8	13.491035046628
47.9	13.038872800252998
48.	12.608963571200201
48.1	12.2007132440337
48.2	11.813018846191087
48.3	11.444230075732053
48.4	11.092163309445
48.5	10.754165716889766
48.6	10.427222550277
48.7	10.108096912986
48.8	9.793488661984
48.9	9.480197823380665
49.	9.165278134229
49.1	8.846168072986334
49.2	8.520789850950331
49.3	8.187610985215333
49.4	7.84566779373
49.5	7.494554851607999
49.6	7.1343884950186665
49.7	6.765755252325666
49.8	6.389657149646666
49.9	6.007464930704
50.	5.6208873797829995
50.1	5.231960481466
50.2	4.843054733618
50.3	4.456893392923
50.4	4.076569735356999
50.5	3.705548459635333
50.6	3.347635855668333
50.7	3.0069056746573333
50.8	2.687572715714
50.9	2.3938134724833335
51.	2.1295418394519996
51.1	1.8981566374169998
51.2	1.7022852317026667
51.3	1.5435525078633332
51.4	1.422405938908
51.5	1.3380248716966667
51.6	1.2883354810699998
51.7	1.2701426760139998
51.8	1.279377705381
51.9	1.3114468005726665
52.	1.3616535927413331
52.1	1.4256578905583333
52.2	1.4999270636783333
52.3	1.582134646516333
52.4	1.6714641675833333
52.5	1.7687843058233332
52.6	1.8766733814533334
52.7	1.9992855566199998
52.8	2.1420663332566665
52.9	2.3113393186166666
53.	2.513798262948
53.1	2.755946869615667
53.2	3.043533099815
53.3	3.381024413914
53.4	3.7711658757686664
53.5	4.214654979945333
53.6	4.7099564328016665
53.7	5.253268075401333
53.8	5.838636852816333
53.9	6.458212283439999
54.	7.1026151479766675
54.1	7.761391744183332
54.2	8.423519418389999
54.3	9.077927319783333
54.4	9.713997332303332
54.5	10.322013647196666
54.6	10.893535022893332
54.7	11.421670910946668
54.8	11.901250703206665
54.9	12.328883728986668
55.	12.702915649809999
55.1	13.023293933786665
55.2	13.291360598906666
55.3	13.509593967293334
55.4	13.681322534446668
55.5	13.810433192916665
55.6	13.901093173056667
55.7	13.957500608996664
55.8	13.983673230026664
55.9	13.983279061093334
56.	13.959507950474668
56.1	13.914978905609667
56.2	13.851676093357998
56.3	13.770906161596999
56.4	13.673271167049666
56.5	13.558654438863336
56.6	13.42622050967
56.7	13.274433996393334
56.8	13.101105178266666
56.9	12.90347129363
57.	12.678321795890001
57.1	12.422172850526666
57.2	12.131491469093334
57.3	11.80296346884
57.4	11.43379278655
57.5	11.022013571959999
57.6	10.566791926186665
57.7	10.068691942549998
57.8	9.52988134052
57.9	8.954255556103332
58.	8.347465329319999
58.1	7.71684090466
58.2	7.071214944673334
58.3	6.420655039503332
58.4	5.776124196549999
58.5	5.149093041413334
58.6	4.551130096936666
58.7	3.9934962771899998
58.8	3.48676688836
58.9	3.0404995690899996
59.	2.662960576993333
59.1	2.360915581743667
59.2	2.139485554368
59.3	2.0020641529166663
59.4	1.9502906089966665
59.5	1.98407158834
59.6	2.101646564843333
59.7	2.29969337029
59.8	2.573473046853333
59.9	2.917015179203333
60.	3.3233458445633333
60.1	3.7847597195366665
60.2	4.293135527473334
60.3	4.840290017419999
60.4	5.4183604536933325
60.5	6.020199825353334
60.6	6.639763471386666
60.7	7.272461418473332
60.8	7.915448228446666
60.9	8.56782216709
61.	9.230708388746667
61.1	9.90720663549
61.2	10.60219240775
61.3	11.321971097719999
61.4	12.07379636463
61.5	12.865276056473334
61.6	13.703700143959999
61.7	14.59533432785
61.8	15.544729223299665
61.9	16.554097522874002
62.	17.622809799107998
62.1	18.747053481342665
62.2	19.919689276823334
62.3	21.130325548073333
62.4	22.365614920346665
62.5	23.60975998705333
62.6	24.845197911999996
62.7	26.053418565133335
62.8	27.215859042993333
62.9	28.314810241399996
63.	29.33426939393667
63.1	30.26067649088
63.2	31.083482010663335
63.3	31.795507620616668
63.4	32.39307912772333
63.5	32.87593029638333
63.6	33.246895311130004
63.7	33.51142476700333
63.8	33.67697344827667
63.9	33.75231655279
64.	33.746853715389996
64.1	33.66995710470666
64.2	33.530411554523326
64.3	33.335982251283326
64.4	33.09313045227999
64.5	32.80688179524667
64.6	32.480836744421
64.7	32.11730015590167
64.8	31.717498039250998
64.9	31.281845041982997
65.	30.81022614519033
65.1	30.30226015923333
65.2	29.75752001484333
65.3	29.17569440752333
65.4	28.556685751449994
65.5	27.900649320146663
65.6	27.207986737633334
65.7	26.479312753783667
65.8	25.715416971511335
65.9	24.91724175008933
66.	24.085894124272663
66.1	23.22270379573267
66.2	22.329331848648
66.3	21.407926721070332
66.4	20.46131606722733
66.5	19.493216348460663
66.6	18.50843702877233
66.7	17.513053664950665
66.8	16.514524271972334
66.9	15.521726164889667
67.	14.544895824972665
67.1	13.595461777286333
67.2	12.685769369355665
67.3	11.828705919982333
67.4	11.037244099975332
67.5	10.323929726804
67.6	9.700346585212998
67.7	9.176594749942332
67.8	8.760819728729333
67.9	8.458827375487
68.	8.273814068552666
68.1	8.206233535819667
68.2	8.253811641906333
68.3	8.411709346369665
68.4	8.672822928099333
68.5	9.028200479399999
68.6	9.467545526490666
68.7	9.979773131482666
68.8	10.553581381567
68.9	11.178001844110334
69.	11.842896094482334
69.1	12.539371256505333
69.2	13.260094879833668
69.3	13.999497560222
69.4	14.753859663538666
69.5	15.521285639923665
69.6	16.301575216146666
69.7	17.09600499319833
69.8	17.90703665963533
69.9	18.737969378174334
70.	19.592554273187332
70.1	20.474588742708
70.2	21.387507901279665
70.3	22.333990071711
70.4	23.315592954906663
70.5	24.332436818483664
70.6	25.382950504988333
70.7	26.463694933019
70.8	27.569276711010666
70.9	28.692361246405667
71.	29.823790213464328
71.1	30.952802555164666
71.2	32.06735167174067
71.3	33.15450462307666
71.4	34.20090271590067
71.5	35.19325747672933
71.6	36.11885239120633
71.7	36.96601943894333
71.8	37.72456064154834
71.9	38.38608859374533
72.	38.944265959025
72.1	39.39493165082633
72.2	39.736110153029
72.3	39.967909311946336
72.4	40.09232009800333
72.5	40.11293856363166
72.6	40.03463490137033
72.7	39.863196789823334
72.8	39.60497403261233
72.9	39.26654897556933
73.	38.85445270894233
73.1	38.37494120487433
73.2	37.833838873114665
73.3	37.23645028909833
73.4	36.58753462700333
73.5	35.89133220627233
73.6	35.151628913265
73.7	34.371842370791995
73.8	33.555113670435
73.9	32.704390162582
74.	31.822488003390333
74.1	30.91212746704533
74.2	29.975939014693
74.3	29.016443174171997
74.4	28.036011896756
74.5	27.036822668354336
74.6	26.020818824624662
74.7	24.98968993625433
74.8	23.944884667431996
74.9	22.887665232352
75.	21.819207776493663
75.1	20.740747167739002
75.2	19.653758437510998
75.3	18.560161192179997
75.4	17.462528452961998
75.5	16.364278238483333
75.6	15.269825264544666
75.7	14.184671663425664
75.8	13.115419591378998
75.9	12.069694697235335
76.	11.055977090292332
76.1	10.083344907002665
76.2	9.161143947309
76.3	8.298604242819332
76.4	7.504430036829
76.5	6.786392894003333
76.6	6.150958177888666
76.7	5.602972884296399
76.8	5.145438052673537
76.9	4.779382197863166
77.	4.503844111317333
77.1	4.315964775762667
77.2	4.211179833866
77.3	4.183496788194333
77.4	4.225835473008667
77.5	4.330406723268
77.6	4.489102740192665
77.7	4.693873380332333
77.8	4.937065244907666
77.9	5.211704650468333
78.	5.511710857463666
78.1	5.832031818130667
78.2	6.168700681188332
78.3	6.5188169062693335
78.4	6.880460712021334
78.5	7.252553413971666
78.6	7.6346788018463325
78.7	8.026881961584333
78.8	8.429461868521333
78.9	8.842772754045665
79.	9.267046869452999
79.1	9.702248090939666
79.2	10.147962153421332
79.3	10.603325522053
79.4	11.066991370694002
79.5	11.537128171591334
79.6	12.011444277459
79.7	12.487230771666898
79.8	12.961414824264667
79.9	13.4306167467511
80.	13.891205683795798
80.1	14.339351115495997
80.2	14.771069710248334
80.3	15.182269192606668
80.4	15.568792448956332
80.5	15.92646584912033
80.6	16.251155608395003
80.7	16.538834986900664
80.8	16.785663398870998
80.9	16.988076365148
81.	17.142883039815665
81.1	17.247366131095
81.2	17.299377725703
81.3	17.297424026071
81.4	17.240732396511333
81.5	17.129295328029
81.6	16.963887784354664
81.7	16.74605660081
81.8	16.478082851215998
81.9	16.162920066410333
82.	15.804112633957335
82.1	15.405699490407665
82.2	14.972108313689667
82.3	14.508044931084331
82.4	14.018381769746
82.5	13.508048136760333
82.6	12.981924169427334
82.7	12.444739652826666
82.8	11.900978677239666
82.9	11.354791323622866
83.	10.809914132434765
83.1	10.269601858082666
83.2	9.736573713276332
83.3	9.212977739243666
83.4	8.700376904464
83.5	8.199759929927
83.6	7.711578642859334
83.7	7.2358119720289995
83.8	6.7720546888339985
83.9	6.319626917570666
84.	5.877698540897667
84.1	5.4454211549639995
84.2	5.022059361823
84.3	4.607113022601
84.4	4.200422638520666
84.5	3.802251195357
84.6	3.413337453213334
84.7	3.0349176025873335
84.8	2.6687142482699997
84.9	2.3168936579126664
85.	1.98199399452
85.1	1.6668287649993332
85.2	1.3743709276946667
85.3	1.1076240094679999
85.4	0.8694871992576667
85.5	0.6626217174993332
85.6	0.4893257978436666
85.7	0.35142532850999997
85.8	0.25018653896866666
85.9	0.18625604004379998
86.	0.1596320117723
86.1	0.16966840862206667
86.2	0.2151118028838
86.3	0.2941680687052666
86.4	0.404593735714
86.5	0.5438047652
86.6	0.7089939815183333
86.7	0.8972476505126666
86.8	1.1056518862773332
86.9	1.331380732881
87.	1.5717598326806663
87.1	1.8243023577453334
87.2	2.0867170440396667
87.3	2.356891360300333
87.4	2.632855677880333
87.5	2.9127364310673336
87.6	3.194707401055
87.7	3.476948272266
87.8	3.7576184934696664
87.9	4.034852364855333
88.	4.306778428296667
88.1	4.571563010909333
88.2	4.827474549010667
88.3	5.072962483498
88.4	5.306742387123333
88.5	5.527877788630333
88.6	5.7358490143530005
88.7	5.930600262197
88.8	6.112557939562667
88.9	6.282615830304334
89.	6.442085632926333
89.1	6.592614547563
89.2	6.7360745899099985
89.3	6.874430918084667
89.4	7.009598464591001
89.5	7.1432974187483325
89.6	7.276918512387333
89.7	7.4114086043150005
89.8	7.547185764934666
89.9	7.684091026658
90.	7.821381328107333
90.1	7.957765126938
90.2	8.091478917082998
90.3	8.220399705553666
90.4	8.342185650198665
90.5	8.454434777357333
90.6	8.554850209165
90.7	8.641399786013999
90.8	8.712458450336332
90.9	8.766923237225999
91.	8.804293073813666
91.1	8.824708598632332
91.2	8.828950581097335
91.3	8.818398907873666
91.4	8.794957165920332
91.5	8.760950288016332
91.6	8.719004308445665
91.7	8.671917889099667
91.8	8.622534917599333
91.9	8.573626272549333
92.	8.527787011822
92.1	8.487353048125332
92.2	8.454339135393333
92.3	8.430397972159666
92.4	8.416798651805333
92.5	8.414421677303167
92.6	8.423767331460398
92.7	8.444974283753165
92.8	8.477845772559132
92.9	8.521881346891966
93.	8.576312788584666
93.1	8.640143316164998
93.2	8.712189394412
93.3	8.79112441907
93.4	8.875523267401332
93.5	8.963906308831334
93.6	9.054781100576333
93.7	9.146679789458666
93.8	9.238190313050332
93.9	9.327979895745333
94.	9.414810053873
94.1	9.497543272839666
94.2	9.575142564913
94.3	9.646666087133667
94.4	9.711259729254333
94.5	9.768150928961
94.6	9.816646856373666
94.7	9.856139509873
94.8	9.886119242477665
94.9	9.906196910916666
95.	9.916133372321333
95.1	9.915873634988
95.2	9.905581775082332
95.3	9.885671917139998
95.4	9.856830238909666
95.5	9.820023157311667
95.6	9.776487571759333
95.7	9.727700230280666
95.8	9.675324854265
95.9	9.621137488126333
96.	9.5669325066869
96.1	9.514413670197698
96.2	9.465076432637765
96.3	9.420089236022733
96.4	9.380182626896666
96.5	9.345555574771666
96.6	9.315808235173
96.7	9.289909490614
96.8	9.266205872236
96.9	9.242475929375
97.	9.216030876588333
97.1	9.183858596750998
97.2	9.142804106030333
97.3	9.089775749322333
97.4	9.021963108726332
97.5	8.9370502808684
97.6	8.833407176329
97.7	8.710242070967
97.8	8.567700898528432
97.9	8.406902632774933
98.	8.229905288963199
98.1	8.039603116302633
98.2	7.839561860303567
98.3	7.633804873563832
98.4	7.426567684752134
98.5	7.222041820467666
98.6	7.024129812501966
98.7	6.836232229629767
98.8	6.661084324336999
98.9	6.5006548126917
99.	6.3561129515038655
99.1	6.227863146988399
99.2	6.115639587984367
99.3	6.018647594487033
99.4	5.9357341311384
99.5	5.865567707024
99.6	5.806807857142166
99.7	5.7582465355182
99.8	5.718907735763066
99.9	5.688097002656701
100.	5.6653985682118995
100.1	5.650623951503634
100.2	5.643721334812367
100.3	5.644659299220567
100.4	5.653301155671134
100.5	5.6692869166001
100.6	5.6919388945034
100.7	5.720204157321433
100.8	5.752642951503233
100.9	5.787467171796067
101.	5.822627542818466
101.1	5.8559429143776995
101.2	5.885260474741932
101.3	5.9086321791639
101.4	5.924490596736299
101.5	5.931806883169667
101.6	5.930214731903133
101.7	5.920086833652066
101.8	5.902554348607933
101.9	5.8794648061069665
102.	5.853279258275901
102.1	5.826914931615267
102.2	5.8035445536941
102.3	5.7863675215463335
102.4	5.778370750387367
102.5	5.782098141286532
102.6	5.799447028113265
102.7	5.831507761827653
102.8	5.878458974672566
102.9	5.939526395198933
103.	6.013007804987066
103.1	6.0963613510223
103.2	6.186349460280433
103.3	6.2792264931289345
103.4	6.370955365056234
103.5	6.457436867007133
103.6	6.534735371705766
103.7	6.5992859195185325
103.8	6.648070100883167
103.9	6.678751360100933
104.	6.689763965961399
104.1	6.680353555458099
104.2	6.650570537724899
104.3	6.601220501291433
104.4	6.533777957034499
104.5	6.450271229498
104.6	6.353147114387267
104.7	6.2451241543997655
104.8	6.1290431688317
104.9	6.007723128468567
105.	5.8838296880740995
105.1	5.759762729517266
105.2	5.637568139140634
105.3	5.5188777317312665
105.4	5.404879710776699
105.5	5.296320315215899
105.6	5.193535372970299
105.7	5.0965084403392
105.8	5.0049501925131334
105.9	4.918391923024167
106.	4.8362846220648334
106.1	4.758094335670933
106.2	4.683384531741766
106.3	4.6118771096294
106.4	4.543485494096566
106.5	4.4783158510257
106.6	4.416635644229867
106.7	4.358812231680567
106.8	4.305227622515299
106.9	4.256178519473099
107.	4.211773006579966
107.1	4.171836431772267
107.2	4.1358389907248
107.3	4.102856180106199
107.4	4.071570715906167
107.5	4.0403208980595995
107.6	4.007196040638366
107.7	3.9701748614998333
107.8	3.9272980635121995
107.9	3.876862187143833
108.	3.8176185882222335
108.1	3.748959450170633
108.2	3.671072341448666
108.3	3.5850461160273337
108.4	3.4929139298758
108.5	3.3976236600309666
108.6	3.302931766718033
108.7	3.213223196503333
108.8	3.1332667401564334
108.9	3.067921715059833
109.	3.0218173020864665
109.1	2.999029735834533
109.2	3.002784334110466
109.3	3.035208733821933
109.4	3.0971605677605334
109.5	3.1881473105375666
109.6	3.3063485386517333
109.7	3.448742019196266
109.8	3.6113256781046994
109.9	3.789418522185333
110.	3.9780159298723334
110.1	4.172169220445333
110.2	4.367356702262667
110.3	4.559813854015666
110.4	4.746793940579333
110.5	4.926736896987333
110.6	5.0993330909929995
110.7	5.265478703243666
110.8	5.427129891288333
110.9	5.587072529003333
111.	5.748632126861333
111.1	5.915353728387665
111.2	6.090683621401333
111.3	6.277683437262334
111.4	6.478802826301999
111.5	6.695729935861
111.6	6.929330172750333
111.7	7.179674190478999
111.8	7.4461467242316655
111.9	7.727619787861332
112.	8.022667646469333
112.1	8.329797454239
112.2	8.647668766123333
112.3	8.975277250732999
112.4	9.312082527443334
112.5	9.658066549755333
112.6	10.013716636925999
112.7	10.379935299623666
112.8	10.757886609455001
112.9	11.148795302927
113.	11.553719508142999
113.1	11.973320555653666
113.2	12.407653605875332
113.3	12.856000843951666
113.4	13.316765000169
113.5	13.787435366158334
113.6	14.264631833744666
113.7	14.744225398766996
113.8	15.221526685762335
113.9	15.691527966353998
114.	16.149179390528666
114.1	16.589677125514335
114.2	17.008740049291
114.3	17.40285263962133
114.4	17.769454624746665
114.5	18.107062528041
114.6	18.415314020128
114.7	18.694932447443332
114.8	18.94761545024433
114.9	19.175857626895333
115.	19.382722223123334
115.1	19.571580410078667
115.2	19.745838603350663
115.3	19.90867437708267
115.4	20.062799927504663
115.5	20.210268981711998
115.6	20.352338894661
115.7	20.489394866480296
115.8	20.62093821206333
115.9	20.7456358508557
116.	20.861424028671
116.1	20.965655992001665
116.2	21.05528106360567
116.3	21.12704135466233
116.4	21.177672141520333
116.5	21.204092620289998
116.6	21.20357516868533
116.7	21.173883238145997
116.8	21.113370409208002
116.9	21.021035845973334
117.	20.896534265889
117.1	20.740141502154664
117.2	20.552679672390333
117.3	20.335408757428333
117.4	20.089893885846333
117.5	19.817859637013
117.6	19.521044015404332
117.7	19.201065224706664
117.8	18.859313816916334
117.9	18.496881120719998
118.	18.114532070869334
118.1	17.71272679075733
118.2	17.291690778727997
118.3	16.851528683088333
118.4	16.39237187750433
118.5	15.914545869597333
118.6	15.418740473766999
118.7	14.906164072669
118.8	14.378663466845666
118.9	13.838792883143
119.	13.289819603941332
119.1	12.735659108447999
119.2	12.180739129904333
119.3	11.629799028416333
119.4	11.087637685572666
119.5	10.558829050469932
119.6	10.047428880347265
119.7	9.556698615012332
119.8	9.088872372118665
119.9	8.644990643518
120.	8.224819524957667
120.1	7.826867573994666
120.2	7.448504208958665
120.3	7.086174639672333
120.4	6.735697456760667
120.5	6.392623025174999
120.6	6.0526245058953325
120.7	5.711889319028334
120.8	5.367477633475334
120.9	5.0176162441933325
121.	4.661900942608666
121.1	4.301387863296666
121.2	3.9385637182743336
121.3	3.577195485319667
121.4	3.222071032388666
121.5	2.8786522929226668
121.6	2.5526709492293334
121.7	2.2497022611240003
121.8	1.9747550559156664
121.9	1.7319146468213331
122.	1.524070602833333
122.1	1.352753260579
122.2	1.2180923975403333
122.3	1.118899602293
122.4	1.0528637802083332
122.5	1.0168381680829999
122.6	1.0071883551123333
122.7	1.0201650582246664
122.8	1.05226338805
122.9	1.1005322804083333
123.	1.162803443711
123.1	1.2378179695696665
123.2	1.3252397206693332
123.3	1.4255565703956665
123.4	1.539882251111
123.5	1.6696817508926665
123.6	1.8164508426773331
123.7	1.9813846889609998
123.8	2.165071161267333
123.9	2.367241563296333
124.	2.586605249596
124.1	2.8207859078793334
124.2	3.06636697656
124.3	3.3190428735570006
124.4	3.573862494895333
124.5	3.8255427726779994
124.6	4.068823733507999
124.7	4.298832980139332
124.8	4.511427047304999
124.9	4.703479578296333
125.	4.8730913859496665
125.1	5.019704641919333
125.2	5.144111966541333
125.3	5.248360281658
125.4	5.335558144593667
125.5	5.409603164131667
125.6	5.474852391285666
125.7	5.5357628114979995
125.8	5.596530959848666
125.9	5.660760152740666
126.	5.731180992611667
126.1	5.809445943659766
126.2	5.896012348987066
126.3	5.9901208221361
126.4	6.089868134372667
126.5	6.192366186940999
126.6	6.293972020002333
126.7	6.3905686016436665
126.8	6.477872755135666
126.9	6.551745255923333
127.	6.608478905338666
127.1	6.645043130089
127.2	6.659268052639334
127.3	6.649956588315334
127.4	6.616919418668333
127.5	6.560934100034666
127.6	6.483635554746667
127.7	6.387350284146999
127.8	6.2748904822446665
127.9	6.149326591055001
128.	6.013757637166
128.1	5.871097978599666
128.2	5.723897025773999
128.3	5.574205323619999
128.4	5.423496385705667
128.5	5.272649159045333
128.6	5.1219912826863325
128.7	4.9713986649576665
128.8	4.820442611492
128.9	4.668572023070666
129.	4.515315264879333
129.1	4.360484380453332
129.2	4.2043635473870005
129.3	4.047864179197333
129.4	3.8926309381806665
129.5	3.741086130676666
129.6	3.5964044041393333
129.7	3.4624151260636666
129.8	3.3434359510323333
129.9	3.2440474088396667
130.	3.168824326287667
130.1	3.1220449367783663
130.2	3.1074020677133327
130.3	3.1277423431573332
130.4	3.1848585707693333
130.5	3.2793572781576668
130.6	3.410617849827333
130.7	3.5768522704503334
130.8	3.7752657138466668
130.9	4.002308922056001
131.	4.254004392603666
131.1	4.526320744023999
131.2	4.815564083385333
131.3	5.118752397464666
131.4	5.433939317668
131.5	5.760457146759333
131.6	6.099055540157668
131.7	6.451921151736666
131.8	6.822574081027666
131.9	7.215648108186999
132.	7.636572412413999
132.1	8.091181699289333
132.2	8.585288503631666
132.3	9.124255194649333
132.4	9.712603490467998
132.5	10.353696014105
132.6	11.049517861435334
132.7	11.800576887805665
132.8	12.605930302689998
132.9	13.463333231004
133.	14.369493283863665
133.1	15.320405005510665
133.2	16.311730322318333
133.3	17.339186605223667
133.4	18.39890315342233
133.5	19.48770995389033
133.6	20.603329232015668
133.7	21.744449981539
133.8	22.910677436306663
133.9	24.102362177154667
134.	25.32032598465767
134.1	26.565512393227664
134.2	27.838598036686665
134.3	29.13960543236933
134.4	30.467558303172666
134.5	31.820216787015998
134.6	33.19392226414166
134.7	34.58357079268533
134.8	35.98272136895666
134.9	37.38383172066833
135.	38.77860151864733
135.1	40.158392031532
135.2	41.51468354043733
135.3	42.83952797942499
135.4	44.12595470387599
135.5	45.368291891108
135.6	46.56237433914101
135.7	47.705619458334
135.8	48.79696587559133
135.9	49.83668201043799
136.	50.82606394515
136.1	51.76705174393733
136.2	52.66180021584266
136.3	53.512243384687665
136.4	54.31969148747366
136.5	55.08449533762867
136.6	55.80580591836097
136.7	56.48144787075487
136.8	57.107915066344674
136.9	57.680485706736796
137.	58.19344431611967
137.1	58.64038943178433
137.2	59.014599409081995
137.3	59.309424941763
137.4	59.51867585248767
137.5	59.636971379255336
137.6	59.66002729498899
137.7	59.58485931349967
137.8	59.40988981687566
137.9	59.134953269136
138.	58.76120417920566
138.1	58.29093936164066
138.2	57.727353008721664
138.3	57.074248168759
138.4	56.33573125377399
138.5	55.515916987939676
138.6	54.618669705318325
138.7	53.64740324131667
138.8	52.604956201618
138.9	51.49355255978333
139.	50.314849950976665
139.1	49.07007030715067
139.2	47.76020030706367
139.3	46.386243070679996
139.4	44.949498107762
139.5	43.451844113654666
139.6	41.89599891141566
139.7	40.285732700677
139.8	38.62601456808066
139.9	36.92307758576966
140.	35.18439433085166
140.1	33.41856174487466
140.2	31.635101383322667
140.3	29.844187728759337
140.4	28.05632291078067
140.5	26.281980491809335
140.6	24.531243661806897
140.7	22.813464067749297
140.8	21.136966513164765
140.9	19.508821944268668
141.	17.934706634678996
141.1	16.418859532329332
141.2	14.964142679257332
141.3	13.572201890727998
141.4	12.243716993059666
141.5	10.978723447318
141.6	9.776980731454
141.7	8.638358010866
141.8	7.5632049266140005
141.9	6.552675171727999
142.	5.608973132496666
142.1	4.735499227202
142.2	3.9368774029189995
142.3	3.2188580038986663
142.4	2.5881001191429998
142.5	2.0518485754039997
142.6	1.6175309069383332
142.7	1.2923078496686664
142.8	1.0826162586986667
142.9	0.9937451567199999
143.	1.0294835445323332
143.1	1.1918726925706666
143.2	1.4810863390326665
143.3	1.8954503760533337
143.4	2.4316003394559997
143.5	3.0847616433796667
143.6	3.849125379993
143.7	4.718282897898334
143.8	5.685676305657999
143.9	6.745020191561668
144.	7.890652454662334
144.1	9.117778995832666
144.2	10.422587472413666
144.3	11.802218362144
144.4	13.254595921537334
144.5	14.778135846517332
144.6	16.371359130502334
144.7	18.03245150785333
144.8	19.758813975675665
144.9	21.546651579121665
145.	23.39064473676533
145.1	25.283740113982
145.2	27.217087103496667
145.3	29.180132364764
145.4	31.160869896399667
145.5	33.14622919820367
145.6	35.12257064843533
145.7	37.076246587563666
145.8	38.99417980296166
145.9	40.86440884948633
146.	42.676552172746
146.1	44.422150137893325
146.2	46.09485515381367
146.3	47.69045409075399
146.4	49.206722759220995
146.5	50.643127890230005
146.6	52.00040623904967
146.7	53.28006178817233
146.8	54.48382939544366
146.9	55.61315590800667
147.	56.668747488235326
147.1	57.650224917084
147.2	58.555917692771004
147.3	59.38281394132626
147.4	60.126667921778264
147.5	60.782251767191
147.6	61.343724568235004
147.7	61.80508128984266
147.8	62.16063726059733
147.9	62.40550170975867
148.	62.53599606766167
148.1	62.54997916231767
148.2	62.447051248735995
148.3	62.228620908203666
148.4	61.897831998916
148.5	61.45936075080701
148.6	60.91910453456866
148.7	60.28379286574799
148.8	59.56055707561334
148.9	58.75649749139067
149.	57.87828583889099
149.1	56.931836258123994
149.2	55.92207132487866
149.3	54.85280054097467
149.4	53.72671872544334
149.5	52.54552146747366
149.6	51.310125116086326
149.7	50.02097035680734
149.8	48.678381923164665
149.9	47.28295272232499
150.	45.83591897823099
150.1	44.33949388483033
150.2	42.79713067043833
150.3	41.21369160697567
150.4	39.59550693854666
150.5	37.950316404858995
150.6	36.287095349714
150.7	34.615776639648
150.8	32.94688803490633
150.9	31.291131601794
151.	29.658936644742667
151.1	28.06002003357766
151.2	26.502987488136334
151.3	24.995006334118536
151.4	23.54157468805855
151.5	22.146404400285697
151.6	20.81142600746683
151.7	19.536914166910996
151.8	18.321722375455664
151.9	17.163607018167
152.	16.059613659502332
152.1	15.006493559166332
152.2	14.001116054008666
152.3	13.040842867510666
152.4	12.123833546451666
152.5	11.249256825885
152.6	10.417390357837
152.7	9.62960032554
152.8	8.888202332302667
152.9	8.19621486078
153.	7.557025803806
153.1	6.974000354498667
153.2	6.450064270224333
153.3	5.987299668749
153.4	5.586590704143999
153.5	5.247353536712666
153.6	4.967379009029333
153.7	4.742807678824
153.8	4.568245905240333
153.9	4.437019349329
154.	4.341547536129666
154.1	4.273811181250666
154.2	4.22587397196
154.3	4.190413510887667
154.4	4.161213059702
154.5	4.133567130559667
154.6	4.104560017129667
154.7	4.073186721267667
154.8	4.040299624905666
154.9	4.008380465917
155.	3.98115416466
155.1	3.963077104179
155.2	3.9587458932806663
155.3	3.972281937379999
155.4	4.006751182707767
155.5	4.063676587076633
155.6	4.142693204305266
155.7	4.241382888034334
155.8	4.355308722960666
155.9	4.4782500427633325
156.	4.602619229003
156.1	4.720023416748999
156.2	4.821919623348666
156.3	4.9003021821463335
156.4	4.9483577096356655
156.5	4.961025549812667
156.6	4.935410461789333
156.7	4.871008360697666
156.8	4.769723783063666
156.9	4.635677651422333
157.	4.474823893576333
157.1	4.294411586514666
157.2	4.102343792852333
157.3	3.906493773075
157.4	3.7140429096956664
157.5	3.530902166396333
157.6	3.361270512667
157.7	3.2073703095386663
157.8	3.069382482699333
157.9	2.9455850527293337
158.	2.83267908189
158.1	2.726268182129333
158.2	2.6214431042546664
158.3	2.5134129763926665
158.4	2.3981204243749996
158.5	2.2727795003016666
158.6	2.136282908876
158.7	1.9894377331506665
158.8	1.8350055025779997
158.9	1.677541411867
159.	1.5230469525769996
159.1	1.3784682691123333
159.2	1.251087440533
159.3	1.1478641736706667
159.4	1.0747900850500334
159.5	1.0363164236129665
159.6	1.0349089215017666
159.7	1.0707712181986666
159.8	1.1417622454396665
159.9	1.2435147114263334
160.	1.3697431951283332
160.1	1.5127131634839999
160.2	1.6638280716433331
160.3	1.8142818622886665
160.4	1.9557194367296664
160.5	2.080848289641333
160.6	2.1839502126716663
160.7	2.2612520371796663
160.8	2.3111276929833333
160.9	2.334119064469
161.	2.332778799351
161.1	2.3113529987696664
161.2	2.2753343995726665
161.3	2.2309263282689997
161.4	2.184463758210333
161.5	2.1418399669579995
161.6	2.1079856136706665
161.7	2.086441853036
161.8	2.0790609069546666
161.9	2.085857020402333
162.	2.105018729039333
162.1	2.133080713074333
162.2	2.1652410676813334
162.3	2.1957984256773333
162.4	2.2186738066056666
162.5	2.2279750298533334
162.6	2.218557575825
162.7	2.1865352920579997
162.8	2.1296974840246667
162.9	2.04779561239
163.	1.942672670374333
163.1	1.8182206884356664
163.2	1.6801658083423334
163.3	1.5356948866659998
163.4	1.392951418281
163.5	1.2604404936542999
163.6	1.1463914069867465
163.7	1.0581315226694668
163.8	1.0015255096606666
163.9	0.9805298775986666
164.	0.9969041229616666
164.1	1.0501073536949999
164.2	1.1373939976376666
164.3	1.2541053754406666
164.4	1.3941369507393333
164.5	1.5505454119956668
164.6	1.7162467505813332
164.7	1.8847473321153334
164.8	2.050845464890333
164.9	2.211241635673667
165.	2.3650014872536667
165.1	2.513826417318333
165.2	2.662101651114333
165.3	2.8167096944323333
165.4	2.9866168368470003
165.5	3.182260276017
165.6	3.414781806736333
165.7	3.6951692231306668
165.8	4.033377136287333
165.9	4.4375036212916665
166.	4.913097205561
166.1	5.462659953773
166.2	6.085397160518334
166.3	6.777243429106666
166.4	7.5311703062443325
166.5	8.337754264507
166.6	9.185958143952998
166.7	10.064056748454666
166.8	10.960620586405668
166.9	11.86546276857
167.	12.770454179397664
167.1	13.670121714642
167.2	14.561963119752331
167.3	15.446438274399998
167.4	16.326628256301998
167.5	17.207587109537
167.6	18.095443501167
167.7	18.996336931968333
167.8	19.915292822263233
167.9	20.85515030394773
168.	21.815654633771665
168.1	22.792812707249
168.2	23.778586343931668
168.3	24.760966111479995
168.4	25.724431625093665
168.5	26.65076623406067
168.6	27.520158668552334
168.7	28.312495187705
168.8	29.008726012572
168.9	29.592181355671332
169.	30.049716019246333
169.1	30.372576946553664
169.2	30.55691371820533
169.3	30.603885246723337
169.4	30.519353576457664
169.5	30.313194109819996
169.6	29.99828710495033
169.7	29.589284613172666
169.8	29.101267467954003
169.9	28.548416695815
170.	27.942821989651996
170.1	27.293536926697662
170.2	26.60596768455213
170.3	25.8816512552237
170.4	25.118443389197665
170.5	24.311098959358667
170.6	23.452191498864998
170.7	22.533287561623666
170.8	21.546268082163
170.9	20.484675198184334
171.	19.344960305929668
171.1	18.12751772712633
171.2	16.837407535062
171.3	15.484699104342667
171.4	14.084401282784999
171.5	12.655982591855668
171.6	11.222522090443665
171.7	9.809565038149666
171.8	8.443784158487333
171.9	7.151564671512666
172.	5.957637757096433
172.1	4.883882205174666
172.2	3.9483982579359997
172.3	3.164932652544
172.4	2.5427020611386664
172.5	2.0866265402989996
172.6	1.7979485440179999
172.7	1.6751797732993332
172.8	1.7152904955959998
172.9	1.9150362013670001
173.	2.2723059898869997
173.1	2.7873764194426665
173.2	3.463963373583667
173.3	4.3099816770186665
173.4	5.337946040679334
173.5	6.564975335867333
173.6	8.012392926471332
173.7	9.704946571229332
173.8	11.669700155108332
173.9	13.934674391253
174.	16.527333150607
174.1	19.473025062890667
174.2	22.793495680981668
174.3	26.505583342745002
174.4	30.620201805067325
174.5	35.1416950406788
174.6	40.06762500282533
174.7	45.38902284487
174.8	51.091099738132
174.9	57.154377158612
175.	63.55616096496466
175.1	70.27225149998199
175.2	77.27875630457334
175.3	84.553855476437
175.4	92.07936449948899
175.5	99.84194692794833
175.6	107.83385008853999
175.7	116.05307021384033
175.8	124.50289718038567
175.9	133.19084019012564
176.	142.12699030295167
176.1	151.32192901569599
176.2	160.784339352883
176.3	170.51851255529633
176.4	180.52196563483233
176.5	190.78339003100464
176.6	201.28113798943434
176.7	211.98242127797897
176.8	222.84334820190466
176.9	233.80986282495365
177.	244.81957927388964
177.1	255.80442935713268
177.2	266.69396931817266
177.3	277.41912726752895
177.4	287.9161222252333
177.5	298.1302535308996
177.6	308.019249173275
177.7	317.555875545994
177.8	326.7295495879686
177.9	335.5467558767883
178.	344.0301526680537
178.1	352.21634710076
178.2	360.15242419224126
178.3	367.89141911174863
178.4	375.4870189265667
178.5	382.987860482107
178.6	390.4318468617424
178.7	397.8409303267483
178.8	405.2167997455647
178.9	412.537864324775
179.	419.75784399684295
179.1	426.8061651890206
179.2	433.5902265317819
179.3	439.99945266015067
179.4	445.91090812089965
179.5	451.19610959464035
179.6	455.7285662899053
179.7	459.39150532263034
179.8	462.0852091264536
179.9	463.733409467589
180.	464.28824671749703