# O+CO(0,0) elastic diff. cross section
# E = 0.00014 eV
# angle, CS (1e-16 cm^2)
0.1	11596.309326639333
0.2	11589.381204615998
0.3	11577.842250894668
0.4	11561.704327945665
0.5	11540.984019339334
0.6	11515.702605986
0.7	11485.886035395664
0.8	11451.564884722999
0.9	11412.774316519333
1.	11369.554028613999
1.1	11321.948197078666
1.2	11270.005412989667
1.3	11213.778613037666
1.4	11153.325003639666
1.5	11088.705979580332
1.6	11019.987036284332
1.7	10947.237676606333
1.8	10870.531312109999
1.9	10789.945158801665
2.	10705.560127705001
2.1	10617.460710387666
2.2	10525.734859801665
2.3	10430.473866229
2.4	10331.772228847332
2.5	10229.727523446665
2.6	10124.440265601332
2.7	10016.013770430667
2.8	9904.554008801333
2.9	9790.169460134668
3.	9672.97096237
3.1	9553.071558778665
3.2	9430.586342729
3.3	9305.632299699666
3.4	9178.328147683667
3.5	9048.794175524332
3.6	8917.152079971998
3.7	8783.524801434
3.8	8648.036358741
3.9	8510.811683338334
4.	8371.976452997667
4.1	8231.656925358666
4.2	8089.979771636999
4.3	7947.071910751667
4.4	7803.060344160666
4.5	7658.071991324334
4.6	7512.233526802333
4.7	7365.671218309
4.8	7218.5107669886675
4.9	7070.877149128333
5.	6922.8944602953325
5.1	6774.685762019333
5.2	6626.372930868665
5.3	6478.076510563334
5.4	6329.915567221333
5.5	6182.007547886666
5.6	6034.468142544
5.7	5887.411149978999
5.8	5740.948347488
5.9	5595.189364750333
6.	5450.241561963332
6.1	5306.209912400667
6.2	5163.196889761332
6.3	5021.302360099
6.4	4880.623478744999
6.5	4741.254592359
6.6	4603.28714591
6.7	4466.809595364
6.8	4331.907325254667
6.9	4198.662572108
7.	4067.154353268
7.1	3937.458401418
7.2	3809.6471047113337
7.3	3683.7894527159997
7.4	3559.9509881549993
7.5	3438.193764401333
7.6	3318.576308847667
7.7	3201.153592099333
7.8	3085.977003013333
7.9	2973.0943295716665
8.	2862.5497455286663
8.1	2754.3838028616665
8.2	2648.633429938
8.3	2545.3319353306665
8.4	2444.5090172879995
8.5	2346.1907787073333
8.6	2250.399747579
8.7	2157.154902794333
8.8	2066.4717052116666
8.9	1978.3621338973335
9.	1892.8347273636666
9.1	1809.894629791333
9.2	1729.5436419539997
9.3	1651.7802768309998
9.4	1576.5998197166666
9.5	1503.994392628667
9.6	1433.9530229339998
9.7	1366.4617159509999
9.8	1301.5035314203333
9.9	1239.0586636109997
10.	1179.1045249023332
10.1	1121.615832659
10.2	1066.5646991986666
10.3	1013.9207246646665
10.4	963.6510925786666
10.5	915.7206679183333
10.6	870.0920974420001
10.7	826.7259121533334
10.8	785.580631596
10.9	746.61286983
11.	709.7774428646665
11.1	675.0274773383333
11.2	642.3145202116666
11.3	611.588649293
11.4	582.798584377
11.5	555.8917987656666
11.6	530.8146310146667
11.7	507.5123966233333
11.8	485.92949954766664
11.9	466.0095432733333
12.	447.69544128533335
12.1	430.9295267256666
12.2	415.65366105333334
12.3	401.80934152636667
12.4	389.33780731069993
12.5	378.18014405469995
12.6	368.2773867490667
12.7	359.5706207072667
12.8	352.0010805095667
12.9	345.51024675229996
13.	340.03994045916664
13.1	335.53241500869996
13.2	331.93044544373333
13.3	329.17741504006665
13.4	327.2173990043333
13.5	325.9952451966667
13.6	325.45665176473335
13.7	325.5482415953667
13.8	326.2176334899
13.9	327.4135099813333
14.	329.08568171599995
14.1	331.18514833566667
14.2	333.66415579599993
14.3	336.47625007266663
14.4	339.57632721199997
14.5	342.9206796883333
14.6	346.4670390413333
14.7	350.174614774
14.8	354.0041295016666
14.9	357.9178503403333
15.	361.87961655133324
15.1	365.85486344000003
15.2	369.81064253466667
15.3	373.715638077
15.4	377.54017984300003
15.5	381.2562523513333
15.6	384.8375004963333
15.7	388.25923166533335
15.8	391.49841439833335
15.9	394.53367365966665
16.	397.345282795
16.1	399.9151522496666
16.2	402.226815141
16.3	404.265409765
16.4	406.0176591403333
16.5	407.47184769
16.6	408.6177951606667
16.7	409.4468278933333
16.8	409.9517475556666
16.9	410.1267974566666
17.	409.9676265593333
17.1	409.4712513206667
17.2	408.63601547633334
17.3	407.4615479086667
17.4	405.9487187236667
17.5	404.0995936676666
17.6	401.917387022
17.7	399.40641310866664
17.8	396.5720365443333
17.9	393.4206213766666
18.	389.95947924533334
18.1	386.196816698
18.2	382.141681803
18.3	377.8039101903333
18.4	373.1940706603333
18.5	368.3234104906667
18.6	363.20380057066666
18.7	357.847680503
18.8	352.268003788
18.9	346.4781832253333
19.	340.49203665333334
19.1	334.3237331463333
19.2	327.9877397856667
19.3	321.49876911733327
19.4	314.8717274146667
19.5	308.12166383566665
19.6	301.26372059899995
19.7	294.3130842556
19.8	287.2849381657
19.9	280.19441626130003
20.	273.0565581871333
20.1	265.88626588946664
20.2	258.6982617365
20.3	251.50704824116661
20.4	244.3268694430333
20.5	237.17167401883333
20.6	230.05508017013335
20.7	222.9903423395
20.8	215.99031980349997
20.9	209.06744717106668
21.	202.2337068328667
21.1	195.50060338059998
21.2	188.8791400255333
21.3	182.37979702609996
21.4	176.01251214566665
21.5	169.78666314146668
21.6	163.71105228313334
21.7	157.7938929103333
21.8	152.04279800623334
21.9	146.46477077953332
22.	141.06619724339998
22.1	135.85284075213332
22.2	130.82983848823335
22.3	126.00169984843333
22.4	121.37230670643333
22.5	116.94491550626665
22.6	112.72216113999998
22.7	108.70606256496667
22.8	104.89803010923333
22.9	101.29887440496665
23.	97.90881689466667
23.1	94.72750185119999
23.2	91.7540098391
23.3	88.98687255850001
23.4	86.42408899513333
23.5	84.0631428105
23.6	81.9010208918
23.7	79.9342329936
23.8	78.15883238393333
23.9	76.5704374282
24.	75.1642540197
24.1	73.93509878373334
24.2	72.8774229715
24.3	71.98533695976666
24.4	71.2526352788
24.5	70.672822082
24.6	70.23913697833332
24.7	69.94458114593333
24.8	69.78194364293333
24.9	69.74382783876666
25.	69.82267788793332
25.1	70.01080516293332
25.2	70.30041457733333
25.3	70.68363071543332
25.4	71.1525237065
25.5	71.69913476146667
25.6	72.31550131043333
25.7	72.99368167163334
25.8	73.72577918779999
25.9	74.5039657684
26.	75.32050477773333
26.1	76.16777321473333
26.2	77.03828312816667
26.3	77.9247022196
26.4	78.81987358553333
26.5	79.71683455389999
26.6	80.60883457659999
26.7	81.48935213756666
26.8	82.35211064546667
26.9	83.19109327603333
27.	84.00055674436666
27.1	84.77504397296666
27.2	85.50939564733332
27.3	86.19876063196666
27.4	86.8386052396
27.5	87.42472134536668
27.6	87.95323333456668
27.7	88.4206038847
27.8	88.82363858343334
27.9	89.15948938533333
28.	89.42565691576665
28.1	89.61999163036667
28.2	89.74069384836665
28.3	89.78631267520001
28.4	89.7557438302
28.5	89.64822641183332
28.6	89.46333861716666
28.7	89.20099244846666
28.8	88.86142744006668
28.9	88.44520343403333
29.	87.95319244503334
29.1	87.38656965226666
29.2	86.74680355479998
29.3	86.03564533866667
29.4	85.25511749576667
29.5	84.40750174019999
29.6	83.49532627296668
29.7	82.52135243756666
29.8	81.48856082379999
29.9	80.40013686406667
30.	79.25945597716665
30.1	78.0700683099
30.2	76.83568313469999
30.3	75.560152948
30.4	74.24745732993333
30.5	72.9016866179
30.6	71.52702544353333
30.7	70.12773619203332
30.8	68.70814243306666
30.9	67.272612375
31.	65.82554240019999
31.1	64.37134072416666
31.2	62.91441123389999
31.3	61.459137551893335
31.4	60.00986737705
31.5	58.57089714277333
31.6	57.146457041939996
31.7	55.74069646023333
31.8	54.35766985939
31.9	53.00132314989666
32.	51.67548059131
32.1	50.38383225569999
32.2	49.129922087903324
32.3	47.917136594400006
32.4	46.74869418972666
32.5	45.62763522777
32.6	44.55681274217666
32.7	43.53888391867666
32.8	42.576302318459994
32.9	41.67131087048333
33.	40.82593564714333
33.1	40.04198043551333
33.2	39.321022114269994
33.3	38.66440684305333
33.4	38.07324706883999
33.5	37.54841935188333
33.6	37.09056301003333
33.7	36.70007957919333
33.8	36.37713308383333
33.9	36.12165111019
34.	35.93332667138333
34.1	35.811620852429996
34.2	35.755766219799995
34.3	35.76477097839666
34.4	35.83742385706333
34.5	35.97229970094
34.6	36.167765747219995
34.7	36.42198855959333
34.8	36.73294159365
34.9	37.09841336475999
35.	37.51601618802667
35.1	37.98319545801667
35.2	38.49723943533999
35.3	39.05528950477999
35.4	39.654350869826665
35.5	40.29130364561
35.6	40.962914313346666
35.7	41.66584749669667
35.8	42.39667802058333
35.9	43.15190321301233
36.	43.92795540813033
36.1	44.72121461083967
36.2	45.528021280280996
36.3	46.34468919229299
36.4	47.16751833869
36.5	47.992807822044
36.6	48.816868705954
36.7	49.636036779119664
36.8	50.44668519410699
36.9	51.24523694071934
37.	52.028177115693
37.1	52.79206495077433
37.2	53.533545561520995
37.3	54.249361382288335
37.4	54.93636325134899
37.5	55.591521113798336
37.6	56.21193430796999
37.7	56.79484140860933
37.8	57.33762959193067
37.9	57.83784350021094
38.	58.2931935774742
38.1	58.70156385109003
38.2	59.061019137975336
38.3	59.369811655555765
38.4	59.62638701680986
38.5	59.82938959512126
38.6	59.97766723949573
38.7	60.070275332135935
38.8	60.10648017716546
38.9	60.0857617070957
39.	60.007815506028635
39.1	59.8725541408228
39.2	59.680107801917224
39.3	59.43082424770813
39.4	59.12526806097376
39.5	58.76421921417747
39.6	58.34867095657777
39.7	57.87982702267699
39.8	57.35909818220566
39.9	56.788098130473
40.	56.16863874795033
40.1	55.502724729219665
40.2	54.792547609785004
40.3	54.04047920664766
40.4	53.24906449048133
40.5	52.42101391460166
40.6	51.559195225005
40.7	50.66662477574099
40.8	49.74645837641967
40.9	48.80198170045933
41.	47.836600282505664
41.1	46.85382913716633
41.2	45.857282028953
41.3	44.85066042637966
41.4	43.837742173877
41.5	42.82236991497067
41.6	41.808439301882
41.7	40.79988702623467
41.8	39.80067870742967
41.9	38.81479667333066
42.	37.84622767093133
42.1	36.89895054217333
42.2	35.97692390209166
42.3	35.084073855122995
42.4	34.224281785679665
42.5	33.40137225906933
42.6	32.61910106785666
42.7	31.881143458912664
42.8	31.191082574787664
42.9	30.55239814411366
43.	29.968455452739995
43.1	29.44249462845
43.2	28.977620269676663
43.3	28.576791448349997
43.4	28.2428121162
43.5	27.978321940913332
43.6	27.785787599929996
43.7	27.667494555673333
43.8	27.62553933654333
43.9	27.661822345126666
44.	27.77804121469333
44.1	27.975684732536667
44.2	28.256027347429995
44.3	28.620124277086667
44.4	29.06880722918
44.5	29.602680748053334
44.6	30.222119197573335
44.7	30.92726438851333
44.8	31.718023856896668
44.9	32.59406979878666
45.	33.55483866338666
45.1	34.599531406383335
45.2	35.727114402776664
45.3	36.936321015906664
45.4	38.22565381851
45.5	39.59338746001333
45.6	41.037572171293334
45.7	42.556037897243336
45.8	44.14639904576999
45.9	45.80605983983333
46.	47.53222025720667
46.1	49.32188254239333
46.2	51.17185827045667
46.3	53.07877594635333
46.4	55.039089116356664
46.5	57.04908496818667
46.6	59.104893399709994
46.7	61.2024965279
46.8	63.33773861166333
46.9	65.50633636620333
47.	67.70388963205333
47.1	69.92589237930666
47.2	72.1677440073
47.3	74.42476091612333
47.4	76.69218831606
47.5	78.96521224101667
47.6	81.23897173523666
47.7	83.50857118057999
47.8	85.76909272708
47.9	88.01560880063332
48.	90.24319464569999
48.1	92.44694087467667
48.2	94.62196598729999
48.3	96.76342883027667
48.4	98.86654095660666
48.5	100.92657886142999
48.6	102.93889605087332
48.7	104.89893492241666
48.8	106.80223841574998
48.9	108.64446140960999
49.	110.42138183241333
49.1	112.12891145647332
49.2	113.763106349
49.3	115.32017695178999
49.4	116.79649776243667
49.5	118.18861659407332
49.6	119.49326338639999
49.7	120.70735854982667
49.8	121.82802081563332
49.9	122.85257457743333
50.	123.77855670085333
50.1	124.60372278904333
50.2	125.32605288159999
50.3	125.94375658157333
50.4	126.45527758851667
50.5	126.85929763433333
50.6	127.15473980842667
50.7	127.34077126642332
50.8	127.41680531380334
50.9	127.38250286335332
51.	127.23777326268
51.1	126.98277448914001
51.2	126.61791271613333
51.3	126.14384124793999
51.4	125.56145883506332
51.5	124.87190736737332
51.6	124.07656895823
51.7	123.17706242500999
51.8	122.17523917968333
51.9	121.07317853843665
52.	119.87318246541665
52.1	118.57776976563
52.2	117.18966974295998
52.3	115.71181534137332
52.4	114.14733578767665
52.5	112.49954875751332
52.6	110.77195208417666
52.7	108.96821503509665
52.8	107.09216917738999
52.9	105.14779886035333
53.	103.13923133607666
53.1	101.07072654910999
53.2	98.94666662101999
53.3	96.77154505440332
53.4	94.54995569190666
53.5	92.28658145379333
53.6	89.98618288403665
53.7	87.65358654046334
53.8	85.29367325130333
53.9	82.91136627444
54.	80.51161939058
54.1	78.09940495525666
54.2	75.67970194747332
54.3	73.25748404126333
54.4	70.83770773160666
54.5	68.42530054744333
54.6	66.02514937759665
54.7	63.64208894102333
54.8	61.28089043311333
54.9	58.94625037111332
55.	56.64277967179999
55.1	54.374992983309994
55.2	52.147298304109995
55.3	49.96398690548333
55.4	47.829223593003334
55.5	45.747037320013334
55.6	43.72131218316333
55.7	41.75577881869667
55.8	39.85400621852
55.9	38.01939398779
56.	36.25516506047667
56.1	34.56435888955333
56.2	32.949825127363326
56.3	31.414217810476664
56.4	29.95999006075333
56.5	28.589389314596666
56.6	27.304453089846664
56.7	26.107005298333334
56.8	24.99865311149
56.9	23.98078438391
57.	23.05456563896333
57.1	22.2209406188
57.2	21.480629399439998
57.3	20.83412807095333
57.4	20.281708980023332
57.5	19.823421531573334
57.6	19.45909354479
57.7	19.188333157063333
57.8	19.01053126743333
57.9	18.924864511666666
58.	18.930298757133333
58.1	19.025593106566667
58.2	19.209304397433332
58.3	19.479792182333334
58.4	19.83522417533333
58.5	20.273582147366668
58.6	20.792668253466665
58.7	21.390111772066668
58.8	22.063376237900002
58.9	22.809766947
59.	23.626438812866667
59.1	24.510404550766665
59.2	25.458543167966667
59.3	26.467608735733336
59.4	27.534239418699997
59.5	28.6549667371
59.6	29.8262250361
59.7	31.044361137
59.8	32.30564414373333
59.9	33.6062753787
60.	34.94239842146666
60.1	36.3101092232
60.2	37.70546627083333
60.3	39.12450077393333
60.4	40.5632268476
60.5	42.01765166566666
60.6	43.483785557000004
60.7	44.957652020266664
60.8	46.43529763049999
60.9	47.91280181323333
61.	49.38628646236666
61.1	50.851925374266656
61.2	52.305953480933326
61.3	53.744675853
61.4	55.164476454799996
61.5	56.5618266294
61.6	57.9332932918
61.7	59.275546815199995
61.8	60.58536858426666
61.9	61.8596582065
62.	63.09544035823333
62.1	64.28987125596666
62.2	65.44024473323333
62.3	66.54399791176667
62.4	67.59871645853333
62.5	68.60213941086666
62.6	69.5521635665
62.7	70.44684742716666
62.8	71.28441468673333
62.9	72.06325726343333
63.	72.78193786526666
63.1	73.43919209046666
63.2	74.0339300557
63.3	74.56523755766666
63.4	75.03237676149999
63.5	75.43478642226667
63.6	75.77208164136665
63.7	76.0440531603
63.8	76.25066620006666
63.9	76.3920588491
64.	76.46854001156666
64.1	76.48058691936666
64.2	76.42884222369999
64.3	76.314110672
64.4	76.13735538583333
64.5	75.89969375
64.6	75.60239292889999
64.7	75.24686502303334
64.8	74.8346618832
64.9	74.36746959669999
65.	73.84710266406665
65.1	73.2754978866
65.2	72.65470797489999
65.3	71.98689491136666
65.4	71.27432307116666
65.5	70.51935213369998
65.6	69.7244297992
65.7	68.89208433419999
65.8	68.02491696323332
65.9	67.12559413579999
66.	66.19683968123333
66.1	65.24142688129999
66.2	64.26217047793334
66.3	63.26191864003333
66.4	62.243544909700006
66.5	61.2099401539
66.6	60.16400453566666
66.7	59.10863953603334
66.8	58.046740038866666
66.9	56.98118650666666
67.	55.9148372627
67.1	54.85052090276666
67.2	53.79102885539999
67.3	52.739108106766665
67.4	51.697454115000006
67.5	50.6687039264
67.6	49.655429509633336
67.7	48.66013133233333
67.8	47.68523218616666
67.9	46.73307128116666
68.	45.80589862213333
68.1	44.905869679533325
68.2	44.035040367
68.3	43.19536233866667
68.4	42.3886786147
68.5	41.6167195452
68.6	40.8810991214
68.7	40.183311640999996
68.8	39.52472873416666
68.9	38.90659675606666
69.	38.3300345497
69.1	37.79603158253333
69.2	37.3054464595
69.3	36.8590058133
69.4	36.45730357236667
69.5	36.10080060526666
69.6	35.78982474046666
69.7	35.52457115756667
69.8	35.305103147266664
69.9	35.1313532338
70.	35.0031246557
70.1	34.92009319663333
70.2	34.88180935933333
70.3	34.8877008744
70.4	34.93707553356666
70.5	35.0291243381
70.6	35.1629249512
70.7	35.33744544166667
70.8	35.5515483078
70.9	35.8039947671
71.	36.0934492985
71.1	36.418484422700004
71.2	36.77758570543333
71.3	37.16915696833333
71.4	37.591525691166666
71.5	38.042948589666665
71.6	38.52161735123333
71.7	39.02566451249999
71.8	39.553169460666666
71.9	40.1021645413
72.	40.670641255
72.1	41.256556524766665
72.2	41.85783901626667
72.3	42.47239549333333
72.4	43.09811719003333
72.5	43.73288618203333
72.6	44.37458174026666
72.7	45.02108664623333
72.8	45.67029345612667
72.9	46.32011069354333
73.	46.96846895375666
73.1	47.61332690477667
73.2	48.25267717069333
73.3	48.884552075189994
73.4	49.50702923748666
73.5	50.11823700332
73.6	50.71635969416
73.7	51.29964266562
73.8	51.86639715977333
73.9	52.41500493916667
74.	52.94392269184332
74.1	53.45168619553333
74.2	53.93691423217666
74.3	54.39831224219
74.4	54.83467571034333
74.5	55.24489327651999
74.6	55.627949562283334
74.7	55.98292770797
74.8	56.30901161717333
74.9	56.60548790003333
75.	56.87174751526667
75.1	57.10728710573666
75.2	57.311710026756664
75.3	57.48472706789667
75.4	57.62615686296667
75.5	57.73592599372666
75.6	57.814068788223324
75.7	57.86072681124333
75.8	57.876148057769996
75.9	57.860685846266676
76.	57.81479742068999
76.1	57.73904226531333
76.2	57.634080137573335
76.3	57.50066882969
76.4	57.33966166074333
76.5	57.15200471428333
76.6	56.93873382301332
76.7	56.70097131925333
76.8	56.43992255115333
76.9	56.15687218433666
77.	55.85318029483334
77.1	55.530278268243336
77.2	55.189664512443336
77.3	54.83290000505
77.4	54.46160368001999
77.5	54.077447671230004
77.6	53.6821524266
77.7	53.277481705106666
77.8	52.86523747296333
77.9	52.447254711483325
78.	52.02539615192333
78.1	51.60154695278667
78.2	51.17760933213666
78.3	50.755497172406656
78.4	50.33713061013666
78.5	49.92443062756
78.6	49.519313657119994
78.7	49.12368621848
78.8	48.73943959649333
78.9	48.368444578849996
79.	48.012546266369995
79.1	47.67355896626333
79.2	47.35326118712
79.3	47.05339074132333
79.4	46.775639976516665
79.5	46.52165113964999
79.6	46.29301188967666
79.7	46.091250970586664
79.8	45.917834052740005
79.9	45.77415975586666
80.	45.66155585941
80.1	45.58127571273667
80.2	45.53449485447667
80.3	45.522307842243336
80.4	45.545725310816664
80.5	45.605671252836665
80.6	45.70298053947
80.7	45.83839667836
80.8	46.01256981762666
80.9	46.226054998623326
81.	46.47931066010333
81.1	46.772697396826665
81.2	47.10647697685
81.3	47.48081161175
81.4	47.89576349081333
81.5	48.35129456893333
81.6	48.84726661244666
81.7	49.383441501899995
81.8	49.959481786619996
81.9	50.57495149046666
82.	51.2293171629
82.1	51.92194917588999
82.2	52.65212325563333
82.3	53.41902224874
82.4	54.22173811449
82.5	55.059274137433334
82.6	55.93054735321667
82.7	56.83439117909666
82.8	57.769558244853336
82.9	58.73472340876999
83.	59.728486957686656
83.1	60.74937797675333
83.2	61.795857877446664
83.3	62.866324082333335
83.4	63.9591138452
83.5	65.0725082056
83.6	66.20473605833334
83.7	67.35397833513333
83.8	68.51837227956666
83.9	69.69601580899999
84.	70.88497195006666
84.1	72.08327333296666
84.2	73.2889267401
84.3	74.49991768886667
84.4	75.71421504186665
84.5	76.92977563196666
84.6	78.1445488877
84.7	79.35648145249999
84.8	80.56352177973332
84.9	81.76362469793332
85.	82.95475593026666
85.1	84.13489656123332
85.2	85.3020474359
85.3	86.45423348583331
85.4	87.58950796559999
85.5	88.70595659439999
85.6	89.8017015931
85.7	90.87490560290001
85.8	91.92377548306666
85.9	92.94656597433334
86.	93.94158322213333
86.1	94.90718815103334
86.2	95.8417996861
86.3	96.74389780759998
86.4	97.61202644266666
86.5	98.4447961789
86.6	99.24088680106667
86.7	99.99904964209999
86.8	100.71810974709999
86.9	101.39696784646668
87.	102.03460213063332
87.1	102.63006983226667
87.2	103.18250860463334
87.3	103.69113770136666
87.4	104.15525895393333
87.5	104.5742575471
87.6	104.94760259026665
87.7	105.27484748943334
87.8	105.55563011863333
87.9	105.78967279096668
88.	105.97678203513331
88.1	106.11684817576665
88.2	106.20984472643335
88.3	106.2558275916
88.4	106.25493408866666
88.5	106.20738178996666
88.6	106.11346719189999
88.7	105.97356421479999
88.8	105.78812254163333
88.9	105.55766579910001
89.	105.28278958926667
89.1	104.96415937743333
89.2	104.60250824399999
89.3	104.19863450826666
89.4	103.7533992283
89.5	103.26772359033333
89.6	102.7425861895
89.7	102.17902021699997
89.8	101.57811055399999
89.9	100.9409907877
90.	100.26884015569999
90.1	99.56288042423333
90.2	98.82437271699999
90.3	98.0546142915
90.4	97.25493528613333
90.5	96.4266954318
90.6	95.57128074949999
90.7	94.69010023589999
90.8	93.78458254426667
90.9	92.85617267586667
91.	91.90632868236668
91.1	90.93651839516667
91.2	89.94821618163333
91.3	88.942899743
91.4	87.92204695903332
91.5	86.88713278540001
91.6	85.83962621090001
91.7	84.78098728709999
91.8	83.71266422853333
91.9	82.63609059569998
92.	81.55268256493332
92.1	80.46383629046667
92.2	79.3709253657
92.3	78.27529838723333
92.4	77.1782766244
92.5	76.08115180536666
92.6	74.9851840154
92.7	73.89159971553332
92.8	72.801589886
92.9	71.71630829173333
93.	70.63686987936666
93.1	69.56434930086667
93.2	68.49977957116667
93.3	67.44415085666665
93.4	66.39840939886666
93.5	65.36345657016666
93.6	64.34014806549999
93.7	63.3292932264
93.8	62.331654497766664
93.9	61.347947018466655
94.	60.378838339999994
94.1	59.42494827516666
94.2	58.486848873633335
94.3	57.56506452063333
94.4	56.66007215823333
94.5	55.772301623299995
94.6	54.9021361021
94.7	54.0499126957
94.8	53.215923092199986
94.9	52.40041434303333
95.	51.60358973866667
95.1	50.82560977643334
95.2	50.06659322106667
95.3	49.32661824723334
95.4	48.605723663099994
95.5	47.90391020716667
95.6	47.22114191446667
95.7	46.557347545733336
95.8	45.912422074199995
95.9	45.286228224266665
96.	44.6785980567
96.1	44.08933459383333
96.2	43.51821347946666
96.3	42.96498466756666
96.4	42.429374134099994
96.5	41.9110856058
96.6	41.40980230026666
96.7	40.925188672699996
96.8	40.456892161966664
96.9	40.00454493193333
97.	39.56776560223333
97.1	39.146160963133326
97.2	38.739327669766666
97.3	38.34685391003333
97.4	37.968321042566664
97.5	37.603305199333334
97.6	37.2513788486
97.7	36.91211231446667
97.8	36.585075248366664
97.9	36.26983804983334
98.	35.96597323173333
98.1	35.6730567279
98.2	35.3906691392
98.3	35.11839691596666
98.4	34.8558334742
98.5	34.602580242533335
98.6	34.35824763946666
98.7	34.122455977499996
98.8	33.89483629423333
98.9	33.675031108133325
99.	33.462695099
99.1	33.2574957116
99.2	33.05911368313333
99.3	32.867243493800004
99.4	32.68159374056666
99.5	32.501887435466664
99.6	32.32786222786666
99.7	32.159270552766664
99.8	31.9958797058
99.9	31.837471846733337
100.	31.683843932166667
100.1	31.53480758096667
100.2	31.390188873133333
100.3	31.249828084633336
100.4	31.11357936176666
100.5	30.981310336066663
100.6	30.85290168373333
100.7	30.728246632599998
100.8	30.607250419066663
100.9	30.489829698833333
101.	30.375911914533333
101.1	30.26543462433333
101.2	30.158344794066664
101.3	30.054598057699998
101.4	29.954157949333336
101.5	29.856995110066663
101.6	29.76308647473333
101.7	29.672414441533334
101.8	29.58496602823333
101.9	29.500732019733327
102.	29.41970611033333
102.1	29.34188404403333
102.2	29.267262758
102.3	29.1958395313
102.4	29.127611144366668
102.5	29.062573050966666
102.6	29.00071856783333
102.7	28.942038084366665
102.8	28.886518295966667
102.9	28.83414146433333
103.	28.784884707833335
103.1	28.738719324399995
103.2	28.69561015043333
103.3	28.65551495766666
103.4	28.618383890799993
103.5	28.584158948399995
103.6	28.552773508099996
103.7	28.524151899899998
103.8	28.498209027
103.9	28.4748500379
104.	28.453970049233334
104.1	28.435453921833332
104.2	28.419176090133334
104.3	28.405000445999995
104.4	28.39278027746666
104.5	28.382358262433332
104.6	28.373566517533327
104.7	28.366226702666665
104.8	28.360150179599998
104.9	28.355138225199997
105.	28.350982298433337
105.1	28.347464359566665
105.2	28.344357241233332
105.3	28.3414250696
105.4	28.338423734166668
105.5	28.33510140503333
105.6	28.331199095133332
105.7	28.326451265733333
105.8	28.32058647333333
105.9	28.313328055166664
106.	28.3043948515
106.1	28.293501961199997
106.2	28.28036152916667
106.3	28.2646835616
106.4	28.246176767399994
106.5	28.224549421199995
106.6	28.1995102471
106.7	28.17076931753333
106.8	28.138038966099998
106.9	28.101034709866667
107.	28.059476178633332
107.1	28.013088047233328
107.2	27.96160096803333
107.3	27.904752500066667
107.4	27.84228803166667
107.5	27.7739616928
107.6	27.699537254933333
107.7	27.618789013700002
107.8	27.531502652566665
107.9	27.437476083566665
108.	27.3365202623
108.1	27.228459974433328
108.2	27.113134590333335
108.3	26.990398785666663
108.4	26.860123225033334
108.5	26.722195205733332
108.6	26.576519260033336
108.7	26.423017713
108.8	26.261631193966664
108.9	26.092319099933327
109.	25.91506000836667
109.1	25.729852038700002
109.2	25.536713160033333
109.3	25.335681444433334
109.4	25.126815264199998
109.5	24.910193432766665
109.6	24.685915287166665
109.7	24.454100713066666
109.8	24.214890110866666
109.9	23.96844430253333
110.	23.714944380233334
110.1	23.454591495099997
110.2	23.187606588566666
110.3	22.914230064866665
110.4	22.6347214067
110.5	22.349358734133336
110.6	22.0584383083
110.7	21.762273980899998
110.8	21.46119659083333
110.9	21.155553309600002
111.	20.845706937433334
111.1	20.532035151706665
111.2	20.214929709623334
111.3	19.894795607749998
111.4	19.57205020055
111.5	19.24712228000333
111.6	18.92045111943333
111.7	18.592485483970002
111.8	18.263682610236664
111.9	17.93450715877
112.	17.605430141256665
112.1	17.276927826646666
112.2	16.94948062827
112.3	16.62357197601
112.4	16.29968717612333
112.5	15.97831226257
112.6	15.659932842423332
112.7	15.34503293950333
112.8	15.034093838876666
112.9	14.727592936023331
113.	14.426002593683332
113.1	14.129789010086668
113.2	13.839411101066666
113.3	13.55531940031
113.4	13.277954980176668
113.5	13.00774839621
113.6	12.74511865903
113.7	12.490472235723333
113.8	12.24420208427
113.9	12.006686723496665
114.	11.778289341023333
114.1	11.55935694238
114.2	11.350219543006666
114.3	11.151189406003333
114.4	10.962560327333332
114.5	10.784606971053332
114.6	10.617584255783331
114.7	10.461726794833334
114.8	10.317248390863334
114.9	10.184341587113334
115.	10.063177276023334
115.1	9.953904366283332
115.2	9.856649509493334
115.3	9.771516886923333
115.4	9.698588056933332
115.5	9.63792186339
115.6	9.58955440525
115.7	9.553499067399999
115.8	9.529746612319999
115.9	9.518265332293332
116.	9.519001261933333
116.1	9.531878449466667
116.2	9.556799286843333
116.3	9.593644896833334
116.4	9.64227557618
116.5	9.702531293456666
116.6	9.774232239706667
116.7	9.857179430479999
116.8	9.951155357126666
116.9	10.055924685769998
117.	10.171235000706666
117.1	10.296817591549999
117.2	10.432388280023332
117.3	10.57764828517
117.4	10.732285123533334
117.5	10.895973541853332
117.6	11.068376479319998
117.7	11.249146056683333
117.8	11.437924588843332
117.9	11.63434561842
118.	11.838034966166667
118.1	12.0486117965
118.2	12.265689693390001
118.3	12.488877744626667
118.4	12.71778163057333
118.5	12.952004713929998
118.6	13.191149128383332
118.7	13.434816861026665
118.8	13.6826108274
118.9	13.934135934296664
119.	14.18900012806333
119.1	14.446815425253334
119.2	14.70719892193
119.3	14.9697737798
119.4	15.23417018484333
119.5	15.50002627708
119.6	15.76698904777333
119.7	16.03471520162
119.8	16.302871982036663
119.9	16.571137956289995
120.	16.839203758906663
120.1	17.106772790793332
120.2	17.37356187255333
120.3	17.639301849676666
120.4	17.903738148096668
120.5	18.166631278886666
120.6	18.42775729010667
120.7	18.686908165416668
120.8	18.943892167399998
120.9	19.198534125766663
121.	19.450675669106666
121.1	19.700175399466666
121.2	19.946909010466662
121.3	20.190769347299998
121.4	20.4316664102
121.5	20.6695272998
121.6	20.904296106866667
121.7	21.1359337447
121.8	21.364417726533333
121.9	21.5897418884
122.	21.81191605796667
122.1	22.030965671233332
122.2	22.246931338166664
122.3	22.459868358766663
122.4	22.66984619143333
122.5	22.87694787503333
122.6	23.081269407433332
122.7	23.28291908153333
122.8	23.482016782266662
122.9	23.678693245366663
123.	23.873089282400002
123.1	24.065354972366663
123.2	24.255648824399998
123.3	24.444136913266664
123.4	24.63099199106667
123.5	24.816392577566667
123.6	25.000522032533333
123.7	25.18356761293333
123.8	25.365719518333336
123.9	25.547169926966667
124.	25.728112026366663
124.1	25.908739041366665
124.2	26.089243262733333
124.3	26.269815079333334
124.4	26.450642017366665
124.5	26.6319077898
124.6	26.813791358566668
124.7	26.9964660133
124.8	27.180098469166666
124.9	27.364847987033333
125.	27.550865518366667
125.1	27.738292878533333
125.2	27.927261950333335
125.3	28.1178939208
125.4	28.310298554166668
125.5	28.504573502566664
125.6	28.700803657633333
125.7	28.8990605447
125.8	29.099401761499998
125.9	29.301870464233332
126.	29.50649490133333
126.1	29.7132879977
126.2	29.92224699073333
126.3	30.133353118866665
126.4	30.346571364366667
126.5	30.561850251
126.6	30.779121697900003
126.7	30.998300929866666
126.8	31.219286444366663
126.9	31.441960036366666
127.	31.66618688023333
127.1	31.891815669366665
127.2	32.11867881276666
127.3	32.34659268876666
127.4	32.57535795456666
127.5	32.8047599119
127.6	33.03456892656666
127.7	33.26454090226667
127.8	33.494417806133335
127.9	33.7239282455
128.	33.9527880939
128.1	34.18070116476666
128.2	34.407359930733335
128.3	34.632446286800004
128.4	34.85563235533333
128.5	35.07658132993333
128.6	35.29494835679999
128.7	35.51038145023333
128.8	35.7225224399
128.9	35.93100794785
129.	36.13547039073333
129.1	36.335539006526666
129.2	36.530840901126666
129.3	36.721002112179995
129.4	36.90564868783666
129.5	37.084407775773336
129.6	37.25690872083334
129.7	37.422784167113335
129.8	37.58167116135667
129.9	37.73321225471334
130.	37.87705659936667
130.1	38.012861036656666
130.2	38.14029117389333
130.3	38.25902244600999
130.4	38.368741159429995
130.5	38.46914551467666
130.6	38.559946604816666
130.7	38.64086938651
130.8	38.711653620886665
130.9	38.77205478121666
131.	38.82184492505
131.1	38.86081352704333
131.2	38.88876827126666
131.3	38.905535799579994
131.4	38.91096241382999
131.5	38.90491473015
131.6	38.88728028224
131.7	38.857968073293335
131.8	38.81690907276667
131.9	38.764056657969995
132.	38.69938699807667
132.1	38.62289937949666
132.2	38.53461647138
132.3	38.43458453006333
132.4	38.322873542043325
132.5	38.19957730414333
132.6	38.06481344109333
132.7	37.91872335938333
132.8	37.761472138256664
132.9	37.593248356603326
133.	37.414263857103336
133.1	37.22475344744333
133.2	37.02497453908333
133.3	36.81520672466333
133.4	36.59575129459
133.5	36.36693069415
133.6	36.1290879222
133.7	35.88258587304
133.8	35.627806622739996
133.9	35.36515066206333
134.	35.09503607744333
134.1	34.817897682239995
134.2	34.534186100486664
134.3	34.24436680530667
134.4	33.94891911451667
134.5	33.648335145829996
134.6	33.34311873450667
134.7	33.03378431605999
134.8	32.72085577715333
134.9	32.40486527713333
135.	32.086352043746665
135.1	31.76586114611333
135.2	31.44394224771333
135.3	31.12114834322
135.4	30.79803448196666
135.5	30.475156481586666
135.6	30.153069635566666
135.7	29.832327417103333
135.8	29.513480184016665
135.9	29.197073886616668
136.	28.88364878319333
136.1	28.573738166019996
136.2	28.267867100886665
136.3	27.966551183736662
136.4	27.670295318333334
136.5	27.37959251664333
136.6	27.09492272681
136.7	26.816751690583335
136.8	26.54552983350333
136.9	26.28169119130333
137.	26.025652374643332
137.1	25.777811575083334
137.2	25.538547615236666
137.3	25.308219045056664
137.4	25.08716328745
137.5	24.875695834213335
137.6	24.674109495606665
137.7	24.482673705013333
137.8	24.30163388028
137.9	24.131210843569995
138.	23.971600301829998
138.1	23.822972388146667
138.2	23.685471265786667
138.3	23.559214796136665
138.4	23.44429427081667
138.5	23.34077420923667
138.6	23.24869222157333
138.7	23.168058937693335
138.8	23.098858002676664
138.9	23.041046137733336
139.	22.994553267823328
139.1	22.959282714309996
139.2	22.93511145290666
139.3	22.921890435906665
139.4	22.919444977909997
139.5	22.927575204
139.6	22.94605655891333
139.7	22.974640376676668
139.8	23.01305450791333
139.9	23.06100400437333
140.	23.11817185818
140.1	23.18421979422333
140.2	23.25878911301
140.3	23.34150158304
140.4	23.431960378583334
140.5	23.529751062306666
140.6	23.634442608663328
140.7	23.745588466466664
140.8	23.86272765722
140.9	23.985385906973335
141.	24.113076808186666
141.1	24.245303009073332
141.2	24.38155742738333
141.3	24.52132448539
141.4	24.664081362946668
141.5	24.809299265546663
141.6	24.95644470440333
141.7	25.104980784846664
141.8	25.254368500326667
141.9	25.404068028576663
142.	25.55354002681
142.1	25.702246922743335
142.2	25.849654198276667
142.3	25.99523166281333
142.4	26.138454713113333
142.5	26.278805576403332
142.6	26.415774534433332
142.7	26.54886112470667
142.8	26.677575316753327
142.9	26.80143866068
143.	26.919985404476666
143.1	27.03276357914
143.2	27.13933604734
143.3	27.239281514726663
143.4	27.33219550102
143.5	27.417691268409996
143.6	27.495400706429997
143.7	27.56497517016333
143.8	27.62608627083
143.9	27.678426617266666
144.	27.721710505939996
144.1	27.755674559463333
144.2	27.78007831154
144.3	27.79470473752666
144.4	27.799360730143334
144.5	27.793877518960002
144.6	27.778111034046667
144.7	27.75194221218
144.8	27.715277246633335
144.9	27.66804777931667
145.	27.61021103636
145.1	27.541749906323332
145.2	27.462672962456665
145.3	27.373014428353333
145.4	27.272834089076667
145.5	27.162217146636664
145.6	27.041274022889997
145.7	26.910140109213334
145.8	26.76897546488667
145.9	26.617964465359996
146.	26.457315402116667
146.1	26.287260034786662
146.2	26.108053098350002
146.3	25.919971766293333
146.4	25.723315071703333
146.5	25.518403288646667
146.6	25.305577275313333
146.7	25.085197781403338
146.8	24.857644721670002
146.9	24.623316417883334
147.	24.382628811596664
147.1	24.136014649926665
147.2	23.883922646656664
147.3	23.626816621169997
147.4	23.365174617589993
147.5	23.099488006239998
147.6	22.83026057075
147.7	22.558007581760002
147.8	22.283254861463334
147.9	22.006537839496666
148.	21.72840060432333
148.1	21.44939495110666
148.2	21.170079429263332
148.3	20.891018391399996
148.4	20.612781046446663
148.5	20.335940518496667
148.6	20.06107291401333
148.7	19.78875639923
148.8	19.51957028946
148.9	19.254094152903335
149.	18.992906929803333
149.1	18.736586069546668
149.2	18.48570668662
149.3	18.240840737576665
149.4	18.002556219859997
149.5	17.771416393993334
149.6	17.547979030676668
149.7	17.332795683156665
149.8	17.126410986716664
149.9	16.929361985136666
150.	16.742177485983333
150.1	16.56537744427
150.2	16.399472375846663
150.3	16.244962800259998
150.4	16.10233871392
150.5	15.972079093093331
150.6	15.854651427393332
150.7	15.750511283149999
150.8	15.660101896806667
150.9	15.583853797689999
151.	15.522184460366667
151.1	15.475497985063335
151.2	15.444184806603333
151.3	15.428621430310002
151.4	15.429170194446664
151.5	15.446179058353332
151.6	15.479981414846666
151.7	15.530895926403334
151.8	15.599226383526666
151.9	15.685261584326664
152.	15.789275233776666
152.1	15.91152586176
152.2	16.052256758056664
152.3	16.211695923146667
152.4	16.390056033339995
152.5	16.58753441843333
152.6	16.80431305092
152.7	17.04055854491
152.8	17.29642216308333
152.9	17.572039830543332
153.	17.867532153679996
153.1	18.183004442799998
153.2	18.518546736926666
153.3	18.8742338292
153.4	19.250125291653333
153.5	19.64626549782
153.6	20.062683642099998
153.7	20.499393754099998
153.8	20.95639470735
153.9	21.43367022077333
154.	21.93118885205333
154.1	22.448903981983335
154.2	22.986753788466665
154.3	23.54466121009333
154.4	24.122533897753332
154.5	24.720264154316666
154.6	25.33772886132666
154.7	25.974789392916662
154.8	26.631291516013334
154.9	27.307065277093333
155.	28.001924875200004
155.1	28.71566852138333
155.2	29.448078284636665
155.3	30.19891992487
155.4	30.967942712853333
155.5	31.75487923831
155.6	32.55944520630666
155.7	33.38133922282333
155.8	34.220242570846665
155.9	35.07581897726333
156.	35.947714372419995
156.1	36.835556643236664
156.2	37.73895538113334
156.3	38.65750162685333
156.4	39.59076761252666
156.5	40.538306504783336
156.6	41.49965214866666
156.7	42.474318814069996
156.8	43.461800949453334
156.9	44.461572941499995
157.	45.47308888575999
157.1	46.49578236686999
157.2	47.529066254730004
157.3	48.572332515999996
157.4	49.62495204447334
157.5	50.68627451247
157.6	51.75562824479333
157.7	52.832320119976664
157.8	53.91563549882333
157.9	55.00483818253666
158.	56.09917040647666
158.1	57.19785286717766
158.2	58.30008478732933
158.3	59.405044023003995
158.4	60.511887210192334
158.5	61.61974995992833
158.6	62.727747095019325
158.7	63.834972942083
158.8	64.94050166880433
158.9	66.04338767820434
159.	67.14266605478565
159.1	68.237353070675
159.2	69.32644674467466
159.3	70.40892746561566
159.4	71.48375867496766
159.5	72.54988760975866
159.6	73.60624611106965
159.7	74.65175149519166
159.8	75.68530748902467
159.9	76.70580523244834
160.	77.71212434365566
160.1	78.70313405207833
160.2	79.67769439696465
160.3	80.63465748990599
160.4	81.57286884364133
160.5	82.49116876519301
160.6	83.38839381159733
160.7	84.26337830994733
160.8	85.11495593610232
160.9	85.94196135664399
161.	86.74323192519866
161.1	87.51760943770032
161.2	88.26394194098698
161.3	88.98108559269834
161.4	89.667906571522
161.5	90.32328303205333
161.6	90.94610710602099
161.7	91.53528694150398
161.8	92.08974878044799
161.9	92.60843906891031
162.	93.09032659892034
162.1	93.53440467306334
162.2	93.93969329438767
162.3	94.30524137167767
162.4	94.63012893807833
162.5	94.91346937940632
162.6	95.15441166417634
162.7	95.35214257532199
162.8	95.50588893461199
162.9	95.61491981445965
163.	95.67854873744166
163.1	95.69613584953368
163.2	95.66709007073833
163.3	95.59087121143666
163.4	95.46699205048266
163.5	95.295020370678
163.6	95.07458094735333
163.7	94.80535747932831
163.8	94.48709446196433
163.9	94.11959899499199
164.	93.70274251938
164.1	93.23646247602
164.2	92.72076388646333
164.3	92.15572084280333
164.4	91.54147790726665
164.5	90.87825141499333
164.6	90.16633067286666
164.7	89.40607905280999
164.8	88.59793497089666
164.9	87.74241275254333
165.	86.84010337484666
165.1	85.89167508539666
165.2	84.89787389019
165.3	83.85952391072
165.4	82.77752760348334
165.5	81.65286583901667
165.6	80.48659784104332
165.7	79.27986097608999
165.8	78.03387039961333
165.9	76.74991854758333
166.	75.42937447922
166.1	74.07368306322999
166.2	72.68436401151666
166.3	71.26301075502667
166.4	69.81128916413333
166.5	68.33093611010999
166.6	66.82375787182333
166.7	65.2916283852
166.8	63.73648733454333
166.9	62.16033809331999
167.	60.56524550813334
167.1	58.95333353079667
167.2	57.32678270563666
167.3	55.68782750320333
167.4	54.038753516196664
167.5	52.381894509826665
167.6	50.71962933937334
167.7	49.05437872917334
167.8	47.38860192946667
167.9	45.724793241346674
168.	44.06547842988333
168.1	42.41321101702
168.2	40.77056847031999
168.3	39.140148286439995
168.4	37.52456398051666
168.5	35.92644098506
168.6	34.34841246505333
168.7	32.79311505870666
168.8	31.263184548986665
168.9	29.761251474606667
169.	28.289936687606662
169.1	26.851846866233334
169.2	25.449569990996668
169.3	24.085670792063333
169.4	22.76268617714
169.5	21.483120648049997
169.6	20.249441715196667
169.7	19.06407531862
169.8	17.929401265013333
169.9	16.847748689263334
170.	15.821391550573333
170.1	14.852544171569999
170.2	13.94335682995333
170.3	13.095911412136667
170.4	12.312217137696665
170.5	11.594206363923334
170.6	10.943730479866666
170.7	10.362555898230001
170.8	9.852360154876667
170.9	9.414728123673331
171.	9.051148356483331
171.1	8.763009555496666
171.2	8.551597187343333
171.3	8.418090246106667
171.4	8.363558173606664
171.5	8.38895794432
171.6	8.49513132227
171.7	8.682802296949998
171.8	8.952574704899998
171.9	9.304930043496668
172.	9.740225482806666
172.1	10.25869208145
172.2	10.860433211599998
172.3	11.545423198273333
172.4	12.31350617732
172.5	13.164395176216667
172.6	14.097671421853335
172.7	15.112783877856666
172.8	16.209049015103332
172.9	17.385650817186665
173.	18.64164102312
173.1	19.975939608889995
173.2	21.387335508456665
173.3	22.874487574939998
173.4	24.43592578225
173.5	26.070052666246667
173.6	27.77514500494
173.7	29.549355736066666
173.8	31.390716110049997
173.9	33.29713807645
174.	35.26641689994
174.1	37.29623400390666
174.2	39.384160036316665
174.3	41.52765815482667
174.4	43.724087524796666
174.5	45.97070702764667
174.6	48.26467916942333
174.7	50.60307418836332
174.8	52.98287435131665
174.9	55.40097843391334
175.	57.85420637554999
175.1	60.339304103113335
175.2	62.852948513196665
175.3	65.39175260617333
175.4	67.95227076282666
175.5	70.53100415311
175.6	73.12440626709665
175.7	75.72888856278
175.8	78.34082621386
175.9	80.95656395205665
176.	83.5724219917
176.1	86.18470202584332
176.2	88.78969328236332
176.3	91.38367863032332
176.4	93.96294072373334
176.5	96.52376817159333
176.6	99.06246172382998
176.7	101.57534045996331
176.8	104.05874797050332
176.9	106.50905851548666
177.	108.92268315536998
177.1	111.29607583647665
177.2	113.62573942046998
177.3	115.90823164929334
177.4	118.14017103147
177.5	120.31824263843
177.6	122.43920380052
177.7	124.49988969237666
177.8	126.49721879580666
177.9	128.4281982275633
178.	130.28992892681666
178.1	132.07961068786668
178.2	133.7945470280133
178.3	135.43214988653668
178.4	136.98994413642666
178.5	138.46557191097665
178.6	139.85679672525666
178.7	141.16150739543335
178.8	142.37772173935667
178.9	143.5035900550633
179.	144.53739837236333
179.1	145.47757146602666
179.2	146.32267562748
179.3	147.07142119181333
179.4	147.72266480865665
179.5	148.27541146128334
179.6	148.72881621922332
179.7	149.08218573219
179.8	149.33497945268664
179.9	149.48681059179
180.	149.53744680308333