# O+CO(0,0) elastic diff. cross section
# E = 0.00027 eV
# angle, CS (1e-16 cm^2)
0.1	17073.980902819996
0.2	17056.31088745
0.3	17026.897471516666
0.4	16985.79546704
0.5	16933.081406339996
0.6	16868.853338213332
0.7	16793.230567146664
0.8	16706.353336289998
0.9	16608.382454926665
1.	16499.49887245667
1.1	16379.903199229997
1.2	16249.815176569999
1.3	16109.473097403334
1.4	15959.133179086668
1.5	15799.068891043333
1.6	15629.570238866665
1.7	15450.943007293332
1.8	15263.507964569999
1.9	15067.600030656668
2.	14863.567411966666
2.1	14651.770705006667
2.2	14432.58197268
2.3	14206.383794803332
2.4	13973.56829705
2.5	13734.5361606
2.6	13489.695615853332
2.7	13239.46142308
2.8	12984.253843596665
2.9	12724.497604093332
3.	12460.620857533331
3.1	12193.05414372
3.2	11922.229352683333
3.3	11648.578693823332
3.4	11372.533674066668
3.5	11094.524087996666
3.6	10814.977022536666
3.7	10534.315879599999
3.8	10252.959419299998
3.9	9971.320825929999
4.	9689.806800246664
4.1	9408.816679566666
4.2	9128.741588896664
4.3	8849.963624543332
4.4	8572.855073173332
4.5	8297.777667466666
4.6	8025.081880943333
4.7	7755.106263209998
4.8	7488.176817316666
4.9	7224.606420599999
5.	6964.694290209999
5.1	6708.725494753333
5.2	6456.970512173332
5.3	6209.6848356400005
5.4	5967.108626936666
5.5	5729.466418963333
5.6	5496.96686637
5.7	5269.802545449999
5.8	5048.1498024366665
5.9	4832.1686506666665
6.	4622.00271551
6.1	4417.779227086667
6.2	4219.609059716667
6.3	4027.586817426667
6.4	3841.790964503333
6.5	3662.283999856666
6.6	3489.1126741033336
6.7	3322.3082477833327
6.8	3161.88678945
6.9	3007.8495117699995
7.	2860.1831440933333
7.1	2718.8603395933333
7.2	2583.84011511
7.3	2455.0683216733332
7.4	2332.4781436866665
7.5	2215.9906246033333
7.6	2105.5152169933335
7.7	2000.9503546666667
7.8	1902.1840446833332
7.9	1809.0944769166665
8.	1721.5506488566666
8.1	1639.41300331
8.2	1562.5340767166665
8.3	1490.7591557033331
8.4	1423.9269395666665
8.5	1361.8702064566667
8.6	1304.4164808833334
8.7	1251.3887004333333
8.8	1202.605879457
8.9	1157.8837675866666
9.	1117.0355010453334
9.1	1079.8722447363334
9.2	1046.203823146
9.3	1015.8393382223333
9.4	988.5877724793332
9.5	964.2585755766668
9.6	942.6622328223334
9.7	923.610814113
9.8	906.9185018426666
9.9	892.402096555
10.	879.8814991146667
10.1	869.1801683076666
10.2	860.1255529396667
10.3	852.5494975006666
10.4	846.2886207439999
10.5	841.1846664743334
10.6	837.0848260393333
10.7	833.8420321656668
10.8	831.3152237863333
10.9	829.3695817236667
11.	827.8767351403333
11.1	826.714938802
11.2	825.7692212970001
11.3	824.9315044616666
11.4	824.1006943613331
11.5	823.1827442673332
11.6	822.090690181
11.7	820.7446595199999
11.8	819.0718536869999
11.9	817.0065053179999
12.	814.4898110666666
12.1	811.4698408840001
12.2	807.9014247856667
12.3	803.7460181729999
12.4	798.9715468386667
12.5	793.5522328206667
12.6	787.4684023293332
12.7	780.7062769823333
12.8	773.2577496376666
12.9	765.1201461853334
13.	756.2959745246667
13.1	746.7926622096667
13.2	736.6222840026667
13.3	725.8012807809998
13.4	714.3501711133332
13.5	702.2932568916665
13.6	689.6583243349999
13.7	676.4763417136667
13.8	662.7811550926667
13.9	648.609183373
14.	633.9991138836667
14.1	618.9915997319999
14.2	603.6289600916666
14.3	587.9548845639999
14.4	572.0141426903333
14.5	555.8522996606666
14.6	539.515439194
14.7	523.0498945226666
14.8	506.50198835599997
14.9	489.9177826226667
15.	473.3428387493333
15.1	456.8219891593333
15.2	440.399120608
15.3	424.116969916
15.4	408.016932583
15.5	392.138884706
15.6	376.52101855633333
15.7	361.199692106
15.8	346.2092927193333
15.9	331.58211516866663
16.	317.34825406666664
16.1	303.53551073899996
16.2	290.169314502
16.3	277.2726582543333
16.4	264.8660482203333
16.5	252.967467646
16.6	241.59235416633334
16.7	230.75359053966667
16.8	220.461508379
16.9	210.723904459
17.	201.54606915366665
17.1	192.93082649833332
17.2	184.87858534066666
17.3	177.38740101466664
17.4	170.45304693466665
17.5	164.06909547523333
17.6	158.2270074928
17.7	152.91622980656666
17.8	148.1242999474
17.9	143.83695747266665
18.	140.0382611259
18.1	136.7107111135
18.2	133.8353757809
18.3	131.39202194316664
18.4	129.35924815506667
18.5	127.7146201953
18.6	126.43480804793333
18.7	125.49572368516667
18.8	124.8726589631
18.9	124.54042295416664
19.	124.47347807903333
19.1	124.64607439459999
19.2	125.03238144789998
19.3	125.60661710499997
19.4	126.34317282133334
19.5	127.21673482233332
19.6	128.20240070933335
19.7	129.27579104933332
19.8	130.413155513
19.9	131.59147318933333
20.	132.788546726
20.1	133.98308999466664
20.2	135.15480899266666
20.3	136.28447577066666
20.4	137.3539951759
20.5	138.34646426333333
20.6	139.2462242543
20.7	140.0389049689
20.8	140.71146168316665
20.9	141.25220441339997
21.	141.65081965733333
21.1	141.89838465976666
21.2	141.98737430176666
21.3	141.91166075016667
21.4	141.66650603509999
21.5	141.24854774813332
21.6	140.65577808686666
21.7	139.88751649773332
21.8	138.94437619873332
21.9	137.82822487373332
22.	136.54213986793332
22.1	135.09035822436664
22.2	133.47822191786668
22.3	131.71211866376666
22.4	129.79941869106665
22.5	127.74840787496666
22.6	125.56821764303334
22.7	123.26875206706667
22.8	120.86061256273332
22.9	118.35502062226665
23.	115.76373900643333
23.1	113.09899181213332
23.2	110.3733838499
23.3	107.59981973086667
23.4	104.79142308633331
23.5	101.96145631363333
23.6	99.1232412347
23.7	96.29008105466666
23.8	93.47518397646667
23.9	90.69158882373333
24.	87.95209300349998
24.1	85.2691831276
24.2	82.65496858106667
24.3	80.12111832426666
24.4	77.6788011724
24.5	75.3386297952
24.6	73.1106086443
24.7	71.0040859957
24.8	69.02771027356667
24.9	67.18939079546666
25.	65.49626305613333
25.1	63.95465864203334
25.2	62.57007984533334
25.3	61.34717902079999
25.4	60.28974270733333
25.5	59.400680509366666
25.6	58.68201871256667
25.7	58.13489858516667
25.8	57.75957929286666
25.9	57.55544533646666
26.	57.52101839833333
26.1	57.6539734665
26.2	57.95115908503334
26.3	58.4086215623
26.4	59.02163295306667
26.5	59.78472261343333
26.6	60.69171211513333
26.7	61.73575329243332
26.8	62.9093691825
26.9	64.20449761163333
27.	65.6125371695
27.1	67.12439530633333
27.2	68.73053828343333
27.3	70.42104270026665
27.4	72.18564832043333
27.5	74.01381191513333
27.6	75.89476184546666
27.7	77.81755310016666
27.8	79.77112251213333
27.9	81.74434388319999
28.	83.72608274086666
28.1	85.70525046913333
28.2	87.67085755346666
28.3	89.6120656951
28.4	91.51823855216665
28.5	93.37899088276666
28.6	95.18423586879999
28.7	96.9242304212
28.8	98.58961826853334
28.9	100.1714706529
29.	101.66132447153333
29.1	103.05121770846665
29.2	104.33372202926667
29.3	105.501972416
29.4	106.54969373906667
29.5	107.47122418693334
29.6	108.26153547293332
29.7	108.916249779
29.8	109.4316533885333
29.9	109.80470699523332
30.	110.03305268049999
30.1	110.11501757643335
30.2	110.04961423363335
30.3	109.83653774743334
30.4	109.47615969373334
30.5	108.96951895043333
30.6	108.31830948766665
30.7	107.524865232
30.8	106.59214211226666
30.9	105.52369741206667
31.	104.32366656516666
31.1	102.99673753996666
31.2	101.54812296483331
31.3	99.9835301586
31.4	98.30912923973332
31.5	96.53151948823333
31.6	94.6576941443
31.7	92.6950038321
31.8	90.65111880129999
31.9	88.53399017846665
32.	86.35181042506667
32.1	84.1129732023
32.2	81.82603283516666
32.3	79.49966357406666
32.4	77.14261885006665
32.5	74.76369070926665
32.6	72.3716696204
32.7	69.97530483349999
32.8	67.58326546999999
32.9	65.20410251416666
33.	62.8462118718
33.1	60.51779865159999
33.2	58.2268428203
33.3	55.981066369100006
33.4	53.7879021248
33.5	51.6544643247
33.6	49.587521068200004
33.7	47.59346874373333
33.8	45.67830852149999
33.9	43.847624990633335
34.	42.10656700713333
34.1	40.45983080886666
34.2	38.91164544126667
34.3	37.46576052686667
34.4	36.125436398699996
34.5	34.89343660793333
34.6	33.77202280333333
34.7	32.762951969666666
34.8	31.8674760015
34.9	31.086343576999997
35.	30.419804287833333
35.1	29.86761496993333
35.2	29.429048170599998
35.3	29.102902679533333
35.4	28.887516040999998
35.5	28.780778957766664
35.6	28.780151489633333
35.7	28.882680941799997
35.8	29.08502133316667
35.9	29.383454328299997
36.	29.77391151176667
36.1	30.251997879666664
36.2	30.8130164192
36.3	31.451993643866665
36.4	32.16370595073333
36.5	32.942706662533325
36.6	33.783353618999996
36.7	34.679837178833324
36.8	35.62620849666666
36.9	36.61640793816666
37.	37.644293499966665
37.1	38.703669101833334
37.2	39.7883126227
37.3	40.892003554233334
37.4	42.008550151566666
37.5	43.1318159626
37.6	44.255745625399996
37.7	45.37438982566667
37.8	46.48192931496667
37.9	47.572697893733334
38.	48.64120427263333
38.1	49.6821527304
38.2	50.690462494733325
38.3	51.66128577999999
38.4	52.59002442283333
38.5	53.47234506503333
38.6	54.30419284083332
38.7	55.081803531233334
38.8	55.80171416456666
38.9	56.46077203383334
39.	57.05614213106666
39.1	57.58531298759999
39.2	58.0461009263
39.3	58.43665273996667
39.4	58.755446813199995
39.5	59.001292714899996
39.6	59.1733292949
39.7	59.27102132343333
39.8	59.29415472326667
39.9	59.242830441266676
40.	59.117457023499995
40.1	58.918741952000005
40.2	58.6476818132
40.3	58.305551371233335
40.4	57.893891618999994
40.5	57.41449689116667
40.6	56.86940111713333
40.7	56.26086330516666
40.8	55.5913523369
40.9	54.863531169666665
41.	54.08024053191666
41.1	53.24448220334333
41.2	52.35940197163333
41.3	51.428272357000004
41.4	50.45447519108333
41.5	49.441484145589996
41.6	48.39284729141333
41.7	47.31216977780667
41.8	46.20309671349
41.9	45.06929632878
42.	43.91444349749
42.1	42.74220369125334
42.2	41.55621743638
42.3	40.360085339003334
42.4	39.15735373971333
42.5	37.9515010552
42.6	36.74592485814
42.7	35.54392974293666
42.8	34.34871601972
42.9	33.16336927234667
43.	31.99085081271
43.1	30.833989056979995
43.2	29.69547184464333
43.3	28.57783971499
43.4	27.483480151316662
43.5	26.41462279667333
43.6	25.373335640323333
43.7	24.361522168916668
43.8	23.380919470516666
43.9	22.433097275729995
44.	21.519457914716668
44.1	20.641237164453333
44.2	19.79950595621333
44.3	18.995172909679997
44.4	18.228987655176667
44.5	17.50154490287333
44.6	16.81328921402
44.7	16.16452042678
44.8	15.555399685383335
44.9	14.98595602079
45.	14.456093426989998
45.1	13.965598377286668
45.2	13.514147721579999
45.3	13.101316906893333
45.4	12.726588460383333
45.5	12.389360675656665
45.6	12.088956442123333
45.7	11.824632157626667
45.8	11.595586665883333
45.9	11.400970160403332
46.	11.239892998201
46.1	11.111434368758333
46.2	11.014650764486333
46.3	10.948584202317331
46.4	10.912270147205668
46.5	10.904745092529
46.6	10.925053753578334
46.7	10.97225583497
46.8	11.045432334680001
46.9	11.143691352673333
47.	11.266173373196667
47.1	11.412055996409999
47.2	11.580558096299999
47.3	11.770943387706666
47.4	11.982523387616666
47.5	12.214659761623333
47.6	12.466766048786667
47.7	12.73830876346
47.8	13.02880787574
47.9	13.337836677046667
48.	13.665021039893332
48.1	14.01003808668
48.2	14.37261428339
48.3	14.752522980406667
48.4	15.149581423683333
48.5	15.563647264353335
48.6	15.994614597003334
48.7	16.442409559966666
48.8	16.906985533736666
48.9	17.388317975656665
49.	17.886398931713334
49.1	18.401231267512998
49.2	18.932822662954997
49.3	19.481179415546997
49.4	20.046300099659334
49.5	20.6281691288
49.6	21.226750268612996
49.7	21.841980149892997
49.8	22.473761828919663
49.9	23.12195844406833
50.	23.786387015469664
50.1	24.466812435236665
50.2	25.162941693265996
50.3	25.874418383325327
50.4	26.600817532173664
50.5	27.341640792285332
50.6	28.096312037559663
50.7	28.86417339831933
50.8	29.644481769810998
50.9	30.436405825379
51.	31.239023563789004
51.1	32.05132041500833
51.2	32.872187928285996
51.3	33.70042306070267
51.4	34.534728082505
51.5	35.373711111392
51.6	36.215887284767334
51.7	37.05968057489833
51.8	37.903426248322
51.9	38.745373968311
52.	39.58369153364233
52.1	40.416469244712665
52.2	41.24172488427933
52.3	42.05740929617566
52.4	42.861412541343
52.5	43.65157060989933
52.6	44.425672660857664
52.7	45.18146875907932
52.8	45.916678081313336
52.9	46.628997550843664
53.	47.31611086389533
53.1	47.97569787249266
53.2	48.60544427145667
53.3	49.203051556072
53.4	49.76624719224499
53.5	50.29279496208666
53.6	50.780505429014
53.7	51.227246470437656
53.8	51.63095383416766
53.9	51.98964165967466
54.	52.30141291314
54.1	52.564469687373
54.2	52.77712331166066
54.3	52.93780422016566
54.4	53.04507152698133
54.5	53.09762226165033
54.6	53.094300210967994
54.7	53.034104323480335
54.8	52.916196630594655
54.9	52.73990963888666
55.	52.50475315169234
55.1	52.210420483501
55.2	51.856794028342335
55.3	51.443950147122
55.4	50.97216334386133
55.5	50.441909703873
55.6	49.853869565155335
55.7	49.208929406944335
55.8	48.50818292920967
55.9	47.752931317357664
56.	46.94468267384466
56.1	46.08515061088733
56.2	45.17625200437533
56.3	44.22010390307967
56.4	43.21901959902466
56.5	42.17550386941933
56.6	41.09224739514633
56.7	39.97212037604433
56.8	38.81816535827767
56.9	37.63358929586233
57.	36.42175487270867
57.1	35.186171112885
57.2	33.93048331145933
57.3	32.658462319756666
57.4	31.373993224790333
57.5	30.081063461031
57.6	28.783750399811332
57.7	27.486208460557666
57.8	26.19265579224633
57.9	24.907360574604997
58.	23.634626990959994
58.1	22.378780925344664
58.2	21.144155438868
58.3	19.935076080322666
58.4	18.755846088265
58.5	17.610731540644665
58.6	16.503946510339667
58.7	15.439638283650334
58.8	14.421872698930665
58.9	13.454619663544666
59.	12.541738904121999
59.1	11.686966007332332
59.2	10.893898804584
59.3	10.165984154498334
59.4	9.506505175194667
59.5	8.918568975617
59.6	8.405094934895
59.7	7.968803575269334
59.8	7.612206072345332
59.9	7.337594443884332
60.	7.1470324553169995
60.1	7.042347278455001
60.2	7.02512193502
60.3	7.096688555666999
60.4	7.258122480143333
60.5	7.510237222483667
60.6	7.853580320133333
60.7	8.288430084026665
60.8	8.814793262276666
60.9	9.432403626263334
61.	10.140721485533334
61.1	10.938934132849997
61.2	11.825957218626664
61.3	12.800437048940001
61.4	13.860753799473333
61.5	15.005025632329998
61.6	16.23111370106
61.7	17.53662802471
61.8	18.918934208983334
61.9	20.375160989426664
62.	21.902208567949998
62.1	23.496757712763333
62.2	25.155279586086667
62.3	26.874046265066667
62.4	28.649141915709993
62.5	30.476474579023336
62.6	32.35178852633333
62.7	34.270677138156664
62.8	36.228596259963325
62.9	38.22087798620666
63.	40.24274482302333
63.1	42.28932417825
63.2	44.35566312689333
63.3	46.43674340146333
63.4	48.52749654884333
63.5	50.62281920801
63.6	52.71758844641333
63.7	54.806677111140004
63.8	56.88496913219333
63.9	58.947374734023334
64.	60.988845495446675
64.1	63.00438921618334
64.2	64.98908453072333
64.3	66.93809522937667
64.4	68.84668423332332
64.5	70.71022718325999
64.6	72.52422559370333
64.7	74.28431953575667
64.8	75.98629980321999
64.9	77.62611953325333
65.	79.19990523613333
65.1	80.70396721065
65.2	82.13480930943334
65.3	83.48913803078332
65.4	84.76387090966332
65.5	85.95614418624332
65.6	87.06331973521333
65.7	88.08299123592333
65.8	89.01298957564998
65.9	89.85138746824666
66.	90.59650328757334
66.1	91.24690410715
66.2	91.80140794467667
66.3	92.25908521568331
66.4	92.61925939492666
66.5	92.88150689681666
66.6	93.04565618253999
66.7	93.11178610723331
66.8	93.08022351591666
66.9	92.95154011756667
67.	92.72654864039998
67.1	92.40629830625332
67.2	91.99206963377
67.3	91.4853686072
67.4	90.88792023075666
67.5	90.20166150243
67.6	89.42873383496
67.7	88.57147495855665
67.8	87.63241034129
67.9	86.61424415361
68.	85.51984982473665
68.1	84.35226021637999
68.2	83.11465746066666
68.3	81.81036249329999
68.4	80.4428243246
68.5	79.01560908503333
68.6	77.5323888865
68.7	75.9969305337
68.8	74.4130841296
68.9	72.7847716085
69.	71.11597523836666
69.1	69.4107261257
69.2	67.67309276423333
69.3	65.90716965666667
69.4	64.11706605073333
69.5	62.3068948196
69.6	60.480761516633336
69.7	58.64275364303333
69.8	56.79693014796667
69.9	54.947311200433326
70.	53.09786824973334
70.1	51.2525144042
70.2	49.41509515616666
70.3	47.58937946226666
70.4	45.779051215066666
70.5	43.987701109666666
70.6	42.21881893256667
70.7	40.475786281199994
70.8	38.761869728799994
70.9	37.08021444606666
71.	35.4338382881
71.1	33.825626354066664
71.2	32.258326025
71.3	30.734542483600002
71.4	29.256734718033336
71.5	27.827212010066663
71.6	26.448130905933333
71.7	25.121492667433333
71.8	23.8491411985
71.9	22.632761441199996
72.	21.473878234066664
72.1	20.373855623999997
72.2	19.33389662133333
72.3	18.355043387733332
72.4	17.438177844033333
72.5	16.5840226845
72.6	15.793142784333334
72.7	15.065946984066665
72.8	14.402690235933331
72.9	13.803476095316668
73.	13.268259539863331
73.1	12.796850099443333
73.2	12.388915277946666
73.3	12.043984249393333
73.4	11.761451808876666
73.5	11.540582560646666
73.6	11.380515323306334
73.7	11.280267734081665
73.8	11.238741032838334
73.9	11.254725007600001
74.	11.326903082654333
74.1	11.453857531633666
74.2	11.634074797066667
74.3	11.865950899196665
74.4	12.147796917683332
74.5	12.477844528139999
74.6	12.854251579343334
74.7	13.275107694196667
74.8	13.738439880513333
74.9	14.242218137086667
75.	14.784361041866664
75.1	15.362741308633332
75.2	15.975191301433334
75.3	16.619508493866665
75.4	17.293460863666667
75.5	17.994792212133333
75.6	18.72122739923333
75.7	19.470477486266667
75.8	20.240244777366666
75.9	21.02822775423333
76.	21.832125896166666
76.1	22.649644380766663
76.2	23.478498659733333
76.3	24.316418905666666
76.4	25.16115432533333
76.5	26.0104773371
76.6	26.8621876088
76.7	27.71411595476667
76.8	28.564128089133334
76.9	29.4101282353
77.	30.250062589633334
77.1	31.081922639333335
77.2	31.903748334266666
77.3	32.713631112499996
77.4	33.50971678013333
77.5	34.290208245766664
77.6	35.0533681108
77.7	35.797521115399995
77.8	36.52105644256666
77.9	37.222429880099995
78.	37.90016584236666
78.1	38.55285925286667
78.2	39.179177288599995
78.3	39.77786098773333
78.4	40.34772672143333
78.5	40.88766753113333
78.6	41.396654331966666
78.7	41.873736984
78.8	42.318045230866666
78.9	42.72878950776666
79.	43.10526161876666
79.1	43.44683528393333
79.2	43.7529665569
79.3	44.02319411283333
79.4	44.2571394079
79.5	44.45450670713333
79.6	44.61508298693333
79.7	44.73873770476666
79.8	44.825422439466664
79.9	44.87517040446667
80.	44.88809582813333
80.1	44.86439320353333
80.2	44.80433640923333
80.3	44.70827769849999
80.4	44.57664655559999
80.5	44.40994842143333
80.6	44.2087632892
80.7	43.97374416579999
80.8	43.7056154041
80.9	43.405170903233326
81.	43.073272177233335
81.1	42.71084629733333
81.2	42.31888370243333
81.3	41.89843588403333
81.4	41.450612944999996
81.5	40.976581034599995
81.6	40.47755966223333
81.7	39.9548188923
81.8	39.40967642323333
81.9	38.84349455406666
82.	38.25767704263333
82.1	37.6536658593
82.2	37.03293784093333
82.3	36.39700125066666
82.4	35.74739224816666
82.5	35.0856712772
82.6	34.4134193766
82.7	33.73223442146666
82.8	33.04372730183333
82.9	32.34951804703333
83.	31.651231903366664
83.1	30.9504953736
83.2	30.24893222793333
83.3	29.548159494866667
83.4	28.849783442433335
83.5	28.1553955586
83.6	27.46656854293333
83.7	26.784852317566667
83.8	26.1117700709
83.9	25.4488143425
84.	24.797443162033336
84.1	24.15907625263333
84.2	23.535091309966663
84.3	22.926820368466664
84.4	22.335546266033333
84.5	21.762499218666665
84.6	21.208853515199998
84.7	20.67572434463333
84.8	20.1641647656
84.9	19.6751628289
85.	19.209638863766664
85.1	18.76844293753333
85.2	18.3523524979
85.3	17.962070207466667
85.4	17.598221979233333
85.5	17.261355220866665
85.6	16.951937295366665
85.7	16.670354205566667
85.8	16.41690950843333
85.9	16.191823465086667
86.	15.995232431569999
86.1	15.827188494319998
86.2	15.687659354356665
86.3	15.57652846266
86.4	15.493595408393332
86.5	15.438576561526666
86.6	15.411105969553333
86.7	15.410736508116665
86.8	15.436941283573333
86.9	15.489115285563331
87.	15.566577285309998
87.1	15.66857197709
87.2	15.79427235556
87.3	15.942782325269999
87.4	16.113139533463332
87.5	16.304318420046663
87.6	16.515233475126664
87.7	16.744742695133333
87.8	16.99165122756
87.9	17.254715193176665
88.	17.53264567398
88.1	17.824112854666666
88.2	18.12775030503
88.3	18.44215938902333
88.4	18.76591378664333
88.5	19.097564114133334
88.6	19.435642627293333
88.7	19.77866799212
88.8	20.125150107083332
88.9	20.473594960939998
89.	20.82250950952
89.1	21.170406554853333
89.2	21.515809609866665
89.3	21.85725773217333
89.4	22.193310309853334
89.5	22.52255178256
89.6	22.843596281756664
89.7	23.155092173123336
89.8	23.455726485473335
89.9	23.74422921056
90.	24.019377457706668
90.1	24.27999944913333
90.2	24.524978341126662
90.3	24.753255857156667
90.4	24.96383572013666
90.5	25.155786870723333
90.6	25.32824646055333
90.7	25.480422608636665
90.8	25.611596911143337
90.9	25.72112669553666
91.	25.808447009836662
91.1	25.87307234041667
91.2	25.914598051153334
91.3	25.932701538796664
91.4	25.927143100353334
91.5	25.89776650829667
91.6	25.844499292323334
91.7	25.76735272553666
91.8	25.666421515556664
91.9	25.54188320084333
92.	25.39399725542666
92.1	25.223103903516666
92.2	25.029622650236668
92.3	24.814050531956667
92.4	24.576960093793332
92.5	24.318997101253334
92.6	24.040877994456665
92.7	23.74338709435333
92.8	23.427373571233332
92.9	23.093748186853333
93.	22.743479822286666
93.1	22.377591804380003
93.2	21.997158044480003
93.3	21.60329900379
93.4	21.197177500779997
93.5	20.77999437601
93.6	20.3529840306
93.7	19.917409855173332
93.8	19.47455956657
93.9	19.02574046957
94.	18.572274661553337
94.1	18.115494197906663
94.2	17.65673623662333
94.3	17.197338180256665
94.4	16.73863283333333
94.5	16.281943593056667
94.6	15.82857969246
94.7	15.379831512563332
94.8	14.9369659816
94.9	14.501222078889999
95.	14.0738064595
95.1	13.6558892163
95.2	13.248599795333334
95.3	12.853023079266666
95.4	12.470195653866668
95.5	12.101102270966665
95.6	11.746672520766666
95.7	11.407777726533334
95.8	11.085228071333333
95.9	10.779769969166665
96.	10.492083688296667
96.1	10.222781236049999
96.2	9.972404512236666
96.3	9.741423737576667
96.4	9.53023616203
96.5	9.339165058139999
96.6	9.168459001016666
96.7	9.01829143814
96.8	8.888760549063333
96.9	8.779889394793333
97.	8.691626355443333
97.1	8.623845853286667
97.2	8.576349357823332
97.3	8.548866667659999
97.4	8.54105746359
97.5	8.55251312575
97.6	8.582758806586666
97.7	8.631255751286666
97.8	8.69740385511
97.9	8.780544447136666
98.	8.879963288633332
98.1	8.994893773236665
98.2	9.124520316196666
98.3	9.267981918003333
98.4	9.424375888313332
98.5	9.59276171466
98.6	9.772165059843333
98.7	9.961581872486665
98.8	10.159982593263333
98.9	10.366316440393334
99.	10.579515756793334
99.1	10.798500401536666
99.2	11.022182168293334
99.3	11.249469212436665
99.4	11.479270469956663
99.5	11.710500050316668
99.6	11.942081585593332
99.7	12.172952519253332
99.8	12.402068317589997
99.9	12.628406587066666
100.	12.850971081766666
100.1	13.068795585433332
100.2	13.280947652966667
100.3	13.486532196966667
100.4	13.684694905833334
100.5	13.8746254801
100.6	14.0555606752
100.7	14.226787139099999
100.8	14.387644033900003
100.9	14.537525432733332
101.	14.675882482
101.1	14.802225322866665
101.2	14.9161247637
101.3	15.017213698966666
101.4	15.105188269533333
101.5	15.1798087608
101.6	15.2409002363
101.7	15.288352905733333
101.8	15.322122226266666
101.9	15.342228738866666
102.	15.34875764097
102.1	15.341858098596669
102.2	15.321742301946665
102.3	15.288684269233332
102.4	15.24301840517
102.5	15.185137820833333
102.6	15.11549242308
102.7	15.034586782073333
102.8	14.942977786686665
102.9	14.841272099186668
103.	14.730123418783332
103.1	14.61022956822
103.2	14.482329414393334
103.3	14.34719963751333
103.4	14.205651362206666
103.5	14.058526665323331
103.6	13.906694975206666
103.7	13.751049377566668
103.8	13.592502844096666
103.9	13.431984399220001
104.	13.27043524102
104.1	13.10880483309
104.2	12.948046982896665
104.3	12.789115923206666
104.4	12.632962412726664
104.5	12.480529872039998
104.6	12.332750570143334
104.7	12.190541877823332
104.8	12.054802602553332
104.9	11.9264094197
105.	11.806213414623333
105.1	11.695036749243332
105.2	11.593669466203332
105.3	11.50286644363
105.4	11.423344511717
105.5	11.355779743164998
105.6	11.300804927023332
105.7	11.259007236177
105.8	11.230926096961065
105.9	11.217051268694101
106.	11.21782114037938
106.1	11.233621250298231
106.2	11.264783033627399
106.3	11.311582802431
106.4	11.374240960622332
106.5	11.452921456510333
106.6	11.547731473696667
106.7	11.658721360443332
106.8	11.785884796656664
106.9	11.92915919656
107.	12.08842634417
107.1	12.263513257583334
107.2	12.454193277269997
107.3	12.660187372766666
107.4	12.881165661056666
107.5	13.116749128829998
107.6	13.366511550783333
107.7	13.629981594163333
107.8	13.906645100386665
107.9	14.195947532209999
108.	14.49729657607
108.1	14.810064886973333
108.2	15.133592963759998
108.3	15.467192141870001
108.4	15.810147689639999
108.5	16.161721995166666
108.6	16.521157828596664
108.7	16.887681666019997
108.8	17.260507060226665
108.9	17.63883804315
109.	18.02187254545333
109.1	18.40880581843333
109.2	18.798833842563333
109.3	19.19115670898
109.4	19.58498195846333
109.5	19.979527863736664
109.6	20.37402664112333
109.7	20.76772757762
109.8	21.159900060066665
109.9	21.549836493139995
110.	21.936855094690003
110.1	22.320302555369995
110.2	22.699556552319997
110.3	23.074028105846665
110.4	23.443163769066665
110.5	23.806447642
110.6	24.163403201119998
110.7	24.513594937166665
110.8	24.856629794536666
110.9	25.192158406209998
111.	25.519876119416665
111.1	25.839523808446664
111.2	26.15088847025
111.3	26.453803602569998
111.4	26.748149361676667
111.5	27.033852500623333
111.6	27.31088608786
111.7	27.579269008926666
111.8	27.83906525292
111.9	28.090382987376664
112.	28.333373426833333
112.1	28.56822949936333
112.2	28.79518431785333
112.3	29.01450946339333
112.4	29.22651308778333
112.5	29.43153784454666
112.6	29.62995865778
112.7	29.82218033860667
112.8	30.008635060079996
112.9	30.18977970246
113.	30.366093079769996
113.1	30.53807306134333
113.2	30.706233600199997
113.3	30.871101682073334
113.4	31.03321420904333
113.5	31.193114831133332
113.6	31.35135074042333
113.7	31.508469442413332
113.8	31.665015518199993
113.9	31.82152739315
114.	31.978534125779994
114.1	32.13655223183666
114.2	32.29608255740666
114.3	32.45760721622
114.4	32.621586603539996
114.5	32.78845650205333
114.6	32.958625291219995
114.7	33.132471274526665
114.8	33.31034013580667
114.9	33.492542537069994
115.	33.67935186904666
115.1	33.871002164556664
115.2	34.067686185826666
115.3	34.26955369358333
115.4	34.476709907339995
115.5	34.689214164713334
115.6	34.907078785673335
115.7	35.13026814903667
115.8	35.35869798556333
115.9	35.59223489182333
116.	35.83069606911666
116.1	36.07384928877667
116.2	36.32141308590333
116.3	36.57305718229
116.4	36.82840313731666
116.5	37.0870252263
116.6	37.34845154343667
116.7	37.61216532596
116.8	37.877606496056664
116.9	38.14417341419333
117.	38.41122483911333
117.1	38.67808208677333
117.2	38.944031380266665
117.3	39.208326383293326
117.4	39.47019090645
117.5	39.72882177749333
117.6	39.983391862426664
117.7	40.233053230980005
117.8	40.47694044638
117.9	40.71417397559333
118.	40.94386369911333
118.1	41.16511251292666
118.2	41.37702000204334
118.3	41.57868617891
118.4	41.76921526311666
118.5	41.94771949535
118.6	42.11332296435333
118.7	42.26516543651667
118.8	42.40240616617999
118.9	42.52422767961333
119.	42.629839509456666
119.1	42.71848186819666
119.2	42.78942924647333
119.3	42.84199391751666
119.4	42.87552933678333
119.5	42.889433421103334
119.6	42.88315169241
119.7	42.856180275750006
119.8	42.80806873356
119.9	42.738422730253326
120.	42.646906510529995
120.1	42.533245182353326
120.2	42.39722679403666
120.3	42.23870419638333
120.4	42.05759667868333
120.5	41.853891376129994
120.6	41.62764443383
120.7	41.37898192827333
120.8	41.10810053679666
120.9	40.81526795223
121.	40.50082303889666
121.1	40.165175728546664
121.2	39.80880665234333
121.3	39.432266511159995
121.4	39.03617518465
121.5	38.62122057602333
121.6	38.18815720393
121.7	37.73780453444999
121.8	37.271045066679996
121.9	36.78882217197334
122.	36.29213769507333
122.1	35.78204932460666
122.2	35.2596677403
122.3	34.72615354684666
122.4	34.18271400393667
122.5	33.63059956273
122.6	33.07110022117334
122.7	32.50554170938333
122.8	31.935281518516664
122.9	31.361704786153332
123.	30.786220052913336
123.1	30.21025490373666
123.2	29.635251510186666
123.3	29.062662088136666
123.4	28.493944287096667
123.5	27.930556527369994
123.6	27.373953301283336
123.7	26.825580454629993
123.8	26.28687046583667
123.9	25.759237738710002
124.	25.244073925836666
124.1	24.742743299376663
124.2	24.256578185569996
124.3	23.78687447942
124.4	23.334887255456668
124.5	22.901826490583336
124.6	22.488852914513334
124.7	22.097074002196667
124.8	21.72754012365
124.9	21.381240864456664
125.	21.059101530743334
125.1	20.76197985138333
125.2	20.490662889289997
125.3	20.245864173726666
125.4	20.02822106363
125.5	19.838292352189995
125.6	19.6765561219
125.7	19.54340785736
125.8	19.439158824209997
125.9	19.36403471949
126.	19.318174599373332
126.1	19.30163008861
126.2	19.314364874856665
126.3	19.356254490349997
126.4	19.427086382756663
126.5	19.526560274936664
126.6	19.654288813456667
126.7	19.809798504203332
126.8	19.992530932216667
126.9	20.20184426242
127.	20.437015016476664
127.1	20.69724012034333
127.2	20.98163921567
127.3	21.289257228296666
127.4	21.61906718474667
127.5	21.969973268116664
127.6	22.34081410310667
127.7	22.73036625953
127.8	23.13734796235
127.9	23.560422996633335
128.	23.998204794003332
128.1	24.449260687146666
128.2	24.912116318186666
128.3	25.385260186493333
128.4	25.867148320503333
128.5	26.35620905832333
128.6	26.85084792085333
128.7	27.349452561579998
128.8	27.85039777624333
128.9	28.352050556023332
129.	28.852775167283333
129.1	29.350938241150004
129.2	29.844913855833333
129.3	30.333088595099998
129.4	30.813866566303325
129.5	31.285674360733328
129.6	31.74696594111333
129.7	32.19622743885667
129.8	32.63198184651333
129.9	33.05279358929
130.	33.457272961326666
130.1	33.84408041146333
130.2	34.21193066596333
130.3	34.559596673496664
130.4	34.88591336068333
130.5	35.18978118562333
130.6	35.47016947877333
130.7	35.72611955981333
130.8	35.95674762155666
130.9	36.161247371196666
131.	36.33889242178999
131.1	36.48903842546666
131.2	36.61112494322
131.3	36.70467704509333
131.4	36.76930663649333
131.5	36.80471350692666
131.6	36.81068609897666
131.7	36.787101994993336
131.8	36.73392812158
131.9	36.65122067140333
132.	36.53912474432
132.1	36.397873708649996
132.2	36.22778828696667
132.3	36.02927536941333
132.4	35.80282655948333
132.5	35.54901645856
132.6	35.26850069469333
132.7	34.96201370393333
132.8	34.630366271856666
132.9	34.274442844423334
133.	33.89519861720666
133.1	33.49365641471667
133.2	33.07090336878333
133.3	32.62808740932667
133.4	32.166413578909996
133.5	31.687140183596668
133.6	31.19157479353
133.7	30.681070106996664
133.8	30.157019691403335
133.9	29.620853615866665
134.	29.074033989676664
134.1	28.518050421989997
134.2	27.954415416669995
134.3	27.384659718896664
134.4	26.810327626873335
134.5	26.232972285443328
134.6	25.654150976023335
134.7	25.075420417546667
134.8	24.498332094570003
134.9	23.924427625839996
135.	23.355234189013334
135.1	22.792260015
135.2	22.236989966626666
135.3	21.690881214273332
135.4	21.155359022333332
135.5	20.631812658916665
135.6	20.12159144088333
135.7	19.62600092622
135.8	19.146299264699998
135.9	18.68369371668
136.	18.23933735148
136.1	17.81432593260333
136.2	17.409695000296665
136.3	17.026417157273332
136.4	16.665399566603334
136.5	16.327481666723333
136.6	16.013433109956665
136.7	15.723951928826665
136.8	15.459662934869998
136.9	15.221116352413334
137.	15.00878669039
137.1	14.82307185357
137.2	14.664292494436667
137.3	14.532691604810001
137.4	14.428434348156665
137.5	14.351608129556666
137.6	14.302222901833332
137.7	14.280211705156667
137.8	14.285431435633331
137.9	14.31766383921
138.	14.376616725266665
138.1	14.461925394769999
138.2	14.573154275736664
138.3	14.7097987597
138.4	14.871287231636666
138.5	15.05698328453
138.6	15.266188110789999
138.7	15.498143060523335
138.8	15.75203235806
138.9	16.0269859659
139.	16.322082586119997
139.1	16.636352788426663
139.2	16.96878225415
139.3	17.318315124496667
139.4	17.683857441923333
139.5	18.064280672699997
139.6	18.45842529938
139.7	18.865104470856668
139.8	19.283107697966667
139.9	19.711204583553332
140.	20.14814857398
140.1	20.592680720969998
140.2	21.0435334417
140.3	21.499434265989997
140.4	21.959109558359998
140.5	22.421288204383334
140.6	22.884705250476664
140.7	23.348105485566663
140.8	23.810246955243333
140.9	24.269904397769995
141.	24.72587259238333
141.1	25.176969610833332
141.2	25.622039962789998
141.3	26.059957627446664
141.4	26.489628962689995
141.5	26.90999548455
141.6	27.320036510509997
141.7	27.71877165938333
141.8	28.105263202433335
141.9	28.47861826042333
142.	28.837990841246665
142.1	29.18258371472
142.2	29.51165012007333
142.3	29.82449530373667
142.4	30.120477884336665
142.5	30.39901104363
142.6	30.659563541186664
142.7	30.90166055284
142.8	31.124884332506667
142.9	31.328874697026663
143.	31.513329336039995
143.1	31.678003947539995
143.2	31.822712201216664
143.3	31.94732553228667
143.4	32.051772768666666
143.5	32.13603959475667
143.6	32.20016785593667
143.7	32.24425470827667
143.8	32.26845161767667
143.9	32.272963214343335
144.	32.25804600761333
144.1	32.22400696692
144.2	32.17120197592
144.3	32.10003416529666
144.4	32.01095213158666
144.5	31.90444804927
144.6	31.781055682563334
144.7	31.64134830568
144.8	31.48593653751
144.9	31.315466100279995
145.	31.13061550862667
145.1	30.93209369786333
145.2	30.72063759913
145.3	30.49700966959
145.4	30.261995385903333
145.5	30.016400708453336
145.6	29.761049525060002
145.7	29.49678108155
145.8	29.224447407079996
145.9	28.944910742379996
146.	28.65904097761333
146.1	28.36771310816667
146.2	28.071804714879995
146.3	27.772193476136668
146.4	27.469754718326662
146.5	27.16535901135
146.6	26.85986981552
146.7	26.554141185466662
146.8	26.249015537509997
146.9	25.945321484923333
147.	25.643871747046664
147.1	25.345461136469996
147.2	25.05086462913667
147.3	24.760835521146664
147.4	24.47610367614
147.5	24.19737386649333
147.6	23.92532421201333
147.7	23.660604717866665
147.8	23.40383591461
147.9	23.15560760271
148.	22.91647770195
148.1	22.68697120823
148.2	22.46757925822
148.3	22.25875830191
148.4	22.06092938408333
148.5	21.874477534266664
148.6	21.699751264386666
148.7	21.537062173893332
148.8	21.386684661209998
148.9	21.24885573939333
149.	21.12377495581333
149.1	21.011604412243333
149.2	20.91246888461
149.3	20.826456038816666
149.4	20.75361674109333
149.5	20.693965458806666
149.6	20.64748074976
149.7	20.614105835833332
149.8	20.59374925784
149.9	20.586285608283333
150.	20.59155633774333
150.1	20.609370631426664
150.2	20.639506351366666
150.3	20.68171104130333
150.4	20.735702988283332
150.5	20.801172338769998
150.6	20.877782263563333
150.7	20.96517016781333
150.8	21.06294894176333
150.9	21.170708247866663
151.	21.288015839946667
151.1	21.414418910486663
151.2	21.54944546099
151.3	21.692605692429996
151.4	21.843393410616663
151.5	22.00128744288
151.6	22.165753062646665
151.7	22.336243417103333
151.8	22.512200954696667
151.9	22.693058849626667
152.	22.878242417966668
152.1	23.067170524496667
152.2	23.25925697478
152.3	23.453911891133334
152.4	23.650543068783335
152.5	23.848557309246665
152.6	24.047361729596666
152.7	24.24636504342333
152.8	24.444978812899997
152.9	24.642618669079997
153.	24.8387054982
153.1	25.03266659346666
153.2	25.22393676937333
153.3	25.41195943815667
153.4	25.596187646876665
153.5	25.776085073726666
153.6	25.951126983303332
153.7	26.12080113967
153.8	26.28460867659333
153.9	26.44206492498333
154.	26.592700196793334
154.1	26.736060525213336
154.2	26.871708361560003
154.3	26.99922322863333
154.4	27.118202330883328
154.5	27.22826112166
154.6	27.329033828083332
154.7	27.42017393394
154.8	27.501354621616663
154.9	27.572269173163335
155.	27.632631332043335
155.1	27.682175625536665
155.2	27.720657649929997
155.3	27.747854317993333
155.4	27.76356407128
155.5	27.767607057093333
155.6	27.759825272173334
155.7	27.740082673193335
155.8	27.708265256529998
155.9	27.664281107176663
156.	27.60806041886666
156.1	27.539555485946668
156.2	27.458740668856663
156.3	27.36561233344333
156.4	27.260188766076666
156.5	27.14251006530333
156.6	27.012638011009997
156.7	26.870655912226667
156.8	26.716668434949998
156.9	26.550801410323334
157.	26.373201624626663
157.1	26.184036591679998
157.2	25.983494308586664
157.3	25.771782995789998
157.4	25.549130822033334
157.5	25.315785614769997
157.6	25.072014557093333
157.7	24.818103871566667
157.8	24.554358491383333
157.9	24.28110171968
158.	23.99867487733666
158.1	23.707436939486662
158.2	23.40776416147
158.3	23.100049694436667
158.4	22.784703190843334
158.5	22.46215039989
158.6	22.132832753876663
158.7	21.797206944573333
158.8	21.45574449086
158.9	21.10893129701333
159.	20.757267202006666
159.1	20.401265519973332
159.2	20.04145257196333
159.3	19.678367208799997
159.4	19.312560325179998
159.5	18.944594365513332
159.6	18.575042820516664
159.7	18.20448971587333
159.8	17.83352909196333
159.9	17.462764475286665
160.	17.092808341403334
160.1	16.724281569579997
160.2	16.357812889129995
160.3	15.994038317723334
160.4	15.63360059144
160.5	15.277148587213333
160.6	14.925336737476666
160.7	14.578824437136667
160.8	14.238275443606664
160.9	13.904357269646667
161.	13.577740569336665
161.1	13.259098517999998
161.2	12.949106185953333
161.3	12.648439906439998
161.4	12.35777663866
161.5	12.07779332589
161.6	11.80916624935
161.7	11.552570378513332
161.8	11.30867871812
161.9	11.078161652696666
162.	10.861686289169999
162.1	10.659915798546667
162.2	10.47350875639
162.3	10.303118484196666
162.4	10.149392391306666
162.5	10.012971318633333
162.6	9.89448888488
162.7	9.794570836223333
162.8	9.713834400036667
162.9	9.652887643589999
163.	9.612328838863334
163.1	9.592745833926665
163.2	9.594715432013333
163.3	9.61880277924
163.4	9.665560761553332
163.5	9.735529412273333
163.6	9.829235330529999
163.7	9.947191111879999
163.8	10.08989479205
163.9	10.257829304153333
164.	10.451461950863333
164.1	10.671243891576667
164.2	10.917609646319999
164.3	11.19097661631
164.4	11.491744622363331
164.5	11.820295461793332
164.6	12.176992484373333
164.7	12.562180188143333
164.8	12.976183835533334
164.9	13.419309090456666
165.	13.891841677023331
165.1	14.394047059903333
165.2	14.926170147436666
165.3	15.488435017373334
165.4	16.08104466568333
165.5	16.704180779063332
165.6	17.358003530879998
165.7	18.042651401199997
165.8	18.758241020653333
165.9	19.504867038793332
166.	20.28260201627333
166.1	21.09149634157
166.2	21.931578171506665
166.3	22.802853396163332
166.4	23.705305627376664
166.5	24.63889621128
166.6	25.60356426387
166.7	26.599226730156666
166.8	27.62577846575666
166.9	28.683092341233333
167.	29.77101936816667
167.1	30.889388847006664
167.2	32.038008535593335
167.3	33.216664838689994
167.4	34.42512301687
167.5	35.663127415169996
167.6	36.930401709786665
167.7	38.22664917351666
167.8	39.55155295764333
167.9	40.90477639111333
168.	42.28596329491
168.1	43.69473831173
168.2	45.130707250040004
168.3	46.59345744115333
168.4	48.082558109509996
168.5	49.59756075424
168.6	51.13799954184666
168.7	52.703391709756666
168.8	54.29323797800999
168.9	55.90702297065
169.	57.54421564411
169.1	59.20426972228667
169.2	60.88662413910999
169.3	62.59070348455666
169.4	64.31591845559666
169.5	66.06166631271333
169.6	67.82733133760667
169.7	69.61228529234666
169.8	71.41588788410665
169.9	73.23748722443999
170.	75.07642029611665
170.1	76.93201341299999
170.2	78.80358268452666
170.3	80.69043447384334
170.4	82.59186585678
170.5	84.50716507739666
170.6	86.43561200196332
170.7	88.3764785652
170.8	90.32902921818
170.9	92.29252136829666
171.	94.26620581422
171.1	96.24932718011333
171.2	98.24112433954
171.3	100.24083083725664
171.4	102.24767530459667
171.5	104.26088186892999
171.6	106.27967055685664
171.7	108.30325769219333
171.8	110.33085628909333
171.9	112.36167643562999
172.	114.39492567385
172.1	116.42980937421999
172.2	118.46553110283668
172.3	120.50129298403999
172.4	122.53629605573667
172.5	124.56974062009665
172.6	126.60082658826333
172.7	128.62875382110664
172.8	130.65272246428333
172.9	132.67193327764335
173.	134.68558796061
173.1	136.69288947388
173.2	138.69304235676
173.3	140.68525303913998
173.4	142.66873015376
173.5	144.64268484077667
173.6	146.60633105095
173.7	148.55888584946334
173.8	150.49956971270666
173.9	152.42760682501998
174.	154.34222537339667
174.1	156.24265784085
174.2	158.12814130006666
174.3	159.99791770171998
174.4	161.85123416712668
174.5	163.68734327721998
174.6	165.50550336086667
174.7	167.30497878624666
174.8	169.08504024988665
174.9	170.84496506377667
175.	172.58403745054
175.1	174.30154882735332
175.2	175.99679810261995
175.3	177.66909196441998
175.4	179.31774517444003
175.5	180.94208085967333
175.6	182.5414308066433
175.7	184.11513575613003
175.8	185.66254569709332
175.9	187.18302016345666
176.	188.67592852747663
176.1	190.14065029768997
176.2	191.57657541377336
176.3	192.98310454303999
176.4	194.35964937423
176.5	195.70563291495
176.6	197.0204897824367
176.7	198.30366649735998
176.8	199.55462177631
176.9	200.7728268189967
177.	201.95776559618332
177.1	203.10893513437662
177.2	204.2258457966
177.3	205.30802156125665
177.4	206.35500029613996
177.5	207.36633402755666
177.6	208.34158920759
177.7	209.2803469735333
177.8	210.18220340214
177.9	211.04676975937332
178.	211.87367274169665
178.1	212.66255471319334
178.2	213.41307393156666
178.3	214.12490477002336
178.4	214.79773792799998
178.5	215.43128063582333
178.6	216.02525684720996
178.7	216.57940742638
178.8	217.09349032036334
178.9	217.56728072456332
179.	218.0005712378933
179.1	218.39317200315668
179.2	218.74491084034668
179.3	219.05563336651667
179.4	219.32520310325665
179.5	219.55350157339663
179.6	219.74042838366665
179.7	219.8859012979267
179.8	219.98985629232334
179.9	220.05224760303662
180.	220.07304775963996