# O+CO(0,0) elastic diff. cross section
# E = 0.17 eV
# angle, CS (1e-16 cm^2)
0.1	151348.11003586664
0.2	144777.5997579
0.3	134510.99177286663
0.4	121477.3424327
0.5	106799.23915256668
0.6	91650.10417223333
0.7	77113.82760863332
0.8	64067.654545900004
0.9	53104.1726431
1.	44500.68467173333
1.1	38235.755972666666
1.2	34044.946885089994
1.3	31502.075367976668
1.4	30109.68878863
1.5	29382.977564473334
1.6	28914.701801933334
1.7	28413.87843954
1.8	27716.77490207333
1.9	26773.97056192
2.	25620.93562569333
2.1	24341.22592233
2.2	23030.97816894333
2.3	21771.32387736
2.4	20612.320080041332
2.5	19568.817754075666
2.6	18626.058907634997
2.7	17751.18064419033
2.8	16906.374085599666
2.9	16060.067829695665
3.	15193.831855694334
3.1	14304.279695543333
3.2	13400.657418929
3.3	12499.741100502
3.4	11619.98744472633
3.5	10776.638712089332
3.6	9978.850652822666
3.7	9229.133735447998
3.8	8524.707854265665
3.9	7859.935326187333
4.	7228.883287049999
4.1	6627.242012676333
4.2	6053.184630571333
4.3	5507.159210147333
4.4	4990.931246720333
4.5	4506.362672984666
4.6	4054.402005765
4.7	3634.6039325389997
4.8	3245.2669547986666
4.9	2884.0561551496667
5.	2548.831196624333
5.1	2238.3616554733335
5.2	1952.6796998576665
5.3	1692.9597926856668
5.4	1460.9755244089997
5.5	1258.314187084
5.6	1085.5945793546666
5.7	941.9204276649999
5.8	824.7222953966666
5.9	730.0241279716666
6.	653.0530342806667
6.1	589.0250258746667
6.2	533.9053093413333
6.3	484.96307865399996
6.4	441.00602460366673
6.5	402.26721563966663
6.6	370.00179818666675
6.7	345.91219418333327
6.8	331.546019116
6.9	327.7993540453333
7.	334.6172928453333
7.1	350.92785175526666
7.2	374.78989060156664
7.3	403.69355656413336
7.4	434.9304309660333
7.5	465.95121777596665
7.6	494.64714212753336
7.7	519.5194880956
7.8	539.7312989758666
7.9	555.0590486914333
8.	565.7758967361999
8.1	572.5012293171333
8.2	576.0457629164999
8.3	577.2714834159999
8.4	576.9753542317667
8.5	575.7983189221
8.6	574.1581507497999
8.7	572.2057408923666
8.8	569.8075506159666
8.9	566.5596081704
9.	561.8383526498667
9.1	554.8896869665333
9.2	544.9502228408334
9.3	531.3857703523333
9.4	513.8244407731333
9.5	492.2581317131667
9.6	467.0886023781334
9.7	439.10319076323333
9.8	409.3789884180667
9.9	379.1299095333999
10.	349.5246890932666
10.1	321.5117687265333
10.2	295.68689593880663
10.3	272.23069199779997
10.4	250.9282559130333
10.5	231.2646746345
10.6	212.57357385006668
10.7	194.20471349119998
10.8	175.67380554873333
10.9	156.76373232
11.	137.55939114219333
11.1	118.41491687375665
11.2	99.86768031931666
11.3	82.52429608194333
11.4	66.94744761343333
11.5	53.5682989269
11.6	42.639357015
11.7	34.230119659366665
11.8	28.256425743699996
11.9	24.5272436499
12.	22.791325741433333
12.1	22.7704800538
12.2	24.174223106196667
12.3	26.69932702618
12.4	30.024256373796664
12.5	33.8105890212
12.6	37.72063305434333
12.7	41.45365021671
12.8	44.79472537891333
12.9	47.663257071753335
13.	50.14478234507666
13.1	52.49172988027334
13.2	55.085485615050004
13.3	58.362109020663326
13.4	62.714402687639996
13.5	68.39084946688
13.6	75.41486469692666
13.7	83.54483745725
13.8	92.28710925262331
13.9	100.96234584074666
14.	108.81357351646
14.1	115.13447677081332
14.2	119.39174063633331
14.3	121.31638516862333
14.4	120.94581929776332
14.5	118.60903553574333
14.6	114.85940502013665
14.7	110.37013570962
14.8	105.81431652899332
14.9	101.75327115872
15.	98.55361481085666
15.1	96.346051558679
15.2	95.02950916782368
15.3	94.31494001734434
15.4	93.79603915586333
15.5	93.03056896719332
15.6	91.61631355789999
15.7	89.24934478923001
15.8	85.75797439763666
15.9	81.11186683864332
16.	75.41077313148332
16.1	68.86017550221332
16.2	61.74146795209666
16.3	54.38252582534333
16.4	47.13157427997332
16.5	40.33432245254599
16.6	34.31243039608567
16.7	29.341126654378336
16.8	25.625197691761663
16.9	23.27503919897333
17.	22.28701133264
17.1	22.533912441896664
17.2	23.771178389706662
17.3	25.662159088179997
17.4	27.821899874245332
17.5	29.874212977581667
17.6	31.512732352399333
17.7	32.55433341381533
17.8	32.973597088497
17.9	32.910073476183065
18.	32.645380687030325
18.1	32.55346928574087
18.2	33.03318786665166
18.3	34.43617656351533
18.4	37.00412766696434
18.5	40.82733644504967
18.6	45.83175035580133
18.7	51.795574196134666
18.8	58.39038669358233
18.9	65.23708646007333
19.	71.96480024380567
19.1	78.26148335014
19.2	83.90794535409768
19.3	88.79150673372233
19.4	92.90021858553565
19.5	96.30240216618701
19.6	99.11838649949632
19.7	101.49146991818232
19.8	103.56358071055833
19.9	105.45855033970565
20.	107.273204008819
20.1	109.07439814938768
20.2	110.89917967942799
20.3	112.75549641947333
20.4	114.62206268740997
20.5	116.44753896651
20.6	118.15051644078832
20.7	119.62242733778334
20.8	120.73521038755266
20.9	121.35443334276499
21.	121.35695895911233
21.1	120.65063012535666
21.2	119.19233464328633
21.3	117.00054168683133
21.4	114.1591021303013
21.5	110.81064240182633
21.6	107.13991395976366
21.7	103.34952624433897
21.8	99.63212282463765
21.9	96.14389386667
22.	92.98416868585066
22.1	90.18473010758899
22.2	87.71066846541466
22.3	85.47242452318301
22.4	83.34659895416533
22.5	81.20154494241433
22.6	78.92301140536999
22.7	76.43529601924666
22.8	73.71443115557666
22.9	70.79161307844
23.	67.74702151749666
23.1	64.69594812688332
23.2	61.770396214399995
23.3	59.09980331877
23.4	56.79423077268667
23.5	54.932407926919986
23.6	53.55570613489333
23.7	52.66780527910999
23.8	52.23882505772
23.9	52.212224703593336
24.	52.51285702075666
24.1	53.055055247009996
24.2	53.75027850097332
24.3	54.514361921559995
24.4	55.27460068946999
24.5	55.976676818006666
24.6	56.590916683230006
24.7	57.116783896490006
24.8	57.58415759982
24.9	58.05005998188333
25.	58.59017283554
25.1	59.28562067400333
25.2	60.206815425337666
25.3	61.39726795919333
25.4	62.86079866537
25.5	64.55528015508668
25.6	66.39489803965667
25.7	68.26114456596666
25.8	70.02078485514667
25.9	71.54736179934
26.	72.74188236073333
26.1	73.54841851592333
26.2	73.96145967222665
26.3	74.02370144460667
26.4	73.81508410996
26.5	73.43577089317999
26.6	72.98692678546333
26.7	72.55336590606
26.8	72.1913824282
26.9	71.92361713047333
27.	71.74105612361
27.1	71.61067225823999
27.2	71.48618252354666
27.3	71.31910704463333
27.4	71.06776000652333
27.5	70.70276948865666
27.6	70.20888447062
27.7	69.58384125218333
27.8	68.83566832005334
27.9	67.97989456356666
28.	67.03773922415333
28.1	66.03568254516
28.2	65.00608896114666
28.3	63.98801385635
28.4	63.027127937420005
28.5	62.17388396870332
28.6	61.479557585146665
28.7	60.99046031635667
28.8	60.741255951946656
28.9	60.748735313973334
29.	61.00750416475666
29.1	61.48878298373666
29.2	62.14295973799
29.3	62.90579916365333
29.4	63.707453452446664
29.5	64.48280150227333
29.6	65.18129923081
29.7	65.77452984708665
29.8	66.26000947768667
29.9	66.66046799732666
30.	67.01866374795333
30.1	67.38864059049
30.2	67.82502371030999
30.3	68.37233013458334
30.4	69.05625384441333
30.5	69.87846921132333
30.6	70.81576513816665
30.7	71.82343523384665
30.8	72.84200605633998
30.9	73.80577798165999
31.	74.65141705156667
31.1	75.32501383425999
31.2	75.78655329555666
31.3	76.01146433784334
31.4	75.98963713372999
31.5	75.72281754067998
31.6	75.22148151426333
31.7	74.50213082770667
31.8	73.58551518652666
31.9	72.49573838247333
32.	71.25974173563999
32.1	69.90643997645333
32.2	68.46489234592667
32.3	66.96129363865666
32.4	65.41513220284
32.5	63.83538924171334
32.6	62.21795166916667
32.7	60.545348988276665
32.8	58.78948218872333
32.9	56.917289161276656
33.	54.898481378183334
33.1	52.71382428796667
33.2	50.36212242651
33.3	47.86422107536333
33.4	45.262933600409994
33.5	42.61870619996667
33.6	40.001811442943335
33.7	37.48266683845333
33.8	35.122298916
33.9	32.96491272450333
34.	31.03400509362
34.1	29.33261914805667
34.2	27.84739543658667
34.3	26.555265216400002
34.4	25.431141449003334
34.5	24.4548886654
34.6	23.616179680713664
34.7	22.916462737702
34.8	22.367993233703665
34.9	21.990544005474327
35.	21.806847390091
35.1	21.837960820908666
35.2	22.099587589758332
35.3	22.600000118683333
35.4	23.339725025142002
35.5	24.31268894545967
35.6	25.508201068640663
35.7	26.913026570984663
35.8	28.51289310103333
35.9	30.293027300629333
36.	32.237661171403
36.1	34.328785386995335
36.2	36.54467251663033
36.3	38.858787887365665
36.4	41.23962775407533
36.5	43.651793266355995
36.6	46.058280434238995
36.7	48.423620989113004
36.8	50.717233216294666
36.9	52.916209057705004
37.	55.00681677111434
37.1	56.98423718189166
37.2	58.850430282910004
37.3	60.610464110550666
37.4	62.26802583491299
37.5	63.82107709262767
37.6	65.25864293865833
37.7	66.55951754953833
37.8	67.69326889111466
37.9	68.62341897871033
38.	69.31218626671033
38.1	69.72582219936433
38.2	69.83944362882434
38.3	69.64038942864066
38.4	69.12948065899667
38.5	68.320048997235
38.6	67.23509434710732
38.7	65.903315830741
38.8	64.35494007072933
38.9	62.61821315374199
39.	60.71715876569766
39.1	58.67081942631633
39.2	56.493803394059
39.3	54.197664694678
39.4	51.792520670908004
39.5	49.28837886047399
39.6	46.695864259415984
39.7	44.026327766642325
39.8	41.291578966709665
39.9	38.503637041248325
40.	35.674886799694995
40.1	32.81886772710633
40.2	29.951665862377332
40.3	27.093605093103335
40.4	24.27073505623467
40.5	21.515554665531997
40.6	18.866519747564
40.7	16.36613848295633
40.8	14.05779571345533
40.9	11.981779298858331
41.	10.171221277835333
41.1	8.648749435435999
41.2	7.424546129858666
41.3	6.496250749266666
41.4	5.850778524385666
41.5	5.467743625432999
41.6	5.323853864660666
41.7	5.3974567504143325
41.8	5.67239957422
41.9	6.140518817629333
42.	6.802359277201
42.1	7.666077167061333
42.2	8.744828603374
42.3	10.053214654438332
42.4	11.603495336935666
42.5	13.402275665521666
42.6	15.448217887901665
42.7	17.731085145680666
42.8	20.232132149054333
42.9	22.925592978795336
43.	25.780831021334997
43.1	28.764646373058
43.2	31.843288378578
43.3	34.983872676508
43.4	38.155107706673334
43.5	41.32743852915
43.6	44.47286292934699
43.7	47.564730124895
43.8	50.57778604695333
43.9	53.488599582132665
44.	56.276332581652
44.1	58.92365536328833
44.2	61.41750786975133
44.3	63.749396453584666
44.4	65.915003266669
44.5	67.913047680837
44.6	69.74353377604433
44.7	71.40569210047869
44.8	72.896030061937
44.9	74.20691401518567
45.	75.32601354105199
45.1	76.23676698759533
45.2	76.91981894677366
45.3	77.35518479680366
45.4	77.52475930302099
45.5	77.41473377695934
45.6	77.01752546636632
45.7	76.332937596059
45.8	75.36842675287834
45.9	74.13851748200065
46.	72.66353714498666
46.1	70.96792412513432
46.2	69.07838196960766
46.3	67.02211882074799
46.4	64.82534412356233
46.5	62.51211597384567
46.6	60.10356320757083
46.7	57.61745991665056
46.8	55.068110542309995
46.9	52.46650642720599
47.	49.82072897336466
47.1	47.136587664276995
47.2	44.41848229640833
47.3	41.670461940219326
47.4	38.897418983951326
47.5	36.106312253464
47.6	33.30727059821833
47.7	30.514401710979335
47.8	27.746133089963998
47.9	25.024950996412333
48.	22.376479201423997
48.1	19.827943298176663
48.2	17.406180728594332
48.3	15.135458023719666
48.4	13.03542074952433
48.5	11.1195090142489
48.6	9.394113536370666
48.7	7.858629930962666
48.8	6.5064124517919995
48.9	5.326464434797666
49.	4.305566821842
49.1	3.4304695088973336
49.2	2.6897711647289997
49.3	2.0751917406373
49.4	1.582079411194
49.5	1.2091569692043
49.6	0.9576626467865333
49.7	0.8301422560949332
49.8	0.8291823574534667
49.9	0.9563357628405665
50.	1.2113978794219666
50.1	1.5920754473896666
50.2	2.0939826277943663
50.3	2.710831751945133
50.4	3.4346720690755
50.5	4.256066864829233
50.6	5.164169283213266
50.7	6.146733130317033
50.8	7.190150044428766
50.9	8.279620436347699
51.	9.399538147940955
51.1	10.534107942211968
51.2	11.668141276273932
51.3	12.787913212116703
51.4	13.881931272765074
51.5	14.941474772662044
51.6	15.960807400101048
51.7	16.93703281800957
51.8	17.86963351402136
51.9	18.759788701086922
52.	19.6095956683106
52.1	20.421317672686264
52.2	21.196755993417266
52.3	21.936805408190867
52.4	22.641213375660236
52.5	23.308532831884737
52.6	23.936240566329303
52.7	24.520986185810997
52.8	25.058936015449962
52.9	25.546176946053965
53.	25.9791444189071
53.1	26.355036831068333
53.2	26.6721784590395
53.3	26.93029774535963
53.4	27.130698834247937
53.5	27.276319785435234
53.6	27.37168628873023
53.7	27.4227793272775
53.8	27.436835225612533
53.9	27.422087012435767
54.	27.387441933851964
54.1	27.342079561191568
54.2	27.294956735100204
54.3	27.254224423929166
54.4	27.226595680013332
54.5	27.216744122793763
54.6	27.22684441856143
54.7	27.2563750396804
54.8	27.302279032181467
54.9	27.359519898117
55.	27.421987567885665
55.1	27.483623682789663
55.2	27.539569916728
55.3	27.58711850172533
55.4	27.62627116074733
55.5	27.659787913021667
55.6	27.69271346508733
55.7	27.73147957546333
55.8	27.782768602332332
55.9	27.85236468635533
56.	27.944205834905333
56.1	28.05978893213667
56.2	28.19798963107833
56.3	28.355266038101995
56.4	28.526143500354998
56.5	28.703843452087995
56.6	28.880925277036667
56.7	29.049847169082668
56.8	29.203402522946327
56.9	29.33503341816533
57.	29.43904831497167
57.1	29.510772602984332
57.2	29.546643630352335
57.3	29.54423879971
57.4	29.502210296023996
57.5	29.420102844594997
57.6	29.298053270599997
57.7	29.136405412498664
57.8	28.935307924773998
57.9	28.69438152101633
58.	28.412536630366994
58.1	28.087991073306668
58.2	27.718488237424328
58.3	27.301664046825
58.4	26.835472120548662
58.5	26.318563272682
58.6	25.750532044968665
58.7	25.131983798239332
58.8	24.464427882468332
58.9	23.750049301872664
59.	22.991439202410334
59.1	22.191366381200666
59.2	21.35264958527067
59.3	20.478152990477
59.4	19.570888199000333
59.5	18.634177717578996
59.6	17.67182446021733
59.7	16.688239547445
59.8	15.688500377944667
59.9	14.678333143644334
60.	13.664029890339666
60.1	12.652315366615333
60.2	11.650174431766
60.3	10.664642668042333
60.4	9.702558769085666
60.5	8.770282959365
60.6	7.873401836776666
60.7	7.016461430667
60.8	6.202787463520999
60.9	5.434454692979
61.	4.712449358091667
61.1	4.037030637632332
61.2	3.4082469582916666
61.3	2.826515068909333
61.4	2.293139574319333
61.5	1.8106498051813333
61.6	1.3828630384543334
61.7	1.0146417502186666
61.8	0.7113828541013333
61.9	0.47833968655599995
62.	0.319915485396
62.1	0.23907002475726663
62.2	0.2369489386028
62.3	0.312788223542
62.4	0.4640813386913333
62.5	0.6869413956676667
62.6	0.9765599800646667
62.7	1.3276626387209998
62.8	1.7348850540329999
62.9	2.193032121050333
63.	2.6972203078653334
63.1	3.2429296908209997
63.2	3.8259998588743334
63.3	4.442595012815667
63.4	5.089145852742333
63.5	5.762259789208
63.6	6.458585533582333
63.7	7.174626952975332
63.8	7.906521345416666
63.9	8.649820706290999
64.	9.399330674124332
64.1	10.149062185448333
64.2	10.892332375841331
64.3	11.622017705500335
64.4	12.330923234140332
64.5	13.01219955963
64.6	13.659723724203332
64.7	14.268367679923
64.8	14.834105898628332
64.9	15.353954107269335
65.	15.825771933895666
65.1	16.247991738876
65.2	16.619346413539
65.3	16.938659097078997
65.4	17.20473257072333
65.5	17.416344769684
65.6	17.572329482206996
65.7	17.67170537772933
65.8	17.713814670345
65.9	17.69844243634833
66.	17.625902664367665
66.1	17.497090439981335
66.2	17.313506150925335
66.3	17.077255982305
66.4	16.791026060834
66.5	16.458020789966998
66.6	16.081854652185665
66.7	15.666394048375999
66.8	15.215560609562665
66.9	14.733124990406333
67.	14.222533405032333
67.1	13.686811595784
67.2	13.128579240805667
67.3	12.550183499525666
67.4	11.953929650087
67.5	11.342358613684668
67.6	10.718504512803332
67.7	10.086066061089333
67.8	9.449444150922666
67.9	8.813629597674
68.	8.183960750633332
68.1	7.565800547161
68.2	6.9641985584783335
68.3	6.383602079028667
68.4	5.8276631452770005
68.5	5.299161795812333
68.6	4.800038346977667
68.7	4.331506714550667
68.8	3.894211505594666
68.9	3.4883940902143338
69.	3.1140435900513332
69.1	2.771021968087333
69.2	2.4591626073473334
69.3	2.1783456119423334
69.4	1.9285505331283332
69.5	1.7098813085396665
69.6	1.5225534344456666
69.7	1.3668338104956663
69.8	1.242931065343
69.9	1.150847112508
70.	1.090215071158
70.1	1.0601591268826667
70.2	1.059213774273
70.3	1.085331109604
70.4	1.1359868373603332
70.5	1.20837299284
70.6	1.2996443782466667
70.7	1.407172378032
70.8	1.5287579504103332
70.9	1.6627655785273332
71.	1.8081587698003334
71.1	1.964439922582333
71.2	2.131517052770333
71.3	2.3095322515500003
71.4	2.4986896284506663
71.5	2.6991145790946662
71.6	2.9107645007336664
71.7	3.133397592121667
71.8	3.366594762766333
71.9	3.609822133697
72.	3.862518499604333
72.1	4.124192320253
72.2	4.39451456338
72.3	4.673395580360666
72.4	4.9610356460433325
72.5	5.257940349879333
72.6	5.564894770093333
72.7	5.882895203813
72.8	6.213044182956333
72.9	6.5564224026639994
73.	6.9139578893373335
73.1	7.286315847750334
73.2	7.673830449249333
73.3	8.076492092140665
73.4	8.493991863269999
73.5	8.925811945684334
73.6	9.371340008293
73.7	9.829980113710999
73.8	10.301233871549666
73.9	10.784733015818333
74.	11.280216132792663
74.1	11.78745472797433
74.2	12.306144031822665
74.3	12.835779671656667
74.4	13.375541860194
74.5	13.924204846079
74.6	14.480082848187
74.7	15.041016625482332
74.8	15.604398852818997
74.9	16.167232340917998
75.	16.726212753560333
75.1	17.277826223652
75.2	17.818451535961664
75.3	18.344456138720332
75.4	18.852275527680664
75.5	19.338467203205997
75.6	19.799734008502334
75.7	20.232917186098998
75.8	20.634966070422333
75.9	21.00289735170167
76.	21.333760435381997
76.1	21.624625130107333
76.2	21.872603315082664
76.3	22.074908264869666
76.4	22.228946005041667
76.5	22.332425021587
76.6	22.383466132743667
76.7	22.38069457309833
76.8	22.323301072411997
76.9	22.211066310735337
77.	22.044351193079994
77.1	21.824061577749667
77.2	21.551598941003995
77.3	21.22880779894833
77.4	20.857927593449666
77.5	20.441552935610332
77.6	19.982603248806
77.7	19.484301837839666
77.8	18.950164987792334
77.9	18.384002674447665
78.	17.789932331517
78.1	17.172404805205765
78.2	16.536237166577
78.3	15.886641748043697
78.4	15.229236813349134
78.5	14.570023900157231
78.6	13.915321409859432
78.7	13.271653124501999
78.8	12.645601868425999
78.9	12.043649100524998
79.	11.472027240881333
79.1	10.936610514761
79.2	10.442861629452999
79.3	9.995837676251
79.4	9.600243159646666
79.5	9.260505582234668
79.6	8.980843340987999
79.7	8.765298533046
79.8	8.617717675379332
79.9	8.541678005557365
80.	8.540371399259534
80.1	8.616467763637033
80.2	8.7719824934677
80.3	9.008168161627934
80.4	9.325441387479565
80.5	9.723345548613633
80.6	10.200542408013566
80.7	10.754823154742034
80.8	11.383131907464469
80.9	12.081600357651663
81.	12.845597634588334
81.1	13.669801509252665
81.2	14.548294084650665
81.3	15.474677768079667
81.4	16.442198360211464
81.5	17.443855403546
81.6	18.472478996539767
81.7	19.520758715302264
81.8	20.581223020820268
81.9	21.646182960483333
82.	22.707667091713
82.1	23.757380675043997
82.2	24.786718657396666
82.3	25.78684923095233
82.4	26.748866349860997
82.5	27.663991051112667
82.6	28.52378846723967
82.7	29.320363992726662
82.8	30.046509025097997
82.9	30.695781533311667
83.	31.262524413030764
83.1	31.741839455108362
83.2	32.1295423151459
83.3	32.42212242154666
83.4	32.61672282829859
83.5	32.7111426885621
83.6	32.70385431454643
83.7	32.594021748176004
83.8	32.3815099508592
83.9	32.066881662164434
84.	31.65138878956273
84.1	31.136972149007434
84.2	30.526283804612632
84.3	29.822739069674363
84.4	29.030592487679662
84.5	28.155018366144333
84.6	27.202167105385332
84.7	26.179167884746995
84.8	25.094057621049664
84.9	23.955633325168865
85.	22.7732449224757
85.1	21.5565618752305
85.2	20.315354093876067
85.3	19.059323071116367
85.4	17.798004175351664
85.5	16.54074032034473
85.6	15.296707385559666
85.7	14.074959010617931
85.8	12.884456453890934
85.9	11.734058078907132
86.	10.632459076236065
86.1	9.588089328436034
86.2	8.608989861721266
86.3	7.702692104839366
86.4	6.876118605516567
86.5	6.135511851762133
86.6	5.486384645265799
86.7	4.933476598176366
86.8	4.480700466954467
86.9	4.131069648005166
87.	3.886611256161567
87.1	3.7482824843948332
87.2	3.715915786272234
87.3	3.7882170534141992
87.4	3.9628299552715665
87.5	4.236462174865666
87.6	4.605051198384634
87.7	5.063934929388733
87.8	5.607990295916533
87.9	6.231712368920933
88.	6.9292245640113
88.1	7.694231490560033
88.2	8.519943142602134
88.3	9.399006923054632
88.4	10.323480195216932
88.5	11.284862355750734
88.6	12.274186818940764
88.7	13.282156266539062
88.8	14.299294694968
88.9	15.316090017931964
89.	16.323110355722566
89.1	17.311091471510334
89.2	18.271006246557896
89.3	19.1941343268977
89.4	20.0721483666802
89.5	20.897223429406765
89.6	21.662162112316
89.7	22.360515552043168
89.8	22.98667490706263
89.9	23.5359119536367
90.	24.004360265733368
90.1	24.388945877285668
90.2	24.68729226224483
90.3	24.897633107968666
90.4	25.018764302771196
90.5	25.0500540883411
90.6	24.991511356084267
90.7	24.8438928079288
90.8	24.608816501375234
90.9	24.288846420116535
91.	23.887520880793733
91.1	23.40931376533247
91.2	22.859536109274096
91.3	22.244200223400533
91.4	21.5698746497753
91.5	20.843554419392003
91.6	20.072559459929284
91.7	19.264459464451008
91.8	18.427011786010866
91.9	17.568094370352615
92.	16.695619884032695
92.1	15.81742811601858
92.2	14.941166855305319
92.3	14.074181305598934
92.4	13.223434404022633
92.5	12.395473704735533
92.6	11.596446742109068
92.7	10.832150724336433
92.8	10.108089813728133
92.9	9.429508875276467
93.	8.801378380498965
93.1	8.228319578820098
93.2	7.714477495425532
93.3	7.263365772783847
93.4	6.877716482459757
93.5	6.55936696729006
93.6	6.309205155490359
93.7	6.1271784331217365
93.8	6.012354660552797
93.9	5.963012661346021
94.	5.976736802820566
94.1	6.050496275913741
94.2	6.180701440470134
94.3	6.363242304854247
94.4	6.5935229704751
94.5	6.866507552134166
94.6	7.176787391458733
94.7	7.5186689174944
94.8	7.886270717865234
94.9	8.2736118335591
95.	8.674673924692765
95.1	9.083427963461066
95.2	9.493828815701885
95.3	9.899793914754415
95.4	10.295190405124456
95.5	10.673855380219402
95.6	11.029665635630801
95.7	11.356659155286433
95.8	11.649194913674933
95.9	11.902125619047798
96.	12.1109535897264
96.1	12.271944338732702
96.2	12.382183971139813
96.3	12.439581179898813
96.4	12.442827610592296
96.5	12.391337631339226
96.6	12.285188267127689
96.7	12.125073144565686
96.8	11.912273905733041
96.9	11.648642871660897
97.	11.336585376026193
97.1	10.979030886882708
97.2	10.579388082282662
97.3	10.14148763492846
97.4	9.669523822126866
97.5	9.168008934385732
97.6	8.641751300223067
97.7	8.095859405518567
97.8	7.5357639604405335
97.9	6.967240729297567
98.	6.396412951015632
98.1	5.829714985191167
98.2	5.273807825405199
98.3	4.735449571610333
98.4	4.2213358990574825
98.5	3.737933241587227
98.6	3.291328526187363
98.7	2.8871137791935095
98.8	2.5303138633402265
98.9	2.225354454640243
99.	1.9760587026586898
99.1	1.785657292225893
99.2	1.6567983962400166
99.3	1.5915498703934334
99.4	1.5913932628091998
99.5	1.6572148334301
99.6	1.7893007246239332
99.7	1.9873412442263003
99.8	2.250444180615033
99.9	2.577151591837933
100.	2.965451196227167
100.1	3.4127740828905666
100.2	3.9159751544540002
100.3	4.4713000649431995
100.4	5.074349859305766
100.5	5.720059309415333
100.6	6.4027051539189985
100.7	7.115955687344533
100.8	7.8529646799689345
100.9	8.606502952164998
101.	9.369112931912166
101.1	10.133267454260066
101.2	10.891514840407364
101.3	11.636597288133633
101.4	12.361536937334066
101.5	13.0596912479842
101.6	13.724784481140265
101.7	14.3509240504387
101.8	14.932609503219
101.9	15.464739121865934
102.	15.942616261441433
102.1	16.3619559532062
102.2	16.718892576196296
102.3	17.009991107914868
102.4	17.232266420546765
102.5	17.383215875871464
102.6	17.460869074203632
102.7	17.4638548870647
102.8	17.391480680225865
102.9	17.24381347114123
103.	17.021749379122
103.1	16.727057389444134
103.2	16.36238651918333
103.3	15.9312312537947
103.4	15.437857123227833
103.5	14.8871946997525
103.6	14.284714604313999
103.7	13.636297507897467
103.8	12.948111710702435
103.9	12.226507520754334
104.	11.477933524064365
104.1	10.7088760338281
104.2	9.925820152856266
104.3	9.135229049557166
104.4	8.343536867864334
104.5	7.557149689149033
104.6	6.7824478736161655
104.7	6.025782071330065
104.8	5.293454734575133
104.9	4.591679752830366
105.	3.926515340126233
105.1	3.3037694956234995
105.2	2.7288825804464
105.3	2.2067966574319335
105.4	1.7418249255510334
105.5	1.3375358237779997
105.6	0.9966647887270332
105.7	0.7210626103574
105.8	0.5116838717363332
105.9	0.3686134154315333
106.	0.2911243452476
106.1	0.2777584455804667
106.2	0.32641913154633334
106.3	0.434467639561
106.4	0.5988144037773333
106.5	0.8159988454543333
106.6	1.0822519392853331
106.7	1.3935371766226665
106.8	1.7455674501163332
106.9	2.1337983833548
107.	2.5534027325038995
107.1	2.9992350776519996
107.2	3.465799934795
107.3	3.9472382917473334
107.4	4.437346342204332
107.5	4.929635571326999
107.6	5.417436051605
107.7	5.894036456082
107.8	6.352846971084999
107.9	6.787566882895334
108.	7.192338231263999
108.1	7.561870507815334
108.2	7.891527732517
108.3	8.177376452090666
108.4	8.416199281489334
108.5	8.605482170390333
108.6	8.743384257576999
108.7	8.828697674047
108.8	8.860802359754665
108.9	8.839619315532666
109.	8.765565601841999
109.1	8.639515741445333
109.2	8.462775964946333
109.3	8.237078430284333
109.4	7.964600805762999
109.5	7.648011918709334
109.6	7.290537252345666
109.7	6.8960307540366665
109.8	6.469034102597334
109.9	6.014803404008333
110.	5.539287283384668
110.1	5.0490489802906655
110.2	4.551136252689667
110.3	4.052913640573333
110.4	3.561878923935
110.5	3.085487436929
110.6	2.631003938913
110.7	2.2053934472459997
110.8	1.8152525222593332
110.9	1.4667740094889998
111.	1.165733513448
111.1	0.917485741515
111.2	0.726962455996
111.3	0.5986689615883333
111.4	0.5366802904326666
111.5	0.5446396079553333
111.6	0.625759322861
111.7	0.7828210280946666
111.8	1.0181659959426665
111.9	1.3336660383393335
112.	1.7306668664539997
112.1	2.209902790067
112.2	2.771391022842333
112.3	3.4143230066513333
112.4	4.1369757292389995
112.5	4.936665574549333
112.6	5.809760250471999
112.7	6.751752397564999
112.8	7.757384935635
112.9	8.820807068092
113.	9.935734456119665
113.1	11.095588918357333
113.2	12.293601288962998
113.3	13.522872919433333
113.4	14.776402843142332
113.5	16.047095256958
113.6	17.32776368118433
113.7	18.611144108035663
113.8	19.889921869984335
113.9	21.156769226056333
114.	22.404386008013667
114.1	23.625535911502002
114.2	24.81307590227367
114.3	25.959983480979663
114.4	27.059392842685
114.5	28.104653126345
114.6	29.089418295193997
114.7	30.007769285013666
114.8	30.854357606380663
114.9	31.624549544363333
115.	32.314545253335666
115.1	32.92144961682633
115.2	33.44328149319867
115.3	33.87892218043333
115.4	34.22801827218299
115.5	34.49086405380033
115.6	34.66829111443
115.7	34.761587301402
115.8	34.77245555898399
115.9	34.70300960983566
116.	34.555792351460326
116.1	34.333797757092
116.2	34.040479218518
116.3	33.67973521085567
116.4	33.25587349871633
116.5	32.773563609652
116.6	32.237790716568995
116.7	31.65382110287533
116.8	31.027181401952
116.9	30.363644123042665
117.	29.669204732462994
117.1	28.950034041700995
117.2	28.212395042346664
117.3	27.46252416183633
117.4	26.706489552718665
117.5	25.950048933112335
117.6	25.198532874136333
117.7	24.456774658368666
117.8	23.729096106457334
117.9	23.01934375333467
118.	22.33095633955933
118.1	21.66703717557366
118.2	21.030405920422666
118.3	20.423613203201665
118.4	19.848915141382996
118.5	19.308218450871664
118.6	18.80301590264133
118.7	18.33433351222
118.8	17.902704920658998
118.9	17.50817752608533
119.	17.150343344529
119.1	16.828379732448
119.2	16.541083866732997
119.3	16.286890571062997
119.4	16.063873328487666
119.5	15.869739000657667
119.6	15.701833524958
119.7	15.557175768542333
119.8	15.432529406412332
119.9	15.324510544594334
120.	15.229716103249332
120.1	15.144849367448332
120.2	15.066817915798666
120.3	14.992786090875665
120.4	14.92017714271
120.5	14.846634850383
120.6	14.769965859553
120.7	14.688088323939333
120.8	14.599008322354003
120.9	14.500834515635663
121.	14.391827545117334
121.1	14.270468652466331
121.2	14.135526018427669
121.3	13.986099231383001
121.4	13.821631089035666
121.5	13.641888150284332
121.6	13.446922461251997
121.7	13.237032619018333
121.8	13.012740764350664
121.9	12.774793938096998
122.	12.524186679621
122.1	12.262191247861999
122.2	11.990376473339666
122.3	11.710598164131998
122.4	11.424952644101996
122.5	11.135697326637665
122.6	10.845153742633999
122.7	10.555614901134666
122.8	10.269277803774667
122.9	9.988213594777333
123.	9.714375070854999
123.1	9.449628573813332
123.2	9.195789112703999
123.3	8.954636788136
123.4	8.727899464269333
123.5	8.517198701376666
123.6	8.323968957664
123.7	8.149369460054
123.8	7.994210736675999
123.9	7.8589128703326665
124.	7.743502030900332
124.1	7.647639659423332
124.2	7.570669202140332
124.3	7.511661817241
124.4	7.469446031135334
124.5	7.442615333148
124.6	7.429518616664667
124.7	7.428247012884
124.8	7.436633739012667
124.9	7.452279929638333
125.	7.472610405483334
125.1	7.494952332720333
125.2	7.516620875456334
125.3	7.534992614584665
125.4	7.547551057066666
125.5	7.551897847488999
125.6	7.545735072384667
125.7	7.526834152718334
125.8	7.493011669163334
125.9	7.4421303346456655
126.	7.372134975055333
126.1	7.281121732187
126.2	7.167427815874333
126.3	7.029722713030666
126.4	6.8670818793779995
126.5	6.679030311460334
126.6	6.465553550900333
126.7	6.227083887515667
126.8	5.964476186740667
126.9	5.678988673179333
127.	5.372279114433
127.1	5.046418251356333
127.2	4.703913388106
127.3	4.347729199867
127.4	3.981292205922666
127.5	3.608470157828
127.6	3.233525921966666
127.7	2.861054103599333
127.8	2.495914348774
127.9	2.143175777649
128.	1.8080820675023332
128.1	1.4960380545033332
128.2	1.2126094728169998
128.3	0.963520947735
128.4	0.7546359831733334
128.5	0.5919069887383334
128.6	0.48129193172199997
128.7	0.4286440650213333
128.8	0.43958905187766667
128.9	0.5194071252799999
129.	0.672935766275
129.1	0.904501752026
129.2	1.217882789347
129.3	1.616291342686
129.4	2.1023691686033334
129.5	2.6781815534186664
129.6	3.3452046631083334
129.7	4.1043056986033335
129.8	4.955721075657666
129.9	5.8990404206583325
130.	6.933202846537999
130.1	8.056507374825667
130.2	9.266633427024999
130.3	10.560662494488334
130.4	11.935090479094665
130.5	13.385822657833332
130.6	14.908149127592667
130.7	16.496706003361
130.8	18.145434056378996
130.9	19.847549691965334
131.	21.595542064302002
131.1	23.381205063065
131.2	25.19570553504133
131.3	27.029681759484
131.4	28.873361076995664
131.5	30.71668398163533
131.6	32.54942395136666
131.7	34.36129665080333
131.8	36.14205704159167
131.9	37.88158657648734
132.	39.569973921819
132.1	41.19759151431033
132.2	42.755167644677655
132.3	44.233851173416994
132.4	45.625264846895
132.5	46.92154422543633
132.6	48.115362269195
132.7	49.199943598987666
132.8	50.16907578346667
132.9	51.017126398726
133.	51.73907329991967
133.1	52.330551821719325
133.2	52.78791754925
133.3	53.10831846194699
133.4	53.289767054680325
133.5	53.33120236435
133.6	53.23253366152667
133.7	52.99466109541033
133.8	52.619472583523994
133.9	52.109819491986
134.	51.469475416956996
134.1	50.70308255727699
134.2	49.81608932334266
134.3	48.814681731300325
134.4	47.70571056768766
134.5	46.496616530598004
134.6	45.195356390632
134.7	43.81033395583567
134.8	42.350339588862994
134.9	40.82450070539533
135.	39.24224314885533
135.1	37.61326019866367
135.2	35.947483179088664
135.3	34.255046188810326
135.4	32.54623790925166
135.5	30.831435745391335
135.6	29.121021073761003
135.7	27.42527804370467
135.8	25.754281218013
135.9	24.11777868055667
136.	22.525077045490995
136.1	20.984933577813667
136.2	19.505459192267
136.3	18.094035156875332
136.4	16.757246201342667
136.5	15.500833160347334
136.6	14.329668566739333
136.7	13.247757918785334
136.8	12.258267158051334
136.9	11.363573293455667
137.	10.565330886479
137.1	9.864543551401
137.2	9.261628040679334
137.3	8.756459730312667
137.4	8.348392393943
137.5	8.036251117649332
137.6	7.818303456090001
137.7	7.692218706921
137.8	7.655027204370667
137.9	7.703090429933
138.	7.832089194295333
138.1	8.037032617831667
138.2	8.312286818440667
138.3	8.651620360324333
138.4	9.04826397338
138.5	9.494984120141
138.6	9.984172209991332
138.7	10.507952036832666
138.8	11.058306295038001
138.9	11.627218812722663
139.	12.206823602987999
139.1	12.789546951761666
139.2	13.368226607148
139.3	13.93619406539933
139.4	14.487312012978999
139.5	15.015967773667665
139.6	15.517032663136334
139.7	15.985803757205666
139.8	16.417946714518
139.9	16.809455365684663
140.	17.15663685720567
140.1	17.456122603349996
140.2	17.70489800278633
140.3	17.90034013208033
140.4	18.040253363229997
140.5	18.122897295445668
140.6	18.147007373637
140.7	18.111813362729333
140.8	18.017062243148665
140.9	17.863049270854333
141.	17.65065486196867
141.1	17.38137802930733
141.2	17.057352306545667
141.3	16.681329858304
141.4	16.256624636156666
141.5	15.7870148516
141.6	15.27661584777733
141.7	14.729743061068
141.8	14.150788105540332
141.9	13.544127685395667
142.	12.914075881079668
142.1	12.264878218571333
142.2	11.600734736087668
142.3	10.925832616324001
142.4	10.244368890152334
142.5	9.560549953832666
142.6	8.878564695941332
142.7	8.202538113333
142.8	7.536478714383666
142.9	6.884233516746333
143.	6.249459099206666
143.1	5.635608282877667
143.2	5.045923332031666
143.3	4.483421801831
143.4	3.9508625951966665
143.5	3.450687316499
143.6	2.984943097718333
143.7	2.555203622796667
143.8	2.162510916482
143.9	1.807358910971
144.	1.489730730481
144.1	1.2091876350139998
144.2	0.9649931203963333
144.3	0.7562456037643333
144.4	0.5819908853643333
144.5	0.4412919985706667
144.6	0.3332470143063333
144.7	0.256960495694
144.8	0.21148654846799997
144.9	0.19576682669933332
145.	0.20858398083966662
145.1	0.24854143153933334
145.2	0.31406798312566664
145.3	0.4034355462883333
145.4	0.5147741074473333
145.5	0.6460716402336666
145.6	0.7951564537733333
145.7	0.9596715489733333
145.8	1.137059894528333
145.9	1.3245819676073334
146.	1.519380721324333
146.1	1.7185958384473334
146.2	1.9195129783209999
146.3	2.119720298521
146.4	2.317238725867
146.5	2.5105966804469997
146.6	2.698833228339333
146.7	2.8814318280543336
146.8	3.058204092665333
146.9	3.2291537814853335
147.	3.3943522937023336
147.1	3.553848398704666
147.2	3.707620268529333
147.3	3.8555625899906
147.4	3.9974911704343334
147.5	4.133145561276333
147.6	4.262177074803333
147.7	4.384122065875999
147.8	4.4983732100783325
147.9	4.604169244330999
148.	4.700622655036666
148.1	4.786794797701333
148.2	4.861812115428
148.3	4.925001082427
148.4	4.9760092220539995
148.5	5.014879206202
148.6	5.042053411326
148.7	5.058304397946333
148.8	5.064606817280334
148.9	5.061981676912667
149.	5.051349693807333
149.1	5.033424910367666
149.2	5.008665047715
149.3	4.977276534310732
149.4	4.939256292992299
149.5	4.894444567153233
149.6	4.842565629929667
149.7	4.7832445960316665
149.8	4.716003948969
149.9	4.640256561744666
150.	4.555317582249666
150.1	4.460453120032334
150.2	4.3549706107990005
150.3	4.238338808970667
150.4	4.110310969625
150.5	3.971018611251333
150.6	3.821008130623
150.7	3.661207355058
150.8	3.492829109592333
150.9	3.3172373166563327
151.	3.135811714338667
151.1	2.9498463318946673
151.2	2.7605047506863336
151.3	2.5688361431393334
151.4	2.3758367338756665
151.5	2.182528293931666
151.6	1.9900228396313333
151.7	1.7995512846756665
151.8	1.6124498445236664
151.9	1.4301153375843332
152.	1.2539526343906666
152.1	1.08533988366
152.2	0.9256289886923332
152.3	0.7761832863256668
152.4	0.6384374558649999
152.5	0.5139529078633334
152.6	0.40443997930599995
152.7	0.3117272927706667
152.8	0.237675666534
152.9	0.18405301657266665
153.	0.1524009282723
153.1	0.14392776841136667
153.2	0.15945565654886665
153.3	0.19943178906133333
153.4	0.2639942854676667
153.5	0.35306593007066667
153.6	0.46644167472399994
153.7	0.6038399976409999
153.8	0.7649024565723332
153.9	0.9491447928423332
154.	1.155879893628
154.1	1.3841418395963334
154.2	1.6326382092713332
154.3	1.8997458849313331
154.4	2.1835485082629997
154.5	2.4818980022533332
154.6	2.7924741585053336
154.7	3.1128183562919998
154.8	3.4403292599896664
154.9	3.7722254078006667
155.	4.105495507729334
155.1	4.436865897841
155.2	4.762812509402
155.3	5.079632201911332
155.4	5.383569710115332
155.5	5.670978134626001
155.6	5.938479361944666
155.7	6.183090101674999
155.8	6.402289646879334
155.9	6.594023376161333
156.	6.756655211951667
156.1	6.888896184149001
156.2	6.989740362490665
156.3	7.058432741651
156.4	7.094479076779334
156.5	7.097690805784667
156.6	7.068245326973
156.7	7.006737643075333
156.8	6.914205025347
156.9	6.792119438791333
157.	6.642357755038333
157.1	6.467171196649667
157.2	6.269178388944667
157.3	6.051399389428665
157.4	5.817333377583667
157.5	5.571065481056999
157.6	5.317374670454
157.7	5.061809738880333
157.8	4.810706046857333
157.9	4.571130198124999
158.	4.350758290477
158.1	4.157709701186333
158.2	4.000367229491666
158.3	3.887213257703
158.4	3.826701394029
158.5	3.8271679325233334
158.6	3.8967730516456998
158.7	4.043453098805266
158.8	4.2748653040866
158.9	4.5983142699060995
159.	5.020662012600566
159.1	5.5482350087809005
159.2	6.186747808495333
159.3	6.941260672012
159.4	7.816178878152334
159.5	8.815287287851334
159.6	9.941800557528666
159.7	11.198401974490665
159.8	12.587245125518999
159.9	14.109902332539003
160.	15.767258852187666
160.1	17.559367260973332
160.2	19.485287220011664
160.3	21.542938655440665
160.4	23.728990854147
160.5	26.038798509748332
160.6	28.466382724692536
160.7	31.004445002570336
160.8	33.6443985727707
160.9	36.376404661814334
161.	39.18940960292116
161.1	42.07118814840103
161.2	45.00840494755892
161.3	47.98670694694667
161.4	50.990854000426
161.5	54.004885068644995
161.6	57.01230680788332
161.7	59.99628398724867
161.8	62.93980992333966
161.9	65.82584058907065
162.	68.637386486573
162.1	71.35756830292766
162.2	73.96965187171033
162.3	76.45708213356534
162.4	78.80353366557665
162.5	80.99298820869299
162.6	83.00984039784196
162.7	84.83902497809017
162.8	86.46615481185887
162.9	87.8776598399557
163.	89.06092182402168
163.1	90.00440571665305
163.2	90.697793032458
163.3	91.13212355085366
163.4	91.29994851426895
163.5	91.19549243071631
163.6	90.81481397334099
163.7	90.15595199740501
163.8	89.21904211683167
163.9	88.006393002491
164.	86.52251826746365
164.1	84.77412719769967
164.2	82.77008320983299
164.3	80.52134108002834
164.4	78.04087245756767
164.5	75.34358506722367
164.6	72.44623634696599
164.7	69.3673390947703
164.8	66.12705618045922
164.9	62.74708344253287
165.	59.2505232597868
165.1	55.66175405815453
165.2	52.0063015999861
165.3	48.3107156572691
165.4	44.60245125290963
165.5	40.909748803312596
165.6	37.26150421865066
165.7	33.68711987638666
165.8	30.21633062322433
165.9	26.879004492812
166.	23.704923556616336
166.1	20.723554010130663
166.2	17.963814778084334
166.3	15.453850616820333
166.4	13.220810384393666
166.5	11.290626280537333
166.6	9.687787796083333
166.7	8.435106140271
166.8	7.553470592130967
166.9	7.0616054609261
167.	6.975842137563434
167.1	7.309922370208733
167.2	8.074845137056897
167.3	9.278761149723767
167.4	10.926908853765598
167.5	13.021577528113898
167.6	15.5620799897808
167.7	18.544720963320664
167.8	21.962756343509
167.9	25.806350055497337
168.	30.062544576499327
168.1	34.715264553661335
168.2	39.745368587722
168.3	45.13075334192099
168.4	50.84650056819467
168.5	56.86504658401667
168.6	63.15634977429833
168.7	69.68803694465
168.8	76.42552246572998
168.9	83.33211065849656
169.	90.36910565891966
169.1	97.49595859435433
169.2	104.67047659064173
169.3	111.84910319213799
169.4	118.98726024332673
169.5	126.03972415112978
169.6	132.96100127917398
169.7	139.70567144013836
169.8	146.22868398150732
169.9	152.48561239897867
170.	158.43289273539133
170.1	164.0280806760063
170.2	169.23015787883367
170.3	173.99990051009564
170.4	178.30029801990196
170.5	182.09698696968567
170.6	185.35865209633897
170.7	188.05735025580265
170.8	190.168732129332
170.9	191.6721654603727
171.	192.55079199497908
171.1	192.79156780918882
171.2	192.3853364547411
171.3	191.32696574570858
171.4	189.61554824245513
171.5	187.2546335930926
171.6	184.2524397216229
171.7	180.62198783111216
171.8	176.38112485041688
171.9	171.55243016159164
172.	166.1630392889483
172.1	160.2444422126403
172.2	153.83231804242266
172.3	146.96644820171332
172.4	139.690713101943
172.5	132.05313543665633
172.6	124.10590211908966
172.7	115.90528873051099
172.8	107.51142951002033
172.9	98.98791692089466
173.	90.40126383490123
173.1	81.82030107986296
173.2	73.31559871948727
173.3	64.95898451095957
173.4	56.823191962279566
173.5	48.98161751942187
173.6	41.50812082451476
173.7	34.4767809252795
173.8	27.96153357135686
173.9	22.035657092542166
174.	16.771132146670666
174.1	12.237952827448334
174.2	8.503493149853332
174.3	5.6320223612463325
174.4	3.684416591901
174.5	2.718048058711
174.6	2.7867697133739995
174.7	3.940876380457667
174.8	6.226928078515333
174.9	9.687367943236
175.	14.359941206222333
175.1	20.276997567136164
175.2	27.464809680560798
175.3	35.9430460294932
175.4	45.72449331108183
175.5	56.8150453305928
175.6	69.21388940962449
175.7	82.91375865913146
175.8	97.90110321247678
175.9	114.15607341691782
176.	131.652290815386
176.1	150.356479858674
176.2	170.22810913417698
176.3	191.21921584194564
176.4	213.27454860933767
176.5	236.33207151402897
176.6	260.3237565156483
176.7	285.1764930419756
176.8	310.8128991061003
176.9	337.15184760035265
177.	364.108618569531
177.1	391.59472266687067
177.2	419.5175668048863
177.3	447.78020482363837
177.4	476.2814048673398
177.5	504.9161700358494
177.6	533.5766990859864
177.7	562.1536193581458
177.8	590.5372202801236
177.9	618.6184028585758
178.	646.2891497931604
178.1	673.4424872860958
178.2	699.9720996955663
178.3	725.7719061154469
178.4	750.7359581518624
178.5	774.7589445361842
178.6	797.7374065376332
178.7	819.5715310431711
178.8	840.1671726250484
178.9	859.437635204386
179.	877.3047663957419
179.1	893.6990861256068
179.2	908.5589416725744
179.3	921.8289735355826
179.4	933.4583990986705
179.5	943.3996999814083
179.6	951.6082022140773
179.7	958.0427880546886
179.8	962.6676453982146
179.9	965.4546437314716
180.	966.3857216587568