# O+CO(0,0) elastic diff. cross section
# E = 0.06 eV
# angle, CS (1e-16 cm^2)
0.1	79208.65194816666
0.2	77774.25077059999
0.3	75449.93957126666
0.4	72330.90965566666
0.5	68542.08750796667
0.6	64230.57414693333
0.7	59556.96036196667
0.8	54686.16487906667
0.9	49778.4581376
1.	44981.29379893333
1.1	40422.478838733325
1.2	36205.081219499996
1.3	32404.3153217
1.4	29066.475141866664
1.5	26209.8197163
1.6	23827.168997329998
1.7	21889.853516019997
1.8	20352.58589268
1.9	19158.790516299996
2.	18245.938954893332
2.1	17550.488193243335
2.2	17012.098596257332
2.3	16576.908255293663
2.4	16199.748740629999
2.5	15845.293123669999
2.6	15488.220646103335
2.7	15112.556047443333
2.8	14710.390553356667
2.9	14280.214148173334
3.	13825.086154586665
3.1	13350.846938169998
3.2	12864.533141876665
3.3	12373.10865647333
3.4	11882.570148809998
3.5	11397.435467216666
3.6	10920.580538603332
3.7	10453.35884696
3.8	9995.918907968
3.9	9547.629333181667
4.	9107.526673244665
4.1	8674.715735454332
4.2	8248.672342997332
4.3	7829.421217633
4.4	7417.583734463999
4.5	7014.309182095
4.6	6621.117101676
4.7	6239.686375009667
4.8	5871.628923789
4.9	5518.282824960999
5.	5180.5525268013325
5.1	4858.814160097666
5.2	4552.893249936666
5.3	4262.1119095839995
5.4	3985.3940173769993
5.5	3721.410761005667
5.6	3468.745687517333
5.7	3226.058031498333
5.8	2992.225290900333
5.9	2766.4502021199996
6.	2548.322718356333
6.1	2337.8335480776664
6.2	2135.341543023333
6.3	1941.5021292269998
6.4	1757.167606608
6.5	1583.2722463846662
6.6	1420.7156247836667
6.7	1270.2566527726667
6.8	1132.4285435943332
6.9	1007.4818533013333
7.	895.359141771
7.1	795.7011522225334
7.2	707.8810859859
7.3	631.0608794960666
7.4	564.2616042191332
7.5	506.43932852919994
7.6	456.5580108830667
7.7	413.6521327913333
7.8	376.873633436
7.9	345.5200124533333
8.	319.04292665599996
8.1	297.0389224503333
8.2	279.22585592766666
8.3	265.4098578713333
8.4	255.44828742866667
8.5	249.2139677313333
8.6	246.56518489533335
8.7	247.32461440320003
8.8	251.26872826026664
8.9	258.12757108543326
9.	267.5933050239333
9.1	279.3348057929333
9.2	293.01497604073336
9.3	308.30738018286667
9.4	324.9092675979333
9.5	342.54893511579996
9.6	360.9865258456667
9.7	380.0085800904667
9.8	399.41775457643337
9.9	419.0199445367666
10.	438.61146503440006
10.1	457.96892373850005
10.2	476.84396645363336
10.3	494.96428211713334
10.4	512.0412469616
10.5	527.7835265314666
10.6	541.9149999040333
10.7	554.1946627675333
10.8	564.4358032475
10.9	572.5217719369666
11.	578.4160728722999
11.1	582.1652193609
11.2	583.8937202008999
11.3	583.7915566884
11.4	582.095442969
11.5	579.0659106806667
11.6	574.9627329970299
11.7	570.0213541364767
11.8	564.4328136083733
11.9	558.3291889929866
12.	551.7758996342666
12.1	544.7714113292
12.2	537.2540623357332
12.3	529.1149905436333
12.4	520.2155599124999
12.5	510.4073146368333
12.6	499.55235491300004
12.7	487.5421231102333
12.8	474.3128812746
12.9	459.8566009985334
13.	444.2265138600667
13.1	427.5371228355
13.2	409.9589952065333
13.3	391.7090988888666
13.4	373.0377744864667
13.5	354.21363701676665
13.6	335.50777076796663
13.7	317.17852716026664
13.8	299.45807658596664
13.9	282.54162563859995
14.	266.579918513
14.1	251.67532447793332
14.2	237.88149980196664
14.3	225.2063273606
14.4	213.6176014161333
14.5	203.05075462626667
14.6	193.41782923293334
14.7	184.61687772273334
14.8	176.54103628219997
14.9	169.0866362398
15.	162.15988767063334
15.1	155.68186406863333
15.2	149.5917140314
15.3	143.8482022431
15.4	138.42981817263333
15.5	133.33377332246667
15.6	128.57423103706665
15.7	124.18008009873333
15.8	120.19248623116665
15.9	116.66235247683335
16.	113.6477122262
16.1	111.21098971233334
16.2	109.41601081546665
16.3	108.3246440786
16.4	107.99300108243332
16.5	108.46722007996665
16.6	109.77898153376665
16.7	111.94103670499999
16.8	114.94314548539998
16.9	118.74889294463334
17.	123.29386659123332
17.1	128.48561759596666
17.2	134.2056994603
17.3	140.3138882896
17.4	146.65446130006666
17.5	153.0641728702333
17.6	159.38135180519998
17.7	165.45537942586665
17.8	171.15571961566664
17.9	176.37967363446666
18.	181.0581271693
18.1	185.15873556923333
18.2	188.68623537473331
18.3	191.67984796033332
18.4	194.20802203899999
18.5	196.361013694
18.6	198.24199773896663
18.7	199.95752248029999
18.8	201.60815139749997
18.9	203.2800805875667
19.	205.0383908494333
19.1	206.9224068234967
19.2	208.94341648773997
19.3	211.08477816302667
19.4	213.30423297456664
19.5	215.53806809616665
19.6	217.70665351145334
19.7	219.72080872987
19.8	221.48844528721668
19.9	222.92096938874332
20.	223.93900597241
20.1	224.47710773835664
20.2	224.48722694845333
20.3	223.94084193804332
20.4	222.82973468266667
20.5	221.16550376773333
20.6	218.97796519963333
20.7	216.31264079786664
20.8	213.22756164476
20.9	209.7896247468333
21.	206.07073774025665
21.1	202.1439723191567
21.2	198.07992482996332
21.3	193.94345452446998
21.4	189.79093812055334
21.5	185.66814512003668
21.6	181.60880299465663
21.7	177.6338860527733
21.8	173.75162752736998
21.9	169.95822215184998
22.	166.23915698679
22.1	162.57108213966998
22.2	158.92411072820664
22.3	155.26441926835665
22.4	151.55700592378668
22.5	147.76845513246002
22.6	143.86955365257666
22.7	139.83760592116332
22.8	135.65830686691666
22.9	131.32704903937665
23.	126.84956885274335
23.1	122.24187398706334
23.2	117.52943960319334
23.3	112.74571277906666
23.4	107.93001888719331
23.5	103.12501577917331
23.6	98.37388609200664
23.7	93.71748918773
23.8	89.19170728314998
23.9	84.82521187923334
24.	80.63784553030032
24.1	76.63976186771933
24.2	72.83139792779988
24.3	69.20427395555467
24.4	65.74253548890033
24.5	62.425079738090005
24.6	59.22805175943999
24.7	56.12746246597667
24.8	53.10167435625332
24.9	50.133522637793334
25.	47.21188642896999
25.1	44.33259087283
25.2	41.49859784876333
25.3	38.71952083420666
25.4	36.01056873975333
25.5	33.39107606808666
25.6	30.88280686526
25.7	28.508225273199997
25.8	26.288907100633338
25.9	24.244228952053334
26.	22.390420745641666
26.1	20.740011898336334
26.2	19.301649154353665
26.3	18.080221983604066
26.4	17.077204620239463
26.5	16.29111443707233
26.6	15.717993909948667
26.7	15.351844840959998
26.8	15.184973791639997
26.9	15.208240871726668
27.	15.411234172256666
27.1	15.78241421464
27.2	16.309283450493332
27.3	16.97863380885
27.4	17.77691139621667
27.5	18.69071442451
27.6	19.707412309269998
27.7	20.81584531848
27.8	22.00703972914667
27.9	23.27485697296
28.	24.61648928787333
28.1	26.032719983106666
28.2	27.527883075926667
28.3	29.10948290546333
28.4	30.787466485590002
28.5	32.57317632895333
28.6	34.47804559518667
28.7	36.51212724607466
28.8	38.682571506338334
28.9	40.99217914425133
29.	43.438160539406994
29.1	46.011221706226664
29.2	48.69507875714667
29.3	51.46647286461334
29.4	54.29572055384999
29.5	57.14779170550666
29.6	59.98386311981333
29.7	62.763252513089995
29.8	65.44560014460666
29.9	67.99313667721
30.	70.37285959104665
30.1	72.55843904621665
30.2	74.53168873139667
30.3	76.28346779029667
30.4	77.81392446889998
30.5	79.13204716126666
30.6	80.25454912867667
30.7	81.20417344021999
30.8	82.00755838770333
30.9	82.69284497140666
31.	83.28723230953666
31.1	83.81469107562333
31.2	84.29402857797999
31.3	84.73746351628999
31.4	85.14981765838999
31.5	85.52837132375666
31.6	85.86336638700665
31.7	86.13908150321001
31.8	86.33535572387332
31.9	86.42940348437332
32.	86.39774895974
32.1	86.21811145876333
32.2	85.87109408128666
32.3	85.34156149615998
32.4	84.61963429066667
32.5	83.70127117251333
32.6	82.58845092709666
32.7	81.28899891335666
32.8	79.81612506707333
32.9	78.18775070642666
33.	76.42570057828667
33.1	74.55482671807665
33.2	72.60211514494
33.3	70.59580884995
33.4	68.56456451158333
33.5	66.53664865798
33.6	64.53917323757334
33.7	62.59737106690666
33.8	60.733917458019995
33.9	58.96831351038666
34.	57.31635654097
34.1	55.78973121277667
34.2	54.39575878555
34.3	53.13733998854666
34.4	52.01311866950667
34.5	51.01787916274
34.6	50.14317164650332
34.7	49.37813887547
34.8	48.71049716882332
34.9	48.12760704371
35.	47.617556657716676
35.1	47.17017593935666
35.2	46.77790173555333
35.3	46.43642437542667
35.4	46.145062861443336
35.5	45.90683775887
35.6	45.728235656783326
35.7	45.618684479036666
35.8	45.58978251203334
35.9	45.65434375393833
36.	45.82533630678166
36.1	46.11479790299501
36.2	46.53281275589433
36.3	47.086626827896666
36.4	47.779965073099994
36.5	48.61259548767799
36.6	49.58016264535367
36.7	50.67428983493633
36.8	51.88292614206466
36.9	53.190894985458655
37.	54.580585614237336
37.1	56.03272035507067
37.2	57.52712878820999
37.3	59.043465607409
37.4	60.561820987574336
37.5	62.06318934708833
37.6	63.52978237869199
37.7	64.94519264420867
37.8	66.29443230022
37.9	67.56388530231632
38.	68.741218915397
38.1	69.81530059347833
38.2	70.77615926087199
38.3	71.61501678454033
38.4	72.32439791313067
38.5	72.89830777753066
38.6	73.332448119241
38.7	73.62442957765532
38.8	73.77392991868365
38.9	73.78274848835366
39.	73.654715767456
39.1	73.39543286706666
39.2	73.01183719496498
39.3	72.51161458336267
39.4	71.90250163162901
39.5	71.19154160118433
39.6	70.38437007430332
39.7	69.48461069092166
39.8	68.49345571297133
39.9	67.40949125854567
40.	66.228804294092
40.1	64.94538044253733
40.2	63.551771494003994
40.3	62.03998269892733
40.4	60.40250571101433
40.5	58.633406149723996
40.6	56.729366987948
40.7	54.69059110740034
40.8	52.521478035295
40.9	50.23100975328632
41.	47.83280638421667
41.1	45.34484180442932
41.2	42.78883895511966
41.3	40.18939198960567
41.4	37.57288501967567
41.5	34.96629325728733
41.6	32.39596060959333
41.7	29.886447910367
41.8	27.45953821029333
41.9	25.133470862927
42.	22.922455940442
42.1	20.836496620097
42.2	18.88152160931433
42.3	17.059804530643998
42.4	15.370624482832334
42.5	13.81110354803933
42.6	12.377144286874334
42.7	11.064384268480666
42.8	9.869085877181
42.9	8.788887871631331
43.	7.823359673342001
43.1	6.974318772304
43.2	6.245894121346667
43.3	5.644341789796667
43.4	5.177641195885333
43.5	4.854918791919333
43.6	4.685759362701666
43.7	4.67947191166
43.8	4.844376967374666
43.9	5.187175348149999
44.	5.712446021341
44.1	6.422304354574333
44.2	7.316233843185999
44.3	8.391086509045
44.4	9.641231638639999
44.5	11.058820988399
44.6	12.634132031568665
44.7	14.355949533306665
44.8	16.211949273117668
44.9	18.189055016596996
45.	20.273749381287
45.1	22.452329379747
45.2	24.711106570917
45.3	27.036558665142664
45.4	29.415443348581334
45.5	31.834885855879
45.6	34.28244982150366
45.7	36.746197033299
45.8	39.214737027437664
45.9	41.67726318625199
46.	44.12356914640399
46.1	46.54403858196099
46.2	48.929602996863004
46.3	51.27166582340067
46.4	53.56199615196699
46.5	55.792600894634006
46.6	57.95558902196133
46.7	60.043044720666
46.8	62.046927255811
46.9	63.959013574653326
47.	65.77089551495233
47.1	67.47403730912683
47.2	69.05989190461443
47.3	70.5200674113993
47.4	71.84652883435966
47.5	73.03181604144766
47.6	74.06925717813934
47.7	74.95315769885167
47.8	75.678948580373
47.9	76.24328255604999
48.	76.644073545919
48.1	76.880480892407
48.2	76.95284573530833
48.3	76.86259107076066
48.4	76.61209940106433
48.5	76.20458217746867
48.6	75.64395372792632
48.7	74.934719423278
48.8	74.08188406872432
48.9	73.09088256834767
49.	71.96753135085166
49.1	70.71799634259673
49.2	69.34877167189302
49.3	67.86666286353642
49.4	66.27876891454052
49.5	64.5924590763037
49.6	62.81534207747456
49.7	60.955227574934995
49.8	59.020081489434006
49.9	57.017978359710995
50.	54.957054754414
50.1	52.845468083995
50.2	50.69136483332466
50.3	48.50286133984333
50.4	46.28803890464033
50.5	44.054953286549996
50.6	41.811656687142
50.7	39.566228304645335
50.8	37.326807613104
50.9	35.101622925901665
51.	32.89900677541699
51.1	30.727389388811325
51.2	28.595262322594998
51.3	26.511106191843
51.4	24.483279458703997
51.5	22.519869239653065
51.6	20.62850974540543
51.7	18.816178801908798
51.8	17.088987316765767
51.9	15.451979917110332
52.	13.908966692345667
52.1	12.462405576224668
52.2	11.113352167066667
52.3	9.861488778203666
52.4	8.705237605183333
52.5	7.6419547630833335
52.6	6.6681934732966655
52.7	5.780016869133332
52.8	4.973334732729999
52.9	4.244234797079999
53.	3.5892786069500002
53.1	3.0057345166766667
53.2	2.4917260015833333
53.3	2.0462814833099996
53.4	1.66928141733
53.5	1.3613083761566664
53.6	1.1234151518166666
53.7	0.956833466158
53.8	0.8626509246193335
53.9	0.8414859152056666
54.	0.8931891547113333
54.1	1.0165968028001333
54.2	1.2093540969966665
54.3	1.4678211167254998
54.4	1.7870644646986666
54.5	2.160931230587667
54.6	2.582195308193333
54.7	3.042761488398333
54.8	3.5339100033766666
54.9	4.0465633538666665
55.	4.571558090823333
55.1	5.099906367853333
55.2	5.623035071986667
55.3	6.132993709843333
55.4	6.622625562096666
55.5	7.085699606566667
55.6	7.5170031502566665
55.7	7.9123969166
55.8	8.26883551752
55.9	8.584356869523333
56.	8.85804430203
56.1	9.08996497104
56.2	9.281087849103333
56.3	9.433184115573333
56.4	9.54871231594
56.5	9.630690280126665
56.6	9.682555578426665
56.7	9.708016326204334
56.8	9.710894490785
56.9	9.694964542910666
57.	9.663791309137332
57.1	9.620572144650332
57.2	9.567989899791334
57.3	9.508084381227
57.4	9.44215084401
57.5	9.370674226796334
57.6	9.293307128473332
57.7	9.2088977842
57.8	9.115571523096666
57.9	9.010865532806667
58.	8.89191252058
58.1	8.755664487126666
58.2	8.599143830393333
58.3	8.419705889986666
58.4	8.215295271
58.5	7.98467814194
58.6	7.727634265046666
58.7	7.445095648653333
58.8	7.139223034516666
58.9	6.813416418923333
59.	6.472260818636666
59.1	6.121412913056667
59.2	5.767437508653334
59.3	5.417604653786666
59.4	5.079658616529999
59.5	4.761568999716666
59.6	4.4712724290366666
59.7	4.216411071073333
59.8	4.004072338997333
59.9	3.840533069159
60.	3.7310115785083333
60.1	3.679432450754
60.2	3.688211468213334
60.3	3.758071335918333
60.4	3.8879020449033335
60.5	4.074682087379999
60.6	4.313477482583333
60.7	4.597534072149999
60.8	4.918474454976666
60.9	5.2666042786533325
61.	5.631323813093333
61.1	6.0016306015000005
61.2	6.366688600099999
61.3	6.716429826156666
61.4	7.042147367576666
61.5	7.337034737136666
61.6	7.596626723396666
61.7	7.819101416516666
61.8	8.005411802186666
61.9	8.159227572053332
62.	8.286682533843333
62.1	8.395938859233333
62.2	8.496594875766666
62.3	8.598976704793333
62.4	8.713364458286666
62.5	8.849209936336665
62.6	9.014404225000332
62.7	9.214650145846
62.8	9.452986480855667
62.9	9.729499018108331
63.	10.041238802618999
63.1	10.382351808466666
63.2	10.744407956446667
63.3	11.116902340289998
63.4	11.487888914326668
63.5	11.844697722133333
63.6	12.174681694613334
63.7	12.465938444636665
63.8	12.70795629515
63.9	12.892141591503334
64.	13.012195435629998
64.1	13.06432133201
64.2	13.047259666929998
64.3	12.96215916572
64.4	12.812308237503332
64.5	12.602759290986665
64.6	12.339885816516665
64.7	12.03091472361
64.8	11.683474948186666
64.9	11.305197963109999
65.	10.903397198113334
65.1	10.484842502173333
65.2	10.055633891213333
65.3	9.62116725273
65.4	9.186174706249998
65.5	8.754815036946667
65.6	8.330785793036664
65.7	7.917428618834667
65.8	7.517803078605
65.9	7.134711067783333
66.	6.7706629834403325
66.1	6.427786956963333
66.2	6.107692341283333
66.3	5.811307049246666
66.4	5.538714205093333
66.5	5.289016176
66.6	5.060253070993333
66.7	4.8493983492299995
66.8	4.65244678641
66.9	4.464600573713334
67.	4.280548841917666
67.1	4.094825589431666
67.2	3.902221962105666
67.3	3.698222031278
67.4	3.479427317772333
67.5	3.243934659381
67.6	2.991634619090334
67.7	2.724403161481
67.8	2.4461672028343333
67.9	2.1628340984779997
68.	1.8820853080463333
68.1	1.6130445077856665
68.2	1.3658395057886665
68.3	1.151084800150333
68.4	0.9793170161579999
68.5	0.8604184731953333
68.6	0.8030646656229999
68.7	0.8142295748156665
68.8	0.8987786972853333
68.9	1.0591738374553332
69.	1.2953065266859998
69.1	1.6044689045036666
69.2	1.9814625707343334
69.3	2.4188378180033334
69.4	2.9072482730713327
69.5	3.435899736216667
69.6	3.9930672399543328
69.7	4.566651270417333
69.8	5.144742802341667
69.9	5.716167263592666
70.	6.270979626233999
70.1	6.800886283979333
70.2	7.299573920116
70.3	7.7629308684769995
70.4	8.189152190597332
70.5	8.578725540088666
70.6	8.934300606627332
70.7	9.260450334696
70.8	9.563337046209666
70.9	9.850300952451331
71.	10.129392216585666
71.1	10.408870614351665
71.2	10.696698808715666
71.3	11.000056140277666
71.4	11.324899473945331
71.5	11.675595868299997
71.6	12.054648541113334
71.7	12.462532778045999
71.8	12.897652185622002
71.9	13.356418307962333
72.	13.833448547910999
72.1	14.321869155427665
72.2	14.813702458430331
72.3	15.300311238520665
72.4	15.772868869252001
72.5	16.22282205742433
72.6	16.642314064578333
72.7	17.024540150036998
72.8	17.364013379731333
72.9	17.656727303745665
73.	17.900211491427665
73.1	18.093485556883664
73.2	18.23692609121333
73.3	18.332067915874333
73.4	18.381365550020668
73.5	18.387942305529997
73.6	18.355352890644333
73.7	18.287381078302666
73.8	18.187887464468666
73.9	18.060714438327665
74.	17.909647186940667
74.1	17.738421860408
74.2	17.550765831946332
74.3	17.350450996000333
74.4	17.141339672682996
74.5	16.927404029571
74.6	16.71270376838533
74.7	16.501312657103334
74.8	16.297191605674666
74.9	16.104013557092998
75.	15.924952631843666
75.1	15.762455940719668
75.2	15.61802061596567
75.3	15.492000467546998
75.4	15.383466037927
75.5	15.290138744697332
75.6	15.208414521528997
75.7	15.133485359001668
75.8	15.059559004613
75.9	14.98016851445433
76.	14.888555090467666
76.1	14.778100412686666
76.2	14.642779129372332
76.3	14.477598831177668
76.4	14.278994065765
76.5	14.045142914760333
76.6	13.776179296719999
76.7	13.474281195663668
76.8	13.14362394374233
76.9	12.790197818623996
77.	12.421499726806331
77.1	12.046118733033667
77.2	11.673243777579
77.3	11.312128301457665
77.4	10.971550063584333
77.5	10.659304816387333
77.6	10.381769638353667
77.7	10.143565847277
77.8	9.947343077268798
77.9	9.793696077967066
78.	9.681215040683666
78.1	9.606659779893333
78.2	9.565238872949333
78.3	9.550967699272334
78.4	9.557074805763332
78.5	9.576424443550334
78.6	9.601924446537332
78.7	9.626892528086666
78.8	9.645359987682333
78.9	9.652299004794333
79.	9.643767341456
79.1	9.616971585665667
79.2	9.570256373878667
79.3	9.503031826286332
79.4	9.415654436150334
79.5	9.309277815049999
79.6	9.185689159941667
79.7	9.047145383611666
79.8	8.896219956181667
79.9	8.735668094055333
80.	8.568314443125333
80.1	8.396964207914332
80.2	8.224336047924
80.3	8.053013168485666
80.4	7.885407924344333
80.5	7.723734906822333
80.6	7.569987791063667
80.7	7.425916046021666
80.8	7.292998793556333
80.9	7.172414492658
81.	7.065006576087933
81.1	6.9712465519645335
81.2	6.891197301020334
81.3	6.824480252756332
81.4	6.770250742736666
81.5	6.727186075555665
81.6	6.693490607487999
81.7	6.666921508161
81.8	6.6448377822169995
81.9	6.624273689282667
82.	6.602035992124666
82.1	6.574822618738333
82.2	6.5393584984696655
82.3	6.492542689542665
82.4	6.431599605724999
82.5	6.354226298262668
82.6	6.2587274365843335
82.7	6.144129886816334
82.8	6.010269587398
82.9	5.8578446957363335
83.	5.688430623668333
83.1	5.504454471970666
83.2	5.3091283926963335
83.3	5.106343443469666
83.4	4.900527463063666
83.5	4.696472330848667
83.6	4.499137626145333
83.7	4.313439139781999
83.8	4.144031869010666
83.9	3.995097987314
84.	3.870150748736
84.1	3.7718652660384997
84.2	3.7019464959660664
84.3	3.661043484012066
84.4	3.648716922129667
84.5	3.663464362467
84.6	3.7028041049736666
84.7	3.7634150156176664
84.8	3.8413255982630004
84.9	3.932141868299333
85.	4.031300320426
85.1	4.134329899662333
85.2	4.237105672987
85.3	4.336077053472
85.4	4.428455024087667
85.5	4.512345756233334
85.6	4.586822092265667
85.7	4.651929205387333
85.8	4.708625913108
85.9	4.758668120533999
86.	4.804445234591666
86.1	4.848783719939999
86.2	4.894733975787666
86.3	4.945357256009
86.4	5.003528439237
86.5	5.071768233857666
86.6	5.152115146325
86.7	5.246043599668666
86.8	5.354430355624
86.9	5.4775672554206665
87.	5.615214595897001
87.1	5.766686477090166
87.2	5.9309573913403675
87.3	6.106778268456923
87.4	6.2927901754234465
87.5	6.487624825666934
87.6	6.689982874552067
87.7	6.898683490813667
87.8	7.112681704125333
87.9	7.331053302022999
88.	7.552950345065999
88.1	7.777533425725332
88.2	8.003889364908334
88.3	8.230944880462333
88.4	8.457387674823668
88.5	8.681606232811333
88.6	8.901658334007
88.7	9.115275909176333
88.8	9.319910555631665
88.9	9.512820039094
89.	9.691191805397665
89.1	9.852295333148664
89.2	9.993651524792664
89.3	10.113204684759665
89.4	10.209481310807
89.5	10.281720141596665
89.6	10.329959720543332
89.7	10.355073019804
89.8	10.358743133227334
89.9	10.343379248388999
90.	10.311977519549
90.1	10.2679365202
90.2	10.214841129968
90.3	10.156231577040334
90.4	10.095375634283998
90.5	10.035061554271334
90.6	9.977427312195667
90.7	9.923838363534
90.8	9.874821800114665
90.9	9.830059979365
91.	9.78844188662
91.1	9.748166130451999
91.2	9.706885923066
91.3	9.661883913706333
91.4	9.610263435983665
91.5	9.549142580043998
91.6	9.475838388004
91.7	9.388030189120332
91.8	9.283893394084998
91.9	9.162197704002333
92.	9.02236642335233
92.1	8.864496207254332
92.2	8.689338972188333
92.3	8.498249762195334
92.4	8.293106026561333
92.5	8.076204998589333
92.6	7.850146654083667
92.7	7.617710064868
92.8	7.381730848962
92.9	7.144986865688667
93.	6.910098335235666
93.1	6.6794472315709985
93.2	6.455119179386667
93.3	6.238869294537666
93.4	6.032111570945667
93.5	5.835929691423333
93.6	5.651105666608666
93.7	5.478161615218366
93.8	5.3174093794887
93.9	5.169002559973636
94.	5.032985934704316
94.1	4.909338028115666
94.2	4.798003698926166
94.3	4.698914877828733
94.4	4.611998867343666
94.5	4.537174781315
94.6	4.474339662048999
94.7	4.423346516524999
94.8	4.383976957210333
94.9	4.3559113512286665
95.	4.338699427486
95.1	4.331734232553
95.2	4.334232200073
95.3	4.345221932388666
95.4	4.363544067529332
95.5	4.387864272896666
95.6	4.416700908479333
95.7	4.4484681672983335
95.8	4.481534490995332
95.9	4.514294773830667
96.	4.545253368598666
96.1	4.573113314857666
96.2	4.596865701227333
96.3	4.615871862584666
96.4	4.629930419669
96.5	4.6393211856539995
96.6	4.644818822241666
96.7	4.647670865406333
96.8	4.649537290069999
96.9	4.652391961668333
97.	4.658389851972666
97.1	4.669707425992334
97.2	4.688366755822
97.3	4.7160563149209995
97.4	4.753962751923
97.5	4.802628020950667
97.6	4.861844982246
97.7	4.930602038286333
97.8	5.007083734695
97.9	5.088729844215333
98.	5.1723506614113335
98.1	5.254291505357333
98.2	5.330635193216334
98.3	5.397427899736333
98.4	5.450911665338667
98.5	5.487746060360999
98.6	5.505202226212334
98.7	5.50131464513
98.8	5.474979360962
98.9	5.425991703917999
99.	5.355021500438665
99.1	5.263528862974
99.2	5.1536285200853325
99.3	5.027914850979666
99.4	4.889262958488766
99.5	4.740622964926466
99.6	4.5848250613314665
99.7	4.424411624752567
99.8	4.261510022748366
99.9	4.0977557626704995
100.	3.934270764483
100.1	3.7716961765900003
100.2	3.610273830033333
100.3	3.449965654464333
100.4	3.290596652839
100.5	3.1320047479122
100.6	2.9741802341673
100.7	2.8173787872762
100.8	2.6621948990585667
100.9	2.5095869366053662
101.	2.3608503246811328
101.1	2.2175410611139332
101.2	2.0813572826596665
101.3	1.9539913052692666
101.4	1.8369679553768665
101.5	1.731486718646667
101.6	1.6382850796742332
101.7	1.5575384379981
101.8	1.4888083930044664
101.9	1.4310463975637664
102.	1.3826543131801001
102.1	1.3415978441090335
102.2	1.3055637579660666
102.3	1.2721477147855667
102.4	1.2390567953714
102.5	1.2043096511587665
102.6	1.166417624592233
102.7	1.1245320800202334
102.8	1.0785462725036332
102.9	1.0291440044609335
103.	0.9777916705292
103.1	0.9266746664901333
103.2	0.8785831779097999
103.3	0.8367557831395668
103.4	0.8046919070356667
103.5	0.7859458419893334
103.6	0.7839157913713666
103.7	0.8016412329604999
103.8	0.8416209404895333
103.9	0.9056623621615333
104.	0.9947708725493334
104.1	1.1090848300953333
104.2	1.2478595284161664
104.3	1.4095001701365
104.4	1.5916410631132332
104.5	1.7912654919668332
104.6	2.004858305384233
104.7	2.2285813299449
104.8	2.4584604074317666
104.9	2.6905722585268
105.	2.9212195635143
105.1	3.1470836259132
105.2	3.3653456932830004
105.3	3.5737703333282997
105.4	3.770747032185933
105.5	3.9552891841698328
105.6	4.126992648640133
105.7	4.2859588320121
105.8	4.432689608760733
105.9	4.567963162039566
106.	4.692700895385166
106.1	4.8078358922375335
106.2	4.9141929827613655
106.3	5.0123893742584
106.4	5.102763101915633
106.5	5.1853343754060335
106.6	5.259802373295
106.7	5.3255773096413
106.8	5.3818448266514665
106.9	5.4276571088424
107.	5.462042742781533
107.1	5.4841254368956
107.2	5.493240442299432
107.3	5.489037045107233
107.4	5.4715559611933
107.5	5.441271937506233
107.6	5.399094351919967
107.7	5.346322008155299
107.8	5.284552446770333
107.9	5.2155506189718
108.	5.141086303042933
108.1	5.062753715467333
108.2	4.9817899101442995
108.3	4.8989103337501
108.4	4.814179984084866
108.5	4.726936817968099
108.6	4.635780391397166
108.7	4.538633405162366
108.8	4.432877303540133
108.9	4.315555922074367
109.	4.183634116207733
109.1	4.034292069987033
109.2	3.8652312841694667
109.3	3.6749656522595338
109.4	3.4630709179873667
109.5	3.2303682967472334
109.6	2.9790229815753335
109.7	2.7125452300848996
109.8	2.4356901024486
109.9	2.1542608956613334
110.	1.8748300234831667
110.1	1.6043986692049998
110.2	1.3500222424335333
110.3	1.1184319367236666
110.4	0.9156831904087332
110.5	0.7468595471214333
110.6	0.6158555173171334
110.7	0.52525502709796
110.8	0.4763135717888667
110.9	0.4690430642485333
111.	0.5023894277494666
111.1	0.5744850470882
111.2	0.6829519707535
111.3	0.8252277958267
111.4	0.9988847957136333
111.5	1.2019141588183333
111.6	1.4329510402844998
111.7	1.6914221075686664
111.8	1.9776048119353
111.9	2.2925960324472
112.	2.638196231549233
112.1	3.0167230456330665
112.2	3.430774590411599
112.3	3.882967105160799
112.4	4.3756734970745
112.5	4.910788710605666
112.6	5.4895447143013
112.7	6.112392589584201
112.8	6.778962253813067
112.9	7.4881024406800005
113.	8.237995485901099
113.1	9.026334018124265
113.2	9.850540569691066
113.3	10.708006989340031
113.4	11.596328746628899
113.5	12.513509912352099
113.6	13.458117672722334
113.7	14.429370339223468
113.8	15.427149403767402
113.9	16.4519335770231
114.	17.504660193402998
114.1	18.58652614226
114.2	19.698745965688666
114.3	20.842288472252264
114.4	22.01761488128013
114.5	23.224441070110267
114.6	24.461544094743633
114.7	25.726629111279
114.8	27.016267595427998
114.9	28.325911857489334
115.	29.649984825359997
115.1	30.982038408169664
115.2	32.31496888327233
115.3	33.64127397505867
115.4	34.953333809482
115.5	36.243696804550325
115.6	37.505351775115656
115.7	38.731968960335664
115.8	39.91809518851467
115.9	41.059291715463665
116.	42.15220724693033
116.1	43.19458295859067
116.2	44.18519079217967
116.3	45.12371062492899
116.4	46.01055588004199
116.5	46.846660506469334
116.6	47.633242810289005
116.7	48.37156317321133
116.8	49.062693113200005
116.9	49.707312344504665
117.	50.30554849816433
117.1	50.856871062346336
117.2	51.36004706380433
117.3	51.813161351636
117.4	52.21369935589366
117.5	52.55868531319699
117.6	52.84486452022034
117.7	53.068914630754335
117.8	53.22766858939333
117.9	53.318330784768335
118.	53.338668470332664
118.1	53.28716245387733
118.2	53.16310435515601
118.3	52.96663213599733
118.4	52.69870077258066
118.5	52.360990474080666
118.6	51.955760307133666
118.7	51.48566002900134
118.8	50.95351693404233
118.9	50.362117257602655
119.	49.71400282109633
119.1	49.01130307093934
119.2	48.25562031388067
119.3	47.447981984082
119.4	46.588868333859665
119.5	45.67831747558299
119.6	44.71610264166499
119.7	43.70196949521767
119.8	42.63591492196833
119.9	41.518483615666995
120.	40.35105546252233
120.1	39.136095737738664
120.2	37.87734164843833
120.3	36.579902887592326
120.4	35.250260356461666
120.5	33.89615562483999
120.6	32.526373315324996
120.7	31.150428572309664
120.8	29.778181137832995
120.9	28.419405335455
121.	27.083350623551
121.1	25.778329654494236
121.2	24.511369610509227
121.3	23.287957957857365
121.4	22.111906003855665
121.5	20.985343432497665
121.6	19.908845282878
121.7	18.88168074985733
121.8	17.90216192365733
121.9	16.96806127125233
122.	16.077060240579666
122.1	15.227188494033335
122.2	14.417214242896332
122.3	13.646950865050998
122.4	12.917452970715667
122.5	12.231085534033998
122.6	11.59146159454233
122.7	11.003256186710333
122.8	10.471915402958
122.9	10.003288778564666
123.	9.603219656095668
123.1	9.27713129465
123.2	9.029646014413332
123.3	8.864270744113334
123.4	8.783175419121
123.5	8.787081480119
123.6	8.875267156647666
123.7	9.045685292811333
123.8	9.295179196231333
123.9	9.619773286314334
124.	10.015008940563666
124.1	10.476292412478333
124.2	10.999221280023
124.3	11.579858555747332
124.4	12.214929046862332
124.5	12.90192025989633
124.6	13.639079365379667
124.7	14.425307620330667
124.8	15.259963289019
124.9	16.142592633669665
125.	17.072615207183667
125.1	18.048993884867997
125.2	19.069921465951666
125.3	20.132554163377666
125.4	21.232818050735663
125.5	22.365307973924335
125.6	23.523290187331334
125.7	24.698810819964997
125.8	25.882903061104003
125.9	27.065877516024997
126.	28.237673260732
126.1	29.388242307091666
126.2	30.507937842820667
126.3	31.587876861169335
126.4	32.62025052934666
126.5	33.59856051955366
126.6	34.517766028309666
126.7	35.37433370535333
126.8	36.16619052111133
126.9	36.89258704916533
127.	37.55388516443566
127.1	38.151289267972004
127.2	38.68654356502033
127.3	39.16161948727266
127.4	39.578417073789
127.5	39.93850215454933
127.6	40.242897764407665
127.7	40.491943674062334
127.8	40.685232610135664
127.9	40.82162603421996
128.	40.89934661213556
128.1	40.916139072784
128.2	40.869486370336666
128.3	40.75686415831667
128.4	40.57601385009933
128.5	40.32521311515866
128.6	40.003522724019334
128.7	39.610990201644995
128.8	39.148793794529
128.9	38.61931461418733
129.	38.02613027601833
129.1	37.37392950783166
129.2	36.668353657644005
129.3	35.91577721503967
129.4	35.123044916241
129.5	34.297187131886666
129.6	33.445137703898325
129.7	32.57347880866799
129.8	31.68823571406967
129.9	30.794740466805
130.	29.897577869875334
130.1	29.00062001694033
130.2	28.107147721048666
130.3	27.220049103461665
130.4	26.34207811643133
130.5	25.476149564889333
130.6	24.62564287038166
130.7	23.794684841956666
130.8	22.988382341016994
130.9	22.212978982438663
131.	21.475915701771335
131.1	20.785782720220997
131.2	20.152159539625
131.3	19.585349349670665
131.4	19.096023792688666
131.5	18.694802559133663
131.6	18.39179899069
131.7	18.196167084710034
131.8	18.115686556597197
131.9	18.156420691057832
132.	18.32247664461363
132.1	18.61588997557567
132.2	19.036645068272332
132.3	19.582831614293333
132.4	20.25092541
132.5	21.036170507121664
132.6	21.93303028095633
132.7	22.935668209562998
132.8	24.038415825053665
132.9	25.23618583708
133.	26.524792916503333
133.1	27.901152749736998
133.2	29.363341048381997
133.3	30.910507219789665
133.4	32.54265114342833
133.5	34.260284612570665
133.6	36.064010183337
133.7	37.95405828296733
133.8	39.929827613523656
133.9	41.989473686683
134.	44.129585740423664
134.1	46.34498372251633
134.2	48.62865538136567
134.3	50.971839887448
134.4	53.36425026206733
134.5	55.794413551099666
134.6	58.25009657043866
134.7	60.718777147002996
134.8	63.18811693125133
134.9	65.646392299887
135.	68.08284453423599
135.1	70.48791879079432
135.2	72.85337250962166
135.3	75.17224665227066
135.4	77.43870634017966
135.5	79.64776971752366
135.6	81.79495415830233
135.7	83.87587629923819
135.8	85.88584624401052
135.9	87.81949640537849
136.	89.67048190470133
136.1	91.431282676269
136.2	93.09312811317099
136.3	94.646054119937
136.4	96.079090818271
136.5	97.38056787606735
136.6	98.53851445887666
136.7	99.54112295281033
136.8	100.37724045379301
136.9	101.03684998411833
137.	101.51150452042666
137.1	101.79468111947301
137.2	101.882029227094
137.3	101.77149612351134
137.4	101.46332255194633
137.5	100.95991210834201
137.6	100.26558798104134
137.7	99.38625937808732
137.8	98.32902665636365
137.9	97.101758328778
138.	95.71267442139165
138.1	94.169969031889
138.2	92.48150062472999
138.3	90.654572013273
138.4	88.69581371784835
138.5	86.61117526155432
138.6	84.40601971178734
138.7	82.085308223315
138.8	79.65385419281033
138.9	77.116621390485
139.	74.47903750788034
139.1	71.74729406333967
139.2	68.92860546132366
139.3	66.03140398682032
139.4	63.065453186569336
139.5	60.04186895686067
139.6	56.97304513135399
139.7	53.872487901441005
139.8	50.754570413064336
139.9	47.634224959316995
140.	44.526594880628
140.1	41.446671358744
140.2	38.408941527481666
140.3	35.427073684311665
140.4	32.51366285335466
140.5	29.680055716359334
140.6	26.93626816459833
140.7	24.291001813455328
140.8	21.751758173019667
140.9	19.325041298262665
141.	17.016632228001
141.1	14.831911965343334
141.2	12.776204738349666
141.3	10.855110328497334
141.4	9.074793758715998
141.5	7.4422028096996655
141.6	5.965188678080333
141.7	4.652512358864
141.8	3.5137285271993335
141.9	2.5589491049646664
142.	1.7984994393863332
142.1	1.242490125691
142.2	0.9003360027646666
142.3	0.7802598705533332
142.4	0.8888213463286665
142.5	1.2305105939141667
142.6	1.80744235221125
142.7	2.6191780321083664
142.8	3.6626932520980002
142.9	4.932495933245666
143.	6.420887066939333
143.1	8.118343695909001
143.2	10.013992688406667
143.3	12.096135585852332
143.4	14.352779980786332
143.5	16.772132043346332
143.6	19.343008095732664
143.7	22.055130301370998
143.8	24.89928198193633
143.9	27.867310890284333
144.	30.951982804060336
144.1	34.14670179242033
144.2	37.44512615616833
144.3	40.84071915952033
144.4	44.32628029845634
144.5	47.893505276134334
144.6	51.53262084782233
144.7	55.23213427022134
144.8	58.97872686339933
144.9	62.75730796317566
145.	66.55123057286333
145.1	70.34265464218767
145.2	74.11302961483733
145.3	77.84365604077033
145.4	81.51627786964133
145.5	85.11365335694765
145.6	88.62005378113366
145.7	92.02164534710798
145.8	95.30672020286698
145.9	98.46575647083432
146.	101.49130325397999
146.1	104.377703158714
146.2	107.12068038768497
146.3	109.71683530133635
146.4	112.16309533247632
146.5	114.45617627957309
146.6	116.59210698301145
146.7	118.56586425003377
146.8	120.37115431751332
146.9	122.00036316613
147.	123.444682037635
147.1	124.69439813157034
147.2	125.73932523643134
147.3	126.56933643752434
147.4	127.17495216534934
147.5	127.54793244252933
147.6	127.68182255410531
147.7	127.57240630026632
147.8	127.21802990520433
147.9	126.61977157955432
148.	125.78144548464033
148.1	124.70944313487799
148.2	123.41242880303432
148.3	121.90091714164666
148.4	120.18677007166397
148.5	118.28265539629265
148.6	116.20151128107801
148.7	113.95605870845034
148.8	111.55839861051233
148.9	109.01972215210266
149.	106.35015236624565
149.1	103.55872390769167
149.2	100.65349601852299
149.3	97.64178282328865
149.4	94.53047561415733
149.5	91.32642456096266
149.6	88.03684280266134
149.7	84.66969446928167
149.8	81.23402989900131
149.9	77.74023603522966
150.	74.200177266476
150.1	70.62721126776432
150.2	67.03607491306433
150.3	63.44264623489199
150.4	59.863598784609664
150.5	56.31597374970634
150.6	52.816702085454764
150.7	49.38211310821922
150.8	46.02746720226677
150.9	42.76654836108166
151.	39.61134745307667
151.1	36.57185978776433
151.2	33.65601136382
151.3	30.86971793005233
151.4	28.217070477614996
151.5	25.700630894175333
151.6	23.321812982354665
151.7	21.081317537034998
151.8	18.979586137149333
151.9	17.017237004452
152.	15.195447768683334
152.1	13.516254109255332
152.2	11.982739700576333
152.3	10.599101199484
152.4	9.370581595990664
152.5	8.303275438906999
152.6	7.403819534159666
152.7	6.678991983462667
152.8	6.135250188500333
152.9	5.778244076262
153.	5.612343789556332
153.1	5.640221078814333
153.2	5.8625204652406655
153.3	6.2776499948556665
153.4	6.8817123909656654
153.5	7.66858622943
153.6	8.630154228964667
153.7	9.756662887428
153.8	11.037185636533668
153.9	12.460151585021332
154.	14.013894829009665
154.1	15.687176072502334
154.2	17.469629443549664
154.3	19.352093038026666
154.4	21.326791551354667
154.5	23.387352606876664
154.6	25.528653905961335
154.7	27.74651466737766
154.8	30.037260398456002
154.9	32.397203270302995
155.	34.822089846357
155.1	37.306572581094
155.2	39.843760757728
155.3	42.42490028907433
155.4	45.03922058997233
155.5	47.67397149339133
155.6	50.31465541014866
155.7	52.94544128943167
155.8	55.54972924765899
155.9	58.11081974570533
156.	60.612630368861666
156.1	63.040397711726996
156.2	65.38130215486834
156.3	67.62495945804933
156.4	69.76373456149766
156.5	71.79284870813532
156.6	73.71026953633866
156.7	75.516393426295
156.8	77.21354827441766
156.9	78.80536129103533
157.	80.29604879396233
157.1	81.68969219345833
157.2	82.98956569476333
157.3	84.19757656822233
157.4	85.3138685269374
157.5	86.33662376133
157.6	87.26208084152307
157.7	88.08476570783866
157.8	88.79791319530199
157.9	89.39403878414
158.	89.86560626987068
158.1	90.20572807693266
158.2	90.40883192864199
158.3	90.471230808172
158.4	90.39154231987601
158.5	90.17091785014901
158.6	89.81305993064667
158.7	89.32402623378067
158.8	88.71183871181132
158.9	87.98593462514631
159.	87.15651080684934
159.1	86.23382212866767
159.2	85.22749885899867
159.3	84.14594516552967
159.4	82.99587272886765
159.5	81.78201020736233
159.6	80.50701245061866
159.7	79.17157465136532
159.8	77.77473778680066
159.9	76.31435457434733
160.	74.78767126733233
160.1	73.19197110165466
160.2	71.52522083920799
160.3	69.786662775747
160.4	67.97730054635532
160.5	66.10023728468866
160.6	64.160838145131
160.7	62.166704554369986
160.8	60.127463467125665
160.9	58.05439002467401
161.	55.95989519604967
161.1	53.85692022405367
161.2	51.758286413789335
161.3	49.67605153907534
161.4	47.620922921120666
161.5	45.60177221876167
161.6	43.6252886457765
161.7	41.69579634854746
161.8	39.81524887102533
161.9	37.983399899133
162.	36.198135824466334
162.1	34.45594305005133
162.2	32.75247233439333
162.3	31.083154635853333
162.4	29.44381852264033
162.5	27.831258691468335
162.6	26.243708603498
162.7	24.68117755999467
162.8	23.14562321000867
162.9	21.640943736858667
163.	20.172788787141997
163.1	18.748203389263665
163.2	17.375133391964
163.3	16.06183310494633
163.4	14.816224766406666
163.5	13.645264368583998
163.6	12.554368755156666
163.7	11.546954653926665
163.8	10.624131719571999
163.9	9.784579397598332
164.	9.024622465831667
164.1	8.338503670041
164.2	7.718835287100333
164.3	7.157196072454665
164.4	6.644827139723999
164.5	6.173370955629334
164.6	5.7355926170536655
164.7	5.326022399761333
164.8	4.9414633546463325
164.9	4.581317242387667
165.	4.247695739532333
165.1	3.945300692052
165.2	3.681076025836333
165.3	3.4636533247053336
165.4	3.302631506744
165.5	3.2077468969943332
165.6	3.1880018345783334
165.7	3.250826515802667
165.8	3.401349163619833
165.9	3.641843397998033
166.	3.971408985628666
166.1	4.385923698597667
166.2	4.878281131282333
166.3	5.43890386399
166.4	6.056495557916
166.5	6.718971867562333
166.6	7.414490871543666
166.7	8.132491180783667
166.8	8.864641576985667
166.9	9.605610820012666
167.	10.353580112704666
167.1	11.110442662765665
167.2	11.881662985255666
167.3	12.675800461810667
167.4	13.503734143799331
167.5	14.377655597956
167.6	15.309920659562998
167.7	16.311866689266
167.8	17.392707532601
167.9	18.558613068988663
168.	19.812064328225667
168.1	21.151550066469
168.2	22.57163879671133
168.3	24.063424649917668
168.4	25.615309588261997
168.5	27.214051917331666
168.6	28.845984956816668
168.7	30.49829267702666
168.8	32.160222757177664
168.9	33.82412247610933
169.	35.486198629768
169.1	37.14692776099966
169.2	38.811075016174
169.3	40.48731589195167
169.4	42.18749167427366
169.5	43.92556314517999
169.6	45.71635504980134
169.7	47.57420338750067
169.8	49.51162705360399
169.9	51.53814388615933
170.	53.659338901636325
170.1	55.876270527853
170.2	58.185270921359326
170.3	60.578161561079995
170.4	63.04286839781399
170.5	65.56438510704267
170.6	68.12600166901733
170.7	70.710691386295
170.8	73.302534733061
170.9	75.88805451783199
171.	78.45734410160233
171.1	81.0048883264
171.2	83.53000375045232
171.3	86.03685840375034
171.4	88.53406852510798
171.5	91.03390723431164
171.6	93.55119443932098
171.7	96.101965332492
171.8	98.702034087388
171.9	101.36557809088733
172.	104.10386560768933
172.1	106.92423642506465
172.2	109.82942221825067
172.3	112.81726324440332
172.4	115.88084337262633
172.5	119.009029517974
172.6	122.18736744907031
172.7	125.39925653626867
172.8	128.627303679001
172.9	131.854742981336
173.	135.066803590052
173.1	138.25191342455363
173.2	141.40264056945733
173.3	144.51629545268
173.4	147.59514377362433
173.5	150.64621033737632
173.6	153.680685269234
173.7	156.71297438711133
173.8	159.75946277123433
173.9	162.83708307045765
174.	165.96179636412032
174.1	169.14710240200932
174.2	172.40269702523497
174.3	175.73338724321604
174.4	179.13835894941
174.5	182.61086921473466
174.6	186.13840563493562
174.7	189.70332100834963
174.8	193.28391479033866
174.9	196.8558959163537
175.	200.39412749558932
175.1	203.87452549932397
175.2	207.27596360472398
175.3	210.582027143608
175.4	213.78246221960399
175.5	216.87418218181566
175.6	219.86172237289333
175.7	222.757073794218
175.8	225.57887444647466
175.9	228.3509899542883
176.	231.100568449065
176.1	233.85570402074134
176.2	236.64288386709796
176.3	239.48442269508695
176.4	242.39610087245399
176.5	245.38521844457932
176.6	248.44925495803767
176.7	251.57528602850937
176.8	254.74025416521567
176.9	257.91212713939996
177.	261.0519068090803
177.1	264.1163800030977
177.2	267.0614364419013
177.3	269.8457220345303
177.4	272.4343542283653
177.5	274.802403302152
177.6	276.93784246015537
177.7	278.843691601743
177.8	280.53912445487
177.9	282.059374386003
178.	283.4543569360857
178.1	284.78602176774365
178.2	286.12454668686263
178.3	287.54358428187504
178.4	289.11485959578863
178.5	290.9024874586423
178.6	292.9574237254003
178.7	295.31248032520665
178.8	297.9783164064917
178.9	300.9407662298323
179.	304.15978089525765
179.1	307.570150564652
179.2	311.084044200015
179.3	314.5952648988023
179.4	317.98498190478233
179.5	321.12857702032227
179.6	323.9031445223836
179.7	326.19511910090665
179.8	327.9074824403
179.9	328.9660191121366
180.	329.32415570474336