# O+CO(0,0) elastic diff. cross section
# E = 0.034 eV
# angle, CS (1e-16 cm^2)
0.1	54298.740223266665
0.2	53627.23885756667
0.3	52528.3919209
0.4	51031.8040086
0.5	49177.21212236666
0.6	47012.88383656666
0.7	44593.704029366665
0.8	41979.04732753333
0.9	39230.5421763
1.	36409.8349405
1.1	33576.458669399995
1.2	30785.90154473333
1.3	28087.955358966665
1.4	25525.405744733336
1.5	23133.104609699996
1.6	20937.442761933333
1.7	18956.21849443333
1.8	17198.877296633334
1.9	15667.080058839998
2.	14355.543073066667
2.1	13253.083428393333
2.2	12343.798355013332
2.3	11608.306645886667
2.4	11024.984138496666
2.5	10571.13276124
2.6	10224.033032493331
2.7	9961.842214087
2.8	9764.313575638665
2.9	9613.325466259
3.	9493.221249056332
3.1	9390.971911288
3.2	9296.181791130666
3.3	9200.964031206666
3.4	9099.715973363333
3.5	8988.82582554
3.6	8866.34082105
3.7	8731.624133003334
3.8	8585.023478699999
3.9	8427.569161716667
4.	8260.713760913333
4.1	8086.120252566667
4.2	7905.500431349666
4.3	7720.501373305333
4.4	7532.634544777333
4.5	7343.2400844799995
4.6	7153.477754049
4.7	6964.3359579983335
4.8	6776.650919279667
4.9	6591.129349779666
5.	6408.369564837999
5.1	6228.877737460332
5.2	6053.077684644665
5.3	5881.314072831667
5.4	5713.850111328667
5.5	5550.861612179333
5.6	5392.429716444666
5.7	5238.534643437333
5.8	5089.052565394666
5.9	4943.757221456999
6.	4802.327246896999
6.1	4664.3594934249995
6.2	4529.387934273
6.3	4396.907148528666
6.4	4266.398914858
6.5	4137.360142936
6.6	4009.330244912
6.7	3881.916095296333
6.8	3754.8129233843338
6.9	3627.819805094333
7.	3500.8488289813326
7.1	3373.92747204
7.2	3247.194193510333
7.3	3120.887706798333
7.4	2995.330789389333
7.5	2870.9098155186666
7.6	2748.0514287043334
7.7	2627.197900823
7.8	2508.7827480043334
7.9	2393.2080945183334
8.	2280.8251027799997
8.1	2171.9185355934997
8.2	2066.696203877066
8.3	1965.2837019515332
8.4	1867.7244668235335
8.5	1773.9848424208662
8.6	1683.9635086311
8.7	1597.5043693555663
8.8	1514.4118012104002
8.9	1434.4670573692667
9.	1357.4446049582332
9.1	1283.1272489097664
9.2	1211.3190519043665
9.3	1141.8552853462334
9.4	1074.6089201947334
9.5	1009.4934659625001
9.6	946.4622661894666
9.7	885.5046345332332
9.8	826.6394451943999
9.9	769.9069569890667
10.	715.3597405562333
10.1	663.0535879706667
10.2	613.0392163425668
10.3	565.3554412550333
10.4	520.0243074385332
10.5	477.04844285116667
10.6	436.41067009713333
10.7	398.07568822430005
10.8	361.99344842323336
10.9	328.10370548036667
11.	296.3411441669
11.1	266.6404607559333
11.2	238.94082350433337
11.3	213.18923454396668
11.4	189.34245699789335
11.5	167.36733931763666
11.6	147.23954607419
11.7	128.94087303218333
11.8	112.45546819634998
11.9	97.76538686510999
12.	84.84596893629333
12.1	73.6615370967
12.2	64.16187631049999
12.3	56.27987397336666
12.4	49.93058569053333
12.5	45.01185596603333
12.6	41.40647947996666
12.7	38.985750428533336
12.8	37.6141266382
12.9	37.154641610733336
13.	37.4746380923
13.1	38.4513745764
13.2	39.977071361566665
13.3	41.9630122457
13.4	44.342395939
13.5	47.07173019223333
13.6	50.130672761099994
13.7	53.5203376497
13.8	57.26019402393334
13.9	61.383781227133326
14.	65.933540424
14.1	70.9551172666
14.2	76.49151822027666
14.3	82.57750524923
14.4	89.23459055908998
14.5	96.46694761838667
14.6	104.25849047763666
14.7	112.57129509485665
14.8	121.34544916620001
14.9	130.5003262830333
15.	139.93719161546667
15.1	149.5429649253
15.2	159.19489730619998
15.3	168.7658646319
15.4	178.12994635759998
15.5	187.1679450617667
15.6	195.77251067009996
15.7	203.85256309293334
15.8	211.3367560902
15.9	218.1757903295667
16.	224.34346048803334
16.1	229.83640465149998
16.2	234.67260844729998
16.3	238.88879546613333
16.4	242.536904043
16.5	245.67990359190003
16.6	248.38723784813334
16.7	250.73019535663332
16.8	252.7774989183
16.9	254.59137666486666
17.	256.2243308041667
17.1	257.7167600982
17.2	259.09552392916663
17.3	260.37346516106663
17.4	261.5498415670333
17.5	262.6115566172666
17.6	263.53503418419996
17.7	264.2885511315667
17.8	264.8348282857
17.9	265.1336837224333
18.	265.14457099206663
18.1	264.8288558795
18.2	264.1517246986
18.3	263.08366059183334
18.4	261.6014674548333
18.5	259.68885994686667
18.6	257.33666937333334
18.7	254.5427368631
18.8	251.31157622316664
18.9	247.6538893704667
19.	243.58600860199994
19.1	239.12932430746665
19.2	234.309736814
19.3	229.1571497263333
19.4	223.70500227899998
19.5	217.9898221262
19.6	212.05076947679999
19.7	205.92913935953334
19.8	199.6677912539
19.9	193.3104835454
20.	186.901103009
20.1	180.48279490713335
20.2	174.09701538676666
20.3	167.78254264759997
20.4	161.57449511209998
20.5	155.50341227983333
20.6	149.59445625706664
20.7	143.86678895566666
20.8	138.33317194966668
20.9	132.99982379286666
21.	127.86655438776667
21.1	122.92717909366668
21.2	118.1701981051
21.3	113.57971053373332
21.4	109.13651873153334
21.5	104.8193675574
21.6	100.60625607966666
21.7	96.47575587793332
21.8	92.40827060109999
21.9	88.3871755218
22.	84.39978304153334
22.1	80.43808987199999
22.2	76.49927336416667
22.3	72.58591747213333
22.4	68.7059625382
22.5	64.87238678489999
22.6	61.10264051753333
22.7	57.41786599626667
22.8	53.841946161333325
22.9	50.400433402766666
23.	47.119414897633334
23.1	44.024373382
23.2	41.13910131946667
23.3	38.484722294533334
23.4	36.07886619633334
23.5	33.93503477336667
23.6	32.06218200473333
23.7	30.46452022686666
23.8	29.141548998333334
23.9	28.088290274099997
24.	27.29570158403334
24.1	26.751229457066664
24.2	26.4394590096
24.3	26.342812865800003
24.4	26.442253540866663
24.5	26.717947889433333
24.6	27.149859696866663
24.7	27.718246176833333
24.8	28.40404506113333
24.9	29.189150047200002
25.	30.056582549399998
25.1	30.990576038533327
25.2	31.9765950365
25.3	33.00131362263333
25.4	34.0525780106
25.5	35.11937459003333
25.6	36.19181933033333
25.7	37.26117736296
25.8	38.31991379815666
25.9	39.361769328676665
26.	40.38184779107333
26.1	41.37669831921333
26.2	42.344372500073334
26.3	43.284437249913324
26.4	44.19792687347667
26.5	45.087222613483334
26.6	45.95585437900333
26.7	46.80822654473
26.8	47.649276989600004
26.9	48.48408512913666
27.	49.317449987413326
27.1	50.15346282778333
27.2	50.99510032043333
27.3	51.84386352872
27.4	52.69948538214667
27.5	53.55972503613667
27.6	54.420262060279995
27.7	55.27469727971
27.8	56.114660802269995
27.9	56.93002178789334
28.	57.70918923413333
28.1	58.439488734289995
28.2	59.10759697373666
28.3	59.70001368821667
28.4	60.20354987948
28.5	60.60581116806999
28.6	60.895656062216666
28.7	61.06361055116333
28.8	61.10222259864333
28.9	61.00634272678333
29.	60.77331987650666
29.1	60.40310502421666
29.2	59.89825858935334
29.3	59.26386144084
29.4	58.507333187393336
29.5	57.638165333316664
29.6	56.667580629233335
29.7	55.60813334206333
29.8	54.47326803430333
29.9	53.27685651477667
30.	52.03273377401332
30.1	50.75425375887666
30.2	49.45388475271333
30.3	48.142861890389995
30.4	46.83091112650633
30.5	45.52605494278399
30.6	44.23450553553833
30.7	42.960646491146335
30.8	41.70709934820233
30.9	40.474867294149995
31.	39.263544815446
31.1	38.071579563765
31.2	36.89657115953666
31.3	35.735591076713334
31.4	34.58550807791333
31.5	33.443304712633335
31.6	32.306371984996666
31.7	31.17277119390667
31.8	30.041453979289997
31.9	28.912433614016667
32.	27.786902471886666
32.1	26.667292353339995
32.2	25.55727599249
32.3	24.461709678813335
32.4	23.38651859489
32.5	22.338528285213332
32.6	21.325247677119997
32.7	20.354611266786666
32.8	19.434690380053333
32.9	18.573385673533334
33.	17.778115042641666
33.1	17.05551260266
33.2	16.41115515408433
33.3	15.849332305855999
33.4	15.372875052827332
33.5	14.983055024863667
33.6	14.679562897149
33.7	14.460569763888
33.8	14.322869923858
33.9	14.262097914934333
34.	14.273007219712
34.1	14.34979332783
34.2	14.48644022645033
34.3	14.677067261276665
34.4	14.916252911476665
34.5	15.199313438219999
34.6	15.522517526186665
34.7	15.883222701463334
34.8	16.279925097256665
34.9	16.712220570162664
35.	17.180681701643
35.1	17.686661303780333
35.2	18.232038188561667
35.3	18.81892475111833
35.4	19.449358085121
35.5	20.12499677435367
35.6	20.8468442270146
35.7	21.615016621762898
35.8	22.428569530298365
35.9	23.285392461613668
36.	24.182175379372
36.1	25.114446114216666
36.2	26.076672922890996
36.3	27.062422562118332
36.4	28.064561365938673
36.5	29.07548506379
36.6	30.087362458129995
36.7	31.09237851235
36.8	32.08296372298667
36.9	33.051998658206664
37.	33.992985007053335
37.1	34.90017717607333
37.2	35.76867118701
37.3	36.59445020678333
37.4	37.37438835131333
37.5	38.10621637306666
37.6	38.78845441582
37.7	39.42031820222999
37.8	40.001605784519995
37.9	40.53257239091333
38.	41.013800916369995
38.1	41.446075280386665
38.2	41.83026321848
38.3	42.16721410889
38.4	42.45767619293333
38.5	42.70223609144999
38.6	42.90128190059833
38.7	43.054989490951336
38.8	43.16333001543633
38.9	43.22609519443367
39.	43.24293582772666
39.1	43.21340825728133
39.2	43.137023295340995
39.3	43.01329243806033
39.4	42.84176703875666
39.5	42.62206739657
39.6	42.35390036005333
39.7	42.03706582778333
39.8	41.67145431575
39.9	41.257039276166665
40.	40.79386899934333
40.1	40.28206344460666
40.2	39.72182125512
40.3	39.11344138520333
40.4	38.45736232614999
40.5	37.75421996881333
40.6	37.00492287091333
40.7	36.210741348179994
40.8	35.373404635456666
40.9	34.49519861160667
41.	33.57905545605
41.1	32.6286262621
41.2	31.64832813239667
41.3	30.643358623156665
41.4	29.61967247407
41.5	28.58391818810667
41.6	27.54333497465
41.7	26.50561357193333
41.8	25.478727251356666
41.9	24.47074162491667
42.	23.48961353144
42.1	22.542990130919996
42.2	21.638019336806664
42.3	20.781181889666662
42.4	19.978153821616665
42.5	19.23370594507
42.6	18.551644519416662
42.7	17.93479463126333
42.8	17.38502527956
42.9	16.903312880416664
43.	16.489838039173332
43.1	16.14410908041333
43.2	15.865105009633332
43.3	15.651430294389998
43.4	15.501474030546664
43.5	15.413566610239998
43.6	15.386127823613332
43.7	15.41780128928
43.8	15.507571123049999
43.9	15.654857737946665
44.	15.859590569756666
44.1	16.122256316363334
44.2	16.44392196632333
44.3	16.826232492706666
44.4	17.271383631813332
44.5	17.782070684926666
44.6	18.361414802716666
44.7	19.012868749216665
44.8	19.740104698706666
44.9	20.54688717728
45.	21.436934796593334
45.1	22.413774906596664
45.2	23.480595677516664
45.3	24.640100378603336
45.4	25.894368725026666
45.5	27.244730102033333
45.6	28.691653241223335
45.7	30.23465653006
45.8	31.872242596616662
45.9	33.601860147063334
46.	35.41989526791
46.1	37.32169355565
46.2	39.30161351581667
46.3	41.3531107023
46.4	43.468851036093334
46.5	45.64085067991333
46.6	47.860638762046655
46.7	50.11943815138333
46.8	52.408358451236666
46.9	54.71859444577001
47.	57.041622452956666
47.1	59.36938654144666
47.2	61.69446636622
47.3	64.01021862241333
47.4	66.31088479757
47.5	68.59165908831
47.6	70.84871201959
47.7	73.07916739862333
47.8	75.28103266006333
47.9	77.45308528639998
48.	79.59472060252665
48.1	81.70576871275
48.2	83.78629041612334
48.3	85.83636346824666
48.4	87.85587136610333
48.5	89.84430687491667
48.6	91.80060168783332
48.7	93.72299202918333
48.8	95.60892769976667
48.9	97.45502925901333
49.	99.25709489730333
49.1	101.01015534731332
49.2	102.70857215401332
49.3	104.34617199563668
49.4	105.91640772736
49.5	107.41253554311334
49.6	108.82779718822667
49.7	110.15559652868666
49.8	111.3896608956
49.9	112.52417938928666
50.	113.55391252930333
50.1	114.47427011066333
50.2	115.28135661971334
50.3	115.97198592107999
50.4	116.54366891186999
50.5	116.99457938802334
50.6	117.32350432990998
50.7	117.52978520812664
50.8	117.61325672647001
50.9	117.57418874481999
51.	117.41323603803667
51.1	117.13139918597
51.2	116.72999838489666
51.3	116.21066043581999
51.4	115.57531774957
51.5	114.82621696027664
51.6	113.96593379224
51.7	112.99739017212332
51.8	111.92386928554666
51.9	110.74902431583332
52.	109.47687697952998
52.1	108.11180264145334
52.2	106.65849971242997
52.3	105.12194215404332
52.4	103.50731516965665
52.5	101.81993548600664
52.6	100.06515894246999
52.7	98.24827933506666
52.8	96.3744235142133
52.9	94.44844854529333
53.	92.47484721174
53.1	90.45766824071333
53.2	88.40045728637331
53.3	86.30622391803666
53.4	84.17743865345332
53.5	82.01606246602
53.6	79.82360930059332
53.7	77.60124005851333
53.8	75.34988437653334
53.9	73.07038452961
54.	70.76365405030333
54.1	68.43084233579333
54.2	66.07349575601665
54.3	63.69370561742667
54.4	61.29423385540333
54.5	58.87860848365668
54.6	56.45118254708332
54.7	54.01715250146666
54.8	51.5825344047
54.9	49.154098859383325
55.	46.739268127029995
55.1	44.34598101899667
55.2	41.98253293873999
55.3	39.65739963611
55.4	37.37905383054
55.5	35.155783776899995
55.6	32.995522200526665
55.7	30.905692845902667
55.8	28.89308032625
55.9	26.963727175425994
56.	25.122860135352333
56.1	23.374845931475328
56.2	21.723175214077663
56.3	20.170472080171663
56.4	18.718525694254666
56.5	17.368340019328333
56.6	16.120197524874
56.7	14.973732909527666
56.8	13.928013278921997
56.9	12.981621769353668
57.	12.132742213021999
57.1	11.379243018836998
57.2	10.718758934689333
57.3	10.148769717573668
57.4	9.666674954694333
57.5	9.269864356812
57.6	8.955782813567668
57.7	8.721989395758332
57.8	8.566209359311333
57.9	8.486378096317665
58.	8.480675922352333
58.1	8.547552619906666
58.2	8.685740783566667
58.3	8.894257233938667
58.4	9.172392075034999
58.5	9.519685337290333
58.6	9.935891556116333
58.7	10.42093305279
58.8	10.974843089350333
58.9	11.597700441576999
59.	12.28955726299733
59.1	13.050362388775
59.2	13.879882449931666
59.3	14.77762333266933
59.4	15.742754624484334
59.5	16.774039732427667
59.6	17.869774332670666
59.7	19.02773570373333
59.8	20.245145293340997
59.9	21.518646561041997
60.	22.844299713684666
60.1	24.217594407857334
60.2	25.63348084099367
60.3	27.086418910368995
60.4	28.57044431972433
60.5	30.07924970352467
60.6	31.606278068709333
60.7	33.14482518528233
60.8	34.68814704240533
60.9	36.229568174655995
61.	37.762586593277334
61.1	39.28097123228333
61.2	40.77884825929933
61.3	42.25077324205833
61.4	43.691786997479326
61.5	45.097453883538336
61.6	46.46388227009033
61.7	47.787727865598995
61.8	49.066181391486
61.9	50.29694276797834
62.	51.47818440421466
62.1	52.608506412559336
62.2	53.68688654353767
62.3	54.71262743040133
62.4	55.685303365540335
62.5	56.60470834881366
62.6	57.470806654859
62.7	58.283686670757994
62.8	59.043518348153995
62.9	59.75051432284833
63.	60.40489457865533
63.1	61.00685451436
63.2	61.556536349012994
63.3	62.054003984460195
63.4	62.499221650714965
63.5	62.8920368887134
63.6	63.23216859485766
63.7	63.51920095036733
63.8	63.75258405556233
63.9	63.93164196873466
64.	64.05558863004165
64.1	64.12355182732632
64.2	64.13460499405866
64.3	64.08780621247267
64.4	63.982243404131005
64.5	63.81708432367066
64.6	63.591629685349005
64.7	63.30536753919999
64.8	62.95802690666032
64.9	62.54962866386566
65.	62.080531734575985
65.1	61.551472802026
65.2	60.963597945359
65.3	60.31848488188766
65.4	59.61815475732
65.5	58.86507276793333
65.6	58.062137220264
65.7	57.212656999483656
65.8	56.320317787464326
65.9	55.389137774499325
66.	54.42341399099466
66.1	53.427660798827006
66.2	52.406542443215
66.3	51.36480190108766
66.4	50.30718851329367
66.5	49.238387048958664
66.6	48.16295086244299
66.7	47.08524170251033
66.8	46.009378436207335
66.9	44.93919653776565
67.	43.87821961681142
67.1	42.82964360465459
67.2	41.79633349397753
67.3	40.78083180043163
67.4	39.78537726022964
67.5	38.81193170805899
67.6	37.86221268923266
67.7	36.937729165255995
67.8	36.03981766127566
67.9	35.169676435507995
68.	34.328395641722
68.1	33.516982003849996
68.2	32.736377158233
68.3	31.987469488254
68.4	31.27109990718566
68.5	30.588062590458666
68.6	29.939102063380666
68.7	29.32490828501333
68.8	28.746111423025
68.9	28.203277890343664
69.	27.696908937397332
69.1	27.227442701170666
69.2	26.795260149041997
69.3	26.400694873880333
69.4	26.044046240996337
69.5	25.725595002465
69.6	25.44562020623833
69.7	25.204416053871004
69.8	25.002307305446
69.9	24.839661883551997
70.	24.71689947319267
70.1	24.634495123957997
70.2	24.592977115598334
70.3	24.592918617720333
70.4	24.634922945980996
70.5	24.719602477684333
70.6	24.847551532422997
70.7	25.019313754026
70.8	25.235344749356333
70.9	25.495970956506998
71.	25.801345932078334
71.1	26.1514054633539
71.2	26.545823120139765
71.3	26.983968045087018
71.4	27.464866923729595
71.5	27.98717214748673
71.6	28.549138160092333
71.7	29.14860784094333
71.8	29.783010507487663
71.9	30.44937271535766
72.	31.144342504587332
72.1	31.864227109286666
72.2	32.605043453513
72.3	33.362580045344664
72.4	34.132468207819656
72.5	34.91026000773267
72.6	35.69150980921366
72.7	36.471856124274666
72.8	37.247100400884996
72.9	38.01327955516666
73.	38.766729439412664
73.1	39.50413699073567
73.2	40.22257948622433
73.3	40.91955007280799
73.4	41.592969511215
73.5	42.24118477175166
73.6	42.86295571966633
73.7	43.457431593552
73.8	44.02411926247767
73.9	44.56284536397733
74.	45.07371438023433
74.1	45.557064524813
74.2	46.013423034481335
74.3	46.443462124986326
74.4	46.847956529082
74.5	47.227743222813
74.6	47.583683693238
74.7	47.91662893298267
74.8	48.22738726395799
74.9	48.516695081364
75.	48.78519067432134
75.1	49.03339136546766
75.2	49.261674320253334
75.3	49.47026146132036
75.4	49.659208960322196
75.5	49.82840177832109
75.6	49.977553646986664
75.7	50.106212744678004
75.8	50.21377315553466
75.9	50.299491973488
76.	50.36251170578967
76.1	50.401887418079
76.2	50.416617885824664
76.3	50.40567989008133
76.4	50.36806470288033
76.5	50.302815790054666
76.6	50.209066760861994
76.7	50.086078659935
76.8	49.93327575324399
76.9	49.750279062217004
77.	49.536936972257
77.1	49.29335232725834
77.2	49.01990548503166
77.3	48.71727288420599
77.4	48.38644071834566
77.5	48.02871339455667
77.6	47.64571653249
77.7	47.23939435889666
77.8	46.81200147936666
77.9	46.366089144099995
78.	45.90448627639999
78.1	45.43027567560666
78.2	44.94676593149333
78.3	44.45745968234333
78.4	43.966018890680004
78.5	43.476227805143324
78.6	42.99195420800667
78.7	42.51710944332333
78.8	42.05560756469766
78.9	41.61132379845833
79.	41.188052372415996
79.1	40.78946366633133
79.2	40.41906062505333
79.3	40.08013442988833
79.4	39.775719604767
79.5	39.50854897712923
79.6	39.28100926593786
79.7	39.09509845313477
79.8	38.95238649085533
79.9	38.85398126138233
80.	38.800501972154336
80.1	38.792062313718
80.2	38.82826567139
80.3	38.90821444162
80.4	39.03053508577
80.5	39.19341989642
80.6	39.39468567808666
80.7	39.63184860665333
80.8	39.90221356706667
80.9	40.20297529452999
81.	40.531327759616666
81.1	40.88457749886
81.2	41.260256066766665
81.3	41.656226499569996
81.4	42.07077870534333
81.5	42.50270897298999
81.6	42.95137938213333
81.7	43.41675371917
81.8	43.89940752913666
81.9	44.40051111257333
82.	44.92178552879666
82.1	45.46543293873667
82.2	46.034043823173334
82.3	46.63048471552
82.4	47.25777100549334
82.5	47.918930078516674
82.6	48.616860517093336
82.7	49.35419328340001
82.8	50.133160727903665
82.9	50.95547891362299
83.	51.822248161801994
83.1	52.733875893855
83.2	53.690024841475534
83.3	54.6895885623726
83.4	55.73069494851374
83.5	56.81073717373466
83.6	57.92643028282234
83.7	59.073890508381
83.8	60.24873340606233
83.9	61.44618613794367
84.	62.661208699546656
84.1	63.88861863869667
84.2	65.12321386471666
84.3	66.35988846218666
84.4	67.59373703077999
84.5	68.82014388523
84.6	70.03485443756333
84.7	71.23402718122333
84.8	72.41426580868666
84.9	73.57263208201665
85.	74.70664102821667
85.1	75.81424083146332
85.2	76.89378035748
85.3	77.94396758794
85.4	78.96382231511333
85.5	79.95262631039333
85.6	80.90987383027999
85.7	81.83522481875333
85.8	82.72846258242998
85.9	83.58945706999666
86.	84.41813428232666
86.1	85.21445179151999
86.2	85.97837991202331
86.3	86.70988774411998
86.4	87.40893315006667
86.5	88.07545565168967
86.6	88.70937130972666
86.7	89.31056876762233
86.8	89.87890582747701
86.9	90.41420611535133
87.	90.91625556471134
87.1	91.384798604233
87.2	91.81953401367363
87.3	92.2201104828242
87.4	92.5861219105949
87.5	92.91710248348366
87.6	93.21252155771666
87.7	93.47177838623668
87.8	93.694196767628
87.9	93.87901977676731
88.	94.02540487202066
88.1	94.13241982859066
88.2	94.19904014192333
88.3	94.22414871288333
88.4	94.20653879149667
88.5	94.14492123918001
88.6	94.03793718652332
88.7	93.88417707060667
88.8	93.68220684084667
88.9	93.43060180518667
89.	93.12798818389668
89.1	92.77309194711667
89.2	92.36479397888999
89.3	91.90219006127667
89.4	91.38465364696334
89.5	90.81189894127334
89.6	90.18404144503667
89.7	89.50165289513666
89.8	88.76580744790331
89.9	87.97811605224666
90.	87.14074620452334
90.1	86.25642469361668
90.2	85.32842152411334
90.3	84.36051388330999
90.4	83.35692984649666
90.5	82.32227236281
90.6	81.26142500914332
90.7	80.17944189668333
90.8	79.08142500407966
90.9	77.97239301575166
91.	76.857146408354
91.1	75.740134055101
91.2	74.6253269076889
91.3	73.5161043986665
91.4	72.41515899937079
91.5	71.324423889792
91.6	70.24502793662299
91.7	69.17728115157098
91.8	68.12069252372999
91.9	67.07402068594
92.	66.03535630266666
92.1	65.00223347181668
92.2	63.97176589420333
92.3	62.940802176013335
92.4	61.90609349082334
92.5	60.86446602296333
92.6	59.81299018559666
92.7	58.74913863662332
92.8	57.67092558183334
92.9	56.57702075178666
93.	55.46683274179666
93.1	54.340557995043326
93.2	53.19919354286667
93.3	52.044513531816676
93.4	50.87901148158333
93.5	49.705811983106656
93.6	48.528557077883335
93.7	47.35127373938
93.8	46.17822966389667
93.9	45.013784919306666
94.	43.86224688233
94.1	42.72773536849333
94.2	41.614063940899996
94.3	40.52464217031667
94.4	39.46240219774333
94.5	38.42975140561333
94.6	37.42855145736466
94.7	36.460122490451994
94.8	35.525269942349325
94.9	34.62433042036599
95.	33.757232229343664
95.1	32.92356568900467
95.2	32.12265820939733
95.3	31.353649221747332
95.4	30.615560481881005
95.5	29.907357906584
95.6	29.228001935636662
95.7	28.57648436862067
95.8	27.951850647747328
95.9	27.35320758638567
96.	26.779717518979997
96.1	26.23058072085
96.2	25.70500867218
96.3	25.20219128216
96.4	24.72126152172
96.5	24.26126102403667
96.6	23.821110095613335
96.7	23.39958525174
96.8	22.99530686330333
96.9	22.60673881839333
97.	22.232201296856662
97.1	21.869896881446667
97.2	21.517949339386668
97.3	21.174453556956667
97.4	20.83753434943333
97.5	20.50541124542
97.6	20.17646589778333
97.7	19.84930852462
97.8	19.522839747616665
97.9	19.196304369899998
98.	18.86933400036
98.1	18.541975967156667
98.2	18.214706621226664
98.3	17.888427879256668
98.4	17.564446639453333
98.5	17.24443748367333
98.6	16.930389814913333
98.7	16.62454123552
98.8	16.329299526403332
98.9	16.04715602556
99.	15.780593518585
99.1	15.531991946222664
99.2	15.303535310892666
99.3	15.097123133472
99.4	14.914289684866667
99.5	14.756134002287268
99.6	14.623263401879132
99.7	14.515752825891365
99.8	14.433121910648667
99.9	14.374331134745997
100.	14.337797808273999
100.1	14.321431997739
100.2	14.322691759883334
100.3	14.338656299316668
100.4	14.366114897309998
100.5	14.401668713323334
100.6	14.441841880826665
100.7	14.48319774452
100.8	14.522455662906667
100.9	14.556603567700002
101.	14.583001461071664
101.1	14.599471264282666
101.2	14.604368910134
101.3	14.596635290089331
101.4	14.575823591202667
101.5	14.542101648546335
101.6	14.49622913689733
101.7	14.439510661665999
101.8	14.373727014048999
101.9	14.301047956036665
102.	14.22393082791333
102.1	14.145009971443333
102.2	14.066982390216667
102.3	13.992495199183333
102.4	13.92404024394
102.5	13.863860802409999
102.6	13.813874552952665
102.7	13.775616042103666
102.8	13.750200771086664
102.9	13.738311808176
103.	13.740208589925333
103.1	13.755756371554668
103.2	13.784473688714865
103.3	13.825594260496366
103.4	13.878139045114882
103.5	13.94099369697339
103.6	14.012986485640134
103.7	14.092961840687133
103.8	14.179845068894167
103.9	14.27269443834233
104.	14.370737695776334
104.1	14.473391137811
104.2	14.580260525637332
104.3	14.691124355977333
104.4	14.805901197317997
104.5	14.924603899101665
104.6	15.047284408461
104.7	15.173973619422668
104.8	15.304621082075998
104.9	15.439039478605666
105.	15.576858514762666
105.1	15.717492285439999
105.2	15.860123285305999
105.3	16.003705099979
105.4	16.146984506034
105.5	16.288542314268334
105.6	16.426850908491666
105.7	16.56034516127633
105.8	16.687502339564666
105.9	16.806925830563998
106.	16.917427080381
106.1	17.018100082587665
106.2	17.108383090843
106.3	17.188102937354998
106.4	17.257498371759667
106.5	17.31722012126833
106.6	17.368306824728
106.7	17.412137507528335
106.8	17.450362742354997
106.9	17.48481797810033
107.	17.51742363325733
107.1	17.550077368882334
107.2	17.584544435534333
107.3	17.622352104431002
107.4	17.664693951811334
107.5	17.712349190815665
107.6	17.765621388794333
107.7	17.824299826990668
107.8	17.887645530912334
107.9	17.954402696966
108.	18.022834941375663
108.1	18.09078456836233
108.2	18.155751957296665
108.3	18.214991251797997
108.4	18.265617829203332
108.5	18.30472256188333
108.6	18.329487659220998
108.7	18.337298897897
108.8	18.325849299913664
108.9	18.293229778177334
109.	18.238002916171666
109.1	18.159256849016
109.2	18.056637129589667
109.3	17.930355464287665
109.4	17.781175236967332
109.5	17.610374775194998
109.6	17.419690296744665
109.7	17.211241370897
109.8	16.987442494373663
109.9	16.750904978449668
110.	16.504333747647667
110.1	16.250423830387998
110.2	15.991761277469
110.3	15.730732965267666
110.4	15.469449246948999
110.5	15.209682726892332
110.6	14.952825587907668
110.7	14.699866941498332
110.8	14.451390650939468
110.9	14.2075930452495
111.	13.968318960318209
111.1	13.733113653538
111.2	13.501287392019435
111.3	13.271988941386134
111.4	13.044283811547666
111.5	12.817232955544998
111.6	12.589967677686333
111.7	12.361756770875667
111.8	12.132062360304333
111.9	11.900581552571
112.	11.667271747188
112.1	11.432358326651
112.2	11.196324363645
112.3	10.959882932896665
112.4	10.723933547686666
112.5	10.489505121289
112.6	10.257688638620998
112.7	10.029563377588332
112.8	9.806121006229333
112.9	9.588192167186333
113.	9.37638022184
113.1	9.171006639822666
113.2	8.972072078478334
113.3	8.77923650615
113.4	8.591820796497666
113.5	8.408831096101666
113.6	8.229005991931333
113.7	8.050885139759334
113.8	7.872896640000333
113.9	7.693459143345
114.	7.511093521928999
114.1	7.324538039499
114.2	7.132860365270332
114.3	6.935559563004999
114.4	6.732651384179666
114.5	6.524730813944332
114.6	6.313006842875666
114.7	6.099305822888
114.8	5.886041436851667
114.9	5.676151177567
115.	5.473001175897332
115.1	5.280263125384333
115.2	5.101768793545333
115.3	4.941349078844333
115.4	4.802665665486
115.5	4.689043971369666
115.6	4.6033162305969
115.7	4.5476831826253
115.8	4.523601974797993
115.9	4.531706569849566
116.	4.571765259920333
116.1	4.642677924786667
116.2	4.742513547182333
116.3	4.868586337449
116.4	5.017566746172665
116.5	5.185621779250666
116.6	5.368577476365333
116.7	5.562095259017665
116.8	5.7618531626393334
116.9	5.963722769704667
117.	6.163932970013332
117.1	6.359212467623999
117.2	6.546904181824001
117.3	6.725046286124
117.4	6.892416497687667
117.5	7.048538269684332
117.6	7.193649630454001
117.7	7.328637443698666
117.8	7.454941713522
117.9	7.574436127358666
118.	7.689292226011334
118.1	7.801835349606333
118.2	7.914400783871334
118.3	8.029198316450334
118.4	8.148192714089
118.5	8.273006501531
118.6	8.404849929123666
118.7	8.544481249522333
118.8	8.692198502865665
118.9	8.847862045458665
119.	9.010945178571665
119.1	9.180608554685
119.2	9.355792659533666
119.3	9.535321675602999
119.4	9.718011475207332
119.5	9.902774402525333
119.6	10.088713871801666
119.7	10.275202604104333
119.8	10.461939483447665
119.9	10.648981451775999
120.	10.836748484559331
120.1	11.02600138628
120.2	11.217793814595332
120.3	11.413401480825332
120.4	11.614232799560668
120.5	11.821726302422334
120.6	12.037240842744334
120.7	12.261944975936332
120.8	12.496711901878001
120.9	12.742026018192664
121.	12.997906489980664
121.1	13.263852342871331
121.2	13.538812484317997
121.3	13.821182816875666
121.4	14.108831286321667
121.5	14.399150368908334
121.6	14.689135200819665
121.7	14.975484339506
121.8	15.254719069312666
121.9	15.523316257447334
122.	15.777849067770667
122.1	16.015129374755666
122.2	16.232345508433667
122.3	16.427189017342997
122.4	16.59796446656833
122.5	16.743676887503
122.6	16.864092351827665
122.7	16.95976822895433
122.8	17.03205096733333
122.9	17.083040665766664
123.	17.115523213636997
123.1	17.132872307242
123.2	17.138925123504333
123.3	17.13783677215133
123.4	17.13391978199367
123.5	17.131475738088998
123.6	17.13462672088
123.7	17.147154364332664
123.8	17.172354127208
123.9	17.212911761799667
124.	17.270807985367334
124.1	17.3472560556957
124.2	17.44267538307723
124.3	17.556702553149066
124.4	17.688239275707566
124.5	17.835534908780666
124.6	17.996299430323667
124.7	18.167841136676
124.8	18.347222019102333
124.9	18.531422785267665
125.	18.717508902770668
125.1	18.902788891426997
125.2	19.084956391653996
125.3	19.262208290005
125.4	19.43333235923233
125.5	19.597759421718997
125.6	19.755576905784665
125.7	19.907502742793
125.8	20.05482074995033
125.9	20.199280845014997
126.	20.342969522776663
126.1	20.488157872370664
126.2	20.63713591267033
126.3	20.79204306845633
126.4	20.954705124632664
126.5	21.126487920453
126.6	21.30817735983267
126.7	21.499894027614666
126.8	21.701048865845998
126.9	21.910344065087003
127.	22.125820682968666
127.1	22.344951665798995
127.2	22.564776087631998
127.3	22.782067712049997
127.4	22.993528604186668
127.5	23.195996636557002
127.6	23.386654477369994
127.7	23.563227130671336
127.8	23.724155362677998
127.9	23.868733413332
128.	23.99720120285533
128.1	24.11078370953333
128.2	24.211673173963668
128.3	24.302953100307
128.4	24.38846647521733
128.5	24.472633997644998
128.6	24.56023119759633
128.7	24.656135926326
128.8	24.765059660623663
128.9	24.891277257939798
129.	25.0383701492482
129.1	25.2089974427467
129.2	25.404708059271663
129.3	25.625804913738666
129.4	25.87126941676366
129.5	26.13875135676267
129.6	26.42462572341133
129.7	26.724114442397997
129.8	27.031467513587334
129.9	27.340194868748334
130.	27.64333756368
130.1	27.93376483229033
130.2	28.204482166864665
130.3	28.448935011910997
130.4	28.661292894742665
130.5	28.83669984145833
130.6	28.971478684715667
130.7	29.063279259351333
130.8	29.111163375431666
130.9	29.115622702375994
131.	29.078529122271334
131.1	29.00302053472733
131.2	28.893328349001003
131.3	28.754555807316667
131.4	28.592418703582666
131.5	28.412961871216
131.6	28.222265918562332
131.7	28.026159046161332
131.8	27.829948364038334
131.9	27.638183977023335
132.	27.454467280862332
132.1	27.281312519038
132.2	27.12006781629833
132.3	26.970898787927
132.4	26.832834584358665
132.5	26.703873043115664
132.6	26.581138645284334
132.7	26.461084361125334
132.8	26.339726347833995
132.9	26.212898924140333
133.	26.076516364134335
133.1	25.926827847779666
133.2	25.760652379127997
133.3	25.575581594290668
133.4	25.37014006299367
133.5	25.143894848598336
133.6	24.897508623526
133.7	24.632733413787665
133.8	24.352344945834666
133.9	24.060020454456335
134.	23.760165563915
134.1	23.45769835318
134.2	23.157800860323334
134.3	22.86564997423267
134.4	22.586140836758
134.5	22.323616472060326
134.6	22.081617344912335
134.7	21.862663906181666
134.8	21.668083926581666
134.9	21.497894581681336
135.	21.350746891563
135.1	21.223937325787332
135.2	21.11348826268833
135.3	21.01429567729433
135.4	20.920339069465996
135.5	20.824945395211664
135.6	20.72109579377433
135.7	20.601761373795668
135.8	20.460252384159
135.9	20.290563871916664
136.	20.087700525738335
136.1	19.847963866988
136.2	19.569186303503997
136.3	19.250898762587
136.4	18.894421590355662
136.5	18.502872008388334
136.6	18.081085491886
136.7	17.635452763728665
136.8	17.173678467069664
136.9	16.704471746053997
137.	16.237182699845665
137.1	15.781401766571001
137.2	15.346541356708332
137.3	14.941420349475665
137.4	14.573872299210333
137.5	14.250397335982665
137.6	13.975875814573332
137.7	13.753358844927
137.8	13.583947071887767
137.9	13.466764643127
138.	13.399030441395333
138.1	13.376223610680665
138.2	13.392335444887665
138.3	13.440195097949665
138.4	13.511852567841
138.5	13.598999230424667
138.6	13.693404034031
138.7	13.787342447691666
138.8	13.873995455490665
138.9	13.947797316799667
139.	14.004713409432998
139.1	14.042433111471667
139.2	14.06046718086333
139.3	14.060144215255669
139.4	14.044506249992999
139.5	14.018109073707333
139.6	13.986738102688335
139.7	13.957055357323998
139.8	13.936196952143668
139.9	13.931343321856
140.	13.94928598438667
140.1	13.996014893332333
140.2	14.07634933063033
140.3	14.193632895535
140.4	14.349509587761668
140.5	14.543793470317997
140.6	14.774439183793667
140.7	15.037614978381331
140.8	15.327874249038667
140.9	15.638416135874333
141.	15.961420889664666
141.1	16.288441677680666
141.2	16.61083153195933
141.3	16.920182378898332
141.4	17.208752613312665
141.5	17.469860495587668
141.6	17.698222689304664
141.7	17.890220377120666
141.8	18.04407940303
141.9	18.15995554753033
142.	18.239921084510332
142.1	18.287853915619333
142.2	18.309235555766
142.3	18.31086880049933
142.4	18.300529818679333
142.5	18.286572502833998
142.6	18.277505046185
142.7	18.281559818600996
142.8	18.30627766266
142.9	18.358126749756664
143.	18.44217420152033
143.1	18.561825909712066
143.2	18.718646526822997
143.3	18.912267630587333
143.4	19.14038777837633
143.5	19.398863768937666
143.6	19.681888123431328
143.7	19.982243776582
143.8	20.29162342035
143.9	20.60099801535533
144.	20.90101681445
144.1	21.182419917547
144.2	21.43644395311133
144.3	21.65520197212433
144.4	21.832020016720666
144.5	21.961715017014335
144.6	22.040801568877
144.7	22.067618609349
144.8	22.042370871023
144.9	21.967084070147
145.	21.845476877381664
145.1	21.682756632773334
145.2	21.485349320191332
145.3	21.26057733947
145.4	21.016300973853333
145.5	20.76054103602933
145.6	20.501100927003996
145.7	20.245206223619668
145.8	19.999178943495664
145.9	19.768161867246
146.	19.555905816907334
146.1	19.364629712959665
146.2	19.19495970497233
146.3	19.045949851445997
146.4	18.915182886188333
146.5	18.798945731535333
146.6	18.692470774434998
146.7	18.590230679763668
146.8	18.48627182863733
146.9	18.374569466285998
147.	18.249386433032335
147.1	18.105617003532
147.2	17.939097911024668
147.3	17.746870082935665
147.4	17.527376916609665
147.5	17.280587989393
147.6	17.008040799327997
147.7	16.712797299679
147.8	16.399316425696
147.9	16.073248288054998
148.	15.741159989649997
148.1	15.410206870907999
148.2	15.087766180619333
148.3	14.781052504828999
148.4	14.496735612383333
148.5	14.240581583609066
148.6	14.017137141492
148.7	13.829475022821335
148.8	13.679015106135333
148.9	13.565432013328
149.	13.486655234046333
149.1	13.438962754423999
149.2	13.417163987555
149.3	13.414862811296665
149.4	13.424787008867
149.5	13.439166651898997
149.6	13.450141186519
149.7	13.450173345772
149.8	13.432447618094665
149.9	13.391231866889001
150.	13.322182775670997
150.1	13.222578951248998
150.2	13.091469574211667
150.3	12.929731193365665
150.4	12.740030348267332
150.5	12.526694872591998
150.6	12.295501689819002
150.7	12.053393378479331
150.8	11.808139515869332
150.9	11.567961603217
151.	11.341142092168667
151.1	11.135638588087334
151.2	10.958723692461
151.3	10.81666920985
151.4	10.714490704255997
151.5	10.655764808547
151.6	10.642527481467333
151.7	10.675256813789666
151.8	10.752939266240567
151.9	10.8732136440457
152.	11.032582927549
152.1	11.226680515335332
152.2	11.450574684783668
152.3	11.699093280776667
152.4	11.967149892643997
152.5	12.250053099827
152.6	12.543781726007333
152.7	12.845211342368666
152.8	13.152280358723333
152.9	13.464087743100333
153.	13.780918489257665
153.1	14.104197165457999
153.2	14.436373975990001
153.3	14.780751513615664
153.4	15.141263565681665
153.5	15.522219785572668
153.6	15.928031632714667
153.7	16.362935649043663
153.8	16.830729870291997
153.9	17.334538010505
154.	17.87661411016733
154.1	18.458197742061
154.2	19.079426799353666
154.3	19.739311543286
154.4	20.435770159142667
154.5	21.165722758117333
154.6	21.925237739026663
154.7	22.709721840532666
154.8	23.514143180719334
154.9	24.333275177653334
155.	25.161948505385
155.1	25.995298167805664
155.2	26.828993335436337
155.3	27.65943872740033
155.4	28.483937951147666
155.5	29.300811241437003
155.6	30.109462358241665
155.7	30.910391904177665
155.8	31.705156893263666
155.9	32.49627893579633
156.	33.28710580063233
156.1	34.081633275975996
156.2	34.88429609069867
156.3	35.69973810352967
156.4	36.53257295080266
156.5	37.387146824713334
156.6	38.26731498935333
156.7	39.17624303477267
156.8	40.116242727839
156.9	41.08865067013833
157.	42.0937559026494
157.1	43.130780167975686
157.2	44.197911891255
157.3	45.29239217132066
157.4	46.410648351954336
157.5	47.54846819809167
157.6	48.70120548339867
157.7	49.86400603522267
157.8	51.032042077646324
157.9	52.200742156952
158.	53.36600406471466
158.1	54.52437898427733
158.2	55.67321656975
158.3	56.81076272770633
158.4	57.93620440419767
158.5	59.04965857508999
158.6	60.152105692346325
158.7	61.24527095158034
158.8	62.331459666444985
158.9	63.41335569131233
159.	64.49379399497533
159.1	65.57552010056166
159.2	66.660950018948
159.3	67.75194451684634
159.4	68.84961098597933
159.5	69.95414488908133
159.6	71.06472078147065
159.7	72.179440322728
159.8	73.29534164975499
159.9	74.40847111457967
160.	75.51401486672367
160.1	76.606484291531
160.2	77.67994606562799
160.3	78.72828477127933
160.4	79.74548379545266
160.5	80.72590876614368
160.6	81.66457717709034
160.7	82.55739819197267
160.8	83.40136790615533
160.9	84.194707568161
161.	84.93693528587866
161.1	85.62886546166966
161.2	86.27253436123533
161.3	86.87105461724833
161.4	87.42840581540565
161.5	87.94917232629132
161.6	88.43824298244432
161.7	88.900489789043
161.8	89.34044444482466
161.9	89.76199187718365
162.	90.16809923443965
162.1	90.56059683352862
162.2	90.94002457319212
162.3	91.30555342950203
162.4	91.65498714208266
162.5	91.984844335667
162.6	92.29051642516399
162.7	92.56649205614798
162.8	92.80663480518967
162.9	93.00449769190466
163.	93.15365592401
163.1	93.24803831166534
163.2	93.28223804613398
163.3	93.25178494071935
163.4	93.15336372483233
163.5	92.98496635678734
163.6	92.74597035796133
163.7	92.43713960056098
163.8	92.06054854796265
163.9	91.61943534102332
164.	91.11799311686266
164.1	90.56111230604301
164.2	89.954089219434
164.3	89.30231785672368
164.4	88.61098253085432
164.5	87.88476855365566
164.6	87.12760694490734
164.7	86.34246700595966
164.8	85.53120775948466
164.9	84.69449589558167
165.	83.831794136977
165.1	82.94142007963933
165.2	82.020671750211
165.3	81.06601257272999
165.4	80.07330530624166
165.5	79.03808198194466
165.6	77.95583504914165
165.7	76.82231390799234
165.8	75.63381085275967
165.9	74.38742111719867
166.	73.08126323069565
166.1	71.71464811194033
166.2	70.28818817807732
166.3	68.80384102762066
166.4	67.26488581988066
166.5	65.67583409307
166.6	64.04228026197234
166.7	62.37070019308767
166.8	60.66820891918366
166.9	58.94229058375766
167.	57.20051496774767
167.1	55.450255438624325
167.2	53.698422834466996
167.3	51.95122868573166
167.4	50.21398942706233
167.5	48.49098089340166
167.6	46.78534966637767
167.7	45.09908481738434
167.8	43.433050527121665
167.9	41.78707701755933
168.	40.160104457754336
168.1	38.55037200672433
168.2	36.95564213998567
168.3	35.37344884497466
168.4	33.80135727603933
168.5	32.23722200203367
168.6	30.679431086446996
168.7	29.12712388478033
168.8	27.580371589276997
168.9	26.040311173021998
169.	24.50922542135833
169.1	22.99056413660266
169.2	21.48890428521267
169.3	20.00984974072867
169.4	18.559874258170332
169.5	17.146114272068665
169.6	15.776120909008334
169.7	14.457583094056334
169.8	13.198035657920332
169.9	12.004567766251668
170.	10.883547663998336
170.1	9.840379546215166
170.2	8.879307273908665
170.3	8.003277633984865
170.4	7.213872945175667
170.5	6.511319151237
170.6	5.894571292615333
170.7	5.361473637788333
170.8	4.908987064413666
170.9	4.533471802289333
171.	4.231009699082
171.1	3.997747026651667
171.2	3.8302367698769992
171.3	3.725758511445333
171.4	3.682594567152
171.5	3.7002429547879996
171.6	3.7795510311126663
171.7	3.9227580441163328
171.8	4.133440179060667
171.9	4.41635761612
172.	4.7772093049296664
172.1	5.2223072139573326
172.2	5.758187344036333
172.3	6.391179447432666
172.4	7.126960851807333
172.5	7.970121806970999
172.6	8.923770187937667
172.7	9.989202125079665
172.8	11.165662220864334
172.9	12.450212567597333
173.	13.837724017849997
173.1	15.320996367158331
173.2	16.89100664524433
173.3	18.53727698499033
173.4	20.248345980892
173.5	22.012320503765665
173.6	23.817479033413665
173.7	25.652893090741998
173.8	27.509030625543662
173.9	29.378304486434665
174.	31.255530508243332
174.1	33.13826333020033
174.2	35.026983703406664
174.3	36.925118537266
174.4	38.83888391989133
174.5	40.77695137406633
174.6	42.74994811268934
174.7	44.769812452924995
174.8	46.849035158909665
174.9	48.999825720629
175.	51.23324884155767
175.1	53.558380242167324
175.2	55.981531933772665
175.3	58.50559521102634
175.4	61.12954474141666
175.5	63.84813949799133
175.6	66.65184626738599
175.7	69.526999612981
175.8	72.45619914405466
175.9	75.41893153974833
176.	78.39239176508099
176.1	81.35246611589332
176.2	84.27482984585266
176.3	87.13610476803834
176.4	89.915017822842
176.5	92.59350042265267
176.6	95.15767047158899
176.7	97.598644163389
176.8	99.91313266089134
176.9	102.10378905062299
177.	104.17928296887533
177.1	106.15409328800833
177.2	108.04802257858233
177.3	109.88545001040066
177.4	111.69435130189899
177.5	113.50512475347767
177.6	115.34927088411766
177.7	117.25797943526334
177.8	119.26068135602401
177.9	121.38362478649134
178.	123.64853308977533
178.1	126.07139976247166
178.2	128.66146982574202
178.3	131.42045031436533
178.4	134.341984008143
178.5	137.41141095845632
178.6	140.60583189830731
178.7	143.89447670667568
178.8	147.23936997496133
178.9	150.59627481857433
179.	153.91588568231498
179.1	157.14523137237333
179.2	160.22924126549898
179.3	163.11242090779268
179.4	165.74057831707498
179.5	168.06253952602265
179.6	170.03179137349
179.7	171.6079914446073
179.8	172.7582892945427
179.9	173.45840963477966
180.	173.69345673857066