# O+CO(0,0) elastic diff. cross section
# E = 0.28 eV
# angle, CS (1e-16 cm^2)
0.1	199867.81171516667
0.2	185714.64718366665
0.3	164354.1718503
0.4	138652.82675436666
0.5	111793.27434409999
0.6	86692.05631263333
0.7	65526.76645723333
0.8	49468.58050986666
0.9	38657.008097599995
1.	32390.26098169333
1.1	29454.71882196667
1.2	28493.221143699997
1.3	28318.06620726
1.4	28105.194554076665
1.5	27449.014733429998
1.6	26298.47827584
1.7	24822.640671620004
1.8	23262.22079247333
1.9	21813.645244206666
2.	20570.325411719998
2.1	19521.601137186666
2.2	18591.178960753332
2.3	17688.820994183334
2.4	16751.85591230333
2.5	15763.356093919998
2.6	14746.236485406664
2.7	13742.113300263998
2.8	12787.616681207664
2.9	11898.813789679
3.	11068.562398804333
3.1	10275.104734355333
3.2	9495.780881492334
3.3	8718.769251237667
3.4	7947.965829273334
3.5	7199.972351874
3.6	6495.757606458
3.7	5851.425534917667
3.8	5272.186872044
3.9	4751.613066242333
4.	4275.692052836
4.1	3829.2768406546666
4.2	3401.9250115530003
4.3	2990.889752165333
4.4	2600.582850257333
4.5	2239.387481126
4.6	1915.5961672253334
4.7	1634.230703859333
4.8	1395.7523796786666
4.9	1196.6621011943332
5.	1031.2161059956666
5.1	893.2379522496667
5.2	777.2864881456667
5.3	678.9934080156667
5.4	594.8790158863333
5.5	522.1474153823333
5.6	458.8052293363333
5.7	404.0860515776666
5.8	358.83505857626665
5.9	325.41344411119996
6.	306.87864242909995
6.1	305.57934843643335
6.2	321.6688579021
6.3	352.1882536227333
6.4	391.2112202471667
6.5	431.1337724078667
6.6	464.71410471043333
6.7	487.13388456333325
6.8	497.31231528276663
6.9	497.9779057935666
7.	494.4746130024
7.1	492.7527246764333
7.2	497.2804909751666
7.3	509.6055008491333
7.4	528.0142762060667
7.5	548.3113349474332
7.6	565.340111009
7.7	574.6465805859999
7.8	573.7080188818666
7.9	562.3787086898999
8.	542.5299692746667
8.1	517.1482640377667
8.2	489.29965686953335
8.3	461.33784620920005
8.4	434.5660522416334
8.5	409.34741203526664
8.6	385.48760949056657
8.7	362.64827863483333
8.8	340.5988303304667
8.9	319.23773140169
9.	298.44651185869327
9.1	277.92072492448335
9.2	257.12137631355
9.3	235.41671092523998
9.4	212.37761123484998
9.5	188.10139470659664
9.6	163.40838523319
9.7	139.79604064875332
9.8	119.12880088089999
9.9	103.14881644281667
10.	92.96944293531334
10.1	88.72910671660999
10.2	89.53175129195998
10.3	93.70145073318332
10.4	99.27020886192
10.5	104.53939746426332
10.6	108.53431132219333
10.7	111.21344694654331
10.8	113.38171480367
10.9	116.35665178770998
11.	121.51298425600001
11.1	129.85848717572665
11.2	141.76723369754
11.3	156.92953653153
11.4	174.4990859458267
11.5	193.35678500059333
11.6	212.38764735286668
11.7	230.68521233750303
11.8	247.6440355658633
11.9	262.95203772606334
12.	276.52868318406996
12.1	288.460087510486
12.2	298.9607198635756
12.3	308.3581113205393
12.4	317.0711929184252
12.5	325.5489570822849
12.6	334.15668945295226
12.7	343.0317392480963
12.8	351.961414484468
12.9	360.34468719790414
13.	367.27896139629377
13.1	371.7689097347228
13.2	373.0038196351434
13.3	370.6148492515533
13.4	364.820639350161
13.5	356.4025930372366
13.6	346.50864762619
13.7	336.34478394530663
13.8	326.85345306515734
13.9	318.4821287535533
14.	311.1121156566836
14.1	304.160842346631
14.2	296.81221881668733
14.3	288.29099473103264
14.4	278.091244298774
14.5	266.09545867424004
14.6	252.56625668983
14.7	238.03821962662667
14.8	223.16559533057966
14.9	208.584137889711
15.	194.8250528374997
15.1	182.28783334750898
15.2	171.25172928598198
15.3	161.894083820683
15.4	154.29095208734765
15.5	148.39551818655832
15.6	144.011448809514
15.7	140.78996988447332
15.8	138.27480497868663
15.9	135.99973931713333
16.	133.61805622829667
16.1	131.02311200134665
16.2	128.41447526831334
16.3	126.27771673496001
16.4	125.27374406995997
16.5	126.06523987586664
16.6	129.13120134455332
16.7	134.62674418663335
16.8	142.33169521235666
16.9	151.70293662071998
17.	162.012266413
17.1	172.52540927341664
17.2	182.66750598749002
17.3	192.12864874994665
17.4	200.88580617040668
17.5	209.14588786337998
17.6	217.23847009805667
17.7	225.49805840570664
17.8	234.17208014244
17.9	243.37520303019335
18.	253.09031012195334
18.1	263.1998096937733
18.2	273.52395189353996
18.3	283.84703762034997
18.4	293.92464383693
18.5	303.47890510941335
18.6	312.1978066617433
18.7	319.75420237261
18.8	325.8509463787267
18.9	330.28432584873326
19.	333.0054068631533
19.1	334.15396070129
19.2	334.0452522687433
19.3	333.1046919977233
19.4	331.76384794886667
19.5	330.3464847734033
19.6	328.9791032964567
19.7	327.5543380809933
19.8	325.7594669670433
19.9	323.1618690084266
20.	319.3257375634066
20.1	313.92570050162
20.2	306.8258040686467
20.3	298.10496502456334
20.4	288.0275076465733
20.5	276.9734906773433
20.6	265.35300148938666
20.7	253.5291468239333
20.8	241.76722672827663
20.9	230.21628019639664
21.	218.91846620717
21.1	207.83524167284332
21.2	196.87842815322998
21.3	185.9379748687367
21.4	174.9038175921433
21.5	163.68370229411664
21.6	152.22022212646667
21.7	140.50840472913666
21.8	128.61144683994
21.9	116.66894143768332
22.	104.89123050802
22.1	93.53619553140334
22.2	82.87014423885333
22.3	73.12047148489665
22.4	64.43202328414665
22.5	56.83968152873
22.6	50.26603083341334
22.7	44.546053927070005
22.8	39.47284373487666
22.9	34.851974925246665
23.	30.549596019423333
23.1	26.521369417606664
23.2	22.81540827737667
23.3	19.550311781916665
23.4	16.87663823277333
23.5	14.934335963306667
23.6	13.818547686963331
23.7	13.562111657943333
23.8	14.136682864952999
23.9	15.468107479473332
24.	17.457748846366666
24.1	20.00111908320333
24.2	22.998203602013334
24.3	26.354745323716664
24.4	29.978284972406662
24.5	33.77498868001567
24.6	37.65234631909466
24.7	41.52922372925799
24.8	45.350208461628995
24.9	49.09784611014167
25.	52.795865895904
25.1	56.49925349011167
25.2	60.272025694189
25.3	64.15875474530266
25.4	68.159077380933
25.5	72.21417824571033
25.6	76.210519172544
25.7	80.00026926627032
25.8	83.43219525674434
25.9	86.383349693102
26.	88.78196513443699
26.1	90.61535512183998
26.2	91.92190769700767
26.3	92.771382263915
26.4	93.240860679657
26.5	93.39395759163331
26.6	93.26855026876464
26.7	92.87457673447466
26.8	92.19994796892666
26.9	91.22057066098832
27.	89.91034545782531
27.1	88.24840962852332
27.2	86.22290481847367
27.3	83.832183845055
27.4	81.08501503205565
27.5	78.00096115515034
27.6	74.61114694338032
27.7	70.95871596783
27.8	67.09790557054566
27.9	63.090981845697996
28.	59.003066491279
28.1	54.89574958551266
28.2	50.820937065992084
28.3	46.8164357873202
28.4	42.904366842182995
28.5	39.09280839621867
28.6	35.38032638004833
28.7	31.762422044159997
28.8	28.238498412387663
28.9	24.81776872127033
29.	21.522644146317663
29.1	18.388591227279
29.2	15.460236837692332
29.3	12.784497360390667
29.4	10.402452920494
29.5	8.342230074899499
29.6	6.615011248782101
29.7	5.2153905627240995
29.8	4.1258848301799995
29.9	3.3239832787513333
30.	2.7892460627073334
30.1	2.5080238573076663
30.2	2.474377072327333
30.3	2.687322814655666
30.4	3.1459792244673332
30.5	3.8448948593436665
30.6	4.771549692959333
30.7	5.906860236238332
30.8	7.228068936754
30.9	8.712330569158333
31.	10.339113406900665
31.1	12.090271057746898
31.2	13.947920411096366
31.3	15.891433830691334
31.4	17.895334547106664
31.5	19.92943910950033
31.6	21.961449532610004
31.7	23.96093685733233
31.8	25.90291182493634
31.9	27.769324166281997
32.	29.54780260632133
32.1	31.228267187956
32.2	32.79906658317973
32.3	34.2445172767095
32.4	35.54504330487483
32.5	36.6798695491473
32.6	37.631014453359995
32.7	38.386737002077666
32.8	38.94288696596233
32.9	39.30162412010333
33.	39.46820727172733
33.1	39.447415432989
33.2	39.241259590832
33.3	38.848963154427295
33.4	38.269090456665424
33.5	37.50272325436723
33.6	36.556174605496615
33.7	35.44203905638162
33.8	34.178207500747064
33.9	32.7853941976315
34.	31.284297429712698
34.1	29.693515987306263
34.2	28.028842007824966
34.3	26.303852582241067
34.4	24.531191947682963
34.5	22.7238042182113
34.6	20.895637035742865
34.7	19.061774836724297
34.8	17.238293268656165
34.9	15.44216743689353
35.	13.691327530427502
35.1	12.004627066434667
35.2	10.401320227359399
35.3	8.899787535736365
35.4	7.5156606861606665
35.5	6.259955159461333
35.6	5.138041995365666
35.7	4.150099130371
35.8	3.293113884721333
35.9	2.563810282799
36.	1.9613907774486665
36.1	1.4889725598256667
36.2	1.153102028243
36.3	0.9615322074316667
36.4	0.9201785876680001
36.5	1.0304877030443331
36.6	1.2882153329642998
36.7	1.6839418098581664
36.8	2.2048805633473334
36.9	2.837032382878
37.	3.566727033128
37.1	4.3810477739395335
37.2	5.2672933368278
37.3	6.212143514766599
37.4	7.201296938693956
37.5	8.220004951142009
37.6	9.254334860928743
37.7	10.292490075608443
37.8	11.325378446564965
37.9	12.345941960022433
38.	13.34738515427016
38.1	14.321046523034177
38.2	15.254927344577483
38.3	16.133671806648465
38.4	16.940172502902282
38.5	17.658248783619513
38.6	18.27535935327606
38.7	18.78429475200889
38.8	19.18325070132017
38.9	19.47438565419589
39.	19.661581620424933
39.1	19.748379152754666
39.2	19.73685641439623
39.3	19.6277014581758
39.4	19.421162770678894
39.5	19.11823006245664
39.6	18.721430518334042
39.7	18.2349630231628
39.8	17.6643205400432
39.9	17.015825716432733
40.	16.296485658729267
40.1	15.514290358922667
40.2	14.678715729017
40.3	13.800971181490333
40.4	12.893595857032667
40.5	11.969337506684932
40.6	11.039670621888266
40.7	10.113591109274399
40.8	9.197293987197133
40.9	8.294987148229
41.	7.410576788736
41.1	6.549529417647332
41.2	5.7200880308399995
41.3	4.933268492262666
41.4	4.201577071239999
41.5	3.5369339528536665
41.6	2.9486114113431
41.7	2.4419591138433665
41.8	2.0183252949776
41.9	1.6760738411883667
42.	1.4121811325431333
42.1	1.2237482605469998
42.2	1.1089177268159331
42.3	1.067026598894
42.4	1.0981707922896666
42.5	1.2025335674786666
42.6	1.3797885004076664
42.7	1.6286925205236664
42.8	1.9467841279416667
42.9	2.330029565071
43.	2.7723597782896663
43.1	3.265243764690333
43.2	3.7976073509206665
43.3	4.356400147015999
43.4	4.927897962265667
43.5	5.499485830793
43.6	6.0613661586293315
43.7	6.607545817838998
43.8	7.1356534604820006
43.9	7.645564080877333
44.	8.137285263378
44.1	8.608876213058998
44.2	9.055179601107
44.3	9.467836942685667
44.4	9.836562396775332
44.5	10.151179684845667
44.6	10.403676253018332
44.7	10.589586747278334
44.8	10.708333980995
44.9	10.762572834885667
45.	10.756917299144
45.1	10.696558961363666
45.2	10.586192020915734
45.3	10.429432868338633
45.4	10.228694636376598
45.5	9.985355110028399
45.6	9.700068615369467
45.7	9.373166153818765
45.8	9.0051697974107
45.9	8.597443822230666
46.	8.152907935706999
46.1	7.676609136712
46.2	7.175883298536999
46.3	6.659905929252333
46.4	6.138633606688
46.5	5.621394612861332
46.6	5.115577692351
46.7	4.625888412587333
46.8	4.154463641329299
46.9	3.7018199009382995
47.	3.2682914570589667
47.1	2.855426328009333
47.2	2.4668329127523334
47.3	2.1081925853716665
47.4	1.786474754746
47.5	1.5086735148256667
47.6	1.2805181985866667
47.7	1.1055567898016665
47.8	0.9848179856156
47.9	0.9170254244617333
48.	0.8991684189212
48.1	0.9271836650637666
48.2	0.9965622595346
48.3	1.1028058111549333
48.4	1.241742868132
48.5	1.409739528831
48.6	1.6038021170943333
48.7	1.8215208199673332
48.8	2.0607946215909996
48.9	2.3193359475833333
49.	2.594058993768
49.1	2.880552906877333
49.2	3.1728679965349995
49.3	3.463767887175333
49.4	3.745441565664333
49.5	4.010490454744
49.6	4.252886349210333
49.7	4.468592630290333
49.8	4.655658955219667
49.9	4.813789811624333
50.	4.9435700595959995
50.1	5.045632240627667
50.2	5.120036625812666
50.3	5.166023397243
50.4	5.182144413836
50.5	5.166656852620999
50.6	5.118007835233334
50.7	5.035263350447666
50.8	4.918405492982
50.9	4.768493115931666
51.	4.5877170480743334
51.1	4.379374504535667
51.2	4.147758427854667
51.3	3.8979386402719998
51.4	3.635426145385666
51.5	3.365759096352
51.6	3.0941042375113335
51.7	2.8249964397796665
51.8	2.5623168047723333
51.9	2.309537198073333
52.	2.070162965392
52.1	1.8482268757923332
52.2	1.6486609073886664
52.3	1.4774103935776666
52.4	1.3412412301660002
52.5	1.2472896119326666
52.6	1.2024770430776663
52.7	1.2129376618016665
52.8	1.2835797503223332
52.9	1.4178477946223333
53.	1.617692217785
53.1	1.8837113840076665
53.2	2.215411021765666
53.3	2.6115232287486663
53.4	3.0703292264386666
53.5	3.5899300982326663
53.6	4.168410245137999
53.7	4.803848381748
53.8	5.494158675311999
53.9	6.2367892269056675
54.	7.028353908650666
54.1	7.864306858893333
54.2	8.738769512826334
54.3	9.644582754359998
54.4	10.573592414388665
54.5	11.517107629995666
54.6	12.466423152794665
54.7	13.413284317369332
54.8	14.350197806363333
54.9	15.270539681948998
55.	16.168465339715
55.1	17.038668065582662
55.2	17.876056645635664
55.3	18.675429761489333
55.4	19.43122136445233
55.5	20.137380442217
55.6	20.787429339556663
55.7	21.374713362218664
55.8	21.892810419655664
55.9	22.336020911126333
56.	22.699821294469334
56.1	22.981158315845
56.2	23.17849551411033
56.3	23.291594281046333
56.4	23.321096347104003
56.5	23.268041535858664
56.6	23.133476563613
56.7	22.918277234064664
56.8	22.623230061068003
56.9	22.249330492034332
57.	21.798188149038666
57.1	21.272408235975668
57.2	20.675844689834666
57.3	20.013676535930664
57.4	19.292316166071
57.5	18.519193734154
57.6	17.702468238244
57.7	16.850703086848
57.8	15.972530853976666
57.9	15.076333093383667
58.	14.169976890477002
58.1	13.260665656800997
58.2	12.354957051114333
58.3	11.458963535527333
58.4	10.578687375670667
58.5	9.720377388370334
58.6	8.890762789453666
58.7	8.097043733924332
58.8	7.346597856246
58.9	6.6464690575339995
59.	6.002794176315332
59.1	5.420354367071667
59.2	4.902394548194
59.3	4.450753133686667
59.4	4.066228844601333
59.5	3.749031429588
59.6	3.4991511130373327
59.7	3.3165377105896665
59.8	3.2010734021699996
59.9	3.1524070223653333
60.	3.1697548574539995
60.1	3.2517526282553324
60.2	3.396385514535333
60.3	3.600965819057333
60.4	3.862105617525
60.5	4.175656052921999
60.6	4.5366382721036
60.7	4.939236980876533
60.8	5.376932161595732
60.9	5.842796409095232
61.	6.329904460900334
61.1	6.831729817933667
61.2	7.342382980283132
61.3	7.856595491136
61.4	8.369456837928333
61.5	8.876021109227166
61.6	9.3709638503875
61.7	9.848453474994734
61.8	10.302310427961334
61.9	10.726402513460998
62.	11.1151248868514
62.1	11.463784765051665
62.2	11.768765375012833
62.3	12.027451774246966
62.4	12.238008094223165
62.5	12.399149141206
62.6	12.510025872828665
62.7	12.5702611391009
62.8	12.580076842516199
62.9	12.5403988043237
63.	12.452840429206633
63.1	12.319541380882464
63.2	12.142930071593932
63.3	11.925535723513033
63.4	11.669962613623333
63.5	11.379059284453998
63.6	11.056209378558131
63.7	10.705594878643867
63.8	10.332279656452833
63.9	9.942037003531166
64.	9.5409636806793
64.1	9.135025770071733
64.2	8.729715754538367
64.3	8.329947399409768
64.4	7.9402009294075
64.5	7.564812741907667
64.6	7.208240675661566
64.7	6.875158506275866
64.8	6.5703284948769
64.9	6.2983179641913996
65.	6.063203786245166
65.1	5.868407391205933
65.2	5.716724628233899
65.3	5.6105025552843
65.4	5.551830112845034
65.5	5.5425984172217335
65.6	5.584356568020433
65.7	5.678004202243066
65.8	5.823461370302299
65.9	6.019485594537732
66.	6.263746936140732
66.1	6.553152298431667
66.2	6.884289982530899
66.3	7.253806065847634
66.4	7.658556498487734
66.5	8.095487292671567
66.6	8.5613254435821
66.7	9.052250038232433
66.8	9.563713832306666
66.9	10.090502219062799
67.	10.626993781116433
67.1	11.167488634650732
67.2	11.706447459125766
67.3	12.238545287613933
67.4	12.7585548941845
67.5	13.261174129396865
67.6	13.7409455525917
67.7	14.19236634851893
67.8	14.61017853451942
67.9	14.989722114083527
68.	15.327186038905644
68.1	15.619631734639047
68.2	15.864773400961102
68.3	16.06062276011366
68.4	16.20517906681789
68.5	16.296328477203552
68.6	16.332016606219664
68.7	16.31062371601363
68.8	16.231370971673964
68.9	16.094569541950133
69.	15.901600276737987
69.1	15.654641607814101
69.2	15.356281566210882
69.3	15.00919747702154
69.4	14.616041816820612
69.5	14.179560337539545
69.6	13.702848111400684
69.7	13.18958260402984
69.8	12.644092844360507
69.9	12.071217057259346
70.	11.476016466374158
70.1	10.863488447788804
70.2	10.238418066996577
70.3	9.60542647977277
70.4	8.969161915713578
70.5	8.334495462340357
70.6	7.706575609916883
70.7	7.090668368815472
70.8	6.491826079053337
70.9	5.914526220352003
71.	5.362448466779754
71.1	4.838497423004043
71.2	4.34505921896292
71.3	3.88436278543815
71.4	3.45876155464986
71.5	3.070787660347583
71.6	2.72294113749671
71.7	2.417306080119823
71.8	2.1551695543791
71.9	1.9368159971083332
72.	1.7615827804960331
72.1	1.6281367160876334
72.2	1.5348302595997332
72.3	1.4799696323438662
72.4	1.4618853655500668
72.5	1.4788056496464663
72.6	1.5286356370739
72.7	1.6087883838218997
72.8	1.7161754290943334
72.9	1.8473700137407
73.	1.9988565575103667
73.1	2.1672306892546334
73.2	2.3492417827354
73.3	2.5416597808471333
73.4	2.7410514947646663
73.5	2.943612019517133
73.6	3.1451800660104663
73.7	3.341478179128267
73.8	3.5285040919986006
73.9	3.7029170180370667
74.	3.862255981552833
74.1	4.004901407771066
74.2	4.129809925081767
74.3	4.2361566365001995
74.4	4.323057308629166
74.5	4.3894969590634
74.6	4.4344856720985995
74.7	4.457351152698633
74.8	4.4580161748692
74.9	4.437126595311334
75.	4.395979995293334
75.1	4.336310483448966
75.2	4.2600564981974
75.3	4.169239661211
75.4	4.066015425857167
75.5	3.952857871382067
75.6	3.832764508590767
75.7	3.7093528617682328
75.8	3.586775730414033
75.9	3.4694764801163336
76.	3.3618889399446665
76.1	3.2682142326493335
76.2	3.1923644638253332
76.3	3.138073177190999
76.4	3.1090825569136666
76.5	3.1092752512993327
76.6	3.1426470362606667
76.7	3.2131009876633336
76.8	3.324140540848667
76.9	3.4785972779150005
77.	3.6785185903026667
77.1	3.9252652151989995
77.2	4.219766870309334
77.3	4.562807240319
77.4	4.955196013946001
77.5	5.3977417915190005
77.6	5.891036580304666
77.7	6.435151476725666
77.8	7.029380423399999
77.9	7.672138240688334
78.	8.361038837557333
78.1	9.093092319479666
78.2	9.864910053307666
78.3	10.672817843763
78.4	11.512839950199197
78.5	12.380594848571633
78.6	13.271194587901464
78.7	14.179236342711963
78.8	15.098920250775933
78.9	16.0242526138457
79.	16.949239874805464
79.1	17.867976896798098
79.2	18.774585662088867
79.3	19.663040971586433
79.4	20.526986001372897
79.5	21.359657145721634
79.6	22.15399406950626
79.7	22.9029276028949
79.8	23.599755712472366
79.9	24.238476619494598
80.	24.81396786478877
80.1	25.321970105195028
80.2	25.758919668544536
80.3	26.121733122440265
80.4	26.407653595451464
80.5	26.614222964272333
80.6	26.73937278825533
80.7	26.78156779960867
80.8	26.7399180189923
80.9	26.614205102465764
81.	26.404825969773363
81.1	26.112708698166664
81.2	25.739272891287598
81.3	25.286479841664168
81.4	24.756961878175662
81.5	24.154166486219328
81.6	23.4824294774346
81.7	22.746915940608197
81.8	21.95342691694177
81.9	21.108134084008
82.	20.217341327935667
82.1	19.287361826414667
82.2	18.324546626420666
82.3	17.33543133364
82.4	16.326915090144666
82.5	15.306375150880665
82.6	14.281654606111333
82.7	13.260921454671998
82.8	12.252453561797333
82.9	11.264429117727332
83.	10.304786313132666
83.1	9.381170568647335
83.2	8.500938567734334
83.3	7.671161566794
83.4	6.898578731751667
83.5	6.189487949917667
83.6	5.549605022736
83.7	4.983947717882
83.8	4.4967945186766665
83.9	4.091732495158666
84.	3.7717636087883335
84.1	3.5394082950363335
84.2	3.3967459699519997
84.3	3.345364363201
84.4	3.3862370474536663
84.5	3.5195871048253338
84.6	3.744805084424333
84.7	4.060466318001
84.8	4.4644480774129995
84.9	4.954103152347
85.	5.526424294849667
85.1	6.1781431237849995
85.2	6.905741191111667
85.3	7.70539180944
85.4	8.572878686785666
85.5	9.503539429487667
85.6	10.492260407970333
85.7	11.533518109112332
85.8	12.621438700422331
85.9	13.749844231488
86.	14.912271047021001
86.1	16.101972520987665
86.2	17.311938134736998
86.3	18.534962112046664
86.4	19.763775616588667
86.5	20.991226425005664
86.6	22.210464539111
86.7	23.415084692551336
86.8	24.599191338881
86.9	25.757381581758
87.	26.88467240584433
87.1	27.976416311733335
87.2	29.028246911898336
87.3	30.036076224270335
87.4	30.996139246963
87.5	31.90506175320433
87.6	32.75992226392633
87.7	33.558288691748665
87.8	34.29822670450833
87.9	34.978290296028995
88.	35.59750834847433
88.1	36.155373724263995
88.2	36.651829610576996
88.3	37.08723988115332
88.4	37.46233205281334
88.5	37.77811297681767
88.6	38.035772812382994
88.7	38.23660358892233
88.8	38.381958406527
88.9	38.47326518059333
89.	38.512089921738664
89.1	38.500227116712
89.2	38.439786155953
89.3	38.333245686456664
89.4	38.18345964114167
89.5	37.993613441754334
89.6	37.76714029347633
89.7	37.507612544708664
89.8	37.21862251051333
89.9	36.903664420152
90.	36.566027500231996
90.1	36.208710594972
90.2	35.83436927616933
90.3	35.445303996172996
90.4	35.043490588398996
90.5	34.63064353597466
90.6	34.208292033994
90.7	33.77784409351867
90.8	33.34061790215233
90.9	32.897831554195
91.	32.45055741582633
91.1	31.999659492505998
91.2	31.545736445118
91.3	31.08908852877167
91.4	30.62971696226667
91.5	30.167354418281327
91.6	29.701519756117666
91.7	29.23158974275133
91.8	28.756882702264335
91.9	28.276749658077666
92.	27.790664985551665
92.1	27.29830196050567
92.2	26.79957345885967
92.3	26.294619939558665
92.4	25.783738507747998
92.5	25.267265885455334
92.6	24.745447145960334
92.7	24.21833203628633
92.8	23.68573551781633
92.9	23.147279253049337
93.	22.602503624441667
93.1	22.051016769887333
93.2	21.492637776903997
93.3	20.92749895867933
93.4	20.35609235869
93.5	19.779268014268666
93.6	19.198205497925663
93.7	18.61438045771967
93.8	18.029536690811998
93.9	17.445660239636332
94.	16.864944716878334
94.1	16.289741579355333
94.2	15.722502709952332
94.3	15.165736359411667
94.4	14.622000926214334
94.5	14.093948896586998
94.6	13.584409032749331
94.7	13.096469972818664
94.8	12.633516524723001
94.9	12.19917982092333
95.	11.797192583105666
95.1	11.431178983874668
95.2	11.104437813539334
95.3	10.819783900409
95.4	10.579492350195332
95.5	10.385351970726333
95.6	10.238795364112999
95.7	10.141050675655665
95.8	10.093262513505667
95.9	10.096553228964
96.	10.152026614441665
96.1	10.260737722599666
96.2	10.423654824170333
96.3	10.641623990586332
96.4	10.915325349331997
96.5	11.24519818497
96.6	11.631319711501998
96.7	12.073247812092998
96.8	12.569868159547667
96.9	13.119302996193333
97.	13.718929656030333
97.1	14.365521611951333
97.2	15.055477377054334
97.3	15.785064712509
97.4	16.550598104112666
97.5	17.348492508188667
97.6	18.175185753023666
97.7	19.026973742571332
97.8	19.899833596672
97.9	20.78930707450133
98.	21.69048348694533
98.1	22.598075595907666
98.2	23.50654655175233
98.3	24.41023684410333
98.4	25.303458880026334
98.5	26.18055959456933
98.6	27.035977774885996
98.7	27.864326359060662
98.8	28.660508258091
98.9	29.419839940169997
99.	30.13813130762633
99.1	30.811671257718665
99.2	31.43710006584633
99.3	32.01119961592799
99.4	32.53067644383366
99.5	32.992027251519666
99.6	33.391551770463664
99.7	33.72552246800767
99.8	33.99045888992299
99.9	34.18341446090666
100.	34.302183310683
100.1	34.34537310604633
100.2	34.312347591942995
100.3	34.203091667915004
100.4	34.018070149556664
100.5	33.75813321281767
100.6	33.424480245549
100.7	33.01865393751267
100.8	32.542520429571994
100.9	31.998207377414335
101.	31.38800953322633
101.1	30.714307669005997
101.2	29.979558143355664
101.3	29.186386976056667
101.4	28.337773105005
101.5	27.437254992318334
101.6	26.48907014685466
101.7	25.498154007436
101.8	24.469978082202662
101.9	23.410273516731664
102.	22.324734252790996
102.1	21.218800699118
102.2	20.09758723433033
102.3	18.965953271497664
102.4	17.828658663262665
102.5	16.690517385413997
102.6	15.556479305283
102.7	14.431617221414001
102.8	13.321048628115665
102.9	12.229850984871664
103.	11.163021308630002
103.1	10.125492107910333
103.2	9.122169548897332
103.3	8.157933902793665
103.4	7.237553364015334
103.5	6.365506437151666
103.6	5.545762605134667
103.7	4.781606111512667
103.8	4.075582359044333
103.9	3.4295999295826665
104.	2.845154375011666
104.1	2.32358492196
104.2	1.8662594137539998
104.3	1.474614590581
104.4	1.1500431568206666
104.5	0.8936849849259999
104.6	0.7062158877310001
104.7	0.5877177113033333
104.8	0.5376653355619999
104.9	0.5550058365876667
105.	0.6382639920056665
105.1	0.7856066626009999
105.2	0.9948349760516667
105.3	1.2633258925409998
105.4	1.5879833846166664
105.5	1.9652617288803331
105.6	2.3912869187376664
105.7	2.8620461063326665
105.8	3.3735698972446664
105.9	3.9220240831693336
106.	4.5036630426893325
106.1	5.114660541811666
106.2	5.750893752962067
106.3	6.407782417537566
106.4	7.080263166872532
106.5	7.762919035370766
106.6	8.4502152376893
106.7	9.136747844675
106.8	9.817413036896198
106.9	10.487449038828899
107.	11.142366875958931
107.1	11.777836831916133
107.2	12.389609913087
107.3	12.973523413703333
107.4	13.525584972902667
107.5	14.042081020165334
107.6	14.519639983431663
107.7	14.955206676597864
107.8	15.345937715820465
107.9	15.689079230418068
108.	15.981908554703965
108.1	16.221798011476
108.2	16.406401549075234
108.3	16.5339023752593
108.4	16.6032240161931
108.5	16.6141175547614
108.6	16.567090192912566
108.7	16.463209451359333
108.8	16.30386949534953
108.9	16.090616162729802
109.	15.825091552426734
109.1	15.509096777210733
109.2	15.144714785364068
109.3	14.734412248763768
109.4	14.281060358328364
109.5	13.787865862633033
109.6	13.258256993530532
109.7	12.695794909109532
109.8	12.104165954286666
109.9	11.487261876296166
110.	10.849300504545498
110.1	10.194908516305333
110.2	9.529098685305765
110.3	8.857122419975832
110.4	8.184240279625367
110.5	7.515496669237333
110.6	6.855587073712632
110.7	6.2088649017370665
110.8	5.579470321103834
110.9	4.971507358420433
111.	4.3891755944894335
111.1	3.8367881745795
111.2	3.3186648485352
111.3	2.838948073097966
111.4	2.401422228545867
111.5	2.0094059410116
111.6	1.6657426842443668
111.7	1.3728603843633334
111.8	1.1328360759727665
111.9	0.9474049053054998
112.	0.8178913903420666
112.1	0.7450931366661999
112.2	0.7291840071603334
112.3	0.7697039963228001
112.4	0.8656651038001333
112.5	1.0157451422477666
112.6	1.2184942298880332
112.7	1.4724666710784666
112.8	1.7762213248383332
112.9	2.1281921380442
113.	2.526488682434
113.1	2.9687159523921665
113.2	3.4518896667555667
113.3	3.9724755746483997
113.4	4.5265235946728
113.5	5.109828942264133
113.6	5.718050909253867
113.7	6.346754074943499
113.8	6.991386485689599
113.9	7.647247289934467
114.	8.3095021382506
114.1	8.973275762160366
114.2	9.633803820618898
114.3	10.286586650771733
114.4	10.927478220288066
114.5	11.552670640011666
114.6	12.1585849503332
114.7	12.741726789844396
114.8	13.298585997643665
114.9	13.825640965632632
115.	14.319480072164165
115.1	14.776997569015435
115.2	15.195586826928533
115.3	15.573256324023866
115.4	15.908630958739533
115.5	16.2008537855128
115.6	16.449444767890565
115.7	16.654183908196565
115.8	16.8150628877817
115.9	16.932306427389967
116.	17.006425778046534
116.1	17.038252665394033
116.2	17.028919204952565
116.3	16.979787167126034
116.4	16.8923666697639
116.5	16.768278693219766
116.6	16.6092985771718
116.7	16.417476715525797
116.8	16.195288876082767
116.9	15.945744944269634
117.	15.672394594347399
117.1	15.379207871917632
117.2	15.070359408339566
117.3	14.749982920189801
117.4	14.421970300051132
117.5	14.089864692391567
117.6	13.756853075858666
117.7	13.425823180345702
117.8	13.099431256481832
117.9	12.780137966446599
118.	12.470200841024365
118.1	12.171644600035432
118.2	11.886246620843966
118.3	11.6155654944466
118.4	11.361011815300964
118.5	11.123928889806933
118.6	10.905635388073101
118.7	10.707392242188568
118.8	10.530288579278032
118.9	10.375080407304967
119.	10.242041479169265
119.1	10.130884878185165
119.2	10.040786181290299
119.3	9.970497600767166
119.4	9.918506882390226
119.5	9.88318124204532
119.6	9.86285026249858
119.7	9.85581412897462
119.8	9.8602979622165
119.9	9.874392728022267
120.	9.896020321357831
120.1	9.922939161107132
120.2	9.952780417311
120.3	9.983088866190533
120.4	10.011344848137567
120.5	10.034962529910533
120.6	10.051283025756167
120.7	10.057594571353967
120.8	10.0512067384658
120.9	10.029582734015566
121.	9.99050404971436
121.1	9.932220186226765
121.2	9.853534299941943
121.3	9.753795327628055
121.4	9.632799894737852
121.5	9.490638454377725
121.6	9.327536186650434
121.7	9.143734420972201
121.8	8.939436934620034
121.9	8.714818910312166
122.	8.4700771363471
122.1	8.205495482172832
122.2	7.921508638040501
122.3	7.618761443011633
122.4	7.298170756973232
122.5	6.960995481735466
122.6	6.608908900899899
122.7	6.244053362987533
122.8	5.869050014306801
122.9	5.486942088854233
123.	5.101068583162066
123.1	4.7148885892544
123.2	4.331794648104934
123.3	3.9549579172750997
123.4	3.5872367166786328
123.5	3.2311582380118997
123.6	2.8889603658459326
123.7	2.5626657920913667
123.8	2.254158429935333
123.9	1.9652408327778663
124.	1.6976645778053334
124.1	1.4531362262429
124.2	1.2333053140780998
124.3	1.0397383785985999
124.4	0.8738785451594999
124.5	0.7369886765258666
124.6	0.6300800583143333
124.7	0.5538365745579666
124.8	0.5085516931872334
124.9	0.49409730552513326
125.	0.5099371009510333
125.1	0.5551843905619334
125.2	0.6286902046957332
125.3	0.7291380017733666
125.4	0.8551202522930332
125.5	1.0051794462969665
125.6	1.1778081043337334
125.7	1.3714140618175663
125.8	1.5842646842897
125.9	1.8144256080791332
126.	2.059707692263533
126.1	2.3176328854716663
126.2	2.5854275740083663
126.3	2.8600505658701003
126.4	3.1382603715385664
126.5	3.416720980075433
126.6	3.6921367238404668
126.7	3.9613973921802996
126.8	4.2217084599867665
126.9	4.470681700680999
127.	4.706369591265734
127.1	4.9272404106942
127.2	5.132104917219267
127.3	5.3200149512245
127.4	5.490156532520033
127.5	5.641755822890099
127.6	5.7740092954370335
127.7	5.8860437184609005
127.8	5.9769092898755005
127.9	6.045609450397532
128.	6.091170208076233
128.1	6.112746905011368
128.2	6.109756569856132
128.3	6.082012423926632
128.4	6.029829477505399
128.5	5.954071848504032
128.6	5.856125221708034
128.7	5.737798258248266
128.8	5.601177119458066
128.9	5.448469238306833
129.	5.281871152580099
129.1	5.1034817170097995
129.2	4.915263049494366
129.3	4.7190360804874665
129.4	4.516492156509633
129.5	4.309207655565233
129.6	4.098659835583533
129.7	3.8862509712947997
129.8	3.6733478123357335
129.9	3.4613336837755
130.	3.251656731474733
130.1	3.0458489319624666
130.2	2.845493947177233
130.3	2.6521388681994997
130.4	2.467168878654167
130.5	2.291683522122966
130.6	2.1264180537569333
130.7	1.9717393012045665
130.8	1.8277176987605666
130.9	1.6942479030565665
131.	1.5711730507686668
131.1	1.4583701323256664
131.2	1.355774366101833
131.3	1.2633483119876998
131.4	1.1810228392099
131.5	1.1086419116729667
131.6	1.0459305479591332
131.7	0.9924838547657333
131.8	0.9477581074191666
131.9	0.9110431816627999
132.	0.8814111369283999
132.1	0.8576600553000332
132.2	0.8382909381774333
132.3	0.8215558740103333
132.4	0.8055941307603334
132.5	0.7886373669066666
132.6	0.7692321630633334
132.7	0.7464141253304667
132.8	0.7197810568191333
132.9	0.6894482829654334
133.	0.6559112854139
133.1	0.6198702210717666
133.2	0.5820748747509332
133.3	0.5432270946168667
133.4	0.5039434376823666
133.5	0.4647522125474666
133.6	0.4260910464491333
133.7	0.3882864992487667
133.8	0.3515257709850333
133.9	0.31585417667533333
134.	0.28123498065166663
134.1	0.24768575829466666
134.2	0.21546737618333334
134.3	0.18526741665333335
134.4	0.1583086061083333
134.5	0.13633309690686668
134.6	0.12145809859596665
134.7	0.11594737997743332
134.8	0.12197360178136665
134.9	0.1414439605210333
135.	0.17592796568413333
135.1	0.22667840407509998
135.2	0.29469840607099995
135.3	0.38079725169766665
135.4	0.4855985041353333
135.5	0.6095031203493333
135.6	0.7526448353359998
135.7	0.9148854990399
135.8	1.0958777509754998
135.9	1.2951821515598665
136.	1.5123879903763666
136.1	1.7471735574029332
136.2	1.9992624843206666
136.3	2.2682795183626663
136.4	2.5535590508739996
136.5	2.8539872314873334
136.6	3.1679483603406666
136.7	3.493401991502667
136.8	3.8280597369770004
136.9	4.169588077329666
137.	4.515756302914333
137.1	4.864479900917333
137.2	5.213762765717999
137.3	5.5615891944707325
137.4	5.905834755126667
137.5	6.244245628355499
137.6	6.574490814187966
137.7	6.8942461985671
137.8	7.2012494462452326
137.9	7.493281812287667
138.	7.768078677789667
138.1	8.023220203245666
138.2	8.256079027873666
138.3	8.463887239198
138.4	8.643934527369334
138.5	8.793847247663999
138.6	8.911855043041
138.7	8.996950074216333
138.8	9.048885751694332
138.9	9.068027413798667
139.	9.055125045132334
139.1	9.011100488357833
139.2	8.936919456111033
139.3	8.833565523961234
139.4	8.702078207342266
139.5	8.543589374238334
139.6	8.359305582839667
139.7	8.150429820588666
139.8	7.918067946533666
139.9	7.663192535470667
140.	7.386722085850668
140.1	7.0897215447296675
140.2	6.773666317646666
140.3	6.440669554164
140.4	6.093575088639334
140.5	5.735867296305999
140.6	5.371422117554999
140.7	5.004185890253
140.8	4.637890716345333
140.9	4.275887355267333
141.	3.9211145281686663
141.1	3.5761593663489997
141.2	3.2433299649833334
141.3	2.924673311806
141.4	2.6219212415659996
141.5	2.3364047916479995
141.6	2.0690103389116663
141.7	1.8202395338679997
141.8	1.5903837876173335
141.9	1.3797594967863334
142.	1.188907203253
142.1	1.0186612387696665
142.2	0.870047325697
142.3	0.7440405434353333
142.4	0.6412784167293333
142.5	0.5618426711786666
142.6	0.5051891024093333
142.7	0.4702352503543333
142.8	0.45554517550133333
142.9	0.45951441668299997
143.	0.4804729151086667
143.1	0.5166795294313333
143.2	0.5662477908286666
143.3	0.6270830337813333
143.4	0.6969043485196666
143.5	0.773374796112
143.6	0.8542973440536668
143.7	0.9377883775353333
143.8	1.022341468511
143.9	1.1067430343946665
144.	1.1898745956256667
144.1	1.2704960700809997
144.2	1.3471194065313332
144.3	1.4180428682786668
144.4	1.4815419512919998
144.5	1.5361400147966666
144.6	1.5808464123819999
144.7	1.6152692951763332
144.8	1.6395735258883333
144.9	1.6543283650423333
145.	1.6603368573039998
145.1	1.658535929075333
145.2	1.650006487232
145.3	1.6360642346559002
145.4	1.6183521063104334
145.5	1.598851499828133
145.6	1.579774318325
145.7	1.5633674698299997
145.8	1.5517182379766665
145.9	1.5466612078866666
146.	1.5498464147763333
146.1	1.562953169427333
146.2	1.5879620231926668
146.3	1.627365114779333
146.4	1.684219476714333
146.5	1.7620170421203334
146.6	1.8644248106119998
146.7	1.9949996934960001
146.8	2.1569809092116667
146.9	2.3532116931406666
147.	2.5861700050022
147.1	2.858033408599067
147.2	3.1706946839213335
147.3	3.5256853217453337
147.4	3.9240305855679996
147.5	4.3661149336383325
147.6	4.851648707101667
147.7	5.379787266108666
147.8	5.949381072692
147.9	6.559266617595
148.	7.208479569409666
148.1	7.896299240291
148.2	8.622105104510998
148.3	9.385107025751333
148.4	10.184061717112332
148.5	11.017084849327
148.6	11.881614666844664
148.7	12.774507772123998
148.8	13.692189791855998
148.9	14.630771664288666
149.	15.586080112146664
149.1	16.553615838823333
149.2	17.528508289584998
149.3	18.505550160158
149.4	19.47935910950433
149.5	20.444646391744996
149.6	21.396508154932334
149.7	22.33062972615233
149.8	23.243321672149328
149.9	24.131376477471335
150.	24.99181239834533
150.1	25.821618265480332
150.2	26.617606843809998
150.3	27.376428854759332
150.4	28.094723576698332
150.5	28.76932338475133
150.6	29.397416876488
150.7	29.976612175291667
150.8	30.504906563617332
150.9	30.980624902200333
151.	31.402406710312338
151.1	31.769291078008
151.2	32.080886621784
151.3	32.33755443095433
151.4	32.540508359898
151.5	32.691763611662005
151.6	32.793929536709996
151.7	32.84991379774833
151.8	32.862646617321
151.9	32.834924600932865
152.	32.769418132372266
152.1	32.6688123065583
152.2	32.53599538737703
152.3	32.374197502839664
152.4	32.187019020644
152.5	31.978351539480332
152.6	31.752250447722
152.7	31.512837375770005
152.8	31.264284661804
152.9	31.0108777733306
153.	30.757097042187233
153.1	30.50763769050983
153.2	30.26731032853663
153.3	30.040821944954036
153.4	29.832500296993004
153.5	29.64605978665
153.6	29.48449553086633
153.7	29.350139245932667
153.8	29.24484176850367
153.9	29.170196234410998
154.	29.12770725760433
154.1	29.118847334522002
154.2	29.14500211922534
154.3	29.20735952222933
154.4	29.306817089519004
154.5	29.443959765566994
154.6	29.619110203952168
154.7	29.832404787680034
154.8	30.0838278854082
154.9	30.373156351584072
155.	30.699815874114893
155.1	31.062704118869664
155.2	31.460063994988335
155.3	31.88947778270533
155.4	32.348004447126
155.5	32.832421733145665
155.6	33.339491318640995
155.7	33.866160076215664
155.8	34.409644617628665
155.9	34.967401440554994
156.	35.53703311240366
156.1	36.116198867571335
156.2	36.702579175693
156.3	37.29390107069173
156.4	37.88798901285326
156.5	38.482788097979295
156.6	39.07632201902753
156.7	39.66658836408317
156.8	40.25143615891767
156.9	40.828491348680664
157.	41.39518280613933
157.1	41.94887983053233
157.2	42.487102340962
157.3	43.007731636769336
157.4	43.50914886732899
157.5	43.990259921238994
157.6	44.45041306882503
157.7	44.88925594263743
157.8	45.306592864230964
157.9	45.702287666788095
158.	46.07622225370926
158.1	46.42828730321936
158.2	46.75836695598824
158.3	47.066290615153065
158.4	47.3517542242756
158.5	47.61424293003033
158.6	47.85299926642799
158.7	48.0670679758
158.8	48.255416109128
158.9	48.41709144370834
159.	48.55136171830833
159.1	48.65778215750733
159.2	48.73616683729387
159.3	48.7864768872226
159.4	48.8086677076451
159.5	48.80254573086413
159.6	48.7676714136953
159.7	48.70331865164713
159.8	48.60847655506689
159.9	48.4818693843173
160.	48.321977433878864
160.1	48.12705886733433
160.2	47.89518780205499
160.3	47.62432692764
160.4	47.31244094998366
160.5	46.95763637844766
160.6	46.55829516821599
160.7	46.11316477866166
160.8	45.62137883410033
160.9	45.082405698436
161.	44.49594620027054
161.1	43.8618159151221
161.2	43.17984684313223
161.3	42.449830583008264
161.4	41.67150830675493
161.5	40.84460056296879
161.6	39.96886658235483
161.7	39.044186558822
161.8	38.070665277657
161.9	37.048755410910665
162.	35.979391806926664
162.1	34.86411770745433
162.2	33.705176834878664
162.3	32.50554764684433
162.4	31.268908828979665
162.5	29.999543504684
162.6	28.702205522330363
162.7	27.38197750223837
162.8	26.044145230178827
162.9	24.694100735049
163.	23.337274750819702
163.1	21.9790947228704
163.2	20.6249682606255
163.3	19.2802990498741
163.4	17.95054477340363
163.5	16.6413188182955
163.6	15.358520220835667
163.7	14.108457230746334
163.8	12.897920105254999
163.9	11.734166260021334
164.	10.6248054180063
164.1	9.577604403798
164.2	8.600256310307834
164.3	7.700165046656533
164.4	6.884281085550267
164.5	6.158996015088033
164.6	5.530077664416933
164.7	5.002618151141434
164.8	4.580978857621499
164.9	4.2687412875707995
165.	4.068694585861866
165.1	3.982893332699433
165.2	4.012797119654133
165.3	4.1594649117354
165.4	4.4237418210926664
165.5	4.806364184511
165.6	5.307930805507233
165.7	5.9287369306236
165.8	6.668521286482833
165.9	7.5262094461055336
166.	8.499732382820302
166.1	9.585959394493866
166.2	10.780730064574435
166.3	12.078929127413298
166.4	13.474542598744566
166.5	14.96066590737713
166.6	16.529486438944296
166.7	18.1723034877591
166.8	19.879652249101532
166.9	21.64155862029913
167.	23.447885922075034
167.1	25.288677082468332
167.2	27.154378919963335
167.3	29.035872337093267
167.4	30.92430919684883
167.5	32.810837307243695
167.6	34.68633933674346
167.7	36.54129674717233
167.8	38.3658229607545
167.9	40.14982527819373
168.	41.8831968168036
168.1	43.555938954065
168.2	45.1581719321701
168.3	46.68007516196073
168.4	48.1118620116852
168.5	49.4438982342142
168.6	50.667010991947905
168.7	51.77293531844266
168.8	52.754758428856334
168.9	53.60719743397766
169.	54.32660103652834
169.1	54.910677985551025
169.2	55.358070709692825
169.3	55.66795376429247
169.4	55.83981183837807
169.5	55.8734530821159
169.6	55.76919132638358
169.7	55.528049335282766
169.8	55.15183799038023
169.9	54.64305235934239
170.	54.00464868050953
170.1	53.23985816249787
170.2	52.352199982496536
170.3	51.34576683660234
170.4	50.22571353700033
170.5	48.99875591554599
170.6	47.67345139037833
170.7	46.26010921931866
170.8	44.770335264407365
170.9	43.2163771299328
171.	41.6105197621408
171.1	39.964744913459
171.2	38.290727717369464
171.3	36.60007154951867
171.4	34.90456808260533
171.5	33.2162737692738
171.6	31.547315722016698
171.7	29.909514569348033
171.8	28.314043874568362
171.9	26.771358964875663
172.	25.291507430025
172.1	23.88473602636367
172.2	22.562136000179667
172.3	21.336015270414666
172.4	20.219787829800666
172.5	19.227384479993663
172.6	18.372410392182864
172.7	17.66739144282103
172.8	17.123400711631234
172.9	16.750161644434236
173.	16.55648365914987
173.1	16.550724319124832
173.2	16.7409758981511
173.3	17.1348439745248
173.4	17.738933543324364
173.5	18.558350918281967
173.6	19.596558622792
173.7	20.855760312020667
173.8	22.337719025141332
173.9	24.044665311192663
174.	25.97986583207133
174.1	28.147553603512666
174.2	30.552212415261366
174.3	33.19751739217867
174.4	36.085402464732425
174.5	39.215661897052364
174.6	42.5862229247579
174.7	46.193884724491795
174.8	50.035082305619525
174.9	54.106229923870195
175.	58.40343612843306
175.1	62.92174226624779
175.2	67.65432872588742
175.3	72.59219625798653
175.4	77.72461603679932
175.5	83.04024990876599
175.6	88.528470411671
175.7	94.18025795729899
175.8	99.98821452214466
175.9	105.94564342939677
176.	112.04510361355759
176.1	118.2771185633948
176.2	124.62965526311658
176.3	131.08860595644688
176.4	137.63899157239732
176.5	144.26622399640547
176.6	150.9567221123488
176.7	157.6975120229306
176.8	164.47499591543263
176.9	171.2735627263459
177.	178.07487106672573
177.1	184.8583535404313
177.2	191.60288942604632
177.3	198.28896461763765
177.4	204.90031275713935
177.5	211.4242030401489
177.6	217.85015624422692
177.7	224.16764448225024
177.8	230.363873534301
177.9	236.42276305267356
178.	242.32568444082168
178.1	248.0536353725326
178.2	253.589755540481
178.3	258.92082900445394
178.4	264.03684948412604
178.5	268.92868120284237
178.6	273.5848829052605
178.7	277.9893527917583
178.8	282.121253636776
178.9	285.9577123019686
179.	289.47846086854463
179.1	292.670515190215
179.2	295.53071561589564
179.3	298.0646875878526
179.4	300.28225831331554
179.5	302.1909615417743
179.6	303.79025088329706
179.7	305.06893373158596
179.8	306.00711693694933
179.9	306.5821079792313
180.	306.77602806120296