# O+CO(0,0) elastic diff. cross section
# E = 0.0094 eV
# angle, CS (1e-16 cm^2)
0.1	217275.4654927666
0.2	212152.23785643332
0.3	203860.65107589998
0.4	192754.86141023334
0.5	179298.9703475
0.6	164038.3265721
0.7	147566.6302836333
0.8	130491.33083359999
0.9	113399.86018373331
1.	96829.0776351
1.1	81239.93820646666
1.2	66998.8787489
1.3	54366.7966153
1.4	43495.83706486666
1.5	34433.57001916666
1.6	27133.581118266666
1.7	21471.071941100003
1.8	17261.790335433332
1.9	14282.507263633332
2.	12291.317102533332
2.1	11046.243786933332
2.2	10320.952842783332
2.3	9916.758342056666
2.4	9670.530019443333
2.5	9458.506781046666
2.6	9196.372094403334
2.7	8836.216968183333
2.8	8361.191202156666
2.9	7778.718756193333
3.	7113.134687896666
3.1	6398.5042554266665
3.2	5672.230726293333
3.3	4969.871490766666
3.4	4321.386536799999
3.5	3748.860796543333
3.6	3265.5891772799996
3.7	2876.301152413333
3.8	2578.23522342
3.9	2362.7511274733333
4.	2217.1833303266667
4.1	2126.6837912006667
4.2	2075.864267259
4.3	2050.1175649836664
4.4	2036.5634935046667
4.5	2024.6214651179998
4.6	2006.2531501143333
4.7	1975.9436113959996
4.8	1930.4987329516666
4.9	1868.7332527746667
5.	1791.1112173696667
5.1	1699.3834746193334
5.2	1596.2488863956664
5.3	1485.050408098333
5.4	1369.5060481813334
5.5	1253.4687668699999
5.6	1140.7082827763331
5.7	1034.7103826953332
5.8	938.494050221
5.9	854.4518104513332
6.	784.2226153046665
6.1	728.6083058203333
6.2	687.5437056336666
6.3	660.126839775
6.4	644.710257658
6.5	639.047936404
6.6	640.4858644209999
6.7	646.1792130256667
6.8	653.3158271636667
6.9	659.3250883476667
7.	662.0531087729998
7.1	659.8894008253334
7.2	651.8360105873334
7.3	637.5167801266666
7.4	617.1310116479999
7.5	591.361505289
7.6	561.2510634256666
7.7	528.0636813776666
7.8	493.1466530693333
7.9	457.8078736653333
8.	423.2191258816666
8.1	390.35167226966666
8.2	359.94570208899995
8.3	332.5107468496667
8.4	308.35063342066667
8.5	287.6042743476
8.6	270.29278529106665
8.7	256.36404026053333
8.8	245.7276045223333
8.9	238.27565180599998
9.	233.88851787829998
9.1	232.4264894441667
9.2	233.71184693623334
9.3	237.50674906273335
9.4	243.49308719526664
9.5	251.25993146446663
9.6	260.3027749485
9.7	270.0367216945333
9.8	279.8234046519
9.9	289.009135326
10.	296.9699247122333
10.1	303.15784437273334
10.2	307.14287356986665
10.3	308.6449275581
10.4	307.55207753056663
10.5	303.9228387523
10.6	297.9725303926
10.7	290.04578047096663
10.8	280.5789635319667
10.9	270.0574814782333
11.	258.9731893526
11.1	247.78690033956664
11.2	236.89986327629998
11.3	226.6365726520333
11.4	217.23949209466664
11.5	208.87452046919998
11.6	201.6445625847
11.7	195.60758873413332
11.8	190.79520213566664
11.9	187.22800766123333
12.	184.92491913626668
12.1	183.9048036633
12.2	184.18033094653333
12.3	185.7453410979
12.4	188.55824542783333
12.5	192.5247547509
12.6	197.4834802909333
12.7	203.19764645599997
12.8	209.35534764756667
12.9	215.57959911446665
13.	221.44805098966668
13.1	226.5208544299333
13.2	230.3739826432667
13.3	232.63447797019995
13.4	233.0137259375
13.5	231.3349890072333
13.6	227.55203864683335
13.7	221.7567147777666
13.8	214.17448029146664
13.9	205.14836253016665
14.	195.11291719739998
14.1	184.56086512943332
14.2	174.00572696019998
14.3	163.94405180566665
14.4	154.82069389876665
14.5	147.0000774465
14.6	140.7455893024333
14.7	136.2082652426
14.8	133.42491555793333
14.9	132.3248924696333
15.	132.74393972266665
15.1	134.4430572096333
15.2	137.13009652643333
15.3	140.48187343413332
15.4	144.16490072453334
15.5	147.85334194533334
15.6	151.24337750349997
15.7	154.0637693596333
15.8	156.08292598819997
15.9	157.11314062383332
16.	157.01286426976665
16.1	155.68787147019998
16.2	153.09200197494664
16.3	149.22786090902667
16.4	144.14749702205333
16.5	137.95272379851667
16.6	130.79446907588334
16.7	122.87038951242332
16.8	114.41999952584331
16.9	105.71674672070665
17.	97.05679663336998
17.1	88.74472382409999
17.2	81.07678112806667
17.3	74.32286273796667
17.4	68.7086200051
17.5	64.39937376966667
17.6	61.48745660653333
17.7	59.984402034999995
17.8	59.818993193
17.9	60.841634805266665
18.	62.83488407593334
18.1	65.52934480529998
18.2	68.62357245483332
18.3	71.80622479936666
18.4	74.77847365439999
18.5	77.2746934047
18.6	79.07965909323333
18.7	80.04089079123332
18.8	80.07531923093333
18.9	79.17005229723333
19.	77.37761911999999
19.1	74.80658826453333
19.2	71.6088418859
19.3	67.96500149399999
19.4	64.06952960509999
19.5	60.1168857338
19.6	56.289826947466665
19.7	52.750560509900005
19.8	49.63503549536666
19.9	47.050258518233335
20.	45.07418568326666
20.1	43.75751489146666
20.2	43.126598899933335
20.3	43.18672061983333
20.4	43.92510142993332
20.5	45.313220537533326
20.6	47.3082699828
20.7	49.85381468706666
20.8	52.87993241216666
20.9	56.3032455453
21.	60.02730817368334
21.1	63.943774532473334
21.2	67.93465841565333
21.3	71.87581854142667
21.4	75.64160076214667
21.5	79.11036628167666
21.6	82.17046623612333
21.7	84.72611221029
21.8	86.70255576153666
21.9	88.05003349643
22.	88.74605199940333
22.1	88.79576328619333
22.2	88.23039272699333
22.3	87.10389940499999
22.4	85.48824464603334
22.5	83.46779214993333
22.6	81.13344341679999
22.7	78.5771147009
22.8	75.88708668756666
22.9	73.14461588666666
23.	70.42200691546665
23.1	67.78213325269999
23.2	65.27918961353333
23.3	62.96028984553334
23.4	60.867413603866666
23.5	59.03916855559999
23.6	57.51187807623333
23.7	56.3196219468
23.8	55.49303383163334
23.9	55.05687035949999
24.	55.02658341546666
24.1	55.40431943843333
24.2	56.174909682733336
24.3	57.302482710999996
24.4	58.728313516633335
24.5	60.37042244373333
24.6	62.12526249803333
24.7	63.871606599299994
24.8	65.47649470893333
24.9	66.80285587190001
25.	67.71821254946667
25.1	68.10372994823332
25.2	67.86280906156667
25.3	66.92844628036666
25.4	65.26869112986665
25.5	62.88971310503334
25.6	59.8362165896
25.7	56.18919219154666
25.8	52.06123477121333
25.9	47.589866319113334
26.	42.92945457226
26.1	38.24240240664666
26.2	33.69029430366666
26.3	29.42562916122667
26.4	25.58465584570333
26.5	22.281677182198667
26.6	19.605020513895
26.7	17.614709453427
26.8	16.341730229109665
26.9	15.788680510664998
27.	15.931526086209999
27.1	16.722172055146665
27.2	18.091575150833332
27.3	19.953172568339998
27.4	22.206467535389997
27.5	24.74067929611333
27.6	27.438422809956666
27.7	30.179421791609997
27.8	32.844272236213335
27.9	35.31826134237333
28.	37.49521225599
28.1	39.28127550317333
28.2	40.59853307202667
28.3	41.38823158874667
28.4	41.61342710307667
28.5	41.26081385333333
28.6	40.34152802716666
28.7	38.89076607793333
28.8	36.966132548000004
28.9	34.64472771716666
29.	32.019090823333336
29.1	29.192218354866668
29.2	26.271966860816665
29.3	23.365214873869995
29.4	20.57219044164667
29.5	17.98136462833333
29.6	15.665266724476666
29.7	13.67749782975
29.8	12.051114052429998
29.9	10.798430045813333
30.	9.912171001806666
30.1	9.367789764556667
30.2	9.126677198909999
30.3	9.139937229383332
30.4	9.35237796762
30.5	9.706387426266666
30.6	10.145412332636667
30.7	10.61683349166
30.8	11.074120264226666
30.9	11.478238061586666
31.	11.798364746535665
31.1	12.012034874178335
31.2	12.104868362819
31.3	12.070049964085001
31.4	11.907709392439
31.5	11.624314441513665
31.6	11.232138864723
31.7	10.748812645435665
31.8	10.196913914502334
31.9	9.603527123097999
32.	8.999676502149999
32.1	8.41954938245
32.2	7.899449214733334
32.3	7.47645855301
32.4	7.186840996986668
32.5	7.064260070586667
32.6	7.13793426964
32.7	7.430874364716667
32.8	7.958357081166666
32.9	8.72677696161
33.	9.73298703895
33.1	10.964193128406666
33.2	12.3984123575
33.3	14.005451333226667
33.4	15.74831045048
33.5	17.584884569733333
33.6	19.469811039583334
33.7	21.356315741099998
33.8	23.197925763719997
33.9	24.949950281856662
34.	26.570674002833332
34.1	28.022253819616658
34.2	29.27135231050333
34.3	30.28957539067
34.4	31.053801032306666
34.5	31.54648885917333
34.6	31.756046262156666
34.7	31.677297532489995
34.8	31.31206254730333
34.9	30.669806523073333
35.	29.768278895766663
35.1	28.63402412364333
35.2	27.30262595789
35.3	25.818543715466667
35.4	24.234416387506663
35.5	22.609747593486663
35.6	21.0089384759
35.7	19.49870135957333
35.8	18.14495737691
35.9	17.00938830397
36.	16.145868530816664
36.1	15.597040260866667
36.2	15.391308342023331
36.3	15.540517701709998
36.4	16.038536229496664
36.5	16.860902154959998
36.6	17.96561327909
36.7	19.295043712176664
36.8	20.7788811853
36.9	22.33789385525
37.	23.888268261773334
37.1	25.34621629729333
37.2	26.63253269088
37.3	27.67679651244
37.4	28.42094843205
37.5	28.82203501524667
37.6	28.853985232953335
37.7	28.508364474656663
37.8	27.794129389826665
37.9	26.736475417596665
38.	25.374922158769998
38.1	23.760816311329997
38.2	21.95444676062
38.3	20.02196300486333
38.4	18.03226980404
38.5	16.054042490599997
38.6	14.152974042113332
38.7	12.389331800443331
38.8	10.815872722406667
38.9	9.476143921723335
39.	8.403181028136666
39.1	7.618609949573333
39.2	7.132156051779999
39.3	6.941565783309999
39.4	7.032946304563334
39.5	7.381525941656666
39.6	7.9528302927166665
39.7	8.70425469898
39.8	9.586993989133333
39.9	10.548266569526668
40.	11.533744722906665
40.1	12.490079647473332
40.2	13.367391721919997
40.3	14.121586756256665
40.4	14.716359850329997
40.5	15.124761076406665
40.6	15.33022136256
40.7	15.326971203029998
40.8	15.119826471333333
40.9	14.723361068423333
41.	14.160531268673333
41.1	13.460857202283332
41.2	12.658299065369999
41.3	11.78898628724
41.4	10.888965021613334
41.5	9.992122310900001
41.6	9.128424844069999
41.7	8.322578477493332
41.8	7.593174807163334
41.9	6.95234706079
42.	6.405913753696666
42.1	5.953949159236666
42.2	5.591688347023333
42.3	5.31065404999
42.4	5.099884399626667
42.5	4.947144704383334
42.6	4.8400216720966664
42.7	4.766822362866667
42.8	4.717229437963333
42.9	4.6826952686
43.	4.656586569306667
43.1	4.634115313173333
43.2	4.612108528449999
43.3	4.588678030223333
43.4	4.562851246017999
43.5	4.534217173110333
43.6	4.502629120618999
43.7	4.467990692943332
43.8	4.4301360011140005
43.9	4.388801576472
44.	4.3436775144287
44.1	4.294519777935333
44.2	4.241304247253667
44.3	4.184405145150333
44.4	4.124784474163333
44.5	4.064183417289333
44.6	4.005309724133333
44.7	3.9520157970300005
44.8	3.9094600192066666
44.9	3.8842390975533334
45.	3.884472811346667
45.1	3.9198161067483337
45.2	4.001368774370133
45.3	4.141451765488066
45.4	4.353222927371333
45.5	4.650114287755333
45.6	5.045087859353332
45.7	5.549726222796666
45.8	6.173196012746667
45.9	6.921144392486667
46.	7.794607868446666
46.1	8.789026635506666
46.2	9.893463748723335
46.3	11.090125221799997
46.4	12.35426406261
46.5	13.65452876489
46.6	14.95378643236
46.7	16.21041499566
46.8	17.380021028196666
46.9	18.417502952686664
47.	19.27934741131
47.1	19.926022317346664
47.2	20.32431599364
47.3	20.449469274806667
47.4	20.286956874873333
47.5	19.83379496866
47.6	19.099282048826666
47.7	18.10511711122333
47.8	16.884879919693333
47.9	15.482899087126668
48.	13.952571633073333
48.1	12.354229602513332
48.2	10.752673000596666
48.3	9.214502338793332
48.4	7.805388119236667
48.5	6.587409195469999
48.6	5.616578600457999
48.7	4.940656217936
48.8	4.597325055000333
48.9	4.612784339432
49.	5.000790429916333
49.1	5.762157254464
49.2	6.884712620234666
49.3	8.343695404819666
49.4	10.102570739488
49.5	12.114234648950333
49.6	14.322574721172334
49.7	16.664347747591666
49.8	19.071327707197998
49.9	21.472667368236664
50.	23.797404292363332
50.1	25.97702811960666
50.2	27.94801236889667
50.3	29.654202810356665
50.4	31.048948133609997
50.5	32.09685935506666
50.6	32.77509381414
50.7	33.07407845717333
50.8	32.997615059526666
50.9	32.562345582569996
51.	31.79659642252
51.1	30.738662466266664
51.2	29.434631748153336
51.3	27.93588519695333
51.4	26.29643001174
51.5	24.57023700257
51.6	22.808750350273332
51.7	21.058722614996668
51.8	19.360499776536663
51.9	17.746843190853333
52.	16.242331124626666
52.1	14.863336106966665
52.2	13.61852995992
52.3	12.509829994556668
52.4	11.533670730643333
52.5	10.682467862703334
52.6	9.946136098323333
52.7	9.313529743553332
52.8	8.77369314075
52.9	8.316834943116667
53.	7.9349727126800005
53.1	7.622229082193333
53.2	7.374794344469999
53.3	7.19059978356
53.4	7.068768901476666
53.5	7.00892829994
53.6	7.010465644546667
53.7	7.07181909629
53.8	7.189871916963332
53.9	7.359509391611333
54.	7.573374959155666
54.1	7.821840887248666
54.2	8.093188253168666
54.3	8.373973361906332
54.4	8.649544458506332
54.5	8.904664447516
54.6	9.124192388215334
54.7	9.293778230477667
54.8	9.400530520497
54.9	9.433624261582999
55.	9.384824297827667
55.1	9.248907182888999
55.2	9.023970523240667
55.3	8.711622752398
55.4	8.317048227716
55.5	7.848942975037333
55.6	7.319316241474999
55.7	6.743153344493333
55.8	6.1379371913166665
55.9	5.523030092826667
56.	4.9189244889633335
56.1	4.346380758273334
56.2	3.8254816466333326
56.3	3.37464475823
56.4	3.009645393796667
56.5	2.7427100674966667
56.6	2.581744695435667
56.7	2.5297595302713334
56.8	2.5845448284913335
56.9	2.7386371223566663
57.	2.9795967384933335
57.1	3.290594458316666
57.2	3.6512810686233337
57.3	4.03889038988
57.4	4.429506563616666
57.5	4.799411994106666
57.6	5.126424884746666
57.7	5.39113556809
57.8	5.577958768166667
57.9	5.675933724096666
58.	5.679224231456667
58.1	5.58729411591
58.2	5.404758177776666
58.3	5.140931986209999
58.4	4.809124042136666
58.5	4.425729212573334
58.6	4.00919197949
58.7	3.57891160363
58.8	3.1541590540733333
58.9	2.75306831264
59.	2.3917536389646665
59.1	2.0835910156776665
59.2	1.8386877691116665
59.3	1.6635506459219997
59.4	1.5609505266536665
59.5	1.5299722285536668
59.6	1.5662308470289998
59.7	1.6622317723786666
59.8	1.8078495231523333
59.9	1.9909002435329999
60.	2.197783379183
60.1	2.4141689392813332
60.2	2.6257072666367334
60.3	2.8187379975095
60.4	2.9809738203663
60.5	3.102132975287033
60.6	3.1744926981937667
60.7	3.193334737769153
60.8	3.15725447952053
60.9	3.068307868258263
61.	2.9319757925082333
61.1	2.7569341121045996
61.2	2.554628875426067
61.3	2.3386698203402334
61.4	2.1240698804134666
61.5	1.926372683461333
61.6	1.7607223107286665
61.7	1.6409382811623332
61.8	1.5786624766583333
61.9	1.5826426170143333
62.	1.6582086221856667
62.1	1.8069841573356666
62.2	2.0268569393623332
62.3	2.3122096983889997
62.4	2.6543911770253334
62.5	3.042385546844333
62.6	3.4636213736849997
62.7	3.9048496539883333
62.8	4.353015756692
62.9	4.796052852433666
63.	5.223534269899
63.1	5.627138058857
63.2	6.000897062003333
63.3	6.341229759162999
63.4	6.646768627190667
63.5	6.918021452587
63.6	7.156915033532666
63.7	7.366278699162667
63.8	7.549326496614
63.9	7.709191955393334
64.	7.848558972756667
64.1	7.9694180756
64.2	8.072960979386666
64.3	8.159609981286666
64.4	8.229164162853333
64.5	8.28103317185
64.6	8.314522529243334
64.7	8.32913239586
64.8	8.324834348986666
64.9	8.302297225779999
65.	8.26304232835
65.1	8.209518825933333
65.2	8.14510055721
65.3	8.074014262759999
65.4	8.001215504656667
65.5	7.932231509266666
65.6	7.872989741317333
65.7	7.829647514626665
65.8	7.808432139893
65.9	7.815494094511
66.	7.856768744316668
66.1	7.937836515537666
66.2	8.063768195730333
66.3	8.238941980080666
66.4	8.466822268861
66.5	8.749696836025667
66.6	9.088378090286
66.7	9.481884556612332
66.8	9.927128939098
66.9	10.418647579736332
67.	10.948411294141
67.1	11.505758246666666
67.2	12.077485007914
67.3	12.648122142083666
67.4	13.200406191152332
67.5	13.715942016187997
67.6	14.176029911536334
67.7	14.562612858590864
67.8	14.859282967982164
67.9	15.0522746203446
68.	15.131366677935732
68.1	15.0906183543488
68.2	14.928873060268465
68.3	14.649981098895902
68.4	14.262713991394332
68.5	13.780368358126
68.6	13.220083163597
68.7	12.601918132323334
68.8	11.947760837268998
68.9	11.280143394186
69.	10.621055594711667
69.1	9.990839230750666
69.2	9.407238706634
69.3	8.884667001697332
69.4	8.433725452944666
69.5	8.060992904894334
69.6	7.769076885465333
69.7	7.556898849606999
69.8	7.42016905487
69.9	7.351995608596667
70.	7.343567306973332
70.1	7.38485102879
70.2	7.465250976756668
70.3	7.574187773183333
70.4	7.701568783893333
70.5	7.838135367603333
70.6	7.975686404600001
70.7	8.107189045606667
70.8	8.2267961181
70.9	8.329794469996665
71.	8.412509647656664
71.1	8.472190079879999
71.2	8.50688913424
71.3	8.515357046573332
71.4	8.496947921183333
71.5	8.451540855203334
71.6	8.379469656396665
71.7	8.281453224403332
71.8	8.158518702803333
71.9	8.011911849693332
72.	7.842993228236666
72.1	7.65312399805
72.2	7.443550345869999
72.3	7.21529992759
72.4	6.969106226096667
72.5	6.705376809693334
72.6	6.424218806619999
72.7	6.125529595783332
72.8	5.809153261219999
72.9	5.475094640689999
73.	5.123773927853334
73.1	4.756296998103332
73.2	4.37471107816
73.3	3.982213019563333
73.4	3.58327884421
73.5	3.1836885272313333
73.6	2.7904287958219998
73.7	2.411468209077
73.8	2.0554117296953334
73.9	1.7310549596103333
74.	1.4468696956299998
74.1	1.2104611123573332
74.2	1.0280416530796666
74.3	0.9039670005926667
74.4	0.8403752226516668
74.5	0.8369617786016668
74.6	0.8909114397351666
74.7	0.9969945701726
74.8	1.1478210847699999
74.9	1.3342322076053332
75.	1.5457992048059999
75.1	1.7713905621366666
75.2	1.999765221771
75.3	2.220149635247
75.4	2.422760245299666
75.5	2.5992399183329997
75.6	2.7429858832296667
75.7	2.849356821221
75.8	2.915756819081333
75.9	2.941602984172667
76.	2.9281908778459997
76.1	2.87847708138
76.2	2.796800993046667
76.3	2.688568472699999
76.4	2.5599185449966666
76.5	2.4173915491999995
76.6	2.267613470313333
76.7	2.1170072890866667
76.8	1.97153855694
76.9	1.83649941675
77.	1.71633316295
77.1	1.614500203722
77.2	1.5333858290853333
77.3	1.4742502497003334
77.4	1.4372216227396666
77.5	1.421332873408
77.6	1.4246027442052664
77.7	1.4441604423853331
77.8	1.4764114278009999
77.9	1.5172393615496667
78.	1.5622362507746665
78.1	1.6069497381633333
78.2	1.6471337444096668
78.3	1.678986751804333
78.4	1.6993613440833333
78.5	1.7059295018966667
78.6	1.69729072754
78.7	1.6730142533499999
78.8	1.6336120634499998
78.9	1.5804457093966664
79.	1.5155762531333334
79.1	1.44157237721
79.2	1.3612960361123332
79.3	1.2776873806156666
79.4	1.1935706788706666
79.5	1.1115004736069998
79.6	1.0336624543056665
79.7	0.9618369859386666
79.8	0.8974256669204334
79.9	0.8415335897644334
80.	0.7950930908468767
80.1	0.7590095606836665
80.2	0.7343070057745665
80.3	0.7222508812844
80.4	0.724428284967
80.5	0.7427706055093333
80.6	0.7795105362323334
80.7	0.8370731603149999
80.8	0.9179086374293333
80.9	1.0242809403893331
81.	1.1580323057506665
81.1	1.3203460098550002
81.2	1.5115304968523333
81.3	1.7308458237039999
81.4	1.9763892043943332
81.5	2.245050725384333
81.6	2.5325438082236666
81.7	2.833508499265333
81.8	3.1416798933799996
81.9	3.45010952255
82.	3.751424717266666
82.1	4.038109892093333
82.2	4.302794287393334
82.3	4.538532586086666
82.4	4.739067545816667
82.5	4.899066809283333
82.6	5.0143288652199995
82.7	5.081955308013333
82.8	5.100487817876667
82.9	5.070008570223333
83.	4.99220219178
83.1	4.87037619002
83.2	4.709435401193334
83.3	4.515804903073333
83.4	4.297295491883333
83.5	4.062906618843333
83.6	3.82256386948
83.7	3.586791703216666
83.8	3.3663270874399993
83.9	3.1716854755833332
84.	3.012696715956667
84.1	2.8980342246666666
84.2	2.8347653409399998
84.3	2.8279534686066663
84.4	2.88034278842
84.5	2.992153617653333
84.6	3.16101080563
84.7	3.382019130693333
84.8	3.6479890878999996
84.9	3.9498046105466664
85.	4.276912257636667
85.1	4.617900437736666
85.2	4.96112851701
85.3	5.295360198756667
85.4	5.610354091373333
85.5	5.897367230483334
85.6	6.149534365973333
85.7	6.362096477750001
85.8	6.532465252149999
85.9	6.66012483029
86.	6.746386561704334
86.1	6.79402529902
86.2	6.80683564759
86.3	6.789152569005666
86.4	6.7453822693820005
86.5	6.679586332735665
86.6	6.595155005893333
86.7	6.494595266952133
86.8	6.379446990204934
86.9	6.250327505369967
87.	6.107092506054233
87.1	5.949090810362966
87.2	5.775482862631333
87.3	5.5855886661683325
87.4	5.379230220714999
87.5	5.157036266894
87.6	4.920682636922666
87.7	4.673048941393667
87.8	4.41828073011
87.9	4.161754679463334
88.	3.9099519287699995
88.1	3.670250756263333
88.2	3.450653969706667
88.3	3.259468577893333
88.4	3.1049556762733332
88.5	2.994967401226667
88.6	2.9365858081333336
88.7	2.9357761830999998
88.8	2.997065144453333
88.9	3.1232523458733334
89.	3.31516389522
89.1	3.5714557754433334
89.2	3.888476402186667
89.3	4.260198595016666
89.4	4.678232161446667
89.5	5.131928427153333
89.6	5.60858685872
89.7	6.09377101011
89.8	6.5717361791133335
89.9	7.02596444588
90.	7.4397945367533325
90.1	7.797124842073334
90.2	8.083158788046667
90.3	8.285153630073333
90.4	8.393127658883333
90.5	8.400477751203333
90.6	8.30445990818
90.7	8.106490321113332
90.8	7.8122335956799995
90.9	7.4314576081000006
91.	6.97765017537
91.1	6.467410048376665
91.2	5.91964216983
91.3	5.35460306353
91.4	4.792855097793333
91.5	4.25419687786
91.6	3.7566402588233334
91.7	3.3155020049133332
91.8	2.94267008735
91.9	2.6460916861333335
92.	2.4295132942266666
92.1	2.2924844207199997
92.2	2.2306169507733333
92.3	2.2360739536633334
92.4	2.2982461804499996
92.5	2.40456288572
92.6	2.5413767390399995
92.7	2.694860768113333
92.8	2.8518583126399997
92.9	3.0006342434233333
93.	3.131486252566667
93.1	3.2371876709466667
93.2	3.3132467711016664
93.3	3.3579806809369996
93.4	3.372413859790333
93.5	3.360020826912667
93.6	3.326340041855
93.7	3.278490381827333
93.8	3.2246236830635002
93.9	3.173346662459333
94.	3.1331436964415667
94.1	3.1118289364392666
94.2	3.1160525830017
94.3	3.1508822245456667
94.4	3.2194762372009995
94.5	3.322862449563666
94.6	3.459831571727666
94.7	3.6269511336909996
94.8	3.8187016819166666
94.9	4.027732555846666
95.	4.245229586653333
95.1	4.461381524969999
95.2	4.665926063926666
95.3	4.84875029937
95.4	5.00051483617
95.5	5.113266103239999
95.6	5.180998425633334
95.7	5.2001266451533334
95.8	5.169832084049999
95.9	5.09224971896
96.	4.97247260288
96.1	4.81836055628
96.2	4.640153323886667
96.3	4.4499028371366665
96.4	4.260753773486666
96.5	4.0861149676099995
96.6	3.9387751065966663
96.7	3.830023366567
96.8	3.768838328717333
96.9	3.761206138576333
97.	3.809621396806666
97.1	3.912812135168333
97.2	4.065714344996
97.3	4.25970318109
97.4	4.483068719453334
97.5	4.7217056625966665
97.6	4.959970271966666
97.7	5.181645434296667
97.8	5.370947164106667
97.9	5.513503566823333
98.	5.597240396206666
98.1	5.61311540947
98.2	5.555655891133332
98.3	5.423268804119999
98.4	5.218309663286667
98.5	4.946912999233333
98.6	4.618602872396666
98.7	4.245715204993333
98.8	3.842673916173333
98.9	3.425169509943333
99.	3.0092917585366665
99.1	2.6106676395333333
99.2	2.2436521663666666
99.3	1.9206138102646666
99.4	1.6513485408093331
99.5	1.4426478061302
99.6	1.2980366600681665
99.7	1.217689237354
99.8	1.1985202587136667
99.9	1.2344434600779999
100.	1.3167809123399998
100.1	1.4348011770246665
100.2	1.5763591337216667
100.3	1.7286061204199998
100.4	1.8787357843766666
100.5	2.0147288378869996
100.6	2.126058900310133
100.7	2.2043219824845663
100.8	2.2437541528294336
100.9	2.241605716362667
101.	2.1983459742759996
101.1	2.117680330164333
101.2	2.0063710282856664
101.3	1.8738638163083332
101.4	1.731734784966
101.5	1.5929838265399998
101.6	1.4712127005099997
101.7	1.3797356420533333
101.8	1.3306778444626668
101.9	1.334121137746
102.	1.3973561252366666
102.1	1.5242955719433333
102.2	1.7150949731476666
102.3	1.9660133747836668
102.4	2.2695314710533334
102.5	2.6147259148799997
102.6	2.98788004569
102.7	3.3732933998199996
102.8	3.754236942923333
102.9	4.113989308786667
103.	4.436882501293333
103.1	4.709284160963333
103.2	4.920447776843333
103.3	5.063171802289999
103.4	5.13422270319
103.5	5.134494338346666
103.6	5.06889528516
103.7	4.945975198146666
103.8	4.777319471443333
103.9	4.5767569890166655
104.	4.359437496609999
104.1	4.140842397926667
104.2	3.9357952536166665
104.3	3.757536041013333
104.4	3.616916771923334
104.5	3.521766110206667
104.6	3.4764581185866668
104.7	3.4817062282766664
104.8	3.5345889953499996
104.9	3.6288001324966666
105.	3.7551024872133327
105.1	3.9019547018133336
105.2	4.056270666976666
105.3	4.204265814099999
105.4	4.332340863103333
105.5	4.427952800073333
105.6	4.480424454296666
105.7	4.48164785993
105.8	4.426642368073333
105.9	4.313935938059999
106.	4.145746886526666
106.1	3.9279532937833332
106.2	3.66984792282
106.3	3.3836875274500002
106.4	3.0840564009166664
106.5	2.78707449036
106.6	2.5094898758766666
106.7	2.2677033583166666
106.8	2.07677878257
106.9	1.94949603772
107.	1.8955039894899999
107.1	1.9206276033466665
107.2	2.0263770712499998
107.3	2.20969694093
107.4	2.4629803935033334
107.5	2.7743585153733332
107.6	3.12825750815
107.7	3.5061993326866663
107.8	3.8878044960299993
107.9	4.2519408251933335
108.	4.577950343632667
108.1	4.846878826519333
108.2	5.042630041381667
108.3	5.152969501702334
108.4	5.170310772215999
108.5	5.0922305222599995
108.6	4.921675761656666
108.7	4.6668467850269995
108.8	4.340760815542334
108.9	3.9605225658879997
109.	3.546347330652333
109.1	3.120398347916
109.2	2.7055118696893334
109.3	2.3238898735346667
109.4	1.9958412913866665
109.5	1.7386481185466665
109.6	1.5656233108333333
109.7	1.4854138368599998
109.8	1.5015857372399997
109.9	1.6125098046169999
110.	1.8115478236846665
110.1	2.0875214116133334
110.2	2.42542943876
110.3	2.8073666357099993
110.4	3.2135859132733335
110.5	3.6236404936899995
110.6	4.01753929617
110.7	4.37685005346
110.8	4.685689102803333
110.9	4.9315443086699995
111.	5.105887650486666
111.1	5.20454609569
111.2	5.22781287763
111.3	5.18029558205
111.4	5.070511868443333
111.5	4.91025756092
111.6	4.713784588863334
111.7	4.496837214006666
111.8	4.275603562636666
111.9	4.065645172933333
112.	3.8808696511899994
112.1	3.732610319701
112.2	3.628871812767333
112.3	3.573792004853666
112.4	3.5673587205913333
112.5	3.605404886637333
112.6	3.6798888668266665
112.7	3.77944859836
112.8	3.8901999023500005
112.9	3.9967321610166664
113.	4.083239650636666
113.1	4.134715347736667
113.2	4.1381269891666665
113.3	4.083493322096666
113.4	3.9647822578699996
113.5	3.78056208122
113.6	3.534351573956666
113.7	3.2346340686899997
113.8	2.8945228405066663
113.9	2.5310893430866668
114.	2.1643898642933332
114.1	1.8162484104133334
114.2	1.508872304268
114.3	1.2633906103246666
114.4	1.0984129533475333
114.5	1.028706922461533
114.6	1.064085924875
114.7	1.20858649505
114.8	1.4599956042266664
114.9	1.8097658045366665
115.	2.2433307380666663
115.1	2.7408074592966667
115.2	3.2780469815466664
115.3	3.827972147906666
115.4	4.362123765156666
115.5	4.8523229914399995
115.6	5.272350892846666
115.7	5.599545113613333
115.8	5.81621857454
115.9	5.9108155040699994
116.	5.878735120916667
116.1	5.722771927206666
116.2	5.45314272115
116.3	5.087092934839999
116.4	4.64809759695
116.5	4.16469402495
116.6	3.6690032664500003
116.7	3.1950144570366668
116.8	2.7767198779766664
116.9	2.446197966963333
117.	2.2317463804499997
117.1	2.15616711507
117.2	2.2353005295433332
117.3	2.4768949237499998
117.4	2.879883396833333
117.5	3.4341205166299997
117.6	4.120608616586667
117.7	4.912218250306666
117.8	5.77488064265
117.9	6.6692032176466665
118.	7.552433909566666
118.1	8.38067747896
118.2	9.11124891631
118.3	9.705036553066666
118.4	10.128741802573334
118.5	10.356864279316333
118.6	10.373310744211333
118.7	10.172523751450333
118.8	9.760050380927
118.9	9.152501859592999
119.	8.376889555186667
119.1	7.469359734692665
119.2	6.473386301406332
119.3	5.437515034974666
119.4	4.412782286388666
119.5	3.449953505051667
119.6	2.596740682717
119.7	1.8951616585953333
119.8	1.3791977727116667
119.9	1.0728898514335
120.	0.9889869545137
120.1	1.1282293593198998
120.2	1.4793090928191
120.3	2.0195104970536666
120.4	2.7159925464469996
120.5	3.527636596822667
120.6	4.407350362569
120.7	5.3046931950096665
120.8	6.168670626023332
120.9	6.950538469003332
121.	7.606458700965334
121.1	8.099860427914667
121.2	8.403378449723
121.3	8.500267843151999
121.4	8.385223812735
121.5	8.0645698888264
121.6	7.5558124121885335
121.7	6.886593242346299
121.8	6.093104044069799
121.9	5.218052862982733
122.	4.308295807672433
122.1	3.4122626242646996
122.2	2.577314215466333
122.3	1.8471724518943333
122.4	1.2595579881123333
122.5	0.8441605297313333
122.6	0.6210486700103333
122.7	0.599603819839
122.8	0.7780359058869999
122.9	1.1435086027256665
123.	1.6728702467086667
123.1	2.3339547155643334
123.2	3.087385978874333
123.3	3.8887922701113333
123.4	4.691312382135666
123.5	5.448258796259999
123.6	6.115791361206666
123.7	6.655451900556667
123.8	7.0364149399299984
123.9	7.2373227902499995
124.	7.247594113683334
124.1	7.068122971179999
124.2	6.711318869319999
124.3	6.200475727133334
124.4	5.56849686796
124.5	4.85604176655
124.6	4.10919592489
124.7	3.376795560646667
124.8	2.7075616691766666
124.9	2.147211773313333
125.	1.7357211806866666
125.1	1.5048983642456666
125.2	1.476421442276
125.3	1.660455665419
125.4	2.0549370056266665
125.5	2.645566633513333
125.6	3.4065179158200003
125.7	4.301814412456666
125.8	5.287297038826667
125.9	6.3130636887366665
126.	7.326237373223333
126.1	8.273900931413333
126.2	9.1060285541
126.3	9.778246944876667
126.4	10.254271457636666
126.5	10.507883881613333
126.6	10.524347079646667
126.7	10.301185433819999
126.8	9.84829681624
126.9	9.18739933745
127.	8.350852277622998
127.1	7.379923447281001
127.2	6.322603135455666
127.3	5.231086538603333
127.4	4.159061282711666
127.5	3.158943920665333
127.6	2.2792090593193333
127.7	1.5619473586706667
127.8	1.0407746602533332
127.9	0.739194822958
128.	0.6694945483361432
128.1	0.8322207974513334
128.2	1.2162616710406664
128.3	1.7995212295886667
128.4	2.550149061428
128.5	3.4282578139673334
128.6	4.3880376489733335
128.7	5.38015679946
128.8	6.35432305082
128.9	7.2618727862500005
129.	8.058252711433333
129.1	8.705264710369999
129.2	9.172956362593332
129.3	9.441058027846667
129.4	9.499891286186667
129.5	9.350701802993333
129.6	9.005400957133332
129.7	8.485733184033332
129.8	7.821918128066668
129.9	7.050846493603332
130.	6.213934095629999
130.1	5.354758381503332
130.2	4.51661425782
130.3	3.7401304658233334
130.4	3.0610835598899997
130.5	2.50853388482
130.6	2.1033875341666666
130.7	1.8574613750733333
130.8	1.7730965990266665
130.9	1.8433320144433334
131.	2.0526137497766666
131.1	2.3779855208866665
131.2	2.7906753113633336
131.3	3.25797206475
131.4	3.7452711670399994
131.5	4.2181609086366665
131.6	4.644423939566667
131.7	4.995837539576667
131.8	5.24967332978
131.9	5.38981941889
132.	5.407474147506666
132.1	5.30138865198
132.2	5.077663485616666
132.3	4.749130713103334
132.4	4.334375696613333
132.5	3.8564710187766664
132.6	3.34150783507
132.7	2.8170170297199997
132.8	2.3103738639766664
132.9	1.8472757203166665
133.	1.45037370698
133.1	1.1381261648656666
133.2	0.9239265186176666
133.3	0.8155405040743333
133.4	0.8148696433836667
133.5	0.9180399188920001
133.6	1.1157977954216665
133.7	1.394180790785
133.8	1.7354172678173332
133.9	2.1190004215666667
134.	2.522874806981333
134.1	2.9246702936026665
134.2	3.3029180164116667
134.3	3.6381855844093325
134.4	3.9140742923216667
134.5	4.118029070153666
134.6	4.241922051704667
134.7	4.282382544485766
134.8	4.240859375820266
134.9	4.1234155490978
135.	3.9402692848980334
135.1	3.7051091882268334
135.2	3.4342237896313326
135.3	3.1454963323543326
135.4	2.8573237321916665
135.5	2.587523502721333
135.6	2.352293631840333
135.7	2.1652876316106666
135.8	2.0368602255946664
135.9	1.973528639472
136.	1.977680776488333
136.1	2.0475455300266665
136.2	2.1774231912233333
136.3	2.3581565891166667
136.4	2.5778075552966664
136.5	2.822489777113333
136.6	3.0772991658699995
136.7	3.3272773129866664
136.8	3.5583428733633333
136.9	3.75812983173
137.	3.9166801901399997
137.1	4.0269509013233336
137.2	4.085109791603333
137.3	4.090611492393332
137.4	4.046060667226667
137.5	3.956884759556667
137.6	3.8308509309266663
137.7	3.677470905623333
137.8	3.5073425126899993
137.9	3.3314776139866664
138.	3.1606629950266667
138.1	3.0048941780866665
138.2	2.8729127788833333
138.3	2.771866948383333
138.4	2.70710269867
138.5	2.68208258517
138.6	2.6984182883166667
138.7	2.75599590903
138.8	2.8531678221533334
138.9	2.986982993706667
139.	3.15342873477
139.1	3.34766062338
139.2	3.5642032126100003
139.3	3.7971114064599996
139.4	4.040090163483333
139.5	4.286577596313332
139.6	4.529802755943334
139.7	4.762833755339999
139.8	4.978633947486667
139.9	5.170143438516666
140.	5.330400376266666
140.1	5.452711556306667
140.2	5.53087550533
140.3	5.559454052066666
140.4	5.5340812722166675
140.5	5.451792362019999
140.6	5.311350116936667
140.7	5.1135437527033325
140.8	4.86143407165
140.9	4.560520475996666
141.	4.218808862083333
141.1	3.8467646215499998
141.2	3.4571413188533335
141.3	3.06468255653
141.4	2.685701540646667
141.5	2.3375494571599997
141.6	2.0379896225666663
141.7	1.8044992718566668
141.8	1.6535247167033333
141.9	1.5997184721566668
142.	1.6551888973566666
142.1	1.8287940218766665
142.2	2.1255115989399997
142.3	2.545917035563333
142.4	3.0857996094599995
142.5	3.735945126453333
142.6	4.482109678116666
142.7	5.3052041960433325
142.8	6.181702877219999
142.9	7.084280185179999
143.	7.982671077091333
143.1	8.844737617772665
143.2	9.637712678103332
143.3	10.329578637265334
143.4	10.890526749548666
143.5	11.294432049746
143.6	11.520270355373999
143.7	11.553399041708333
143.8	11.386622648427
143.9	11.02096863534
144.	10.466108056846666
144.1	9.740370518411666
144.2	8.870322071109333
144.3	7.889897838546666
144.4	6.839106919206999
144.5	5.7623539176989995
144.6	4.706447544387666
144.7	3.718390203738
144.8	2.843061517429
144.9	2.120921641822
145.	1.58586572387
145.1	1.2633580485286666
145.2	1.1689630929753332
145.3	1.3073711774289998
145.4	1.6719896858333332
145.5	2.2451385055633333
145.6	2.9988524699766668
145.7	3.8962565774599995
145.8	4.893444147803333
145.9	5.941756345523332
146.	6.990335876086666
146.1	7.988809935576667
146.2	8.88994887849
146.3	9.652148113053332
146.4	10.241591291513334
146.5	10.63397212598
146.6	10.815678744796665
146.7	10.78437656704
146.8	10.548961087186665
146.9	10.12888846371
147.	9.552927174703333
147.1	8.857406199003332
147.2	8.084062458983333
147.3	7.27761126185
147.4	6.4831772636933325
147.5	5.7437295619
147.6	5.0976628282166665
147.7	4.5766572451466665
147.8	4.203934064466667
147.9	3.9930018079066665
148.	3.9469616423166665
148.1	4.058410615016666
148.2	4.309949670116667
148.3	4.675271182733333
148.4	5.120769652769999
148.5	5.60759066075
148.6	6.094008582363334
148.7	6.53800412602
148.8	6.899899549303333
148.9	7.144903242373333
149.	7.2454167720900005
149.1	7.1829666731233335
149.2	6.9496401064999995
149.3	6.54892746156
149.4	5.995905145009999
149.5	5.316726891546667
149.6	4.5474303056366665
149.7	3.732105061446666
149.8	2.92050808737
149.9	2.1652468502766666
150.	1.5186822548566667
150.1	1.0297255412046664
150.2	0.7407170628324999
150.3	0.6845775713806665
150.4	0.8824138307389999
150.5	1.3417399456849997
150.6	2.055444404985333
150.7	3.001591981593
150.8	4.144101518309666
150.9	5.434288096832299
151.	6.8132044342611
151.1	8.214665091693666
151.2	9.568791705468332
151.3	10.805881151162666
151.4	11.860373966802666
151.5	12.674689369435
151.6	13.202696748339669
151.7	13.412611562020333
151.8	13.289135046405
151.9	12.83470008107233
152.	12.069737213431665
152.1	11.031931903167
152.2	9.774502908496999
152.3	8.363588729230667
152.4	6.874880696615333
152.5	5.389684626077999
152.6	3.990625507121333
152.7	2.757229802884
152.8	1.7616266786303332
152.9	1.064602776975
153.	0.7122256810832999
153.1	0.7332202943403333
153.2	1.1372419189663332
153.3	1.9141421607446665
153.4	3.0342715268319997
153.5	4.4498084563489995
153.6	6.097051267668
153.7	7.899559731961667
153.8	9.7719890673013
153.9	11.624423143805199
154.	13.366987254981133
154.1	14.914505152981036
154.2	16.190960892750823
154.3	17.133533611750167
154.4	17.695992415247865
154.5	17.851268282316667
154.6	17.593059129054666
154.7	16.936371207887333
154.8	15.916952851218664
154.9	14.589632816243334
155.	13.025632546463331
155.1	11.308976751673335
155.2	9.532176981469998
155.3	7.7914055568933325
155.4	6.18140975639
155.5	4.790436319056666
155.6	3.695442437313333
155.7	2.9578604396666663
155.8	2.6201590933
155.9	2.7034055616199995
156.	3.2059801457333332
156.1	4.10353355296
156.2	5.350206916113333
156.3	6.881062132776666
156.4	8.61559870975
156.5	10.462167710936667
156.6	12.323037935416666
156.7	14.099827892283333
156.8	15.698992442209999
156.9	17.03704703582333
157.	18.04522592952
157.1	18.673302934986665
157.2	18.892352212649996
157.3	18.696289259686665
157.4	18.102104575989998
157.5	17.14877989158333
157.6	15.894954406539998
157.7	14.415481398406664
157.8	12.797079351776667
157.9	11.133332716223332
158.	9.519332664503333
158.1	8.04626602498
158.2	6.796260252473333
158.3	5.837774340319999
158.4	5.221791452133333
158.5	4.979021134296667
158.6	5.118260322546666
158.7	5.625996518956667
158.8	6.4672672810066665
158.9	7.587721353746666
159.	8.91676203268
159.1	10.371595957273332
159.2	11.861963283616667
159.3	13.295290243813334
159.4	14.581983953950001
159.5	15.64058276123
159.6	16.402483487123334
159.7	16.815989025679997
159.8	16.84945467446
159.9	16.493357557976665
160.	15.761168353343333
160.1	14.688965697876665
160.2	13.333798340253333
160.3	11.77086533003
160.4	10.089647286953333
160.5	8.38917905136
160.6	6.772702914326667
160.7	5.341979530023332
160.8	4.19155825498
160.9	3.4033182589866664
161.	3.041585159663333
161.1	3.14910474565
161.2	3.7441160265399995
161.3	4.818711767673333
161.4	6.338608163586667
161.5	8.244369606033333
161.6	10.454053613796665
161.7	12.867159494856667
161.8	15.369687094486666
161.9	17.84004392179333
162.	20.155484557863332
162.1	22.198729335776665
162.2	23.864392630139335
162.3	25.064856222065664
162.4	25.735250210848996
162.5	25.837251460407998
162.6	25.361474844740002
162.7	24.328311630791664
162.8	22.787157334387665
162.9	20.814062851516667
163.	18.50793198015333
163.1	15.985470193746666
163.2	13.375158876156664
163.3	10.81058224238
163.4	8.423468028186665
163.5	6.336816171039999
163.6	4.658481859513333
163.7	3.4755514845966666
163.8	2.849804286656667
163.9	2.814491895786667
164.	3.372596242966666
164.1	4.49664764666
164.2	6.1301036033233345
164.3	8.190209205436666
164.4	10.572186155223333
164.5	13.1545325297
164.6	15.805162651026665
164.7	18.38807776948333
164.8	20.77023515021333
164.9	22.828276174786666
165.	24.454783086936665
165.1	25.563758232426665
165.2	26.09505767452
165.3	26.017561045616663
165.4	25.330919165273333
165.5	24.065787765626666
165.6	22.28252686026333
165.7	20.068417962919998
165.8	17.533522523396666
165.9	14.805371589033332
166.	12.02273584938
166.1	9.328774045623334
166.2	6.86389360828
166.3	4.7586780869466665
166.4	3.1272397257466666
166.5	2.06134136856
166.6	1.6255995445433333
166.7	1.8540308511399997
166.8	2.748138436
166.9	4.2766573658133336
167.	6.376990827366667
167.1	8.958278120309998
167.2	11.90594550937
167.3	15.08750765454
167.4	18.35931580950667
167.5	21.573893959193335
167.6	24.587469303043328
167.7	27.26729143322
167.8	29.49834618566333
167.9	31.189104825336663
168.	32.27600478819333
168.1	32.72643106440333
168.2	32.54005277475666
168.3	31.748462114893332
168.4	30.41315683192
168.5	28.62199704068
168.6	26.48434726293
168.7	24.125180672243335
168.8	21.678471327523333
168.9	19.280229590543335
169.	17.061545154309997
169.1	15.141991611356666
169.2	13.623717857643332
169.3	12.586507371383334
169.4	12.08402974627
169.5	12.141443459063334
169.6	12.754438541963333
169.7	13.889736391746666
169.8	15.486994869023334
169.9	17.4620031815
170.	19.71099529113333
170.1	22.115864609723335
170.2	24.55002779366
170.3	26.884662161256664
170.4	28.995029784676667
170.5	30.76660137715
170.6	32.10070414427
170.7	32.91943902994
170.8	33.169643387709996
170.9	32.825714085246666
171.	31.89115238329333
171.1	30.398744462303334
171.2	28.409348881626663
171.3	26.009322937353332
171.4	23.306681894020002
171.5	20.426146062706664
171.6	17.50328797052
171.7	14.678042400593334
171.8	12.087882724066667
171.9	9.86099463345
172.	8.109790425797334
172.1	6.925101347405333
172.2	6.3713611342063325
172.3	6.483050887096665
172.4	7.262615255751001
172.5	8.679985368519999
172.6	10.673759065106665
172.7	13.153998771376665
172.8	16.006517433306666
172.9	19.098439105506664
173.	22.284748584173332
173.1	25.415488645409997
173.2	28.343227610633328
173.3	30.930406297483334
173.4	33.056182518183334
173.5	34.62242216684666
173.6	35.55853612672333
173.7	35.82492806412667
173.8	35.414895116459995
173.9	34.35490650952333
174.	32.70326915588666
174.1	30.547269474466667
174.2	27.998952827066667
174.3	25.189762699846668
174.4	22.264308672876666
174.5	19.373563941486665
174.6	16.667809306353334
174.7	14.289641678746666
174.8	12.36735253325
174.9	11.008957238943333
175.	10.297122025816666
175.1	10.285193849633334
175.2	10.994491926436666
175.3	12.412970317023332
175.4	14.49531042343
175.5	17.164451982979998
175.6	20.314522072566668
175.7	23.815074372
175.8	27.51650585242333
175.9	31.25647543212333
176.	34.86710935661333
176.1	38.182741750661336
176.2	41.047906994163
176.3	43.32527479212099
176.4	44.903201006103
176.5	45.702559713613326
176.6	45.682526989543334
176.7	44.8450066216
176.8	43.23742403554334
176.9	40.953667681413336
177.	38.133026515033336
177.1	34.95705591330666
177.2	31.64439896066333
177.3	28.443690633243328
177.4	25.624773111726668
177.5	23.46854472773
177.6	22.25584633324
177.7	22.255851171563336
177.8	23.714462773659335
177.9	26.843236810903665
178.	31.80932598581
178.1	38.72690285312333
178.2	47.65044688687
178.3	58.570193850753334
178.4	71.40994360291332
178.5	86.02731358827334
178.6	102.21641630479331
178.7	119.71283630621
178.8	138.20069122477
178.9	157.32148590327333
179.	176.68441154232997
179.1	195.87770378125998
179.2	214.48065441682334
179.3	232.07586946192998
179.4	248.2613790843633
179.5	262.66222976266664
179.6	274.9412228448033
179.7	284.8085037697
179.8	292.02975007597996
179.9	296.4327521560833
180.	297.91222709889666