# O+CO(0,0) elastic diff. cross section
# E = 0.00095 eV
# angle, CS (1e-16 cm^2)
0.1	31992.534205983327
0.2	31890.685209396663
0.3	31721.616057916664
0.4	31486.339196663335
0.5	31186.259481956662
0.6	30823.161780906667
0.7	30399.19526332333
0.8	29916.85455807
0.9	29378.95798004333
1.	28788.623065059997
1.1	28149.239677416663
1.2	27464.440981099997
1.3	26738.072584566664
1.4	25974.16018873
1.5	25176.87607901
1.6	24350.50481192
1.7	23499.40845176333
1.8	22627.99171285
1.9	21740.667358693332
2.	20841.82220213
2.1	19935.784037619997
2.2	19026.789822239996
2.3	18118.95540072
2.4	17216.247049726666
2.5	16322.455088839999
2.6	15441.169779243333
2.7	14575.759700623335
2.8	13729.352764759999
2.9	12904.819991716666
3.	12104.762140586667
3.1	11331.499252599999
3.2	10587.063130503333
3.3	9873.192744479999
3.4	9191.332522353334
3.5	8542.63345102
3.6	7927.956885626665
3.7	7347.880937070001
3.8	6802.709281623334
3.9	6292.4822153899995
4.	5816.989755809999
4.1	5375.786576359999
4.2	4968.208546436666
4.3	4593.390638639999
4.4	4250.28595823
4.5	3937.68564582
4.6	3654.239403593333
4.7	3398.476397663333
4.8	3168.82629467
4.9	2963.64019851
5.	2781.2112640999994
5.1	2619.7947776266665
5.2	2477.627508226666
5.3	2352.9461526066666
5.4	2244.00471261
5.5	2149.0906654
5.6	2066.539806373333
5.7	1994.7496661533332
5.8	1932.1914244199997
5.9	1877.4202648033333
6.	1829.0841364533335
6.1	1785.9309083666667
6.2	1746.8139226899998
6.3	1710.6959720666666
6.4	1676.6517438833334
6.5	1643.8687905299998
6.6	1611.6470997766664
6.7	1579.3973524699998
6.8	1546.6379661466665
6.9	1512.99103287
7.	1478.17726739
7.1	1442.0100875399999
7.2	1404.3889528833333
7.3	1365.2920900233332
7.4	1324.76873325
7.5	1282.9310082733332
7.6	1239.9455839466666
7.7	1196.0252127333333
7.8	1151.4202752499998
7.9	1106.410437517
8.	1061.296521786
8.1	1016.3926834556665
8.2	972.018977115
8.3	928.4943850183332
8.4	886.130371151
8.5	845.2250134349999
8.6	806.0577562593332
8.7	768.884814864
8.8	733.9352529489998
8.9	701.4077447986666
9.	671.4680236719998
9.1	644.247009171
9.2	619.8395978456666
9.3	598.3040935523334
9.4	579.6622470693333
9.5	563.8998682566667
9.6	550.9679686563333
9.7	540.7843878836666
9.8	533.2358534736666
9.9	528.1804210186666
10.	525.4502394266667
10.1	524.8545849633333
10.2	526.1831073516666
10.3	529.2092315406667
10.4	533.6936598193333
10.5	539.3879206316667
10.6	546.0379127343333
10.7	553.387396125
10.8	561.1813844446666
10.9	569.169397198
11.	577.1085340889999
11.1	584.7663380553333
11.2	591.923417948
11.3	598.3758063843334
11.4	603.9370329083333
11.5	608.4398972196666
11.6	611.73793179
11.7	613.7065476276666
11.8	614.243861357
11.9	613.2712057543333
12.	610.7333299156667
12.1	606.5982987430333
12.2	600.8571048448
12.3	593.5230088957999
12.4	584.6306272082334
12.5	574.2347875606666
12.6	562.4091763252333
12.7	549.2448014795666
12.8	534.8482973449333
12.9	519.3400977883666
13.	502.85250501376663
13.1	485.5276814051332
13.2	467.5155915534
13.3	448.97192121116666
13.4	430.05599910916663
13.5	410.92874651756665
13.6	391.7506781570333
13.7	372.6799764859666
13.8	353.87065974369995
13.9	335.4708621811333
14.	317.62124289939993
14.1	300.45353757703333
14.2	284.0892651250666
14.3	268.63859904030005
14.4	254.19941090373328
14.5	240.85649116869996
14.6	228.68095009473336
14.7	217.72979945319997
14.8	208.0457134688
14.9	199.65696540703334
15.	192.57753426496666
15.1	186.80737422166663
15.2	182.3328378476
15.3	179.12724256983336
15.4	177.15156859619998
15.5	176.355275349
15.6	176.67722254433332
15.7	178.04668130033332
15.8	180.38442013133331
15.9	183.6038503353333
16.	187.61221514833335
16.1	192.3118070843333
16.2	197.601198119
16.3	203.37646777466665
16.4	209.53241475599998
16.5	215.96373850266667
16.6	222.56617789633333
16.7	229.23759535533333
16.8	235.87899564
16.9	242.39546989933334
17.	248.69705672933333
17.1	254.69951335399998
17.2	260.3249913843333
17.3	265.5026129823333
17.4	270.1689446423334
17.5	274.2683671483333
17.6	277.753341605
17.7	280.58457270466664
17.8	282.7310716203333
17.9	284.17012203699994
18.	284.88715390699997
18.1	284.8755304383333
18.2	284.13625469933334
18.3	282.677602929
18.4	280.51469227033334
18.5	277.66899112499993
18.6	274.16778069
18.7	270.0435764843333
18.8	265.333518774
18.9	260.07874081499995
19.	254.323723698
19.1	248.11564636566666
19.2	241.50373901799998
19.3	234.538647724
19.4	227.27181751796667
19.5	219.7549007004
19.6	212.03919639539996
19.7	204.17512673340002
19.8	196.21175427776666
19.9	188.19634454739997
20.	180.17397670906666
20.1	172.18720471006668
20.2	164.27577035326664
20.3	156.47636903006668
20.4	148.82246809459997
20.5	141.34417715803332
20.6	134.06816889973334
20.7	127.01764840099999
20.8	120.21236843259999
20.9	113.66868764053334
21.	107.39966814516666
21.1	101.4152087089
21.2	95.72220933793332
21.3	90.32476297536667
21.4	85.2243697859
21.5	80.42016947436667
21.6	75.909187062
21.7	71.68658761593333
21.8	67.74593553933332
21.9	64.07945421699999
22.	60.67828203743333
22.1	57.53272109026666
22.2	54.63247515676666
22.3	51.96687395949999
22.4	49.52508101786666
22.5	47.296282854299996
22.6	45.26985770866666
22.7	43.43552233966666
22.8	41.7834559128
22.9	40.30440039323333
23.	38.98973726569999
23.1	37.83154079686666
23.2	36.8226084232
23.3	35.95646919253333
23.4	35.22737150403333
23.5	34.630251673800004
23.6	34.16068510146667
23.7	33.81482202643333
23.8	33.58931003286666
23.9	33.48120559819999
24.	33.48787707183333
24.1	33.60690152663333
24.2	33.83595793826667
24.3	34.172719127566666
24.4	34.61474483986666
24.5	35.15937824336666
24.6	35.8036480049
24.7	36.54417794543333
24.8	37.37710610123333
24.9	38.29801481196667
25.	39.30187323726666
25.1	40.38299346636666
25.2	41.53500113473333
25.3	42.750821206266664
25.4	44.02267931706666
25.5	45.34211881256667
25.6	46.70003335173334
25.7	48.086714695266664
25.8	49.49191505176666
25.9	50.90492312133333
26.	52.31465276019999
26.1	53.709742989599995
26.2	55.07866789326667
26.3	56.40985479109999
26.4	57.69180894456666
26.5	58.91324294036666
26.6	60.06320882279999
26.7	61.13123098726666
26.8	62.10743782823332
26.9	62.98269013376667
27.	63.748704254299994
27.1	64.39816812909999
27.2	64.92484834103333
27.3	65.32368647986667
27.4	65.59088323003331
27.5	65.72396875266665
27.6	65.72185811163332
27.7	65.58489068333333
27.8	65.31485270226666
27.9	64.91498231393334
28.	64.3899567387
28.1	63.7458613879
28.2	62.99014101419999
28.3	62.131533220933335
28.4	61.17998489396666
28.5	60.14655235250001
28.6	59.04328624093333
28.7	57.88310239563333
28.8	56.67964011986666
28.9	55.44710948059999
29.	54.20012940223334
29.1	52.9535584732
29.2	51.722320495199995
29.3	50.52122689783332
29.4	49.364798202299994
29.5	48.2670867565
29.6	47.24150296886666
29.7	46.30064724933334
29.8	45.45614981396666
29.9	44.71852043339334
30.	44.097010098780004
30.1	43.59948644813666
30.2	43.23232463919
30.3	43.000315176309996
30.4	42.90658999924333
30.5	42.952567923736666
30.6	43.13792029014333
30.7	43.46055743203
30.8	43.91663631857
30.9	44.50058946623666
31.	45.205174947766665
31.1	46.02154706493333
31.2	46.93934698919999
31.3	47.94681242393333
31.4	49.03090509693334
31.5	50.177454665633334
31.6	51.37131740416667
31.7	52.59654784886666
31.8	53.83658140953333
31.9	55.07442580593333
32.	56.292859070233334
32.1	57.47463176373333
32.2	58.60267099236666
32.3	59.6602837728
32.4	60.63135729900001
32.5	61.50055368479998
32.6	62.25349681813333
32.7	62.8769490488
32.8	63.358975547833325
32.9	63.689094318766664
33.	63.8584100109
33.1	63.859729873133325
33.2	63.68766040086667
33.3	63.33868345676667
33.4	62.811210892
33.5	62.1056169504
33.6	61.22424800456666
33.7	60.1714094429
33.8	58.953329800566664
33.9	57.57810249933334
34.	56.05560582773334
34.1	54.397402052366665
34.2	52.6166168008
34.3	50.72780008823333
34.4	48.746770579133326
34.5	46.690444872433325
34.6	44.576653774066656
34.7	42.42394767323333
34.8	40.25139326523333
34.9	38.07836396286666
35.	35.924326410499994
35.1	33.80862555703333
35.2	31.750270757166664
35.3	29.7677253572
35.4	27.8787021741
35.5	26.099967207833334
35.6	24.447153825066668
35.7	22.93458952943333
35.8	21.5751372841
35.9	20.380053181483333
36.	19.358862064536666
36.1	18.519252495273335
36.2	17.866992243153334
36.3	17.40586523011
36.4	17.137630623063334
36.5	17.062004514599998
36.6	17.17666437342
36.7	17.47727619356
36.8	17.957544013666666
36.9	18.609281229866667
37.	19.422502883066667
37.1	20.38553787069
37.2	21.485159813706662
37.3	22.706735106823334
37.4	24.034386493550002
37.5	25.451170340486662
37.6	26.939265641016668
37.7	28.480172652763333
37.8	30.054918975363336
37.9	31.644270799163337
38.	33.22894700433667
38.1	34.78983376689
38.2	36.308197327256664
38.3	37.76589260525667
38.4	39.14556539413333
38.5	40.43084594486666
38.6	41.606531847730004
38.7	42.658758241289995
38.8	43.57515351884334
38.9	44.34497886398667
39.	44.959250124116664
39.1	45.41084072299666
39.2	45.694564521816666
39.3	45.80723775137333
39.4	45.747719366969996
39.5	45.516929406773336
39.6	45.117845169233334
39.7	44.55547526533333
39.8	43.83681182816666
39.9	42.970761402866664
40.	41.96805525753332
40.1	40.84114007516666
40.2	39.6040501914
40.3	38.2722627353
40.4	36.86253720796667
40.5	35.392741195266666
40.6	33.8816640528
40.7	32.348820523866664
40.8	30.814246355799998
40.9	29.298288054966665
41.	27.821388984066665
41.1	26.403874033566666
41.2	25.065735113766667
41.3	23.826419698499997
41.4	22.704624615866667
41.5	21.718097221466667
41.6	20.883446008
41.7	20.215962602583332
41.8	19.72945697864
41.9	19.436107569306664
42.	19.346327807943332
42.1	19.468650448016664
42.2	19.809630826375667
42.3	20.37377003317667
42.4	21.163458743196664
42.5	22.178942247006667
42.6	23.418306998773332
42.7	24.877488773866666
42.8	26.55030230643333
42.9	28.42849205463333
43.	30.501803524733333
43.1	32.758074376366665
43.2	35.18334432936667
43.3	37.76198270276666
43.4	40.4768322429
43.5	43.309367732400005
43.6	46.239867730566665
43.7	49.247597667466664
43.8	52.311002407433335
43.9	55.40790630993334
44.	58.515718752066675
44.1	61.61164303136667
44.2	64.67288654539999
44.3	67.67687014806667
44.4	70.60143459919999
44.5	73.42504207543332
44.6	76.1269707667
44.7	78.68750067446666
44.8	81.08808882593334
44.9	83.3115322491
45.	85.34211717563332
45.1	87.16575310830001
45.2	88.77009054413334
45.3	90.1446213225
45.4	91.28076075656665
45.5	92.17191089243335
45.6	92.81350444579999
45.7	93.20302915386668
45.8	93.34003249429999
45.9	93.22610691016668
46.	92.86485587923335
46.1	92.26184135676667
46.2	91.42451329963333
46.3	90.36212215336667
46.4	89.08561534056668
46.5	87.6075189453
46.6	85.94180591493333
46.7	84.10375222156667
46.8	82.10978252793333
46.9	79.97730699043333
47.	77.72455089403333
47.1	75.37037886703334
47.2	72.9341154548
47.3	70.43536383636666
47.4	67.89382447683332
47.5	65.32911546453333
47.6	62.760596255799996
47.7	60.207196488833326
47.8	57.6872514426
47.9	55.2183456474
48.	52.817166030666655
48.1	50.49936588123334
48.2	48.27944078189999
48.3	46.170617525699996
48.4	44.184756889733336
48.5	42.33227098736666
48.6	40.6220557683
48.7	39.0614390751
48.8	37.65614450783333
48.9	36.41027118863333
49.	35.326289361499995
49.1	34.405051607
49.2	33.64581930513334
49.3	33.04630383476666
49.4	32.602721863599996
49.5	32.30986395533333
49.6	32.161175605
49.7	32.148849706233335
49.8	32.26392936003333
49.9	32.49641985266666
50.	32.8354085612
50.1	33.2691914884
50.2	33.785405087499996
50.3	34.3711620077
50.4	35.01318937773333
50.5	35.69796824226667
50.6	36.4118727802
50.7	37.14130795769999
50.8	37.87284430839999
50.9	38.593348582433336
51.	39.2901090677
51.1	39.9509544596
51.2	40.56436523586667
51.3	41.1195765851
51.4	41.606672034266666
51.5	42.01666702669999
51.6	42.34158181106666
51.7	42.57450311776667
51.8	42.709634215899996
51.9	42.74233306476666
52.	42.669138393599994
52.1	42.48778366523332
52.2	42.1971989957
52.3	41.797501220866664
52.4	41.289972411099995
52.5	40.67702724506667
52.6	39.962169754
52.7	39.14994004416667
52.8	38.24585169343333
52.9	37.25632059696667
53.	36.18858610883333
53.1	35.05062538746667
53.2	33.85106190470333
53.3	32.599069119996656
53.4	31.304270351476664
53.5	29.976635897406666
53.6	28.62637846913666
53.7	27.263847997749995
53.8	25.89942686354333
53.9	24.543426576353333
54.	23.20598690352333
54.1	21.896978399920002
54.2	20.625909246676663
54.3	19.401837244836663
54.4	18.23328774628
54.5	17.12817823111333
54.6	16.09375016234
54.7	15.136508665113334
54.8	14.262170491193332
54.9	13.475620637199999
55.	12.780877893673335
55.1	12.181069506693333
55.2	11.678415040426666
55.3	11.27421943422
55.4	10.968875157743334
55.5	10.761873275363332
55.6	10.651823148943333
55.7	10.636480422743332
55.8	10.712782861036667
55.9	10.876893535899999
56.	11.124250799736666
56.1	11.449624419356667
56.2	11.847177198936667
56.3	12.310531376339998
56.4	12.832839044249997
56.5	13.40685582189
56.6	14.025016985273334
56.7	14.679515255803333
56.8	15.362379446526667
56.9	16.065553173183332
57.	16.780972852583332
57.1	17.500644234776665
57.2	18.216716745616665
57.3	18.921554953503332
57.4	19.607806518213334
57.5	20.26846602738
57.6	20.896934181939997
57.7	21.487071848636667
57.8	22.03324855941
57.9	22.530385104093334
58.	22.97398992645333
58.1	23.36018910375333
58.2	23.685749758420002
58.3	23.94809681763333
58.4	24.1453231055
58.5	24.276192817766663
58.6	24.340138493233333
58.7	24.3372516573
58.8	24.268267370066667
58.9	24.134542966566663
59.	23.93803132533333
59.1	23.6812490471
59.2	23.367239965533333
59.3	22.999534446299997
59.4	22.582104960566667
59.5	22.119318442566666
59.6	21.615885959333333
59.7	21.076810232866666
59.8	20.507331562366666
59.9	19.912872694766666
60.	19.29898318973333
60.1	18.671283813733332
60.2	18.035411486
60.3	17.396965280266663
60.4	16.7614539625
60.5	16.1342455197
60.6	15.520519103966667
60.7	14.925219782733333
60.8	14.353016450999998
60.9	13.808263222266664
61.	13.29496457606
61.1	12.816744497606667
61.2	12.376819803583333
61.3	11.977977805019998
61.4	11.622558414906665
61.5	11.312440766143334
61.6	11.049034362756666
61.7	10.833274746403333
61.8	10.665623620706
61.9	10.546073336575333
62.	10.474155607371333
62.1	10.448954286417333
62.2	10.469122008433
62.3	10.532900468107332
62.4	10.638144080077666
62.5	10.782346743286666
62.6	10.962671410040002
62.7	11.175982143383331
62.8	11.418878330946669
62.9	11.687730712403331
63.	11.978718868663332
63.1	12.287869815996666
63.2	12.61109734556
63.3	12.94424174957
63.4	13.283109579273333
63.5	13.623513085799999
63.6	13.961309004033334
63.7	14.292436352300001
63.8	14.612952933099999
63.9	14.919070238533331
64.	15.207186480866664
64.1	15.473917489633331
64.2	15.716125239899998
64.3	15.930943797966666
64.4	16.11580249833333
64.5	16.268446189133332
64.6	16.386952413
64.7	16.4697454163
64.8	16.515606908566667
64.9	16.523683522333332
65.	16.493490951866665
65.1	16.424914778199998
65.2	16.318208014733333
65.3	16.1739854353
65.4	15.993214773599998
65.5	15.777204906533331
65.6	15.527591160100002
65.7	15.246317896866666
65.8	14.935618567099997
65.9	14.5979934231
66.	14.2361851149
66.1	13.8531523999
66.2	13.452042213133334
66.3	13.036160353999998
66.4	12.608941056633334
66.5	12.173915714673335
66.6	11.734681036923334
66.7	11.294866911276667
66.8	10.85810425323
66.9	10.427993113126666
67.	10.008071309413332
67.1	9.601783849393332
67.2	9.212453386926665
67.3	8.843251957833333
67.4	8.49717421703
67.5	8.177012388573333
67.6	7.885333121913334
67.7	7.624456429326665
67.8	7.396436860949999
67.9	7.203047052366665
68.	7.0457637594066655
68.1	6.925756472406666
68.2	6.84387868023
68.3	6.800661831513333
68.4	6.796312018999999
68.5	6.830709389153332
68.6	6.903410258423333
68.7	7.0136518958966665
68.8	7.160359910833333
68.9	7.342158164086666
69.	7.55738110409
69.1	7.80408840872
69.2	8.080081800153332
69.3	8.38292388219
69.4	8.709958837966667
69.5	9.05833481209
69.6	9.425027791223332
69.7	9.80686678811
69.8	10.200560125883332
69.9	10.602722614046666
70.	11.009903402853334
70.1	11.418614300206665
70.2	11.825358333416666
70.3	12.22665833971
70.4	12.619085368916666
70.5	12.999286687686666
70.6	13.36401317601
70.7	13.710145915633333
70.8	14.034721774249999
70.9	14.334957799263332
71.	14.608274243363335
71.1	14.852316054406666
71.2	15.064972673426666
71.3	15.244395995896664
71.4	15.389016365156666
71.5	15.497556479296666
71.6	15.569043107336668
71.7	15.6028165251
71.8	15.598537595986667
71.9	15.556192437973332
72.	15.47609463321
72.1	15.35888495303
72.2	15.205528588226667
72.3	15.017309889956666
72.4	14.795824643186666
72.5	14.542969912883333
72.6	14.26093151688
72.7	13.952169198873332
72.8	13.619399588196666
72.9	13.265577051496665
73.	12.893872554813331
73.1	12.507650671026667
73.2	12.110444881553331
73.3	11.705931334456666
73.4	11.297901234866666
73.5	10.890232055353332
73.6	10.486857765113331
73.7	10.091738286323332
73.8	9.70882839591
73.9	9.342046297353335
74.	8.995242094373333
74.1	8.672166401496666
74.2	8.376439331416666
74.3	8.111520098869999
74.4	7.880677480999999
74.5	7.686961371909999
74.6	7.533175665423333
74.7	7.42185269322
74.8	7.355229438626667
74.9	7.335225735969999
75.	7.3634246539033334
75.1	7.441055247573333
75.2	7.568977849083334
75.3	7.747672048486667
75.4	7.977227498993333
75.5	8.257337659533334
75.6	8.587296566033332
75.7	8.9659987004
75.8	9.39194200088
75.9	9.863234033989999
76.	10.377601321439998
76.1	10.932401790006665
76.2	11.524640285396666
76.3	12.150987065306666
76.4	12.807799160673333
76.5	13.49114446764
76.6	14.196828409696668
76.7	14.920422983226667
76.8	15.657297979059999
76.9	16.402654150446665
77.	17.15155807839
77.1	17.89897846820333
77.2	18.639823595513334
77.3	19.36897960627333
77.4	20.081349366253335
77.5	20.771891545093332
77.6	21.43565961718
77.7	22.06784045684333
77.8	22.66379220741
77.9	23.219081105676665
78.	23.729516949856663
78.1	24.191186908549998
78.2	24.60048737824666
78.3	24.95415361412666
78.4	25.24928687240333
78.5	25.48337882541667
78.6	25.65433302962333
78.7	25.760483252113332
78.8	25.800608485983332
78.9	25.773944513129997
79.	25.680191900403333
79.1	25.51952034669333
79.2	25.29256932708333
79.3	25.000445013176662
79.4	24.644713479583334
79.5	24.227390237703332
79.6	23.750926169689997
79.7	23.218189966366666
79.8	22.632447201606666
79.9	21.997336205946667
80.	21.31684092775
80.1	20.595260997883333
80.2	19.837179235976663
80.3	19.047426859656667
80.4	18.23104667636333
80.5	17.393254556296665
80.6	16.539399497906665
80.7	15.674922610996667
80.8	14.80531535055
80.9	13.936077342233332
81.	13.072674142553334
81.1	12.22049527914
81.2	11.38481291318
81.3	10.570741461793332
81.4	9.783198510373332
81.5	9.026867333933332
81.6	8.306161334216666
81.7	7.625190683169999
81.8	6.987731445363332
81.9	6.397197432356666
82.	5.856615018823334
82.1	5.368601126996666
82.2	4.9353445595566665
82.3	4.558590834073333
82.4	4.239630643376666
82.5	3.979292036736666
82.6	3.7779363862923327
82.7	3.6354581720246664
82.8	3.551288587518033
82.9	3.5244029371062666
83.	3.553331763857333
83.1	3.6361756170236665
83.2	3.7706233373206666
83.3	3.9539737091066667
83.4	4.183160300306667
83.5	4.45477928409
83.6	4.765120010956666
83.7	5.110198076316667
83.8	5.4857906071533336
83.9	5.887473471796666
84.	6.310660099806666
84.1	6.750641584266667
84.2	7.202627726833333
84.3	7.66178867641
84.4	8.123296806326666
84.5	8.582368470456666
84.6	9.03430527962
84.7	9.474534540396666
84.8	9.898648505666666
84.9	10.302442093369999
85.	10.681948742746666
85.1	11.03347409088
85.2	11.353627170376669
85.3	11.63934884918
85.4	11.887937255546667
85.5	12.097069957776668
85.6	12.26482269434
85.7	12.389684480766665
85.8	12.47056895062
85.9	12.506821820643333
86.	12.49822440521
86.1	12.444993139873333
86.2	12.347775110039999
86.3	12.20763961774
86.4	12.02606585511
86.5	11.804926790263332
86.6	11.546469406453333
86.7	11.253291470019999
86.8	10.928315036409998
86.9	10.57475693466
87.	10.196096501446666
87.1	9.796040861743332
87.2	9.378488079903333
87.3	8.947488525576667
87.4	8.507204818533333
87.5	8.061870731596667
87.6	7.61574944342
87.7	7.1730915412066665
87.8	6.738093177049999
87.9	6.314854783949999
88.	5.90734075216
88.1	5.519340461046667
88.2	5.154431048999999
88.3	4.815942289473333
88.4	4.50692392202
88.5	4.23011576477
88.6	3.9879209086466667
88.7	3.782382264633333
88.8	3.615162703176667
88.9	3.487528990315333
89.	3.400339687839667
89.1	3.3540371463003327
89.2	3.348643678987667
89.3	3.383761963625
89.4	3.458579676248
89.5	3.5718783193466663
89.6	3.7220461640066667
89.7	3.907095184036667
89.8	4.1246818197033335
89.9	4.372131369213333
90.	4.646465769223333
90.1	4.944434490476667
90.2	5.262548242453333
90.3	5.5971151518366655
90.4	5.944279053453333
90.5	6.30005951025
90.6	6.660393160313333
90.7	7.021175974646667
90.8	7.378305998959999
90.9	7.72772614764
91.	8.065466615376666
91.1	8.387686476336665
91.2	8.690714046943334
91.3	8.971085600519999
91.4	9.225582038426666
91.5	9.451263140766667
91.6	9.64549904562
91.7	9.805998630823332
91.8	9.930834505213332
91.9	10.01846434769
92.	10.067748371166667
92.1	10.077962724574666
92.2	10.048808688968332
92.3	9.980417563812665
92.4	9.873351183814334
92.5	9.728598049721999
92.6	9.547565100578332
92.7	9.332065198252666
92.8	9.084300438499
92.9	8.806841443796
93.	8.502602833979665
93.1	8.174815109089334
93.2	7.8269932145066665
93.3	7.462902092050666
93.4	7.086519550887667
93.5	6.701996820117333
93.6	6.313617166803667
93.7	5.925752985162333
93.8	5.542821777007667
93.9	5.169241455955666
94.	4.8093854158593325
94.1	4.467537806771333
94.2	4.1478494611959995
94.3	3.8542949082029994
94.4	3.590630903326333
94.5	3.360356888886
94.6	3.1666777815910003
94.7	3.012469462955
94.8	2.900247322943333
94.9	2.832138178726
95.	2.8098558588160003
95.1	2.834680708272
95.2	2.9074432336956666
95.3	3.028512067322
95.4	3.1977863885523328
95.5	3.414692898597333
95.6	3.6781874004049997
95.7	3.986760991582667
95.8	4.3384508336793335
95.9	4.730855416734666
96.	5.1611541942259995
96.1	5.626131420808666
96.2	6.122203983920999
96.3	6.645452980616
96.4	7.191658753677666
96.5	7.756339066566666
96.6	8.334790063765332
96.7	8.922129636066
96.8	9.513342783205667
96.9	10.103328546217998
97.	10.686948063712999
97.1	11.259073293316
97.2	11.81463593003
97.3	12.348676049758
97.4	12.856390005199332
97.5	13.33317710711
97.6	13.774684631945334
97.7	14.176850711605667
97.8	14.535944678995335
97.9	14.848604465015
98.	15.111870669761332
98.1	15.323216960998332
98.2	15.480576486771668
98.3	15.582364026768332
98.4	15.627493646852667
98.5	15.615391664841663
98.6	15.546004779756332
98.7	15.419803264579667
98.8	15.237779170021
98.9	15.001439535894
99.	14.712794656472333
99.1	14.374341494685
99.2	13.989042388888333
99.3	13.560299243284334
99.4	13.091923438512334
99.5	12.588101742579667
99.6	12.053358543280334
99.7	11.492514760850998
99.8	10.910643834431667
99.9	10.313025205929
100.	9.705095751767667
100.1	9.092399634199332
100.2	8.480537061619666
100.3	7.8751124591209996
100.4	7.281682557301332
100.5	6.70570490944
100.6	6.152487343510332
100.7	5.627138846732667
100.8	5.134522366219
100.9	4.679209990403667
101.	4.26544095191
101.1	3.8970828639489996
101.2	3.577596569213333
101.3	3.3100049434789995
101.4	3.0968659553543336
101.5	2.9402502398759998
101.6	2.841723397047
101.7	2.802333177778
101.8	2.822601669010333
101.9	2.9025225384683333
102.	3.0415633469933328
102.1	3.238672884457
102.2	3.492293433417
102.3	3.800377814240666
102.4	4.160411016600333
102.5	4.569436175476666
102.6	5.024084606133666
102.7	5.520609571623333
102.8	6.054923419511667
102.9	6.622637691374999
103.	7.219105780231001
103.1	7.839467686990666
103.2	8.478696408426
103.3	9.131645474584
103.4	9.793097146676999
103.5	10.457810781054665
103.6	11.120570869696666
103.7	11.776234272429999
103.8	12.419776171453332
103.9	13.04633429408
104.	13.651250973996667
104.1	14.230112647183333
104.2	14.778786409766667
104.3	15.293453301559996
104.4	15.770638014789998
104.5	16.207234771386666
104.6	16.60052915423333
104.7	16.948215723719997
104.8	17.24841129875
104.9	17.499663827779997
105.	17.700956825466665
105.1	17.851709396486665
105.2	17.951771917376664
105.3	18.00141749156333
105.4	18.00132933751
105.5	17.952584312576665
105.6	17.85663281294
105.7	17.715275327329998
105.8	17.53063595459667
105.9	17.30513322348333
106.	17.041448578596665
106.1	16.742492916339998
106.2	16.4113715708
106.3	16.051348160733333
106.4	15.665807715553331
106.5	15.258219499853332
106.6	14.832099953306667
106.7	14.390976155166666
106.8	13.938350210826666
106.9	13.477664941130001
107.	13.012271235246665
107.1	12.54539740349
107.2	12.080120838623332
107.3	11.619342263339998
107.4	11.16576280818
107.5	10.721864127549999
107.6	10.28989172393
107.7	9.871841610523333
107.8	9.4694504017
107.9	9.084188880083332
108.	8.71725904657
108.1	8.36959461973
108.2	8.041864909433333
108.3	7.734481951719999
108.4	7.447610753079999
108.5	7.1811824584499995
108.6	6.934910222659999
108.7	6.708307536353333
108.8	6.500708729096667
108.9	6.311291349733333
109.	6.139100103336666
109.1	5.98307200837
109.2	5.842062425270001
109.3	5.714871599966665
109.4	5.60027136186
109.5	5.497031616383333
109.6	5.40394627709
109.7	5.319858291013333
109.8	5.243683424073334
109.9	5.174432490256667
110.	5.111231728906667
110.1	5.053341058563333
110.2	5.000169963159999
110.3	4.9512907966499995
110.4	4.90644932484
110.5	4.865572358383333
110.6	4.828772367436667
110.7	4.796349006916666
110.8	4.7687875201133325
110.9	4.746754028256666
111.	4.731087753073333
111.1	4.722790258706667
111.2	4.723011837486666
111.3	4.733035201343334
111.4	4.754256675513333
111.5	4.788165124413333
111.6	4.8363188700199995
111.7	4.90032089037
111.8	4.981792610173333
111.9	5.082346615926667
112.	5.203558644706667
112.1	5.346939208293333
112.2	5.513905222676667
112.3	5.70575201678
112.4	5.923626093686666
112.5	6.168499012493333
112.6	6.441142749289999
112.7	6.742106881683332
112.8	7.071697922856666
112.9	7.429961109103333
113.	7.816664917493332
113.1	8.23128856152
113.2	8.67301267857
113.3	9.140713387143332
113.4	9.632959852976665
113.5	10.14801546307
113.6	10.68384266332
113.7	11.238111473133332
113.8	11.808211645603333
113.9	12.391268398176665
114.	12.984161595176666
114.1	13.583548220566666
114.2	14.185887938843331
114.3	14.787471502213332
114.4	15.384451726113333
114.5	15.972876721663333
114.6	16.54872504255333
114.7	17.10794237896333
114.8	17.646479407276665
114.9	18.160330387339997
115.	18.645572086226665
115.1	19.09840259821
115.2	19.515179628169996
115.3	19.892457807219998
115.4	20.227024616279998
115.5	20.51593450544
115.6	20.75654081358
115.7	20.946525115011667
115.8	21.083923645044
115.9	21.167150488360335
116.	21.195017246931663
116.1	21.166748942882666
116.2	21.081995953007997
116.3	20.940841813533666
116.4	20.743806781921666
116.5	20.491847086438998
116.6	20.186349845814334
116.7	19.82912368633233
116.8	19.422385135183
116.9	18.968740914251335
117.	18.471166306000665
117.1	17.932979807113
117.2	17.357814327653664
117.3	16.74958523266833
117.4	16.112455558807333
117.5	15.450798770315
117.6	14.769159447238666
117.7	14.072212320625335
117.8	13.364720089207667
117.9	12.651490465153666
118.	11.937332903839334
118.1	11.227015477310333
118.2	10.525222347176
118.3	9.836512286546666
118.4	9.165278686771332
118.5	8.515711468210998
118.6	7.891761290929666
118.7	7.297106434904667
118.8	6.73512268809
118.9	6.208856545353332
119.	5.721001983896667
119.1	5.273881039083333
119.2	4.869428360826667
119.3	4.509179885686667
119.4	4.194265712836666
119.5	3.925407224193333
119.6	3.702918441376667
119.7	3.526711564476667
119.8	3.3963065908066667
119.9	3.310844866706667
120.	3.2691063818833332
120.1	3.269530574969999
120.2	3.310240380806667
120.3	3.3890692152866664
120.4	3.5035905625133332
120.5	3.6511498020833333
120.6	3.82889789159
120.7	4.033826501453333
120.8	4.262804185876666
120.9	4.512613165286666
121.	4.779986292296667
121.1	5.061643774796666
121.2	5.354329236196667
121.3	5.654844704433334
121.4	5.96008413724
121.5	6.26706511191
121.6	6.572958332446666
121.7	6.875114635803333
121.8	7.171089211283332
121.9	7.458662782379999
122.	7.7358595391266665
122.1	8.00096164891
122.2	8.252520216533334
122.3	8.48936260813
122.4	8.710596097596666
122.5	8.915607839709999
122.6	9.104061217649999
122.7	9.275888658139998
122.8	9.431281048283333
122.9	9.570673930343332
123.	9.694730688566667
123.1	9.804322978666665
123.2	9.900508683079998
123.3	9.984507704726667
123.4	10.057675937466666
123.5	10.121477772883333
123.6	10.17745752055
123.7	10.227210130516667
123.8	10.272351615839998
123.9	10.314489574583334
124.	10.355194209876668
124.1	10.395970239153332
124.2	10.43823007273
124.3	10.48326862467
124.4	10.532240099863333
124.5	10.586137074203332
124.6	10.645772157126666
124.7	10.71176249345
124.8	10.78451732396
124.9	10.864228787296668
125.	10.950866103349998
125.1	11.044173235480002
125.2	11.143670084929997
125.3	11.248657224310001
125.4	11.358224132700002
125.5	11.471260847143334
125.6	11.586472903369998
125.7	11.702399391583334
125.8	11.817433914533332
125.9	11.929848193086666
126.	12.037818029746667
126.1	12.139451305933331
126.2	12.232817659790001
126.3	12.315979466399998
126.4	12.387023719356666
126.5	12.44409439867
126.6	12.485424897343332
126.7	12.509370072716667
126.8	12.514437488866664
126.9	12.499317420366667
127.	12.462911197159999
127.1	12.40435748665
127.2	12.323056128626668
127.3	12.2186891642
127.4	12.091238730513332
127.5	11.941001526616667
127.6	11.768599594886666
127.7	11.57498720426
127.8	11.361453667166668
127.9	11.129621968703333
128.	10.88144313764
128.1	10.619186339016666
128.2	10.345424721059999
128.3	10.063017100536666
128.4	9.775085623373332
128.5	9.484989587516667
128.6	9.196295664206666
128.7	8.912744801336666
128.8	8.638216135463333
128.9	8.376688280296666
129.	8.132198395853333
129.1	7.908799474349999
129.2	7.710516306313334
129.3	7.541300612289999
129.4	7.404985842066666
129.5	7.30524215378
129.6	7.245532090093333
129.7	7.229067467136666
129.8	7.25876798452
129.9	7.337222050916666
130.	7.466650300596666
130.1	7.648872250646666
130.2	7.88527651819
130.3	8.17679498091
130.4	8.523881223543334
130.5	8.92649356832
130.6	9.384082938106665
130.7	9.89558574973
130.8	10.459421979749997
130.9	11.07349848896
131.	11.735217633253335
131.1	12.44149113097
131.2	13.18875909677
131.3	13.9730140958
131.4	14.78983001433
131.5	15.63439548904
131.6	16.501551585206666
131.7	17.38583336583333
131.8	18.281514948996666
131.9	19.182657610526665
132.	20.08316045356333
132.1	20.976813137153336
132.2	21.85735013073333
132.3	22.718505943476664
132.4	23.554070764596663
132.5	24.357945945319997
132.6	25.124198752123327
132.7	25.847115828759996
132.8	26.521254816563328
132.9	27.14149360132
133.	27.70307668017
133.1	28.201658172063333
133.2	28.633341030733334
133.3	28.99471205952333
133.4	29.28287237229667
133.5	29.49546299316333
133.6	29.630685338963332
133.7	29.68731638366667
133.8	29.664718360466665
133.9	29.56284291383
134.	29.382229675090002
134.1	29.123999291029996
134.2	28.789840996034332
134.3	28.38199487313533
134.4	27.903229006416666
134.5	27.356811778977665
134.6	26.74647962091033
134.7	26.076400558604664
134.8	25.35113395810633
134.9	24.57558689420033
135.	23.754967608757
135.1	22.89473655125933
135.2	22.000555515311667
135.3	21.07823540230833
135.4	20.133683154851333
135.5	19.172848406331664
135.6	18.201670392646665
135.7	17.226025666160332
135.8	16.251677136846332
135.9	15.284224950528333
136.	14.329059687603333
136.1	13.391318339164332
136.2	12.475843482346331
136.3	11.587146040175334
136.4	10.729371969006333
136.5	9.906273171292
136.6	9.121182884253333
136.7	8.376995743721332
136.8	7.676152671026
136.9	7.020630676931
137.	6.411937623147999
137.1	5.851111927129333
137.2	5.338727143252666
137.3	4.874901300586334
137.4	4.459310826968333
137.5	4.091208840907999
137.6	3.7694475469903335
137.7	3.4925044283026665
137.8	3.2585118907719997
137.9	3.0652899796656663
138.	2.9103817587036667
138.1	2.7910909167899995
138.2	2.704521147296667
138.3	2.6476168298566667
138.4	2.6172045349666666
138.5	2.6100348676933334
138.6	2.6228241681199997
138.7	2.652295592793333
138.8	2.69521911389
138.9	2.7484499898233334
139.	2.80896528339
139.1	2.8738980305533333
139.2	2.940568694146666
139.3	3.00651357204
139.4	3.0695098682433333
139.5	3.12759717724
139.6	3.179095176333333
139.7	3.2226173674400003
139.8	3.2570807579033336
139.9	3.2817114188866663
140.	3.2960459094466668
140.1	3.299928603683333
140.2	3.293505006786667
140.3	3.2772111931899994
140.4	3.2517595450766663
140.5	3.2181210126499993
140.6	3.1775041574300005
140.7	3.131331276473333
140.8	3.081211938353333
140.9	3.0289142903266666
141.	2.9763345202533324
141.1	2.925464876455333
141.2	2.8783606628033334
141.3	2.8371066360276664
141.4	2.8037832359486665
141.5	2.780433078403
141.6	2.769028134190333
141.7	2.771438005827333
141.8	2.7893996975329998
141.9	2.824489252624
142.	2.8780956069883334
142.1	2.9513969775569997
142.2	3.0453400712333334
142.3	3.1606223631499994
142.4	3.2976776535433334
142.5	3.456665070693333
142.6	3.6374616438933334
142.7	3.8396585255566666
142.8	4.062560896103333
142.9	4.30519153981
143.	4.566298034696667
143.1	4.84436345563
143.2	5.13762044734
143.3	5.444068483893333
143.4	5.761494093393333
143.5	6.0874937921933325
143.6	6.41949944172
143.7	6.754805713633333
143.8	7.0905993262199996
143.9	7.423989695606666
144.	7.75204063195
144.1	8.071802700340001
144.2	8.380345862966665
144.3	8.674792017386666
144.4	8.952347052203333
144.5	9.210332050356666
144.6	9.44621328378
144.7	9.657630662179999
144.8	9.842424320116667
144.9	9.998659052143333
145.	10.124646335326666
145.1	10.218963709376666
145.2	10.280471318459998
145.3	10.308325455773332
145.4	10.301988987146666
145.5	10.261238570046666
145.6	10.18616862131
145.7	10.077192025663333
145.8	9.935037614893332
145.9	9.760744483643332
146.	9.555653243103333
146.1	9.32139434655
146.2	9.059873651526665
146.3	8.773255411133333
146.4	8.46394291209
146.5	8.134556998426666
146.6	7.787912738263334
146.7	7.426994505543332
146.8	7.054929759226667
146.9	6.674961809726666
147.	6.290421866203333
147.1	5.904700656836667
147.2	5.521219911676667
147.3	5.143403989393333
147.4	4.7746519196833335
147.5	4.418310118543333
147.6	4.077646018776666
147.7	3.7558228388599995
147.8	3.4558756930666665
147.9	3.1806892237466666
148.	2.93297691305
148.1	2.7152622071766666
148.2	2.529861561223333
148.3	2.37886948771
148.4	2.264145666956667
148.5	2.1873041530629997
148.6	2.1497046858253333
148.7	2.1524460965989998
148.8	2.196361775074333
148.9	2.2820171449696667
149.	2.4097090790266664
149.1	2.57946716865
149.2	2.7910567502566668
149.3	3.0439835797399994
149.4	3.33750003774
149.5	3.6706127423933332
149.6	4.04209144228
149.7	4.450479060539999
149.8	4.8941027616333335
149.9	5.3710859146833325
150.	5.879360831326666
150.1	6.416682162079999
150.2	6.980640842116667
150.3	7.5686784861
150.4	8.17810214027
150.5	8.806099310846665
150.6	9.44975319654
150.7	10.106058065133332
150.8	10.771934722466668
150.9	11.444246032779997
151.	12.11981245866
151.1	12.795427595969999
151.2	13.46787368745333
151.3	14.133937103380001
151.4	14.790423783093335
151.5	15.434174633193333
151.6	16.062080880319996
151.7	16.6710993755
151.8	17.25826784500333
151.9	17.820720079836665
152.	18.355701049609998
152.1	18.86058192033
152.2	19.33287494798333
152.3	19.770248209516666
152.4	20.17054012347333
152.5	20.531773700486664
152.6	20.85217045343333
152.7	21.130163883196666
152.8	21.36441244612
152.9	21.55381189564
153.	21.697506880576668
153.1	21.794901671859996
153.2	21.845669879939997
153.3	21.849763018133334
153.4	21.807417760569997
153.5	21.71916173952667
153.6	21.58581772565333
153.7	21.408506034360002
153.8	21.18864500596333
153.9	20.927949412376666
154.	20.628426653246663
154.1	20.292370615283332
154.2	19.92235308446333
154.3	19.52121261847333
154.4	19.092040807876664
154.5	18.63816587819
154.6	18.163133611569997
154.7	17.670685596303336
154.8	17.16473484251
154.9	16.64933883680333
155.	16.128670142066667
155.1	15.606984685443333
155.2	15.088587913983332
155.3	14.57779903335667
155.4	14.07891358331
155.5	13.596164638276665
155.6	13.133682956763332
155.7	12.695456435826665
155.8	12.285289257726667
155.9	11.9067611435
156.	11.563187151746668
156.1	11.257578482173331
156.2	10.992604758149998
156.3	10.77055827389
156.4	10.593320697429998
156.5	10.462332719383333
156.6	10.378567132406666
156.7	10.342505812086666
156.8	10.354121051956668
156.9	10.412861679186665
157.	10.517644343953332
157.1	10.666850338216666
157.2	10.858328252523332
157.3	11.089402727936667
157.4	11.356889502993333
157.5	11.657116891803334
157.6	11.98595376101333
157.7	12.338844001226665
157.8	12.710847411619998
157.9	13.096686837143332
158.	13.490801316853332
158.1	13.887404917839998
158.2	14.280550848176668
158.3	14.66420035825
158.4	15.032295860829999
158.5	15.37883762201
158.6	15.697963301769999
158.7	15.984029555229997
158.8	16.231694842019998
158.9	16.436002537726665
159.	16.592463393583333
159.1	16.697136353446666
159.2	16.746706709436666
159.3	16.73856056127333
159.4	16.670854538866667
159.5	16.54257975553
159.6	16.353618977906663
159.7	16.104796032889997
159.8	15.797916515846666
159.9	15.43579892503
160.	15.022295417993334
160.1	14.562301471096667
160.2	14.061753819409997
160.3	13.5276161639
160.4	12.967852250496666
160.5	12.391386056429997
160.6	11.808048955230001
160.7	11.228513878493333
160.8	10.664216641926666
160.9	10.127264760063333
161.	9.630334231323333
161.1	9.186554934143333
161.2	8.809385434243332
161.3	8.51247815667
161.4	8.309536028853332
161.5	8.21416184384
161.6	8.239701728386667
161.7	8.399084225826666
161.8	8.704656615353333
161.9	9.16802018856
162.	9.79986628523
162.1	10.609814956033333
162.2	11.606258165583334
162.3	12.796209475329999
162.4	14.185162150413333
162.5	15.77695761795333
162.6	17.573666164299997
162.7	19.57548169658333
162.8	21.780632308370002
162.9	24.185308281416667
163.	26.78360902416
163.1	29.56751029625
163.2	32.526852894983335
163.3	35.64935378755
163.4	38.92064046221333
163.5	42.324309045679996
163.6	45.842006493490004
163.7	49.453536907229996
163.8	53.136991769569995
163.9	56.868903622983325
164.	60.624422438889994
164.1	64.37751365712998
164.2	68.10117659528666
164.3	71.76768166816998
164.4	75.34882458891666
164.5	78.81619548732334
164.6	82.141460629276
164.7	85.296654223414
164.8	88.25447758825632
164.9	90.98860278796664
165.	93.47397769322467
165.1	95.68712930074099
165.2	97.60646206221233
165.3	99.212547900183
165.4	100.48840458034398
165.5	101.41975910569369
165.6	101.99529284769734
165.7	102.20686521430133
165.8	102.04971276884767
165.9	101.52262086839531
166.	100.62806508191534
166.1	99.3723198767395
166.2	97.7655323104542
166.3	95.82175876895897
166.4	93.55896310210439
166.5	90.99897485606694
166.6	88.16740667946382
166.7	85.09353036498203
166.8	81.81011140157267
166.9	78.35320233659866
167.	74.76189568258499
167.1	71.07803753432466
167.2	67.345903515604
167.3	63.61183909788667
167.4	59.92386677658433
167.5	56.331262997180005
167.6	52.88410812441666
167.7	49.63281313852432
167.8	46.62762707426101
167.9	43.91812955968
168.	41.55271309109666
168.1	39.57805992635333
168.2	38.038618698899995
168.3	36.976086003039995
168.4	36.42889833079
168.5	36.43173979408333
168.6	37.015071085293336
168.7	38.204685086873326
168.8	40.021294447656665
168.9	42.480156283963325
169.	45.59073897274334
169.1	49.356435727123326
169.2	53.77432934336
169.3	58.83501213954666
169.4	64.52246468034666
169.5	70.81399644223333
169.6	77.68025104579
169.7	85.08527814825999
169.8	92.98667351197332
169.9	101.33578814115998
170.	110.07800675655668
170.1	119.15309521233333
170.2	128.4956157898033
170.3	138.03540862919
170.4	147.69813687297
170.5	157.40589242312
170.6	167.07785854757665
170.7	176.63102492659664
170.8	185.98095010567332
170.9	195.04256572724
171.	203.73101636813
171.1	211.9625282873567
171.2	219.65529993706997
171.3	226.7304066745
171.4	233.11271177420338
171.5	238.73177554874002
171.6	243.52275417930002
171.7	247.42727970942997
171.8	250.39431259714664
171.9	252.38095822035666
172.	253.35323883427
172.1	253.2868126330133
172.2	252.16763183982664
172.3	249.99253205588997
172.4	246.76974552551331
172.5	242.51933145455666
172.6	237.27351707021666
172.7	231.0769437495533
172.8	223.98681323268664
172.9	216.0729296878967
173.	207.41763421308667
173.1	198.11562920983664
173.2	188.27369096982332
173.3	178.01026974438997
173.4	167.45497753707332
173.5	156.74796482701998
173.6	146.03918843441
173.7	135.48757371790333
173.8	125.26007529073333
173.9	115.53064139319332
174.	106.47908802085999
174.1	98.28988979263332
174.2	91.15089542767
174.3	85.25197649712666
174.4	80.78361887498333
174.5	77.93546699951666
174.6	76.89483166197333
174.7	77.84517256781
174.8	80.9645673642
174.9	86.42417916477332
175.	94.38673486209001
175.1	105.00502666616002
175.2	118.42044934982
175.3	134.76158562938332
175.4	154.14285193465332
175.5	176.66321655177666
175.6	202.40500174664663
175.7	231.43278098758333
175.8	263.79238179853996
175.9	299.5100041024766
176.	338.59146312428
176.1	381.0215650698167
176.2	426.76362284479325
176.3	475.7591180717466
176.4	527.9275145612833
176.5	583.1662272700967
176.6	641.3507495731233
176.7	702.3349404619266
176.8	765.9514720268867
176.9	832.01243628575
177.	900.3101091554232
177.1	970.6178681337099
177.2	1042.6912588536666
177.3	1116.2692046677867
177.4	1191.0753519477298
177.5	1266.81954289325
177.6	1343.1994063594432
177.7	1419.9020562959363
177.8	1496.605886373567
177.9	1572.9824485887598
178.	1648.698402768133
178.1	1723.41752331611
178.2	1796.8027489217568
178.3	1868.5182605578268
178.4	1938.231572654223
178.5	2005.6156222792233
178.6	2070.3508409270535
178.7	2132.12719361558
178.8	2190.646170178896
178.9	2245.622713815373
179.	2296.787072512857
179.1	2343.886559351073
179.2	2386.687208440303
179.3	2424.9753138792867
179.4	2458.5588401318564
179.5	2487.26869298456
179.6	2510.9598414725633
179.7	2529.5122821458563
179.8	2542.831838285543
179.9	2550.850788013857
180.	2553.528316373553