# O+CO(0,0) elastic diff. cross section
# E = 0.025 eV
# angle, CS (1e-16 cm^2)
0.1	462306.7837947
0.2	437267.04859759996
0.3	398303.9098608333
0.4	349147.151344
0.5	294248.0617857666
0.6	238177.09751673334
0.7	185050.02115933332
0.8	138073.72641636664
0.9	99274.68177206666
1.	69434.57049833333
1.1	48217.94958533333
1.2	34443.9454695
1.3	26434.274662466665
1.4	22365.897841966667
1.5	20567.314018533332
1.6	19718.68651423333
1.7	18941.67563653333
1.8	17788.85892237667
1.9	16160.057514826667
2.	14181.122803596665
2.1	12079.684201476666
2.2	10084.09674294
2.3	8359.739816946667
2.4	6984.539054906667
2.5	5956.051306806666
2.6	5217.30913451
2.7	4688.050217856667
2.8	4290.936365843333
2.9	3967.1912162320004
3.	3680.969941427666
3.1	3415.3555744709997
3.2	3164.4958997843337
3.3	2926.120970491
3.4	2697.1218158013335
3.5	2472.8678984263333
3.6	2249.2638605849997
3.7	2025.673545311
3.8	1806.8761769819998
3.9	1602.9476686863331
4.	1426.9780111876667
4.1	1291.4276670706663
4.2	1204.399653792
4.3	1167.0621735276666
4.4	1172.991522154
4.5	1209.5337577016667
4.6	1260.655855287
4.7	1310.3691495470002
4.8	1345.74931978
4.9	1358.8202191083333
5.	1346.9960716536666
5.1	1312.2314714723334
5.2	1259.369612861
5.3	1194.3201286696665
5.4	1122.6256291366667
5.5	1048.7434823236665
5.6	976.070549358
5.7	907.4751569780001
5.8	845.9509880239999
5.9	795.0067426986667
6.	758.5393902403332
6.1	740.1537027879999
6.2	742.1121187076666
6.3	764.2553117546665
6.4	803.2773276246667
6.5	852.658312002
6.6	903.3791078396667
6.7	945.3202819523333
6.8	969.0497408986666
6.9	967.5858577826666
7.	937.7197075483333
7.1	880.589500149
7.2	801.3891308193333
7.3	708.306042754
7.4	610.9619062536665
7.5	518.7265605923333
7.6	439.27070406333326
7.7	377.62571941733336
7.8	335.86492688566665
7.9	313.357696768
8.	307.42214784
8.1	314.1436921646666
8.2	329.14217610699995
8.3	348.14353046766666
8.4	367.31093627999996
8.5	383.3800162343333
8.6	393.6948989493333
8.7	396.24552212833333
8.8	389.7675176693333
8.9	373.90462066833334
9.	349.37563530933335
9.1	318.055910072
9.2	282.888637971
9.3	247.58199510933332
9.4	216.11005673666665
9.5	192.097913114
9.6	178.21424911266664
9.7	175.70440545333332
9.8	184.17058028366665
9.9	201.65097752100002
10.	224.98171547766665
10.1	250.36239857066667
10.2	274.00430478433327
10.3	292.7285983136667
10.4	304.40186821866666
10.5	308.14062885066664
10.6	304.2726077019
10.7	294.0961283007333
10.8	279.5169469922
10.9	262.65670052449997
11.	245.5173673187
11.1	229.75694705716666
11.2	216.5926955695
11.3	206.81128813293333
11.4	200.84036201013333
11.5	198.8289682138667
11.6	200.6958145125
11.7	206.128532866
11.8	214.5454996353
11.9	225.05401631086664
12.	236.44719194556663
12.1	247.27358610066665
12.2	255.99112526533332
12.3	261.1873451030333
12.4	261.8214160343
12.5	257.42873956206665
12.6	248.23156672326667
12.7	235.11909048180001
12.8	219.49237199246664
12.9	203.0041178957
13.	187.25070059163332
13.1	173.48607981499998
13.2	162.4211398316333
13.3	154.1494799111
13.4	148.2085301431
13.5	143.75207122869998
13.6	139.7855469009
13.7	135.4049019431
13.8	129.98471774143331
13.9	123.27942804793334
14.	115.4264281902
14.1	106.86471892686667
14.2	98.20096860326666
14.3	90.06263232103333
14.4	82.97437897283334
14.5	77.28192469183332
14.6	73.13086202453333
14.7	70.49222413449999
14.8	69.21555233093333
14.9	69.08653899343332
15.	69.8700297489
15.1	71.32834780426666
15.2	73.21623558433333
15.3	75.26350323876667
15.4	77.1616931723
15.5	78.57014731243333
15.6	79.15010990113332
15.7	78.6250028021
15.8	76.85405484413333
15.9	73.8985936693
16.	70.05828116433332
16.1	65.85951983566666
16.2	61.9892536799
16.3	59.18163081286666
16.4	58.078550353266664
16.5	59.0940354352
16.6	62.313873418833325
16.7	67.45528851013333
16.8	73.89811455826667
16.9	80.78246684596667
17.	87.15262952473333
17.1	92.1167822966
17.2	94.98978318806667
17.3	95.39181543153333
17.4	93.28741041276666
17.5	88.96373478763333
17.6	82.96015349966666
17.7	75.96969505843333
17.8	68.73543979776667
17.9	61.961213078233335
18.	56.248141831733335
18.1	52.05942756966667
18.2	49.70794163603333
18.3	49.357001140099996
18.4	51.02467204893333
18.5	54.585528240366656
18.6	59.76929411775666
18.7	66.16110126751333
18.8	73.21131147448668
18.9	80.26287083257
19.	86.60086092383332
19.1	91.52319716913333
19.2	94.42489229206666
19.3	94.8828117159
19.4	92.72502175143332
19.5	88.06964689283332
19.6	81.32268739746667
19.7	73.13164630036667
19.8	64.30047210743334
19.9	55.67925871536666
20.	48.04747664853333
20.1	42.01093063643333
20.2	37.92976019586666
20.3	35.88828132376666
20.4	35.70886831836666
20.5	37.0034606981
20.6	39.24967824163333
20.7	41.8753822021
20.8	44.336312671033326
20.9	46.175572026
21.	47.05976493039999
21.1	46.7927009318
21.2	45.312038800636664
21.3	42.67608508322667
21.4	39.04705999812666
21.5	34.67430161490333
21.6	29.87744455307333
21.7	25.02700674048333
21.8	20.519062472016664
21.9	16.742056800964665
22.	14.036816722183332
22.1	12.654340363886998
22.2	12.718695802162665
22.3	14.203268406603666
22.4	16.927165782576665
22.5	20.57504712929333
22.6	24.73885099037333
22.7	28.97508409589333
22.8	32.867748765559995
22.9	36.08554479136
23.	38.42304624485
23.1	39.81886355007333
23.2	40.34856573356333
23.3	40.195250648936664
23.4	39.604962836603335
23.5	38.83674187032
23.6	38.117433373846666
23.7	37.60952751777666
23.8	37.39672832214
23.9	37.48760134289
24.	37.833560640626665
24.1	38.35460981659333
24.2	38.965286026963334
24.3	39.59431343389666
24.4	40.19415883772667
24.5	40.74016720362
24.6	41.22220099898
24.7	41.63376592878967
24.8	41.96389661033599
24.9	42.195565318022
25.	42.311593312115
25.1	42.30591884557033
25.2	42.19565460770333
25.3	42.028480325463335
25.4	41.88091125288
25.5	41.84560921091666
25.6	42.00938221481
25.7	42.42678667909333
25.8	43.09627922422
25.9	43.94599448067999
26.	44.834337785643335
26.1	45.56714809371333
26.2	45.929116040939995
26.3	45.72351383646999
26.4	44.812051058353326
26.5	43.14637082551
26.6	40.7843861315
26.7	37.88787135668666
26.8	34.70166378323666
26.9	31.51856193581333
27.	28.636706060489992
27.1	26.31735730784
27.2	24.750413188193335
27.3	24.032955561996665
27.4	24.16317664162533
27.5	25.048881163045998
27.6	26.527123835707663
27.7	28.389950480213002
27.8	30.410930053271336
27.9	32.36812585726567
28.	34.060988875896996
28.1	35.32079335635833
28.2	36.01605301685667
28.3	36.05535250403334
28.4	35.38995981458667
28.5	34.01754067498333
28.6	31.986674719493337
28.7	29.40026807915
28.8	26.41497151524333
28.9	23.233770054816667
29.	20.090107106703332
29.1	17.223970722689998
29.2	14.852729544336668
29.3	13.141456681960001
29.4	12.17839931981
29.5	11.960793614889997
29.6	12.394427582293334
29.7	13.307637173873333
29.8	14.477458946253332
29.9	15.663196169666666
30.	16.641279266366666
30.1	17.235309712590002
30.2	17.33649742051
30.3	16.911940789516667
30.4	16.000766524599996
30.5	14.70042689428
30.6	13.146961317479999
30.7	11.493521588826667
30.8	9.890961547673331
30.9	8.473060445906665
31.	7.347383567126666
31.1	6.591310958353334
31.2	6.251735993606667
31.3	6.346548981086666
31.4	6.866291872710001
31.5	7.775139632983333
31.6	9.01134880478
31.7	10.488182245553332
31.8	12.096776773663333
31.9	13.71229093468
32.	15.203947603156665
32.1	16.448447421353332
32.2	17.344995045250002
32.3	17.829232723846665
32.4	17.883048702896666
32.5	17.537701868099997
32.6	16.868937731743333
32.7	15.984494776186665
32.8	15.006179392046665
32.9	14.050040298466666
33.	13.208710654670002
33.1	12.539531280643333
33.2	12.06071582387
33.3	11.75591265576
33.4	11.585556619673334
33.5	11.501895441313332
33.6	11.463896247449998
33.7	11.448527327683331
33.8	11.456043509436668
33.9	11.508537299810001
34.	11.64269951379
34.1	11.89903162439
34.2	12.3103738126
34.3	12.892467866766667
34.4	13.638480924759998
34.5	14.518247994833333
34.6	15.481788368733334
34.7	16.46572473242
34.8	17.400789785523333
34.9	18.21870305268
35.	18.857253502816665
35.1	19.263233310639997
35.2	19.39368233479
35.3	19.21648072702333
35.4	18.711498288519998
35.5	17.87321616841
35.6	16.71505085569333
35.7	15.27471972680333
35.8	13.619152897403334
35.9	11.846948023436667
36.	10.086388638066666
36.1	8.48767938775
36.2	7.209205347639998
36.3	6.399051995843333
36.4	6.174377319093333
36.5	6.602141903283333
36.6	7.684896273543334
36.7	9.354686943643333
36.8	11.47677455804
36.9	13.863053477486668
37.	16.293235879916665
37.1	18.540438288046666
37.2	20.397104131119995
37.3	21.697345407273335
37.4	22.332706908569996
37.5	22.25978162303
37.6	21.499667932753333
37.7	20.130592830486666
37.8	18.27586332551333
37.9	16.08954088618667
38.	13.741919452006666
38.1	11.406215628966667
38.2	9.247102669846667
38.3	7.41107697997
38.4	6.018300396813332
38.5	5.15556622221
38.6	4.870333309096666
38.7	5.16621773159
38.8	6.000744142599999
38.9	7.2863686687
39.	8.895677179853331
39.1	10.67120660817
39.2	12.439596763829998
39.3	14.028903456030001
39.4	15.287091607129998
39.5	16.09918882324333
39.6	16.400482250516667
39.7	16.18356241959
39.8	15.497917529813332
39.9	14.44200165577
40.	13.148993142863333
40.1	11.768545263899998
40.2	10.447468197226666
40.3	9.312329776939999
40.4	8.456423597523333
40.5	7.9325703012233335
40.6	7.75203778085
40.7	7.888770308813332
40.8	8.287345321823333
40.9	8.872765708783334
41.	9.560347264766666
41.1	10.26445524939
41.2	10.905484269046667
41.3	11.415054433529999
41.4	11.739757805733333
41.5	11.843868646053332
41.6	11.71126559419
41.7	11.346517731436666
41.8	10.774806143036667
41.9	10.0402177455
42.	9.202031867139999
42.1	8.32892039503
42.2	7.49142704652
42.3	6.753561918823333
42.4	6.164712787339999
42.5	5.75322501007
42.6	5.522875489763334
42.7	5.45306311539
42.8	5.502921410613333
42.9	5.618842918106666
43.	5.744232803046666
43.1	5.8298258508966665
43.2	5.842720987883333
43.3	5.7724673587
43.4	5.633056847533333
43.5	5.46044298676
43.6	5.306058010833333
43.7	5.227554598133333
43.8	5.278490937979999
43.9	5.498802490179999
44.	5.90764600084
44.1	6.49963990685
44.2	7.244811087126667
44.3	8.09187086299
44.4	8.973941005583331
44.5	9.815625799823334
44.6	10.540384383493333
44.7	11.077423004886665
44.8	11.367673811206666
44.9	11.368724286236667
45.	11.058716399576664
45.1	10.43921925206
45.2	9.536934972723333
45.3	8.40391578459
45.4	7.115856089726667
45.5	5.7680599948666655
45.6	4.46890444872
45.7	3.3309934028966666
45.8	2.4606503089666667
45.9	1.9468182017853333
46.	1.8507233778433332
46.1	2.1977327309466665
46.2	2.9726634094999995
46.3	4.119403995436667
46.4	5.545140940916667
46.5	7.1288460127799995
46.6	8.73307727341
46.7	10.217679793923333
46.8	11.453721842610001
46.9	12.336008814460001
47.	12.79277484636
47.1	12.791607480386666
47.2	12.341222382509999
47.3	11.48926267495
47.4	10.316747407236665
47.5	8.93006505921
47.6	7.4514800901800005
47.7	6.00902699829
47.8	4.726482173246666
47.9	3.71391934767
48.	3.059243684123333
48.1	2.8210938685610003
48.2	3.02357826288
48.3	3.653401287503333
48.4	4.659950094466666
48.5	5.9587732211299995
48.6	7.438561310596667
48.7	8.971266475543333
48.8	10.424461718579998
48.9	11.674570815873333
49.	12.619317678709999
49.1	13.187740639883334
49.2	13.346416020193333
49.3	13.101089843293332
49.4	12.49362024346
49.5	11.594847220393333
49.6	10.494593800273332
49.7	9.290358710513333
49.8	8.07633353767
49.9	6.93417433612
50.	5.926538196556667
50.1	5.09385413223
50.2	4.454243488853334
50.3	4.00603902948
50.4	3.732049300836666
50.5	3.6046131860266666
50.6	3.590582722386666
50.7	3.6556138879499995
50.8	3.7674592647233327
50.9	3.898255893923333
51.	4.026009078903333
51.1	4.13554191118
51.2	4.219108609369999
51.3	4.27670078083
51.4	4.315886236716666
51.5	4.350896433946667
51.6	4.40068840678
51.7	4.485874178653333
51.8	4.624703936206666
51.9	4.8286282458533325
52.	5.098242272183333
52.1	5.420530662809999
52.2	5.768223968856667
52.3	6.10174561992
52.4	6.373736547826668
52.5	6.5356049584299996
52.6	6.545091527436666
52.7	6.3735772893833325
52.8	6.011856434083333
52.9	5.47334930477
53.	4.79418143565
53.1	4.030099615983333
53.2	3.250718733516667
53.3	2.531991224643333
53.4	1.9479986549833335
53.5	1.5631636669236664
53.6	1.4257969288483334
53.7	1.56358815248
53.8	1.9812996090133332
53.9	2.660600141076667
54.	3.56174547655
54.1	4.626696865156666
54.2	5.783272577294999
54.3	6.950013632369332
54.4	8.041563293432333
54.5	8.974449716726
54.6	9.673173400399666
54.7	10.076412863401334
54.8	10.142987073912666
54.9	9.857002457361666
55.	9.231442704246334
55.1	8.309412671026
55.2	7.162383749298
55.3	5.885123230795667
55.4	4.5874840662039995
55.5	3.3837911993259997
55.6	2.381061628849
55.7	1.6676129448233334
55.8	1.3036594696356665
55.9	1.3152377609406667
56.	1.6922871127066665
56.1	2.3910409043366663
56.2	3.340201814676666
56.3	4.449818418176666
56.4	5.621458057533332
56.5	6.758228023603333
56.6	7.77341502017
56.7	8.596916996846666
56.8	9.179124459126665
56.9	9.492359207283332
57.	9.530308445073333
57.1	9.306052844459998
57.2	8.849276210969999
57.3	8.203100631736667
57.4	7.4207803846400004
57.5	6.562285379886665
57.6	5.690675837473333
57.7	4.868154704363333
57.8	4.1517890918099996
57.9	3.5890867426866664
58.	3.213838560006667
58.1	3.0428182874520004
58.2	3.073993993615
58.3	3.2868056730556665
58.4	3.6447921360120006
58.5	4.100449123153999
58.6	4.601752099881667
58.7	5.099388248517666
58.8	5.5535164178858
58.9	5.938882760155666
59.	6.247380680227932
59.1	6.487610966642234
59.2	6.681572053576
59.3	6.859162199578332
59.4	7.0515795858866674
59.5	7.284873887669001
59.6	7.574803621469666
59.7	7.923822435623666
59.8	8.320542905912333
59.9	8.741524969149333
60.	9.154821584556666
60.1	9.52446925024
60.2	9.815069677463335
60.3	9.995753185989999
60.4	10.043084100253331
60.5	9.942780758833333
60.6	9.690394787499999
60.7	9.291263045286666
60.8	8.760081146673333
60.9	8.1203568833
61.	7.403825129733332
61.1	6.649704284653333
61.2	5.903515408456667
61.3	5.215126005076666
61.4	4.6357530339999995
61.5	4.21386200559
61.6	3.9901921231866666
61.7	3.9924526052199996
61.8	4.230488617343333
61.9	4.692828152163333
62.	5.345442118009999
62.1	6.133270860433332
62.2	6.984633498003333
62.3	7.818127470788999
62.4	8.551154598725333
62.5	9.108883973931665
62.6	9.432357847414332
62.7	9.484589968084999
62.8	9.253864188839666
62.9	8.753932714001333
63.	8.021328525134333
63.1	7.110436411114333
63.2	6.087230387670001
63.3	5.022646480123466
63.4	3.9864334464521
63.5	3.042066017483
63.6	2.2429943762253264
63.7	1.6302191774790367
63.8	1.2309837280578333
63.9	1.0582932481858331
64.	1.1110009063819666
64.1	1.3743091315406666
64.2	1.8206737482516666
64.3	2.4112162314649996
64.4	3.0978041490336663
64.5	3.825928980497667
64.6	4.538394893713667
64.7	5.1796558941079995
64.8	5.7004443415756665
64.9	6.0621724805033335
65.	6.240508911833333
65.1	6.227567336603332
65.2	6.0323038119
65.3	5.678979624076668
65.4	5.203860678223332
65.5	4.6506246937033335
65.6	4.065166777406667
65.7	3.4905807478499993
65.8	2.96302720013
65.9	2.50899619463
66.	2.14418240095
66.1	1.8738832915899999
66.2	1.6945772352333333
66.3	1.5961906878903334
66.4	1.564543470194
66.5	1.5835549281023333
66.6	1.6369601831533336
66.7	1.70946966125
66.8	1.7874550444133332
66.9	1.8593267738966663
67.	1.9157733075633332
67.1	1.9499755732200001
67.2	1.9578225744799997
67.3	1.9380714939746666
67.4	1.8923468798046668
67.5	1.8248735230196664
67.6	1.7418850348793333
67.7	1.6507296979709998
67.8	1.558783470003
67.9	1.4723520393021998
68.	1.395778820075233
68.1	1.3309614966688332
68.2	1.2774147818787664
68.3	1.2329114105213332
68.4	1.1946071167276666
68.5	1.1604354679103333
68.6	1.130473855239
68.7	1.107956907455
68.8	1.0996608852026668
68.9	1.115498444269
69.	1.1673257734626665
69.1	1.2671374045236665
69.2	1.4249659395036667
69.3	1.6468779507273332
69.4	1.9334430787833334
69.5	2.2789536666599997
69.6	2.67151307761
69.7	3.093934185403333
69.8	3.52524121293
69.9	3.9424840968533332
70.	4.32257051257
70.1	4.6438880323700005
70.2	4.88759873399
70.3	5.038601959666666
70.4	5.086241703819999
70.5	5.02486119567
70.6	4.854276583943333
70.7	4.580171313179999
70.8	4.214332148656666
70.9	3.7745883035733336
71.	3.28430042126
71.1	2.771285591090667
71.2	2.2661513850699997
71.3	1.800126191832
71.4	1.4025878425983331
71.5	1.0985804094246667
71.6	0.9066487019509999
71.7	0.8372999215183332
71.8	0.8923224663746666
71.9	1.0650649846157334
72.	1.3416262447265002
72.1	1.7027565408181666
72.2	2.1261541913129998
72.3	2.5887820290326666
72.4	3.0688439865719994
72.5	3.5471508856463334
72.6	4.007749833795
72.7	4.437860651968
72.8	4.82731490793
72.9	5.167790122194333
73.	5.452148424377667
73.1	5.674121412774333
73.2	5.828450630647333
73.3	5.911433958261332
73.4	5.9216882921963325
73.5	5.860858544662666
73.6	5.734005058670332
73.7	5.549484493295333
73.8	5.318277999937666
73.9	5.0528742914830005
74.	4.765939891678666
74.1	4.469069869266
74.2	4.171894099435
74.3	3.881723205038999
74.4	3.6037805443016664
74.5	3.3419185345209996
74.6	3.0995964685106667
74.7	2.880831394206333
74.8	2.6908375723909996
74.9	2.5361410752856663
75.	2.424077395664
75.1	2.3617248143356666
75.2	2.3544639363333335
75.3	2.404455169577333
75.4	2.5093687860406666
75.5	2.6616753883099995
75.6	2.8487105653206664
75.7	3.0535829046043337
75.8	3.2568279712440003
75.9	3.4385578255633327
76.	3.580750792601666
76.1	3.669294848600667
76.2	3.6954489890669997
76.3	3.656509202152667
76.4	3.555630042893333
76.5	3.400919253184999
76.6	3.204051188345333
76.7	2.97870573709
76.8	2.7391227303873333
76.9	2.498978733852667
77.	2.270672195426
77.1	2.064980978454667
77.2	1.8909671367570002
77.3	1.7559684938833335
77.4	1.6655384958069999
77.5	1.6232611633716667
77.6	1.630451776529
77.7	1.6858284977536666
77.8	1.7852834622616665
77.9	1.9218831010933335
78.	2.0861884811499998
78.1	2.2669194965576667
78.2	2.4519098085036664
78.3	2.6292310578626665
78.4	2.7883200557079997
78.5	2.9209304436113332
78.6	3.0217531016179997
78.7	3.088603457086
78.8	3.122149482521666
78.9	3.125238017428333
79.	3.1019530641279998
79.1	3.0565918751770003
79.2	2.992760306812333
79.3	2.9127622672099993
79.4	2.817392820260667
79.5	2.7061542024599996
79.6	2.577819680542
79.7	2.431195069164666
79.8	2.2658907899859995
79.9	2.082927428534333
80.	1.8850505858376665
80.1	1.6767101858086664
80.2	1.463742058317
80.3	1.2528526766406665
80.4	1.0510359398283333
80.5	0.865040299784
80.6	0.7009639487743333
80.7	0.5640021399356666
80.8	0.45832288071833327
80.9	0.38701951216366665
81.	0.35208649695166666
81.1	0.35438394112733335
81.2	0.3935860155903333
81.3	0.4681356179249999
81.4	0.5752423502386668
81.5	0.7109592280006665
81.6	0.870357911731
81.7	1.047799437833
81.8	1.2372752637
81.9	1.4327779158413332
82.	1.628654255551
82.1	1.8198968588426665
82.2	2.0023380769506662
82.3	2.172724761458
82.4	2.3286679451946664
82.5	2.468480030207
82.6	2.590930837613333
82.7	2.694970435136
82.8	2.779476818778
82.9	2.843085978215
83.	2.8841481833146667
83.1	2.90082875886
83.2	2.891339720364
83.3	2.854259002998333
83.4	2.788875371583333
83.5	2.6954949870676668
83.6	2.5756599199796666
83.7	2.432253608342333
83.8	2.269493577943
83.9	2.092828075933667
84.	1.9087552750130001
84.1	1.7245727849306667
84.2	1.548049195424333
84.3	1.3869994045663332
84.4	1.2487511893103331
84.5	1.1395154453533332
84.6	1.0637119706953335
84.7	1.023344346979
84.8	1.0175456859983334
84.9	1.0424182303306666
85.	1.0912578093679999
85.1	1.155192751861
85.2	1.2241891263123332
85.3	1.2882986333816666
85.4	1.3389705058866666
85.5	1.3702274048283334
85.6	1.3795219291533334
85.7	1.3681403470776667
85.8	1.3410920242183333
85.9	1.3065020995926666
86.	1.2745971069056665
86.1	1.2564275125196667
86.2	1.262500968930333
86.3	1.301503211484
86.4	1.3792614088266666
86.5	1.498061971797
86.6	1.6563785947206666
86.7	1.8490061413126666
86.8	2.067542576928
86.9	2.3011244410696667
87.	2.5373080043136667
87.1	2.762999210046667
87.2	2.965364853924
87.3	3.132693443165666
87.4	3.2552025068179997
87.5	3.325797772508999
87.6	3.3407735166256662
87.7	3.300407139198333
87.8	3.2093583387173332
87.9	3.0767529957253332
88.	2.915831631012
88.1	2.743081967339333
88.2	2.576852495696
88.3	2.435544230929333
88.4	2.3355773093506667
88.5	2.2894017969696665
88.6	2.303847472139333
88.7	2.3790761753189997
88.8	2.5083171568916667
88.9	2.6784475323173336
89.	2.871350701980333
89.1	3.0658706391173327
89.2	3.2400996004396667
89.3	3.373702590023333
89.4	3.4499953821263336
89.5	3.457546969598
89.6	3.3911588966906665
89.7	3.2521672402919997
89.8	3.0481022958523334
89.9	2.791812910669
90.	2.500207521348
90.1	2.1927782190632668
90.2	1.8900595660790334
90.3	1.6121383606860331
90.4	1.377286615236
90.5	1.2007519231893333
90.6	1.0937192010746666
90.7	1.0624613856933331
90.8	1.107721135911
90.9	1.2243991874216666
91.	1.4016502141123335
91.1	1.623486104681
91.2	1.8699478789223332
91.3	2.1188306827913332
91.4	2.3478440625809998
91.5	2.5369852491079996
91.6	2.670824134785333
91.7	2.740369066402333
91.8	2.744215653167333
91.9	2.6887744804006664
92.	2.5875108931576665
92.1	2.459283311007667
92.2	2.3260050259186666
92.3	2.2099517598206666
92.4	2.1310774540306663
92.5	2.104680900510333
92.6	2.139695066989333
92.7	2.2377668843196665
92.8	2.3931788922566666
92.9	2.5935553179659996
93.	2.821209172817
93.1	3.054932828193666
93.2	3.272014783159666
93.3	3.4502766443693327
93.4	3.5699587873463328
93.5	3.6153298918780004
93.6	3.575942792804333
93.7	3.4474966777303333
93.8	3.2322874800339996
93.9	2.939234194299667
94.	2.583465004417
94.1	2.185444593878666
94.2	1.7696350981656668
94.3	1.3627167762198333
94.4	0.9914519245493333
94.5	0.6803483612512
94.6	0.4493497636600333
94.7	0.31182766411293333
94.8	0.2731545322427133
94.9	0.33008838780399996
95.	0.4710992888273333
95.1	0.6776331426596666
95.2	0.9261651036673333
95.3	1.190773211606
95.4	1.445888168747333
95.5	1.668861414866
95.6	1.8420407945413333
95.7	1.9541376114976665
95.8	2.0007883238073334
95.9	1.9843335994759999
96.	1.9129355928606664
96.1	1.7992176862293334
96.2	1.658635558507
96.3	1.5077786402713333
96.4	1.3627667110056667
96.5	1.2378597737466666
96.6	1.1443519434146667
96.7	1.0897808042603332
96.8	1.0774576862786667
96.9	1.1063126091713
97.	1.1710472741603333
97.1	1.2625941531986666
97.2	1.3688811951863333
97.3	1.4758919242086668
97.4	1.5689846375593333
97.5	1.6343923304916665
97.6	1.660773964903
97.7	1.640640952566
97.8	1.571456526895
97.9	1.4562145940270002
98.	1.303356281877
98.1	1.1259735149206667
98.2	0.9403645875336666
98.3	0.7641230318969999
98.4	0.6140312624933333
98.5	0.5040721649875
98.6	0.44385360652816
98.7	0.43766590012539996
98.8	0.4842774926126667
98.9	0.5774456216069999
99.	0.7070044178053334
99.1	0.8603155256953332
99.2	1.0238376531513333
99.3	1.1845908007823334
99.4	1.331346693671
99.5	1.4554511960183332
99.6	1.5512583794076669
99.7	1.6162144232016669
99.8	1.6506643123793332
99.9	1.6574642790633334
100.	1.6414729833936665
100.1	1.6089730550303334
100.2	1.5670514229896668
100.3	1.5229503647639997
100.4	1.4833971852989998
100.5	1.4539308255953334
100.6	1.43826600429
100.7	1.4377629040569666
100.8	1.451092877119
100.9	1.474197077916
101.	1.5006163730716664
101.1	1.522223875152
101.2	1.5303205735719998
101.3	1.5169729002573331
101.4	1.4763980918283333
101.5	1.406159881118
101.6	1.3079397943273332
101.7	1.187704387437
101.8	1.0551890325686666
101.9	0.9227445793136667
102.	0.8037164852473
102.1	0.7106181638141666
102.2	0.6533997376448
102.3	0.6380915197929999
102.4	0.6660249744456667
102.5	0.7337222126573333
102.6	0.8334250388083332
102.7	0.9541327093386667
102.8	1.0829533835485665
102.9	1.2065559690643
103.	1.3125329890752666
103.1	1.39053818271172
103.2	1.4331270899422333
103.3	1.4362876460399998
103.4	1.3996882298769333
103.5	1.3266870339856667
103.6	1.2241406553043332
103.7	1.1020289688903333
103.8	0.972888752896
103.9	0.8510321078956666
104.	0.7515274031213333
104.1	0.6889457421006666
104.2	0.6759238416660001
104.3	0.7216566267549999
104.4	0.8304951696130001
104.5	1.0008694339859998
104.6	1.22476273704
104.7	1.48792378706
104.8	1.7709109267766667
104.9	2.0509331526066665
105.	2.3043070765066664
105.1	2.50921927661
105.2	2.64840055187
105.3	2.7113052864533334
105.4	2.695453248563333
105.5	2.6067224988533333
105.6	2.4585543869833333
105.7	2.27020892013
105.8	2.0643545641433336
105.9	1.86436278498
106.	1.691691393614
106.1	1.5636862716096664
106.2	1.4920272875949998
106.3	1.4819187325989998
106.4	1.5320059126603331
106.5	1.6349101147066665
106.6	1.77822593928
106.7	1.9458181234199998
106.8	2.119279654243333
106.9	2.2794533482966663
107.	2.407957971673333
107.1	2.4886832811666664
107.2	2.5092182316
107.3	2.462153112133333
107.4	2.3461575605066662
107.5	2.166696533854333
107.6	1.9362227779509997
107.7	1.673693380362333
107.8	1.4033100456953331
107.9	1.152478350709
108.	0.9491089133299999
108.1	0.8185202828023332
108.2	0.7803192759099999
108.3	0.8456988730386668
108.4	1.0155837652753332
108.5	1.279961136357333
108.6	1.6185698565323332
108.7	2.0029132772900002
108.8	2.39934943022
108.9	2.7728402724
109.	3.090843307843333
109.1	3.326822585866667
109.2	3.4629392591766663
109.3	3.4916328356199995
109.4	3.4159882208633334
109.5	3.2489620595533326
109.6	3.0116817982299997
109.7	2.7311121202099997
109.8	2.43740161725
109.9	2.16118811191
110.	1.9310742769066667
110.1	1.7714100127849997
110.2	1.7004555081606665
110.3	1.728962427631
110.4	1.8592035855933333
110.5	2.08449716635
110.6	2.38929583919
110.7	2.74992609257
110.8	3.1360518940133333
110.9	3.512888218253333
111.	3.8441024686733334
111.1	4.09522531015
111.2	4.237267914256666
111.3	4.250138578875
111.4	4.125397970398333
111.5	3.867912423689333
111.6	3.4960688835616667
111.7	3.0403950177396664
111.8	2.540656944339
111.9	2.0417439397363335
112.	1.5888480969928
112.1	1.2225663813102998
112.2	0.9745676516912334
112.3	0.8643747539820199
112.4	0.8976313536081433
112.5	1.0659922649573998
112.6	1.3485406731965668
112.7	1.7144393029771998
112.8	2.1263964342448998
112.9	2.5444846453543333
113.	2.929884148236667
113.1	3.2482122684006667
113.2	3.472216650724333
113.3	3.583722801834666
113.4	3.5748142184496663
113.5	3.448274407269667
113.6	3.21733559354
113.7	2.904770113691667
113.8	2.541344840276
113.9	2.163655013000333
114.	1.8113760533420002
114.1	1.5240266784343333
114.2	1.3374196744766667
114.3	1.2800730668166667
114.4	1.369940830653333
114.5	1.6118719498666665
114.6	1.9961958626933332
114.7	2.498747403663333
114.8	3.082486901016667
114.9	3.7006602904333334
115.	4.301214461866667
115.1	4.831977804193333
115.2	5.245977369729999
115.3	5.50622332509
115.4	5.58936010134
115.5	5.487750713056666
115.6	5.209794211036666
115.7	4.778531092833333
115.8	4.228820144103333
115.9	3.60353351103
116.	2.9492924381466663
116.1	2.3122519500466665
116.2	1.73435525812
116.3	1.2503467396583332
116.4	0.8856890121526666
116.5	0.655403925815
116.6	0.5637682490523999
116.7	0.6047488260926666
116.8	0.7630535804906666
116.9	1.0156899850063332
117.	1.333943901831
117.1	1.6857027025506666
117.2	2.038036450571666
117.3	2.3599169795386663
117.4	2.6249032652899995
117.5	2.813566812144
117.6	2.91539197907
117.7	2.9298826730533336
117.8	2.8666529947766666
117.9	2.7443795990433335
118.	2.5886389719366667
118.1	2.428821562873333
118.2	2.294475111803333
118.3	2.2115470280366667
118.4	2.1990412971566666
118.5	2.2665635664566666
118.6	2.4131017182866668
118.7	2.6272002222
118.8	2.888471026256666
118.9	3.1701837207166665
119.	3.442530978103333
119.1	3.676096587236666
119.2	3.845069274183333
119.3	3.9298339947666663
119.4	3.918707539603334
119.5	3.808734724016667
119.6	3.6055946536866665
119.7	3.32276177292
119.8	2.980114204283333
119.9	2.6021853223533333
120.	2.21622613984
120.1	1.8502033319266666
120.2	1.53081784705
120.3	1.2816050312413332
120.4	1.1211751372316665
120.5	1.0616713616593332
120.6	1.1075525185653332
120.7	1.254835581786
120.8	1.4909443436833332
120.9	1.795291144263333
121.	2.1406617453966668
121.1	2.49538065344
121.2	2.826117492266667
121.3	3.10107541325
121.4	3.2932061181409993
121.5	3.3830480232976665
121.6	3.3608018328319997
121.7	3.227345465764
121.8	2.994036268346333
121.9	2.681326946201333
122.	2.3163983185143335
122.1	1.93015210131
122.2	1.5539838601333333
122.3	1.2167578941363333
122.4	0.942336867758
122.5	0.7478990188126666
122.6	0.643133262985
122.7	0.6302673898621967
122.8	0.7047809527707667
122.9	0.8565960083026667
123.	1.0715272089376664
123.1	1.3327993406799998
123.2	1.6224903857333333
123.3	1.9228150594966666
123.4	2.2172133171066664
123.5	2.491241232463333
123.6	2.73327448687
123.7	2.9350295841866663
123.8	3.0918913224833333
123.9	3.203016161303333
124.	3.2711697609533332
124.1	3.3022614205999994
124.2	3.304562927476666
124.3	3.28764342147
124.4	3.261107951099666
124.5	3.2332826904836667
124.6	3.2100287978870004
124.7	3.1938754715353337
124.8	3.183632550966666
124.9	3.174574885032
125.	3.159195743144333
125.1	3.12842413085
125.2	3.0731138715399995
125.3	2.9855610427999997
125.4	2.8608028886533328
125.5	2.697496131536666
125.6	2.49825451232
125.7	2.2694249136666667
125.8	2.0203763247866666
125.9	1.7624471044299999
126.	1.5077320865866666
126.1	1.2678901544066665
126.2	1.0531215560466667
126.3	0.8714143107063332
126.4	0.7281037187389999
126.5	0.6257393055973333
126.6	0.5642165133803334
126.7	0.5411087896996667
126.8	0.552128673246
126.9	0.5916512186039999
127.	0.6532458705866666
127.1	0.7301796072583333
127.2	0.8158707217819999
127.3	0.9042852092333332
127.4	0.9902735044846667
127.5	1.0698432634326667
127.6	1.14035560729
127.7	1.2006221141856666
127.8	1.2508739649103333
127.9	1.292578909022
128.	1.3280993055773334
128.1	1.360213992152
128.2	1.3915616524863332
128.3	1.424093561424333
128.4	1.458638408942
128.5	1.4946738304733334
128.6	1.530366938677333
128.7	1.5628954278466662
128.8	1.5890034222266665
128.9	1.6056963092733334
129.	1.6109486193766664
129.1	1.6042953566666664
129.2	1.5871995858499999
129.3	1.56313053549
129.4	1.5373361783853334
129.5	1.516341190726
129.6	1.507237298304
129.7	1.5168547259439997
129.8	1.5509114110716666
129.9	1.6132339380863332
130.	1.7051342157426668
130.1	1.825010910735
130.2	1.9682251036020002
130.3	2.1272752983389998
130.4	2.292268159563333
130.5	2.45165025967
130.6	2.593136653773333
130.7	2.704749135623333
130.8	2.7758647069733335
130.9	2.7981750033033332
131.	2.76646912022
131.1	2.6791720457533335
131.2	2.53859438648
131.3	2.3508727690033333
131.4	2.1256026476033334
131.5	1.8751866444166663
131.6	1.6139431886913331
131.7	1.3570424513553334
131.8	1.1193575880303333
131.9	0.9143349994246666
132.	0.7529924923302
132.1	0.6431447421881
132.2	0.5889304095826666
132.3	0.5906780883523333
132.4	0.6451061998716666
132.5	0.7458138651053333
132.6	0.8839932044659999
132.7	1.0492820237013334
132.8	1.2306780065273333
132.9	1.4174457974649999
133.	1.5999596137033336
133.1	1.7704307819533334
133.2	1.9234704160066667
133.3	2.056435601943333
133.4	2.16950947812
133.5	2.2654783287999996
133.6	2.34919612792
133.7	2.4267675340466663
133.8	2.5045273199766664
133.9	2.5879371036136662
134.	2.680548031170333
134.1	2.7831826460323335
134.2	2.8934677107266666
134.3	3.0058052457499995
134.4	3.111809214993333
134.5	3.20117025792
134.6	3.262850767913333
134.7	3.286465767126667
134.8	3.263677153066667
134.9	3.18942311429
135.	3.062821646463334
135.1	2.8876257276366664
135.2	2.672163892706666
135.3	2.428766846473333
135.4	2.1727487690966663
135.5	1.921069870846667
135.6	1.6908439509866664
135.7	1.4978641167899998
135.8	1.3553003090866667
135.9	1.2726797271299999
136.	1.2552073213666666
136.1	1.30343245276
136.2	1.4132319894383332
136.3	1.5760660593473332
136.4	1.7794689432096666
136.5	2.0077553519446667
136.6	2.242938676058
136.7	2.465860527928
136.8	2.6575131562796663
136.9	2.8004993062169996
137.	2.880527010443333
137.1	2.88779390645
137.2	2.818091758045
137.3	2.673467518941666
137.4	2.4623157229603327
137.5	2.198843228906
137.6	1.9019297831830002
137.7	1.5934914830526665
137.8	1.2965242553773333
137.9	1.0330493430136665
138.	0.8221958530239999
138.1	0.6786353293669999
138.2	0.6115335902503333
138.3	0.6241132611413334
138.4	0.7138371612226667
138.5	0.873140568438
138.6	1.0905724725083332
138.7	1.35216367337
138.8	1.6428303097013333
138.9	1.947646024065
139.	2.252867885898
139.1	2.5466671099446665
139.2	2.8195785525393333
139.3	3.064726883732333
139.4	3.2779019337896664
139.5	3.457539927179
139.6	3.604629964963
139.7	3.7225223182696667
139.8	3.816585094335
139.9	3.8936528811133333
140.	3.9612403373399996
140.1	4.026549567293333
140.2	4.095367158129999
140.3	4.171004747973333
140.4	4.253467069986666
140.5	4.339021780093333
140.6	4.420294691066666
140.7	4.486931630579999
140.8	4.526771174953334
140.9	4.527381279626667
141.	4.477745764613333
141.1	4.369856384749999
141.2	4.199977698356666
141.3	3.969402146106667
141.4	3.6845921358766667
141.5	3.356700540593333
141.6	3.0005547929
141.7	2.6332668798189998
141.8	2.2726787628006666
141.9	1.9358617425666664
142.	1.637857644622
142.1	1.3907860402115664
142.2	1.2033591933707
142.3	1.0807641847458667
142.4	1.0248094528513332
142.5	1.0342058737743334
142.6	1.1048662307776664
142.7	1.2301556565443335
142.8	1.401092985166
142.9	1.6065665067609998
143.	1.833665609203
143.1	2.0682279464186664
143.2	2.295658031590333
143.3	2.501998635112
143.4	2.6751521911200005
143.5	2.806080384174
143.6	2.8897772845456666
143.7	2.9258260787449997
143.8	2.9184100394050003
143.9	2.875741391633
144.	2.808975879508667
144.1	2.730772965824667
144.2	2.6537224553799996
144.3	2.58887662609
144.4	2.54460095326
144.5	2.52589329992
144.6	2.53423453889
144.7	2.56793985982
144.8	2.6228967170866664
144.9	2.6935173625566664
145.	2.773711448537
145.1	2.8577011331203335
145.2	2.9405537542889997
145.3	3.018384127232667
145.4	3.0882624763330004
145.5	3.147934874031333
145.6	3.1955028371683327
145.7	3.2292065462496664
145.8	3.247411963537333
145.9	3.2488277040730003
146.	3.2328939060339996
146.1	3.2002172121366663
146.2	3.1528943475049998
146.3	3.094582525324333
146.4	3.030235066163
146.5	2.9655089469873332
146.6	2.905942714350333
146.7	2.8560723380686666
146.8	2.8186796736766664
146.9	2.794345766048333
147.	2.781415484378333
147.1	2.776388437695333
147.2	2.774657093175
147.3	2.7714390165209997
147.4	2.7627122183879997
147.5	2.745967079663333
147.6	2.7206316154399994
147.7	2.6880974469093335
147.8	2.65135591419
147.9	2.6143306292938
148.	2.5810499620348333
148.1	2.5548302275913333
148.2	2.5376329544923335
148.3	2.529719002536333
148.4	2.529656232962666
148.5	2.5346592559966665
148.6	2.541166470448333
148.7	2.545508463408667
148.8	2.544506250309
148.9	2.5358632169613333
149.	2.5182758741226667
149.1	2.4912702794236665
149.2	2.4548510483170003
149.3	2.409105317982333
149.4	2.353917992782333
149.5	2.2889218048126665
149.6	2.2137345819786667
149.7	2.1284466041966663
149.8	2.0342387229056667
149.9	1.9339606760673331
150.	1.8324933258476666
150.1	1.7367597769313332
150.2	1.655326816597333
150.3	1.597629145228333
150.4	1.57293116288
150.5	1.5891954220036668
150.6	1.6520427830803333
150.7	1.7639667077939998
150.8	1.9239117372206664
150.9	2.127258054633333
151.	2.3661852896046662
151.1	2.6303323016923335
151.2	2.907634317376667
151.3	3.1852084637960005
151.4	3.450172972320333
151.5	3.6903197362929996
151.6	3.894606782736333
151.7	4.053486248709333
151.8	4.159123095111666
151.9	4.2055795058516665
152.	4.1890330603749995
152.1	4.108063287029999
152.2	3.963989017715667
152.3	3.7611829593333335
152.4	3.507248344820333
152.5	3.212931643296
152.6	2.8916736659419997
152.7	2.558766193904
152.8	2.2301679989976666
152.9	1.9211202880419997
153.	1.6447631140829997
153.1	1.4109729455439999
153.2	1.2256106965146665
153.3	1.0902960464526665
153.4	1.0027261428149998
153.5	0.957458792866
153.6	0.9470045672116667
153.7	0.9630338271516666
153.8	0.9975076987953334
153.9	1.0435801527573667
154.	1.0961782450948332
154.1	1.1522335789416667
154.2	1.2105965825383331
154.3	1.271707399696
154.4	1.3371194037210001
154.5	1.4089740773106665
154.6	1.4895122910403331
154.7	1.5806812301759998
154.8	1.6838636168819998
154.9	1.799722630586333
155.	1.928128965085
155.1	2.068122439704333
155.2	2.217864013021667
155.3	2.374555140923
155.4	2.5343347743316667
155.5	2.6921994188116667
155.6	2.8420157205816663
155.7	2.976697033155667
155.8	3.0885906068986664
155.9	3.170074516973333
156.	3.2143057311763332
156.1	3.2160101819983336
156.2	3.172178833275334
156.3	3.0825403520773333
156.4	2.9497206421783333
156.5	2.7790613442596666
156.6	2.578135913713
156.7	2.3560547592749996
156.8	2.122677207299333
156.9	1.8878440454256666
157.	1.660716055051
157.1	1.4492638231773332
157.2	1.2599162696713333
157.3	1.0973501799719998
157.4	0.964394367473
157.5	0.8620268814466666
157.6	0.789454633344
157.7	0.7442741573033331
157.8	0.7227149755760333
157.9	0.7199624999139665
158.	0.7305484049013666
158.1	0.7487871233733667
158.2	0.7692306333762332
158.3	0.7871107416488999
158.4	0.7987372901239166
158.5	0.8018203821156533
158.6	0.79568455006705
158.7	0.7813447816326666
158.8	0.7614220192903001
158.9	0.7398920159158
159.	0.721685977699
159.1	0.7121894630069999
159.2	0.7167090227116666
159.3	0.739984811727
159.4	0.7858159442016667
159.5	0.8568344720133334
159.6	0.954421970981
159.7	1.0787236894904333
159.8	1.2286934786533
159.9	1.40210756215349
160.	1.5955165336634665
160.1	1.8041525209689997
160.2	2.021854926907333
160.3	2.241105329402
160.4	2.4532576449853334
160.5	2.6490118727076664
160.6	2.8191186173463336
160.7	2.955235438831333
160.8	3.050805183572
160.9	3.101806228289999
161.	3.1072406280286664
161.1	3.0692731312973334
161.2	2.9929981699260004
161.3	2.8858763239546663
161.4	2.756931821733
161.5	2.6158299654009998
161.6	2.4719567859496667
161.7	2.3336071504613334
161.8	2.2073590086019994
161.9	2.0976773587509996
162.	2.006757149546333
162.1	1.9345836110396668
162.2	1.8791649013063332
162.3	1.836879138944
162.4	1.8028791617030002
162.5	1.7715147705656664
162.6	1.7367604704433335
162.7	1.6926681173876665
162.8	1.6338857436036665
162.9	1.5562834051383334
163.	1.4576967187396666
163.1	1.3387412924413333
163.2	1.2035805645873332
163.3	1.060468596389
163.4	0.9218632065306667
163.5	0.8039319923686665
163.6	0.7253585653423333
163.7	0.7054854324046667
163.8	0.7619748351469999
163.9	0.9082934626283334
164.	1.1513983390109999
164.1	1.4899994010153332
164.2	1.913698152700333
164.3	2.4031687688596666
164.4	2.9313883921779995
164.5	3.4657710811203337
164.6	3.9709432894150005
164.7	4.411834337458332
164.8	4.756745707794333
164.9	4.980099365217667
165.	5.064632366666332
165.1	5.0028862032826655
165.2	4.797920439616
165.3	4.4632510885398
165.4	4.022068434996133
165.5	3.505823620403363
165.6	2.9522883080368
165.7	2.4031910039273
165.8	1.9015252220163332
165.9	1.4886202777043334
166.	1.2010773615553334
166.1	1.067709895837
166.2	1.1066870765849999
166.3	1.3231497798313332
166.4	1.7076242764976668
166.5	2.235571780317333
166.6	2.8683554101299995
166.7	3.555769977813333
166.8	4.240075148265666
166.9	4.861232458889333
167.	5.362820639147333
167.1	5.697943875230999
167.2	5.834394690765333
167.3	5.758403959368668
167.4	5.476493570945667
167.5	5.015205489236999
167.6	4.418762729517999
167.7	3.744970919492666
167.8	3.059853730740333
167.9	2.4316119783379997
168.	1.9245062845566665
168.1	1.5932048201736664
168.2	1.4780365173703331
168.3	1.6014714466223332
168.4	1.966032631178667
168.5	2.553738027684
168.6	3.3270811075026665
168.7	4.231482029466999
168.8	5.199074817186666
168.9	6.153633933286
169.	7.016380273940333
169.1	7.712336656073
169.2	8.176824323704665
169.3	8.361609649058332
169.4	8.240138642316333
169.5	7.811260735461666
169.6	7.1008729132970005
169.7	6.161037726186
169.8	5.066356458856999
169.9	3.9076995388383335
170.	2.7837692042573328
170.1	1.7913295876956665
170.2	1.0152114748943333
170.3	0.5193168052243333
170.4	0.33977332167546
170.5	0.4811251508723333
170.6	0.9160352183220001
170.7	1.5884967675459998
170.8	2.420092739855
170.9	3.3184824415156666
171.	4.187085787962333
171.1	4.934890449832699
171.2	5.485405467056699
171.3	5.783981641919434
171.4	5.802961454398099
171.5	5.544363025646332
171.6	5.040013260616
171.7	4.349212565467999
171.8	3.554140411042333
171.9	2.753309399553333
172.	2.0534598932236667
172.1	1.5603701426866667
172.2	1.3691457467683332
172.3	1.5546478143119997
172.4	2.162813145521
172.5	3.203693211828666
172.6	4.6470620113236665
172.7	6.421379164108999
172.8	8.416708576028
172.9	10.491863881756
173.	12.485587390612332
173.1	14.231015099720667
173.2	15.572120002176
173.3	16.38036796448033
173.4	16.56957454968
173.5	16.106998775877663
173.6	15.019078301502335
173.7	13.390859633884
173.8	11.359002991139334
173.9	9.099099514193
174.	6.808776572957999
174.1	4.6885617969326665
174.2	2.9226612669829994
174.3	1.661682324024
174.4	1.0089566836283332
174.5	1.0115925989343333
174.6	1.656812325792
174.7	2.873602875713
174.8	4.539280670275333
174.9	6.490263959518433
175.	8.536150192683799
175.1	10.476080582676332
175.2	12.116307754732333
175.3	13.287836691678999
175.4	13.862967540616333
175.5	13.769528973487668
175.6	13.001566591698666
175.7	11.625272898802667
175.8	9.779058788744667
175.9	7.666923617693
176.	5.544726942289
176.1	3.699618054706
176.2	2.4237102313616665
176.3	1.9840055295199
176.4	2.591435814104
176.5	4.372504334285667
176.6	7.347212976707333
176.7	11.416621015278666
176.8	16.36247656159433
176.9	21.859985764435997
177.	27.503141077185994
177.1	32.84039281029467
177.2	37.417100560540334
177.3	40.820368508712995
177.4	42.72166799141056
177.5	42.91306887944734
177.6	41.333807404149
177.7	38.08510600780933
177.8	33.432405438392664
177.9	27.795280285790998
178.	21.726166615424333
178.1	15.879596174220667
178.2	10.973937309709665
178.3	7.747763195296
178.4	6.9129920645336655
178.5	9.106951167787999
178.6	14.845561527166332
178.7	24.47994977102666
178.8	38.15895931971966
178.9	55.80021404518567
179.	77.07250480748266
179.1	101.39221151628101
179.2	127.93611091552333
179.3	155.6721348439133
179.4	183.40837027126332
179.5	209.85886235957332
179.6	233.72275235119665
179.7	253.77123533372668
179.8	268.93512652017995
179.9	278.38485709979
180.	281.59477781621666