# O+CO(0,0) elastic diff. cross section
# E = 0.00051 eV
# angle, CS (1e-16 cm^2)
0.1	21351.62366295333
0.2	21313.096490109998
0.3	21249.027930126667
0.4	21159.632327326668
0.5	21045.20827277333
0.6	20906.13712454
0.7	20742.88112105
0.8	20555.981099239998
0.9	20346.053831696663
1.	20113.788999566666
1.1	19859.945819296667
1.2	19585.349344906666
1.3	19290.88646773
1.4	18977.501638483336
1.5	18646.19233780333
1.6	18298.004322219997
1.7	17934.026675033332
1.8	17555.38669063
1.9	17163.24462391333
2.	16758.78833472
2.1	16343.227859483333
2.2	15917.789940809998
2.3	15483.7125472
2.4	15042.239413366668
2.5	14594.614632163335
2.6	14142.077327889998
2.7	13685.856439963334
2.8	13227.165645186666
2.9	12767.198444783333
3.	12307.123441913332
3.1	11848.07983312
3.2	11391.173135730001
3.3	10937.471171319998
3.4	10488.000323396665
3.5	10043.7420855
3.6	9605.629913653333
3.7	9174.546395099998
3.8	8751.320742976666
3.9	8336.726623913333
4.	7931.4803245133335
4.1	7536.23925882
4.2	7151.600817676667
4.3	6778.101558750001
4.4	6416.21673329
4.5	6066.360144056665
4.6	5728.884326739999
4.7	5404.081045363333
4.8	5092.182090539999
4.9	4793.36036744
5.	4507.73125903
5.1	4235.354249066666
5.2	3976.2347874366665
5.3	3730.3263799099996
5.4	3497.532883143333
5.5	3277.7109850966667
5.6	3070.6728503699997
5.7	2876.188909573333
5.8	2693.990771386667
5.9	2523.7742359466665
6.	2365.2023882366666
6.1	2217.9087501
6.2	2081.500470023333
6.3	1955.5615301
6.4	1839.6559502700002
6.5	1733.3309704399999
6.6	1636.12019214
6.7	1547.5466619433332
6.8	1467.1258801766664
6.9	1394.3687193033334
7.	1328.7842376116666
7.1	1269.882375006
7.2	1217.1765189896664
7.3	1170.1859301836666
7.4	1128.4380180993332
7.5	1091.4704591573332
7.6	1058.8331504386665
7.7	1030.089993775
7.8	1004.8205063940001
7.9	982.6212554059999
8.	963.107114893
8.1	945.9123454480001
8.2	930.6914973686667
8.3	917.1201397043333
8.4	904.895418547
8.5	893.7364489256667
8.6	883.384545604
8.7	873.6032989943333
8.8	864.1785031303334
8.9	854.9179434086666
9.	845.6510524063333
9.1	836.2284426213333
9.2	826.5213254236666
9.3	816.4208259343333
9.4	805.8372037706667
9.5	794.6989897786667
9.6	782.9520491139999
9.7	770.5585809203333
9.8	757.49606492
9.9	743.756165091
10.	729.3436004223333
10.1	714.2749925149999
10.2	698.577699474
10.3	682.2886452079999
10.4	665.4531528146666
10.5	648.123790311
10.6	630.359236453
10.7	612.223173884
10.8	593.7832162749999
10.9	575.1098755733333
11.	556.2755748556667
11.1	537.3537116826666
11.2	518.4177762479999
11.3	499.54052797533336
11.4	480.7932336213333
11.5	462.24496931766663
11.6	443.9619883936667
11.7	426.00715623099995
11.8	408.43945284100005
11.9	391.313543298
12.	374.67941566166667
12.1	358.5820854929999
12.2	343.06136564999997
12.3	328.1516995686667
12.4	313.88205587566665
12.5	300.275881783
12.6	287.3511124153333
12.7	275.1202328966666
12.8	263.5903898053333
12.9	252.7635483503333
13.	242.636691476
13.1	233.20205693486665
13.2	224.44740827549998
13.3	216.35633561419996
13.4	208.90858202593336
13.5	202.0803913825
13.6	195.84487350003332
13.7	190.17238250846665
13.8	185.0309044471333
13.9	180.38645020333334
14.	176.20345004436663
14.1	172.44514615756668
14.2	169.07397979233332
14.3	166.05196979303332
14.4	163.3410795291333
14.5	160.9035694564
14.6	158.7023327826
14.7	156.70121195496665
14.8	154.86529395083335
14.9	153.1611826042
15.	151.55724646896664
15.1	150.02384098603332
15.2	148.53350397436665
15.3	147.06112373809998
15.4	145.5840793223
15.5	144.0823527192233
15.6	142.53861303416332
15.7	140.93827289086
15.8	139.26951753646665
15.9	137.52330734894667
16.	135.69335461241
16.1	133.77607563117664
16.2	131.77051940872002
16.3	129.67827426155333
16.4	127.50335388617532
16.5	125.25206450322233
16.6	122.93285480689667
16.7	120.55615053591465
16.8	118.13417554280967
16.9	115.680761290886
17.	113.21114674347567
17.1	110.74177062524832
17.2	108.29005803505466
17.3	105.87420337920999
17.4	103.51295156455332
17.5	101.22537934039333
17.6	99.03067863286333
17.7	96.94794364370667
17.8	94.99596339221333
17.9	93.19302131192333
18.	91.55670338673333
18.1	90.10371622591666
18.2	88.84971633794665
18.3	87.80915176456332
18.4	86.99511707962665
18.5	86.41922265632999
18.6	86.09147894203
18.7	86.02019635849999
18.8	86.21190130739998
18.9	86.6712686118
19.	87.40107060026665
19.1	88.40214289199999
19.2	89.67336682696666
19.3	91.21166833463333
19.4	93.0120329353
19.5	95.06753643703333
19.6	97.36939078019999
19.7	99.90700439173334
19.8	102.66805629013334
19.9	105.63858312536667
20.	108.80307823463332
20.1	112.1446017316
20.2	115.6449005904
20.3	119.28453763063334
20.4	123.0430282648
20.5	126.89898383836666
20.6	130.83026037529999
20.7	134.81411151983332
20.8	138.8273444656
20.9	142.8464776676333
21.	146.8478991471
21.1	150.80802421803332
21.2	154.70345150129998
21.3	158.5111161164
21.4	162.20843900629998
21.5	165.77347138463332
21.6	169.18503335453335
21.7	172.4228458257333
21.8	175.4676549033
21.9	178.30134800989998
22.	180.9070610711
22.1	183.2692761704
22.2	185.37390916856668
22.3	187.20838685683333
22.4	188.76171329513332
22.5	190.02452508216666
22.6	190.98913536703333
22.7	191.64956651439996
22.8	192.00157140266666
22.9	192.04264341293333
23.	191.77201525543333
23.1	191.1906468322333
23.2	190.30120242479998
23.3	189.10801754576667
23.4	187.61705586516666
23.5	185.835856671
23.6	183.77347338250001
23.7	181.440403676
23.8	178.84851183079996
23.9	176.0109439344
24.	172.94203662176665
24.1	169.65722004556667
24.2	166.1729157982
24.3	162.5064305222333
24.4	158.67584595026665
24.5	154.69990612753332
24.6	150.59790256566663
24.7	146.38955807153332
24.8	142.09490998599998
24.9	137.73419355509998
25.	133.32772613243333
25.1	128.895792895
25.2	124.45853472633334
25.3	120.03583888846666
25.4	115.64723307976665
25.5	111.3117834299
25.6	107.04799695523333
25.7	102.8737289513
25.8	98.80609576336667
25.9	94.86139332636665
26.	91.05502183060999
26.1	87.40141681132664
26.2	83.91398693273666
26.3	80.60505867208333
26.4	77.48582807979332
26.5	74.56631973644666
26.6	71.85535298705665
26.7	69.36051548718333
26.8	67.08814405665
26.9	65.04331278551999
27.	63.229828310550005
27.1	61.650232129816665
27.2	60.30580979280666
27.3	59.196606765826665
27.4	58.32145074429667
27.5	57.67798014442667
27.6	57.262678488979994
27.7	57.070914366903324
27.8	57.096986631756664
27.9	57.334174471846666
28.	57.774791980316664
28.1	58.410246823958005
28.2	59.23110260826667
28.3	60.22714451417799
28.4	61.38744778437233
28.5	62.70044862047266
28.6	64.15401706334333
28.7	65.73553140728765
28.8	67.43195372573499
28.9	69.22990606519399
29.	71.11574688726799
29.1	73.07564734120233
29.2	75.09566695415666
29.3	77.16182835125332
29.4	79.26019061351667
29.5	81.37692091701666
29.6	83.4983640974
29.7	85.61110981410333
29.8	87.70205699910332
29.9	89.75847530460999
30.	91.76806328412334
30.1	93.71900305819668
30.2	95.60001125279332
30.3	97.40038600932999
30.4	99.11004990381332
30.5	100.71958862779333
30.6	102.22028531560666
30.7	103.60415043006999
30.8	104.86394713882
30.9	105.99321214535999
31.	106.98627196194667
31.1	107.83825463906666
31.2	108.54509698886666
31.3	109.10354736243332
31.4	109.51116407280001
31.5	109.76630956686667
31.6	109.86814047796668
31.7	109.81659371206668
31.8	109.61236873133335
31.9	109.25690622923334
32.	108.75236339770001
32.1	108.1015860045
32.2	107.30807751696665
32.3	106.3759655133
32.4	105.3099656358
32.5	104.11534335619999
32.6	102.79787380989998
32.7	101.36379999173332
32.8	99.81978957583331
32.9	98.17289065080001
33.	96.43048664846665
33.1	94.60025074113334
33.2	92.69009998953334
33.3	90.70814950523334
33.4	88.6626668991
33.5	86.56202726433332
33.6	84.41466894896666
33.7	82.22905034676667
33.8	80.01360793423333
33.9	77.77671576726667
34.	75.52664662706667
34.1	73.27153500509999
34.2	71.0193420856
34.3	68.7778228796
34.4	66.5544956386
34.5	64.35661366413333
34.6	62.19113960709999
34.7	60.064722332
34.8	57.98367640859999
34.9	55.953964267733326
35.	53.9811810426
35.1	52.070542099799994
35.2	50.226873244366665
35.3	48.45460356666666
35.4	46.757760882566664
35.5	45.139969700966674
35.6	43.6044516386
35.7	42.15402818716666
35.8	40.791125723499995
35.9	39.51778264283333
36.	38.3356584811
36.1	37.24604488546667
36.2	36.24987827903334
36.3	35.34775406206666
36.4	34.539942182299995
36.5	33.826403903603335
36.6	33.20680959714666
36.7	32.680557378
36.8	32.24679240725
36.9	31.90442668144
37.	31.65215913079333
37.1	31.488495851983334
37.2	31.41177030410666
37.3	31.420163301416665
37.4	31.51172264332333
37.5	31.684382229219995
37.6	31.935980513143335
37.7	32.26427816386
37.8	32.666974805096665
37.9	33.14172472193667
38.	33.68615143059999
38.1	34.29786102193333
38.2	34.9744542002
38.3	35.713536953533335
38.4	36.512729804799996
38.5	37.369675605299996
38.6	38.2820458489
38.7	39.247545495699995
38.8	40.26391631103333
38.9	41.328938736366666
39.	42.440432324566665
39.1	43.596254783000006
39.2	44.794299682033326
39.3	46.03249289733333
39.4	47.30878786673333
39.5	48.62115975246667
39.6	49.96759860996666
39.7	51.3461016736
39.8	52.7546648764
39.9	54.19127373113333
40.	55.65389370243333
40.1	57.14046020833334
40.2	58.6488683907
40.3	60.17696279863333
40.4	61.7225271307
40.5	63.28327417983333
40.6	64.8568361282
40.7	66.4407553347
40.8	68.03247575169999
40.9	69.62933511306667
41.	71.22855801966666
41.1	72.82725004413334
41.2	74.42239297813333
41.3	76.01084132273333
41.4	77.58932012499999
41.5	79.15442424363333
41.6	80.70261912613333
41.7	82.23024315386665
41.8	83.73351161306667
41.9	85.20852232593333
42.	86.65126296629998
42.1	88.05762007166666
42.2	89.42338974313333
42.3	90.74429001556668
42.4	92.015974864
42.5	93.2340497954
42.6	94.39408896126665
42.7	95.49165371493332
42.8	96.5223125165
42.9	97.48166208296666
43.	98.36534966123332
43.1	99.16909629466666
43.2	99.8887209363
43.3	100.52016525783333
43.4	101.0595189878
43.5	101.50304561089999
43.6	101.84720824073332
43.7	102.08869548999999
43.8	102.22444713853334
43.9	102.25167940863332
44.	102.16790965353331
44.1	101.97098025493332
44.2	101.65908153900001
44.3	101.23077351733333
44.4	100.68500625633334
44.5	100.02113869699998
44.6	99.23895574346666
44.7	98.33868345053332
44.8	97.32100215243332
44.9	96.18705738033333
45.	94.9384684355
45.1	93.57733449189999
45.2	92.10623812259999
45.3	90.52824615553334
45.4	88.84690778296665
45.5	87.06624986886666
45.6	85.19076941103333
45.7	83.22542314043334
45.8	81.1756142516
45.9	79.0471762896
46.	76.84635422346668
46.1	74.57978276946665
46.2	72.25446204146667
46.3	69.87773062546667
46.4	67.45723619096665
46.5	65.00090378423333
46.6	62.51690194373334
46.7	60.01360682126666
46.8	57.4995644828
46.9	54.98345160106667
47.	52.474034747699996
47.1	49.98012851573333
47.2	47.51055271203334
47.3	45.07408886499999
47.4	42.67943630603333
47.5	40.33516808573333
47.6	38.0496869921
47.7	35.83118194
47.8	33.68758500156667
47.9	31.6265293469
48.	29.655308361366668
48.1	27.780836200499998
48.2	26.00961003726667
48.3	24.34767424876667
48.4	22.8005867775
48.5	21.373387892833335
48.6	20.070571562266665
48.7	18.896059630099998
48.8	17.853178981633334
48.9	16.944641855833332
49.	16.172529448933332
49.1	15.53827893199
49.2	15.04267398501
49.3	14.685838927093332
49.4	14.467236501496666
49.5	14.385669350209998
49.6	14.439285189869333
49.7	14.625585678486667
49.8	14.941438936936667
49.9	15.383095668133333
50.	15.94620879275
50.1	16.62585649746333
50.2	17.416568571743333
50.3	18.312355885273334
50.4	19.306742840966667
50.5	20.392802617233333
50.6	21.563194996166665
50.7	22.810206557533334
50.8	24.12579300333333
50.9	25.5016233639
51.	26.929125824166665
51.1	28.399534899066666
51.2	29.903939677399997
51.3	31.433332847566664
51.4	32.978660212866664
51.5	34.530870401466665
51.6	36.0809644744
51.7	37.62004513633333
51.8	39.139365255566666
51.9	40.630375404999995
52.	42.08477014146667
52.1	43.494532749133334
52.2	44.85197818246667
52.3	46.14979395590001
52.4	47.381078739833335
52.5	48.539378437866674
52.6	49.61871953539999
52.7	50.61363952753332
52.8	51.5192142523
52.9	52.33108197456666
53.	53.04546408673333
53.1	53.6591823128
53.2	54.16967232543334
53.3	54.574993706966666
53.4	54.87383620593333
53.5	55.06552227096666
53.6	55.15000585586666
53.7	55.127867521899994
53.8	55.00030588213333
53.9	54.7691254545
54.	54.436721013733326
54.1	54.0060585521
54.2	53.48065298063333
54.3	52.864542720399996
54.4	52.16226135416666
54.5	51.378806523799994
54.6	50.51960627649999
54.7	49.590483077333325
54.8	48.59761571926666
54.9	47.54749937293333
55.	46.44690403029999
55.1	45.302831603899996
55.2	44.12247195096667
55.3	42.91315809693333
55.4	41.68232093733333
55.5	40.43744369746666
55.6	39.18601643123333
55.7	37.9354908372
55.8	36.693235668166665
55.9	35.46649300453333
56.	34.2623356551
56.1	33.08762594143333
56.2	31.948976110666667
56.3	30.8527106118
56.4	29.80483045596666
56.5	28.81097986853333
56.6	27.87641542463333
56.7	27.0059778427
56.8	26.204066594266667
56.9	25.474617468276666
57.	24.821083209319998
57.1	24.246417329786667
57.2	23.753061173699997
57.3	23.34293429024
57.4	23.017428153299996
57.5	22.777403241116993
57.6	22.623189469576662
57.7	22.55458994998
57.8	22.570888022896
57.9	22.670857495929997
58.	22.8527759962
58.1	23.114441326226668
58.2	23.453190694550003
58.3	23.86592267345
58.4	24.349121720163332
58.5	24.898885081486668
58.6	25.510951887633333
58.7	26.1807342276
58.8	26.903349986633334
58.9	27.673657216566667
59.	28.486289800166663
59.1	29.3356941644
59.2	30.216166791566668
59.3	31.121892273466663
59.4	32.0469816523
59.5	32.9855107915
59.6	33.9315585201
59.7	34.87924429973333
59.8	35.82276516583333
59.9	36.7564317028
60.	37.674702820166665
60.1	38.572219107366664
60.2	39.44383455506666
60.3	40.284646444299995
60.4	41.090023218633334
60.5	41.85563016953333
60.6	42.5774527811
60.7	43.25181759913333
60.8	43.875410505633326
60.9	44.44529230056666
61.	44.9589115117
61.1	45.41411437236667
61.2	45.80915192973333
61.3	46.14268426383333
61.4	46.41378182113333
61.5	46.6219238841
61.6	46.766994220966666
61.7	46.84927397776667
61.8	46.86943189493333
61.9	46.82851194983333
62.	46.727918542599994
62.1	46.5693993612
62.2	46.35502607723333
62.3	46.087173036299994
62.4	45.768494123833335
62.5	45.401897995633334
62.6	44.990521874466666
62.7	44.537704123333334
62.8	44.0469558113
62.9	43.52193149623333
63.	42.96639944973333
63.1	42.38421155423333
63.2	41.779273101
63.3	41.155512717633336
63.4	40.516852649899995
63.5	39.86717961893333
63.6	39.21031646776666
63.7	38.54999480386667
63.8	37.88982883486666
63.9	37.233290584066665
64.	36.583686659066665
64.1	35.94413673573333
64.2	35.317553902633335
64.3	34.70662699723333
64.4	34.113805047933326
64.5	33.54128391943333
64.6	32.99099523973333
64.7	32.464597670366665
64.8	31.963470561566666
64.9	31.48871001543333
65.	31.041127361633333
65.1	30.621250030333332
65.2	30.22932478923333
65.3	29.865323293466663
65.4	29.528949877533336
65.5	29.219651504299996
65.6	28.936629767266666
65.7	28.678854827133335
65.8	28.445081151433335
65.9	28.233864909799998
66.	28.04358286723333
66.1	27.87245260663333
66.2	27.71855390176666
66.3	27.57985105516667
66.4	27.454216007999996
66.5	27.339452024033328
66.6	27.233317748066668
66.7	27.1335514348
66.8	27.037895146966665
66.9	26.944118720933336
67.	26.850043301399996
67.1	26.753564252799997
67.2	26.652673258799997
67.3	26.545479430533334
67.4	26.430229252566665
67.5	26.305325205800003
67.6	26.16934291693333
67.7	26.021046698733333
67.8	25.859403356366663
67.9	25.683594150999998
68.	25.493024826666662
68.1	25.287333621899997
68.2	25.066397204066664
68.3	24.830334481666668
68.4	24.5795082655
68.5	24.3145247686
68.6	24.03623095016667
68.7	23.745709726899996
68.8	23.444273091766664
68.9	23.133453196199998
69.	22.814991467933332
69.1	22.490825851466667
69.2	22.1630762743
69.3	21.834028452766667
69.4	21.506116167566667
69.5	21.181902147466666
69.6	20.864057713266664
69.7	20.55534134136667
69.8	20.258576314766668
69.9	19.976627637649997
70.	19.712378393303332
70.1	19.468705730466667
70.2	19.24845666508
70.3	19.05442388671333
70.4	18.88932175749
70.5	18.755762691003333
70.6	18.656234094966667
70.7	18.59307605721333
70.8	18.568459948786668
70.9	18.584368111979998
71.	18.642574790816667
71.1	18.744628454656663
71.2	18.89183565314
71.3	19.08524653107
71.4	19.325642116999997
71.5	19.613523489166667
71.6	19.949102906033332
71.7	20.332296975366667
71.8	20.762721920799997
71.9	21.239690988299998
72.	21.7622140212
72.1	22.328999214533333
72.2	22.93845704463333
72.3	23.588706353966664
72.4	24.277582555333332
72.5	25.00264790363333
72.6	25.76120376986667
72.7	26.550304835333336
72.8	27.36677511203333
72.9	28.207225681666664
73.	29.068074031333328
73.1	29.945564856033332
73.2	30.835792183766664
73.3	31.734722672266663
73.4	32.638219916333334
73.5	33.5420695986
73.6	34.44200530873333
73.7	35.3337348544
73.8	36.21296687943333
73.9	37.0754376066
74.	37.9169375186
74.1	38.73333779233333
74.2	39.52061630343333
74.3	40.274883020366666
74.4	40.99240461156666
74.5	41.669628095966665
74.6	42.30320337196666
74.7	42.890004469
74.8	43.427149374500004
74.9	43.91201829953333
75.	44.342270255066666
75.1	44.7158578262
75.2	45.031040042399994
75.3	45.28639325206667
75.4	45.48081993116666
75.5	45.61355536103333
75.6	45.684172134466664
75.7	45.69258245483333
75.8	45.63903821673333
75.9	45.52412886673333
76.	45.34877706066666
76.1	45.11423214876666
76.2	44.82206153136667
76.3	44.47413995346666
76.4	44.07263680373333
76.5	43.620001513533325
76.6	43.118947155433325
76.7	42.5724323547
76.8	41.983641640866665
76.9	41.355964374366664
77.	40.69297239553333
77.1	39.998396549566664
77.2	39.276102249800005
77.3	38.53006424866666
77.4	37.76434078886666
77.5	36.9830473133
77.6	36.19032991383333
77.7	35.3903387009
77.8	34.58720127576666
77.9	33.784996486233325
78.	32.98772864473334
78.1	32.1993023829
78.2	31.423498312966665
78.3	30.663949659633335
78.4	29.924120019133333
78.5	29.20728239373333
78.6	28.516499640033334
78.7	27.85460646073333
78.8	27.224193056533338
78.9	26.627590543300002
79.	26.06685822793333
79.1	25.543772821666664
79.2	25.0598196564
79.3	24.616185954966667
79.4	24.2137561918
79.5	23.853109566100002
79.6	23.53451959266667
79.7	23.257955803899996
79.8	23.023087538066665
79.9	22.829289776466666
80.	22.6756509773
80.1	22.56098283973333
80.2	22.4838319185
80.3	22.4424929966
80.4	22.435024111233332
80.5	22.459263117666666
80.6	22.512845663833332
80.7	22.593224440466663
80.8	22.697689562233336
80.9	22.823389928366666
81.	22.967355404099997
81.1	23.12651966083333
81.2	23.297743507133333
81.3	23.47783854113333
81.4	23.663590953399996
81.5	23.851785308366665
81.6	24.039228134499997
81.7	24.2227711547
81.8	24.399333992466666
81.9	24.5659261941
82.	24.719668412466664
82.1	24.857812605066663
82.2	24.977761107766668
82.3	25.077084452933335
82.4	25.153537811733333
82.5	25.205075951166666
82.6	25.229866607033333
82.7	25.226302186066665
82.8	25.193009724666666
82.9	25.128859042099997
83.	25.032969042999998
83.1	24.90471213396667
83.2	24.743716736866663
83.3	24.549867892033333
83.4	24.323305961333332
83.5	24.064423453333333
83.6	23.773860006466663
83.7	23.452495580899996
83.8	23.10144192046667
83.9	22.722032360566665
84.	22.315810067533334
84.1	21.884514808366664
84.2	21.430068357633335
84.3	20.954558659299998
84.4	20.460222869933332
84.5	19.9494294148
84.6	19.424659199366666
84.7	18.88848611877666
84.8	18.34355701708
84.9	17.792571247796666
85.	17.238259991386666
85.1	16.683365484893333
85.2	16.130620320193334
85.3	15.582726964323331
85.4	15.042337654023331
85.5	14.512034812533333
85.6	13.994312131856667
85.7	13.491556458633333
85.8	13.006030614163333
85.9	12.539857272076667
86.	12.095004008666665
86.1	11.673269631319998
86.2	11.276271880153333
86.3	10.905436588626666
86.4	10.56198837537
86.5	10.246942930353
86.6	9.961100943878998
86.7	9.705043716592332
86.8	9.479130474347333
86.9	9.283497400121
87.	9.118058381873333
87.1	8.982507462358
87.2	8.876322965249999
87.3	8.798773258093334
87.4	8.748924102306667
87.5	8.725647527626666
87.6	8.727632158246667
87.7	8.753394906673332
87.8	8.801293942376667
87.9	8.869542832666667
88.	8.956225745096667
88.1	9.059313593643333
88.2	9.176681003843331
88.3	9.306123967026664
88.4	9.445378048593334
88.5	9.592137012656666
88.6	9.744071721646666
88.7	9.898849168759998
88.8	10.054151500633333
88.9	10.207694887376665
89.	10.35724810008
89.1	10.500650657083334
89.2	10.63583040478333
89.3	10.760820403503333
89.4	10.873774993306668
89.5	10.972984922233332
89.6	11.056891426349999
89.7	11.12409915806
89.8	11.173387869509998
89.9	11.203722765526667
90.	11.214263451606666
90.1	11.204371412420002
90.2	11.173615967373333
90.3	11.121778660509998
90.4	11.048856054236666
90.5	10.955060907136666
90.6	10.840821728609999
90.7	10.706780714163331
90.8	10.553790077752
90.9	10.382906807753667
91.	10.195385885827665
91.1	9.992672017882999
91.2	9.776389937365
91.3	9.548333351276
91.4	9.3104526082239
91.5	9.064841177898932
91.6	8.813721038408282
91.7	8.559427076384466
91.8	8.304390610966566
91.9	8.051122159526566
92.	7.802193566834999
92.1	7.5602196249126665
92.2	7.3278393135026665
92.3	7.107696793319333
92.4	6.902422285961667
92.5	6.714612975105666
92.6	6.546814062128
92.7	6.401500109273333
92.8	6.281056799909999
92.9	6.187763242923333
93.	6.123774943800001
93.1	6.091107560156666
93.2	6.091621553533334
93.3	6.12700784283
93.4	6.198774557433333
93.5	6.308234980189999
93.6	6.456496761823333
93.7	6.644452479426666
93.8	6.872771601996666
93.9	7.141893916183332
94.	7.45202445514
94.1	7.803129962843333
94.2	8.194936915616667
94.3	8.626931111766666
94.4	9.098358829636666
94.5	9.608229543103333
94.6	10.155320174173333
94.7	10.738180849853332
94.8	11.355142123003333
94.9	12.004323604589999
95.	12.683643946903333
95.1	13.390832108476667
95.2	14.123439821773333
95.3	14.87885517863
95.4	15.65431724013
95.5	16.446931571643333
95.6	17.253686598086666
95.7	18.071470669686665
95.8	18.897089723566665
95.9	19.727285424596666
96.	20.558753664956665
96.1	21.388163301656665
96.2	22.21217500886
96.3	23.027460124079997
96.4	23.830719365923333
96.5	24.618701304096668
96.6	25.388220465733333
96.7	26.136174962956662
96.8	26.859563533306662
96.9	27.5555018878
97.	28.221238268019995
97.1	28.854168118186667
97.2	29.451847787343333
97.3	30.012007180900003
97.4	30.53256129162333
97.5	31.011620546133333
97.6	31.447499911963327
97.7	31.838726719746663
97.8	32.184047163403335
97.9	32.48243145031333
98.	32.733077582899995
98.1	32.935413762643336
98.2	33.089099416286665
98.3	33.19402485308667
98.4	33.250309571429995
98.5	33.25829924151666
98.6	33.218561399116666
98.7	33.13187989347333
98.8	32.99924814102333
98.9	32.82186124202333
99.	32.601107025939996
99.1	32.33855609603333
99.2	32.03595094994667
99.3	31.695194258373334
99.4	31.318336387179997
99.5	30.907562253376668
99.6	30.465177607439998
99.7	29.993594837076664
99.8	29.495318389389997
99.9	28.972929909060003
100.	28.429073190556668
100.1	27.866439042026663
100.2	27.287750156966666
100.3	26.695746089026663
100.4	26.093168421383332
100.5	25.482746220616665
100.6	24.867181860619997
100.7	24.249137298029996
100.8	23.631220876116664
100.9	23.015974729386663
101.	22.405862854856665
101.1	21.803259910946668
101.2	21.210440797996668
101.3	20.6295710689
101.4	20.062698210399997
101.5	19.51174383006333
101.6	18.97849677654333
101.7	18.464607212963333
101.8	17.971581657679998
101.9	17.50077899878
102.	17.053407481839997
102.1	16.63052266441
102.2	16.23302632325
102.3	15.861666295043332
102.4	15.517037224613333
102.5	15.19958218924667
102.6	14.909595162623333
102.7	14.64722427657
102.8	14.412475834579
102.9	14.205219027042334
103.	14.025191294475
103.1	13.872004281710002
103.2	13.745150324287431
103.3	13.644009404681334
103.4	13.567856516188332
103.5	13.515869370262333
103.6	13.487136382145332
103.7	13.480664871228
103.8	13.495389411296665
103.9	13.530180267883333
104.	13.583851861223334
104.1	13.655171194926666
104.2	13.742866192733333
104.3	13.845633889353332
104.4	13.962148423099999
104.5	14.091068782453334
104.6	14.231046261843332
104.7	14.380731586833331
104.8	14.538781671263333
104.9	14.703865975643334
105.	14.87467243866
105.1	15.049912959043334
105.2	15.228328410513335
105.3	15.408693175273331
105.4	15.589819188833333
105.5	15.770559490539998
105.6	15.949811282023333
105.7	16.126518497136665
105.8	16.299673893663332
105.9	16.46832067895
106.	16.63155368762333
106.1	16.788520130773332
106.2	16.938419941316663
106.3	17.080505741826666
106.4	17.214082463773334
106.5	17.33850665045
106.6	17.453185476433333
106.7	17.557575518026667
106.8	17.651181311789998
106.9	17.73355373646333
107.	17.80428825617
107.1	17.86302306114333
107.2	17.90943714249333
107.3	17.943248337046665
107.4	17.964211375546668
107.5	17.972115968079997
107.6	17.966784956876666
107.7	17.948072565576666
107.8	17.91586277115
107.9	17.87006782193
108.	17.81062692244
108.1	17.737505102709996
108.2	17.65069228605
108.3	17.550202565973333
108.4	17.436073700046663
108.5	17.308366823816662
108.6	17.167166385629997
108.7	17.01258029819
108.8	16.84474030057333
108.9	16.663802520056667
109.	16.469948220383333
109.1	16.26338471918
109.2	16.044346455553335
109.3	15.813096184779997
109.4	15.569926275573334
109.5	15.315160082729998
109.6	15.04915336567333
109.7	14.772295723213333
109.8	14.485012011786667
109.9	14.187763714556667
110.	13.881050228846668
110.1	13.565410037136665
110.2	13.241421729806664
110.3	12.90970484586
110.4	12.570920500736666
110.5	12.2257717706
110.6	11.875003804510001
110.7	11.519403638323334
110.8	11.15979968565
110.9	10.797060885259999
111.	10.43209548586
111.1	10.065849453736666
111.2	9.699304491353333
111.3	9.333475659469666
111.4	8.969408598441666
111.5	8.608176349408
111.6	8.250875779165334
111.7	7.898623617696334
111.8	7.552552121060666
111.9	7.2138043764069995
112.	6.883529270857999
112.1	6.562876149277
112.2	6.252989190144666
112.3	5.955001533104333
112.4	5.6700291941086665
112.5	5.399164808985
112.6	5.143471247896
112.7	4.903975146643
112.8	4.681660403032333
112.9	4.477461688408333
113.	4.292258026068333
113.1	4.1268664895926666
113.2	3.9820360746449994
113.3	3.858441798266333
113.4	3.756679079323
113.5	3.677258453225
113.6	3.6206006727846667
113.7	3.5870322454663333
113.8	3.576781455211333
113.9	3.589974914326666
114.	3.626634688073333
114.1	3.686676030896667
114.2	3.7699057695466665
114.3	3.8760213639599996
114.4	4.004610672153333
114.5	4.155152440483333
114.6	4.327017535223334
114.7	4.519470926116666
114.8	4.731674426676666
114.9	4.96269019014
115.	5.211484954146667
115.1	5.47693502085
115.2	5.757831953393333
115.3	6.05288896333
115.4	6.360747957736667
115.5	6.679987208899999
115.6	7.009129603669999
115.7	7.34665142427
115.8	7.690991606763333
115.9	8.040561419503334
116.	8.393754497936666
116.1	8.748957169373332
116.2	9.104558997023332
116.3	9.458963469839999
116.4	9.810598761246666
116.5	10.157928479376666
116.6	10.49946232824
116.7	10.833766599153332
116.8	11.159474412169999
116.9	11.475295625783334
117.	11.780026336216666
117.1	12.072557887673334
117.2	12.351885318336667
117.3	12.617115168663332
117.4	12.867472583186668
117.5	13.102307640259998
117.6	13.32110084912
117.7	13.52346775943
117.8	13.709162632826668
117.9	13.878081134086667
118.	14.030262004173332
118.1	14.165887686253331
118.2	14.28528388196
118.3	14.388918023110001
118.4	14.477396652606666
118.5	14.551461715536668
118.6	14.611985770036668
118.7	14.659966135969999
118.8	14.696518007376664
118.9	14.722866563016666
119.	14.74033811754
119.1	14.750350363493332
119.2	14.754401762049998
119.3	14.754060148016666
119.4	14.75095062074
119.5	14.746742800553335
119.6	14.74313753457
119.7	14.741853142796666
119.8	14.74461129955333
119.9	14.753122649603334
120.	14.769072262043334
120.1	14.794105028383331
120.2	14.829811112306666
120.3	14.877711561343332
120.4	14.939244190156666
120.5	15.01574984593
120.6	15.108459164456665
120.7	15.218479924246665
120.8	15.346785103756666
120.9	15.494201742006666
121.	15.661400700579998
121.1	15.848887418073332
121.2	16.056993744096665
121.3	16.285870931903332
121.4	16.535483863179998
121.5	16.805606568986665
121.6	17.09581910444
121.7	17.405505824416664
121.8	17.73385509845
121.9	18.079860494223333
122.	18.442323447283332
122.1	18.819857425933332
122.2	19.210893588166662
122.3	19.613687917606665
122.4	20.026329814546663
122.5	20.446752106879998
122.6	20.872742435196663
122.7	21.301955956409998
122.8	21.73192929836667
122.9	22.160095689713334
123.	22.58380117851
123.1	23.000321843866665
123.2	23.406881897166663
123.3	23.800672560349998
123.4	24.17887160219667
123.5	24.53866340621
123.6	24.877259438719996
123.7	25.191918979839997
123.8	25.47996997660333
123.9	25.73882987384667
124.	25.96602627650333
124.1	26.15921729574
124.2	26.316211430649993
124.3	26.434986838643333
124.4	26.51370984892333
124.5	26.55075257700333
124.6	26.54470950094
124.7	26.4944128662
124.8	26.398946791236668
124.9	26.257659952156665
125.	26.070176734449994
125.1	25.836406746166663
125.2	25.556552598683332
125.3	25.23111586935333
125.4	24.860901173613332
125.5	24.447018283989994
125.6	23.990882246949997
125.7	23.49421146083
125.8	22.959023691503333
125.9	22.38763001626333
126.	21.782626700023332
126.1	21.14688502211
126.2	20.483539086256666
126.3	19.79597166005
126.4	19.08779810488
126.5	18.362848470506666
126.6	17.625147842046665
126.7	16.878895040856666
126.8	16.128439792483334
126.9	15.378258487319998
127.	14.632928671383333
127.1	13.897102413883333
127.2	13.17547870984
127.3	12.472775082613333
127.4	11.793698561229998
127.5	11.14291621194
127.6	10.525025411129999
127.7	9.94452404942
127.8	9.405780860863333
127.9	8.913006073233333
128.	8.470222575356665
128.1	8.081237797403334
128.2	7.74961649789
128.3	7.4786546478033324
128.4	7.271354597896666
128.5	7.1304017086233324
128.6	7.058142616063333
128.7	7.056565297903333
128.8	7.1272810939866655
128.9	7.271508825780001
129.	7.490061146313334
129.1	7.783333240093333
129.2	8.151293977799998
129.3	8.593479616566665
129.4	9.108990120943332
129.5	9.696488162536667
129.6	10.354200841086666
129.7	11.07992415133
129.8	11.871030202260002
129.9	12.724477178316665
130.	13.636822013423334
130.1	14.604235730606664
130.2	15.62252138212
130.3	16.687134507656666
130.4	17.79320600995
130.5	18.93556733084
130.6	20.108777794303336
130.7	21.30715396697
130.8	22.5248008727
130.9	23.755644882266665
131.	24.993468088259995
131.1	26.2319439618
131.2	27.464674078263332
131.3	28.685225688886668
131.4	29.88716990870333
131.5	31.06412028271666
131.6	32.20977148948
131.7	33.31793793576
131.8	34.38259199589
131.9	35.39790164752
132.	36.358267258426665
132.1	37.25835728062333
132.2	38.09314261389666
132.3	38.85792940672667
132.4	39.548390067933326
132.5	40.16059227973
132.6	40.69102580096
132.7	41.13662687434666
132.8	41.49480005826332
132.9	41.76343731871
133.	41.94093423779333
133.1	42.02620320660333
133.2	42.01868349305
133.3	41.91834809456667
133.4	41.72570730167333
133.5	41.44180892220333
133.6	41.06823513796666
133.7	40.60709598663
133.8	40.06101947892666
133.9	39.433138391019995
134.	38.72707379076667
134.1	37.94691537075
134.2	37.09719869885333
134.3	36.18287950085
134.4	35.209305119683336
134.5	34.18218331590333
134.6	33.107548584566665
134.7	31.99172619186
134.8	30.841294143023333
134.9	29.66304331253
135.	28.463935979686667
135.1	27.25106302624667
135.2	26.031600062066666
135.3	24.81276275536333
135.4	23.601761649856662
135.5	22.40575675839333
135.6	21.231812225006667
135.7	20.086851349393335
135.8	18.977612268463332
135.9	17.910604586713333
136.	16.892067243236667
136.1	15.927927898033333
136.2	15.023764111476668
136.3	14.18476658185
136.4	13.415704694016668
136.5	12.720894619036665
136.6	12.10417019
136.7	11.568856761963332
136.8	11.117748247173333
136.9	10.753087495586666
137.	10.476550172126666
137.1	10.289232257893332
137.2	10.191641282126668
137.3	10.183691365806666
137.4	10.26470213485
137.5	10.433401535206666
137.6	10.687932556813331
137.7	11.025863847653333
137.8	11.444204173779998
137.9	11.939420655063332
138.	12.507460681363334
138.1	13.143777389046665
138.2	13.843358552713333
138.3	14.600758724876664
138.4	15.410134431706666
138.5	16.265282213823333
138.6	17.15967927857
138.7	18.086526512859997
138.8	19.03879358783
138.9	20.009265870599997
139.	20.99059284466
139.1	21.975337728433335
139.2	22.95602797146333
139.3	23.92520629894333
139.4	24.875481970716667
139.5	25.799581915219996
139.6	26.690401399316663
139.7	27.541053893716665
139.8	28.344919798089993
139.9	29.09569369424
140.	29.78742980344
140.1	30.414585333759995
140.2	30.972061414626666
140.3	31.455241329989995
140.4	31.86002577708333
140.5	32.182864896139996
140.6	32.420786835066664
140.7	32.57142263522333
140.8	32.633027247053334
140.9	32.60449650863333
141.	32.485379945666665
141.1	32.2758892787
141.2	31.976902550059997
141.3	31.589963812653338
141.4	31.117278350829995
141.5	30.56170343359
141.6	29.926734629469998
141.7	29.216487742633337
141.8	28.435676459206665
141.9	27.58958582116667
142.	26.6840416744
142.1	25.72537626542333
142.2	24.72039018663
142.3	23.676310897440004
142.4	22.60074807119
142.5	21.501646041779995
142.6	20.38723364404
142.7	19.265971761536665
142.8	18.146498913286663
142.9	17.037575224586668
143.	15.948025141873332
143.1	14.886679260966666
143.2	13.862315646563331
143.3	12.883601027233334
143.4	11.959032252296666
143.5	11.096878398636665
143.6	10.305123913416667
143.7	9.591413173406666
143.8	8.962996835950001
143.9	8.426680345263334
144.	7.988774947463334
144.1	7.655051551699999
144.2	7.430697758659999
144.3	7.320278358506667
144.4	7.327699578603333
144.5	7.456177338966666
144.6	7.708209747373333
144.7	8.085554039476666
144.8	8.58920814184
144.9	9.219397004423332
145.	9.9755638202
145.1	10.856366215816665
145.2	11.859677466863332
145.3	12.982592755983333
145.4	14.221440461143333
145.5	15.571798425743333
145.6	17.02851513099333
145.7	18.58573565661333
145.8	20.236932284696664
145.9	21.974939569456666
146.	23.791993666093333
146.1	25.679775681616665
146.2	27.629458784280004
146.3	29.631758781139997
146.4	31.676987849649997
146.5	33.755111086936665
146.6	35.85580552077667
146.7	37.968521207609996
146.8	40.082544028983335
146.9	42.18705978500999
147.	44.27121917151332
147.1	46.32420322396666
147.2	48.33528880248
147.3	50.29391369499666
147.4	52.18974091313667
147.5	54.01272176153999
147.6	55.75315726702665
147.7	57.40175756761
147.8	58.94969886662
147.9	60.38867757802999
148.	61.710961309013335
148.1	62.909436335706665
148.2	63.97765126257
148.3	64.90985657417667
148.4	65.70103981476666
148.5	66.34695616091
148.6	66.84415418678333
148.7	67.18999664354999
148.8	67.38267611770333
148.9	67.42122546088666
149.	67.30552292184
149.1	67.03629194129667
149.2	66.61509561741333
149.3	66.04432586930666
149.4	65.32718737423666
149.5	64.46767638976999
149.6	63.47055459003
149.7	62.34131810508999
149.8	61.08616195943999
149.9	59.71194015336333
150.	58.22612165556333
150.1	56.63674259721
150.2	54.95235499518333
150.3	53.18197234617999
150.4	51.335012455733334
150.5	49.42123789116333
150.6	47.45069445642666
150.7	45.43364810412667
150.8	43.38052070942334
150.9	41.30182513974667
151.	39.20810005443333
151.1	37.10984487559333
151.2	35.017455369016666
151.3	32.941160264416666
151.4	30.89095934458
151.5	28.87656341632
151.6	26.90733656741
151.7	24.992241094389996
151.8	23.13978546947
151.9	21.357975692326665
152.	19.65427034968333
152.1	18.03553967865333
152.2	16.508028902343334
152.3	15.077326076346667
152.4	13.748334652263333
152.5	12.525250931746665
152.6	11.41154655023
152.7	10.40995609372
152.8	9.522469915646667
152.9	8.750332184446666
153.	8.094044155389998
153.1	7.553372622743334
153.2	7.127363472179999
153.3	6.814360216666666
153.4	6.612027363713333
153.5	6.517378427440001
153.6	6.526808365609999
153.7	6.636130190236665
153.8	6.840615470293334
153.9	7.13503841707
154.	7.513723216973333
154.1	7.970594252946666
154.2	8.499228834786665
154.3	9.092912040269999
154.4	9.744693253633333
154.5	10.44744397522
154.6	11.19391646687
154.7	11.976802790843333
154.8	12.78879379735
154.9	13.622637615526665
155.	14.471197205379998
155.1	15.327506536053331
155.2	16.184824963806665
155.3	17.036689396969997
155.4	17.876963850366664
155.5	18.69988601101
155.6	19.500110457696668
155.7	20.272748202303333
155.8	21.013402246883334
155.9	21.718198880129997
156.	22.383814467666667
156.1	23.00749752499333
156.2	23.58708589566333
156.3	24.121018894706665
156.4	24.60834431481333
156.5	25.048720231363333
156.6	25.442411581723327
156.7	25.790281534679995
156.8	26.093777704846662
156.9	26.354913307206672
157.	26.576243386679998
157.1	26.76083629493333
157.2	26.91224062564
157.3	27.034447854606668
157.4	27.13185096644
157.5	27.209199381769995
157.6	27.271550530583333
157.7	27.324218444466666
157.8	27.372719767846664
157.9	27.422717609689997
158.	27.479963679293334
158.1	27.55023916456
158.2	27.63929482712333
158.3	27.75279079689
158.4	27.896236557093324
158.5	28.074931612983335
158.6	28.29390733734333
158.7	28.55787048190333
158.8	28.871148835406665
158.9	29.237639498359997
159.	29.66076022823666
159.1	30.14340429153333
159.2	30.68789923554333
159.3	31.295969968446663
159.4	31.96870650673333
159.5	32.70653671773667
159.6	33.50920435057333
159.7	34.37575261145
159.8	35.304513500003324
159.9	36.29310308207333
160.	37.33842283051666
160.1	38.43666712063333
160.2	39.58333692207
160.3	40.773259681346666
160.4	42.00061533731666
160.5	43.25896837639333
160.6	44.54130577011999
160.7	45.840080603953325
160.8	47.147261152713334
160.9	48.45438511664
161.	49.75261868656
161.1	51.03282006099332
161.2	52.28560700813666
161.3	53.50142802055001
161.4	54.670636574756664
161.5	55.78356798397667
161.6	56.83061829892999
161.7	57.802324686153334
161.8	58.68944669683666
161.9	59.483047819344
162.	60.17457669900533
162.1	60.755947393121005
162.2	61.21961803738
162.3	61.558667291326664
162.4	61.766867936767326
162.5	61.83875701710833
162.6	61.76970191818033
162.7	61.555961807559996
162.8	61.19474387931266
162.9	60.684253869475995
163.	60.023740351960996
163.1	59.213532348817324
163.2	58.25506984057132
163.3	57.150926792627
163.4	55.904826378432666
163.5	54.521648111777
163.6	53.00742666991267
163.7	51.369342233606666
163.8	49.615702235437666
163.9	47.75591446050934
164.	45.80045151459633
164.1	43.76080672250533
164.2	41.649441598461664
164.3	39.479725076228334
164.4	37.265864764194
164.5	35.02283053746766
164.6	32.766270855802
164.7	30.512422236306996
164.8	28.27801238267
164.9	26.080157516803332
165.	23.936254514260003
165.1	21.863868490879998
165.2	19.88061653363667
165.3	18.004048308026665
165.4	16.251524310313332
165.5	14.640092564616667
165.6	13.186364590459998
165.7	11.906391487956665
165.8	10.81554100265
165.9	9.928376443476665
166.	9.25853832953
166.1	8.818629641816665
166.2	8.620105546949999
166.3	8.673168446930001
166.4	8.986669189873332
166.5	9.568015249996666
166.6	10.423086655143331
166.7	11.556160402053333
166.8	12.969844057469999
166.9	14.66501919458
167.	16.64079526194333
167.1	18.894474423396666
167.2	21.421527844909996
167.3	24.215583837893334
167.4	27.26842819794
167.5	30.57001700317
167.6	34.10850206093
167.7	37.870269110433334
167.8	41.83998880852
167.9	46.00068044281333
168.	50.333788231393335
168.1	54.81926998388333
168.2	59.43569781754333
168.3	64.16037053069333
168.4	68.96943716379666
168.5	73.83803118395666
168.6	78.74041466663333
168.7	83.65013175463
168.8	88.54017061635332
168.9	93.38313304705333
169.	98.15141080007334
169.1	102.81736766374333
169.2	107.35352626341
169.3	111.73275849584331
169.4	115.92847848531332
169.5	119.91483689154666
169.6	123.66691538704333
169.7	127.16092008943333
169.8	130.37437272071665
169.9	133.28629826072
170.	135.87740785352332
170.1	138.13027574376002
170.2	140.02950902221664
170.3	141.56190899480998
170.4	142.71662300852333
170.5	143.48528561077333
170.6	143.86214796860332
170.7	143.84419451129668
170.8	143.43124584097
170.9	142.6260470015133
171.	141.43434028074333
171.1	139.86492180045
171.2	137.92968122157663
171.3	135.6436239969733
171.4	133.02487568613668
171.5	130.0946679525
171.6	126.87730595943
171.7	123.40011699553668
171.8	119.69338025891
171.9	115.79023784383332
172.	111.72658708401998
172.1	107.54095451896
172.2	103.27435185809999
172.3	98.97011443323333
172.4	94.67372273199334
172.5	90.43260772086666
172.6	86.29594076474001
172.7	82.31440904971333
172.8	78.53997751935333
172.9	75.02563842272667
173.	71.82514965744666
173.1	68.99276317856666
173.2	66.58294481066332
173.3	64.65008687851666
173.4	63.248215121550004
173.5	62.43069141978334
173.6	62.249913895670005
173.7	62.75701599836666
173.8	64.00156620062667
173.9	66.03126995885998
174.	68.89167559350666
174.1	72.62588575008999
174.2	77.27427608754667
174.3	82.87422282432667
174.4	89.45984073968665
174.5	97.06173319712333
174.6	105.70675570046332
174.7	115.41779443913666
174.8	126.21356121963666
174.9	138.10840610017667
175.	151.11214896098
175.1	165.22993116290334
175.2	180.4620883401
175.3	196.80404527450335
175.4	214.24623368422
175.5	232.77403364988328
175.6	252.36773927644333
175.7	273.0025490588133
175.8	294.6485813078233
175.9	317.2709148345833
176.	340.82965498409
176.1	365.28002495347005
176.2	390.5724822060333
176.3	416.65285964159
176.4	443.4625310821334
176.5	470.93860043774
176.6	499.0141138407333
176.7	527.6182939120033
176.8	556.6767951181533
176.9	586.1119791813966
177.	615.84320926052
177.1	645.7871616207866
177.2	675.85815336351
177.3	705.9684846447367
177.4	736.0287938311367
177.5	765.9484238661967
177.6	795.6357980864565
177.7	824.9988037071832
177.8	853.9451810479301
177.9	882.3829166413299
178.	910.2206382511768
178.1	937.3680098559099
178.2	963.73612460145
178.3	989.2378937844799
178.4	1013.7884299008799
178.5	1037.3054217936099
178.6	1059.7095000574766
178.7	1080.9245907763734
178.8	1100.8782558484331
178.9	1119.5020181160164
179.	1136.731669676933
179.1	1152.5075617378598
179.2	1166.77487458363
179.3	1179.4838662237366
179.4	1190.5900984466998
179.5	1200.05463914695
179.6	1207.8442398009
179.7	1213.9314872632199
179.8	1218.2949290389133
179.9	1220.91917139927
180.	1221.7949498146231