# O+CO(0,0) elastic diff. cross section
# E = 0.5 eV
# angle, CS (1e-16 cm^2)
0.1	3.0639861093443334e6
0.2	1.444954952711333e6
0.3	430072.3465673333
0.4	200777.82562433335
0.5	174153.65682476666
0.6	101481.03673073332
0.7	56673.88672126667
0.8	44217.78133118333
0.9	30104.169130636663
1.	23303.748021383333
1.1	22099.68224359
1.2	16834.807846946667
1.3	13447.975289689999
1.4	13146.930264903334
1.5	10556.17425033
1.6	7501.357501563332
1.7	6813.97234587
1.8	6355.866062846666
1.9	5335.79442792
2.	5463.052461133333
2.1	5936.075881806666
2.2	5013.729123183333
2.3	3803.4232051633335
2.4	3425.4026002639994
2.5	3063.5470786243336
2.6	2733.5916735399996
2.7	3051.690132376666
2.8	3251.70031313
2.9	2705.559176946667
3.	2100.774840862333
3.1	1893.7255977313334
3.2	1742.1319849309998
3.3	1613.9923363373332
3.4	1814.0496707056666
3.5	2036.922796106
3.6	1800.5531424199999
3.7	1392.5839358219996
3.8	1221.6873008263333
3.9	1139.0165614466666
4.	1056.9139288659999
4.1	1133.0576833463333
4.2	1243.1393835439999
4.3	1125.3382284636668
4.4	865.4604754899999
4.5	722.75315083
4.6	700.9043467824
4.7	695.7088303283999
4.8	781.8482214039
4.9	946.8738000109335
5.	957.7948594452998
5.1	767.5496118180668
5.2	581.8736418420666
5.3	490.30959554516664
5.4	429.08873643029995
5.5	410.3904811716
5.6	491.7628150175667
5.7	585.8295144951999
5.8	552.9186204609
5.9	435.33607872143335
6.	355.8795598836667
6.1	313.7992227068
6.2	282.40424765086664
6.3	303.44827893883325
6.4	370.0744453902
6.5	395.47636057926667
6.6	344.4211999375
6.7	280.0828563263
6.8	247.69952360029998
6.9	225.6674789317667
7.	224.89743802196665
7.1	281.84517569996666
7.2	350.5162761653333
7.3	354.5828327576833
7.4	303.14152712098996
7.5	252.52846726223328
7.6	213.94712366177663
7.7	172.80386859722
7.8	157.77803990901666
7.9	200.52707170457998
8.	256.68961001561996
8.1	265.8248961513983
8.2	237.9682366999424
8.3	207.14380207831098
8.4	171.79722404082668
8.5	127.28195509063666
8.6	101.50592422424332
8.7	116.97763956599033
8.8	146.7073892863021
8.9	154.95261098226464
9.	146.990256429662
9.1	135.76198056329667
9.2	114.34935726581665
9.3	87.25235840556667
9.4	78.20209922552999
9.5	95.91104274389099
9.6	120.36852944689866
9.7	133.29763892445453
9.8	138.43605764774267
9.9	135.33687379852898
10.	112.62637200937634
10.1	81.11608104988
10.2	68.74395050737
10.3	82.05600152162667
10.4	104.42611815330334
10.5	125.55365870701664
10.6	148.59457231569996
10.7	165.576930924559
10.8	156.67089894110998
10.9	125.65697153611
11.	99.64722906808666
11.1	90.29533144102999
11.2	88.55434302648668
11.3	91.17557966643332
11.4	105.63870547913999
11.5	127.71698212974667
11.6	136.69065969152334
11.7	125.14909007372665
11.8	108.91885778386667
11.9	98.22539222130332
12.	87.61691984029
12.1	76.01309717219333
12.2	72.80718320900999
12.3	80.90548720262333
12.4	87.96856692687666
12.5	84.46957861625
12.6	77.18599944176665
12.7	72.75927750649333
12.8	66.77994281499
12.9	57.10051969753
13.	50.34620975677999
13.1	51.08481888146
13.2	53.73616012685666
13.3	51.17832959042666
13.4	45.892392471396676
13.5	42.35354001041
13.6	37.740237259016666
13.7	29.997120897069998
13.8	23.616604501010002
13.9	22.653327433423332
14.	24.954626203796668
14.1	25.900344237113334
14.2	25.64151603588333
14.3	26.40974652581
14.4	25.717972188999997
14.5	21.0543673717
14.6	15.140839180016666
14.7	11.299005113373333
14.8	9.47745336607
14.9	8.063038943349998
15.	7.55464247562
15.1	9.67051110289
15.2	12.68715097223333
15.3	13.732434648779996
15.4	13.457228713363332
15.5	13.208985542993332
15.6	12.368743467233333
15.7	10.19970707656
15.8	7.5632333480966665
15.9	6.183982358766667
16.	5.693439150983332
16.1	4.493658575273333
16.2	3.4649516009733334
16.3	3.977193945933333
16.4	5.199576160396666
16.5	6.168656064336666
16.6	7.193529540086667
16.7	8.866262792243333
16.8	10.265244132344
16.9	9.496151788160333
17.	7.0451441614979995
17.1	4.891190212198333
17.2	3.2511958199819997
17.3	1.8660784521556666
17.4	1.6079054427503332
17.5	3.299117930773333
17.6	6.204792668416666
17.7	8.166373955333333
17.8	8.378833239541333
17.9	7.917612944192001
18.	6.900032201901666
18.1	4.919688909561
18.2	2.9641081307919994
18.3	2.3851646146886667
18.4	3.3500699376023335
18.5	4.629000584554779
18.6	5.3305257179986665
18.7	5.970256058776
18.8	6.3815937833689995
18.9	5.560834170330999
19.	3.9552370728206334
19.1	2.9596823516460002
19.2	3.120520488336333
19.3	3.8075961380456667
19.4	4.376395422270666
19.5	5.275729981141
19.6	6.441597393055667
19.7	6.4409324043463325
19.8	4.960207471077333
19.9	3.3801303362386665
20.	2.710300726453333
20.1	2.6921789442099997
20.2	2.7257382651799995
20.3	3.2898343586166665
20.4	4.934551642933333
20.5	6.402139301566665
20.6	6.37124112133
20.7	5.416483325346666
20.8	4.65577254502
20.9	4.152575110999999
21.	3.17504740454
21.1	1.8882051028873335
21.2	1.6076786343433334
21.3	2.497456611223333
21.4	3.3721904882699993
21.5	3.8361002820799994
21.6	4.386664942856667
21.7	5.10200014336
21.8	5.156858427726333
21.9	3.9081361159480004
22.	2.2277413376426667
22.1	1.2720506084203334
22.2	0.9790520887256666
22.3	1.0401840780073333
22.4	1.61439816058
22.5	2.785090830323333
22.6	4.058982874809999
22.7	4.525107485646666
22.8	4.025413522821333
22.9	3.240159558085
23.	2.4497834459933334
23.1	1.6669891706333333
23.2	1.1689639166699999
23.3	1.1772601805249998
23.4	1.6701609937266666
23.5	2.2754157259866665
23.6	2.668684644123333
23.7	2.9446292113466663
23.8	2.972880859638
23.9	2.500825584356667
24.	1.7960701800066663
24.1	1.2294711386
24.2	0.9235604448093332
24.3	0.8082864872130001
24.4	0.814624435266
24.5	1.146327094216
24.6	1.6976749048953332
24.7	1.8936322747573335
24.8	1.6460568734196663
24.9	1.3538170100956664
25.	1.2261315515526667
25.1	1.1250902455479999
25.2	0.8104815074663333
25.3	0.5070417039186
25.4	0.6015693182309999
25.5	0.8451302145639998
25.6	0.882698683486
25.7	0.8420084685076668
25.8	0.9596512327843333
25.9	1.2085095416223333
26.	1.206428361123
26.1	0.7838189277193333
26.2	0.372886679631
26.3	0.23922118569569997
26.4	0.21586006155383333
26.5	0.2169224747286333
26.6	0.30265773555966663
26.7	0.562854738015
26.8	0.8610047311026667
26.9	0.8624852025703333
27.	0.6174368390675333
27.1	0.40491799808619994
27.2	0.2735908327161666
27.3	0.20423375513849998
27.4	0.16236733202736664
27.5	0.1567522959982
27.6	0.2689045273059667
27.7	0.3984346270543333
27.8	0.458964312335
27.9	0.5039820732401666
28.	0.48235713793369994
28.1	0.398260247016
28.2	0.32632106889603996
28.3	0.24763231999969998
28.4	0.18774511182786668
28.5	0.14650668131863331
28.6	0.1173762252065
28.7	0.18793997393489997
28.8	0.27389532909380665
28.9	0.24852615903766664
29.	0.1985572976615
29.1	0.20111420883529998
29.2	0.257548705347
29.3	0.28668376272015333
29.4	0.18171305602700666
29.5	0.06945764622309666
29.6	0.068530451616
29.7	0.0775836996012
29.8	0.05920056080933332
29.9	0.056470859461366665
30.	0.11889985546373334
30.1	0.24940508336991998
30.2	0.28620752680448996
30.3	0.18839681056476665
30.4	0.11473208070446667
30.5	0.10258581147553333
30.6	0.1109148267948
30.7	0.09938065768733334
30.8	0.04755402745542667
30.9	0.05041043879490846
31.	0.11086265964133335
31.1	0.13326801821056666
31.2	0.1387659681681
31.3	0.14040932525816666
31.4	0.13294280281350002
31.5	0.13641089143107665
31.6	0.09769709693550332
31.7	0.036431559282113335
31.8	0.026501767919326666
31.9	0.047081028298933326
32.	0.0968890464756
32.1	0.14391615308606664
32.2	0.12347194816883333
32.3	0.0941984533868
32.4	0.09421783965550001
32.5	0.10336776954953333
32.6	0.12486624410836666
32.7	0.11450999606383333
32.8	0.09045099412273333
32.9	0.11088878469353332
33.	0.11881369673600001
33.1	0.09977452088223333
33.2	0.10295410760570001
33.3	0.13919271156649998
33.4	0.21661907500939998
33.5	0.2594469409533
33.6	0.206679305119
33.7	0.15564501072866666
33.8	0.16272690655563332
33.9	0.20372564937899998
34.	0.25290297740633333
34.1	0.26365197115646666
34.2	0.27057973078596664
34.3	0.30828047760536664
34.4	0.310640156046
34.5	0.28286692523866663
34.6	0.27495782773166666
34.7	0.29761429253466665
34.8	0.35610727480366666
34.9	0.3801539506126666
35.	0.33498329033233337
35.1	0.30784725386493333
35.2	0.3329785898851
35.3	0.3948991082223333
35.4	0.4603376650836667
35.5	0.46457162728566664
35.6	0.437573772593
35.7	0.425550799054
35.8	0.40354538278566665
35.9	0.3858488884693333
36.	0.38385317647833334
36.1	0.40082219251599993
36.2	0.45735674658699993
36.3	0.48773894043699995
36.4	0.4489285137513333
36.5	0.3997778841541333
36.6	0.3748155301224333
36.7	0.38830087426599996
36.8	0.4100040646156667
36.9	0.379568049167
37.	0.34502473024566666
37.1	0.3592967884103333
37.2	0.39675584514633333
37.3	0.4399255038616666
37.4	0.4599510283683333
37.5	0.46132717468533335
37.6	0.4774490153276667
37.7	0.46104549317699994
37.8	0.3972074701143333
37.9	0.3490005760852
38.	0.3496185032938666
38.1	0.4089588271756666
38.2	0.47291383693300004
38.3	0.468810981449
38.4	0.43402022211926666
38.5	0.4083356107138666
38.6	0.38221875252733334
38.7	0.3568165902366667
38.8	0.31680890695866665
38.9	0.2893257569633333
39.	0.31499569326266663
39.1	0.34697502240733324
39.2	0.357891144476
39.3	0.3666562691923333
39.4	0.3797420507143333
39.5	0.41124910152166666
39.6	0.4210900322673333
39.7	0.3670790055236666
39.8	0.3091069218098333
39.9	0.298440336542
40.	0.3366171956876667
40.1	0.4008248369816667
40.2	0.43517007231499993
40.3	0.447498082334
40.4	0.4722589941156666
40.5	0.475611075031
40.6	0.4435310321276667
40.7	0.393466285503
40.8	0.35155929664266666
40.9	0.35881743169999997
41.	0.3829017724924
41.1	0.37885294881696663
41.2	0.3815638243545667
41.3	0.41431343839170004
41.4	0.4684810050531333
41.5	0.5078588893837666
41.6	0.4790951734244666
41.7	0.4191298187363666
41.8	0.3932621358810666
41.9	0.3980796844222333
42.	0.42263761985396664
42.1	0.4514137020898333
42.2	0.4846177786394666
42.3	0.5476143923301333
42.4	0.599666494282
42.5	0.5982308295609999
42.6	0.5706573831396666
42.7	0.5439848865576666
42.8	0.5370963881553333
42.9	0.5324039411566667
43.	0.48719479962766654
43.1	0.43961998635836663
43.2	0.4425198921754333
43.3	0.48487403913399996
43.4	0.5340900465053333
43.5	0.5410776224559999
43.6	0.502656198475
43.7	0.46876147984399996
43.8	0.4381439188288333
43.9	0.40054526107273336
44.	0.3780502298310667
44.1	0.3841894752905333
44.2	0.4349554980011999
44.3	0.5007749853988666
44.4	0.5232969429555333
44.5	0.5197520615676666
44.6	0.5271251364891
44.7	0.5476088391753333
44.8	0.5643595550096667
44.9	0.5350777893596665
45.	0.47149375907666663
45.1	0.43651337000533325
45.2	0.43832758376933334
45.3	0.45829249493700003
45.4	0.47636401810033335
45.5	0.47289622279666654
45.6	0.46433831330699993
45.7	0.441449211266
45.8	0.37625013083933334
45.9	0.2996677754317
46.	0.2502310224912333
46.1	0.24503813457673332
46.2	0.2746744296347666
46.3	0.28742254716556664
46.4	0.27734730881823333
46.5	0.28287903330909997
46.6	0.3048244881149
46.7	0.32987720695106665
46.8	0.3352651829590667
46.9	0.3098382572143333
47.	0.2909836987244
47.1	0.28856717756906664
47.2	0.2845782861235
47.3	0.288949290066
47.4	0.3059853319494333
47.5	0.3384891475991333
47.6	0.3727757141629666
47.7	0.36049234477916664
47.8	0.30473295412886664
47.9	0.2510082244641333
48.	0.2200573034622
48.1	0.2164138622622
48.2	0.2133845957798333
48.3	0.19307418731886664
48.4	0.1872809708703333
48.5	0.2020609850401333
48.6	0.21790545618016668
48.7	0.22817730590454333
48.8	0.22512347828228998
48.9	0.22592230949273331
49.	0.23881208060691997
49.1	0.2337793032849333
49.2	0.2160743683486
49.3	0.21553180176708334
49.4	0.24500242046179332
49.5	0.30160340886618664
49.6	0.3412792441715334
49.7	0.3366161186936333
49.8	0.3200853188577
49.9	0.3113124021535
50.	0.3074326094434
50.1	0.2953547668890333
50.2	0.25728748493059994
50.3	0.22032801127259333
50.4	0.21076737600709
50.5	0.21117320725941996
50.6	0.21299600361715998
50.7	0.21441588891816668
50.8	0.21983720104053334
50.9	0.23956275857036663
51.	0.24502059337813334
51.1	0.2193744261445
51.2	0.1934856213292
51.3	0.19022176922853332
51.4	0.2163219074109333
51.5	0.25024297418276664
51.6	0.2579167181783
51.7	0.25810448991266666
51.8	0.2776701168402
51.9	0.306448173555
52.	0.32611551066199995
52.1	0.312592061103
52.2	0.2718943836833333
52.3	0.23896372558406664
52.4	0.21303595179150003
52.5	0.18663378612880002
52.6	0.16998193289199998
52.7	0.16721041191003333
52.8	0.18551231102583335
52.9	0.20530346849946662
53.	0.1926338973622
53.1	0.16342173468106663
53.2	0.14668902423533334
53.3	0.14988995007866665
53.4	0.16396687355399997
53.5	0.15823170242056664
53.6	0.13578013038923334
53.7	0.13419054181853332
53.8	0.15808738868136665
53.9	0.192534054478
54.	0.21725615817333332
54.1	0.21657179559966666
54.2	0.20759449414166667
54.3	0.194608373171
54.4	0.16435927395799999
54.5	0.1313150072232333
54.6	0.11212078725293334
54.7	0.1159019002643
54.8	0.1372422715213333
54.9	0.14100535714566664
55.	0.12166179694823334
55.1	0.10709279033766667
55.2	0.10639001878260002
55.3	0.11596678354673332
55.4	0.116129091539
55.5	0.09400763159689998
55.6	0.07688636373316667
55.7	0.0794080791332
55.8	0.09212916461686667
55.9	0.11159697070483332
56.	0.1295052922503
56.1	0.1490525742207333
56.2	0.17095277285799998
56.3	0.169449972388
56.4	0.14409882648543332
56.5	0.12019221230129998
56.6	0.11281092353219999
56.7	0.12714796632999997
56.8	0.13997845358833333
56.9	0.131519052749
57.	0.12284354470283333
57.1	0.12704563093049998
57.2	0.13774377100433333
57.3	0.14392685357799997
57.4	0.13017471236189998
57.5	0.11045753123623332
57.6	0.10423080343763333
57.7	0.10118920919230001
57.8	0.09929405274246667
57.9	0.1057784766365
58.	0.12606812615616664
58.1	0.16430512622233331
58.2	0.19349770889466666
58.3	0.19086862434366664
58.4	0.17574486683896665
58.5	0.16864953550193332
58.6	0.17675750097433332
58.7	0.18743730213103332
58.8	0.17614529766196665
58.9	0.1574531564408
59.	0.15940176559883334
59.1	0.17950958870466666
59.2	0.20279115389533334
59.3	0.20756446206499995
59.4	0.191090756237
59.5	0.17720298698099995
59.6	0.1668274933926
59.7	0.15147050094226666
59.8	0.13933797255716665
59.9	0.13839705843276665
60.	0.15907269121326667
60.1	0.1913346794934
60.2	0.20510478130303333
60.3	0.20367908399033333
60.4	0.20772761825606667
60.5	0.222894487263
60.6	0.24067182825266667
60.7	0.23412737053973331
60.8	0.20114982058653333
60.9	0.1776341472242
61.	0.18064140692383335
61.1	0.20259619871276663
61.2	0.22369346943886664
61.3	0.2244214448293
61.4	0.21656114845293334
61.5	0.21122890366680003
61.6	0.19824305691149996
61.7	0.17970858758053332
61.8	0.1636009132055
61.9	0.15951610901073332
62.	0.17320894746526666
62.1	0.18313620328876667
62.2	0.17887843998429998
62.3	0.17918061993603332
62.4	0.19440238495919998
62.5	0.22147142401413333
62.6	0.23841453649073333
62.7	0.2232398271502667
62.8	0.19563804976656665
62.9	0.18291348966776666
63.	0.18894325630653333
63.1	0.20614832120423332
63.2	0.21575707436150665
63.3	0.21538033401897333
63.4	0.2187658065399633
63.5	0.2185638847724467
63.6	0.2072984841002633
63.7	0.19039355018214332
63.8	0.17407609928723333
63.9	0.1706060441185333
64.	0.17372581036979998
64.1	0.16553774669596666
64.2	0.15490674655916664
64.3	0.15549223182813332
64.4	0.16931515256923335
64.5	0.18757131686966333
64.6	0.18648203880720332
64.7	0.16579947110074333
64.8	0.14961926873277198
64.9	0.14604229748031633
65.	0.15327078560744364
65.1	0.16222437803224332
65.2	0.16502829090971666
65.3	0.17377639883763332
65.4	0.18847986398849997
65.5	0.19411152916629998
65.6	0.1891917256775
65.7	0.17628211862299997
65.8	0.1642872168643033
65.9	0.15910113459713
66.	0.14669714086182
66.1	0.12779403898188332
66.2	0.11962021157416665
66.3	0.12741947289529998
66.4	0.14722166045163332
66.5	0.15952035213436666
66.6	0.14991767984196666
66.7	0.13546334216426664
66.8	0.1297612189999
66.9	0.13089978648793332
67.	0.13408662036519997
67.1	0.13063969814493331
67.2	0.12900680662116665
67.3	0.14117755839149998
67.4	0.15618017680163332
67.5	0.1664627383621
67.6	0.17283513087643332
67.7	0.17638089810343333
67.8	0.1814177342217
67.9	0.17531793572853333
68.	0.1480969264805
68.1	0.11947457994393332
68.2	0.10869608282626665
68.3	0.11983674073511
68.4	0.13877209945537
68.5	0.13983523943900333
68.6	0.1269256825837
68.7	0.12232419611323334
68.8	0.13026707861326664
68.9	0.14335754349993332
69.	0.14597684174176667
69.1	0.13383522632763334
69.2	0.12591720121553332
69.3	0.12786316120776667
69.4	0.13254754948636666
69.5	0.13964340592043334
69.6	0.1482976321942
69.7	0.16292379054476663
69.8	0.17841195010383332
69.9	0.17389461749323334
70.	0.15133036512996667
70.1	0.13133580462126665
70.2	0.12714864088426664
70.3	0.13821307410816666
70.4	0.14155321476523333
70.5	0.12472609305186666
70.6	0.10889640648533333
70.7	0.11108029115713333
70.8	0.12917221351436664
70.9	0.1458355807373
71.	0.1410337478227333
71.1	0.12481243760913333
71.2	0.11737318283926668
71.3	0.11864607202653334
71.4	0.12313324088856666
71.5	0.1240224229936
71.6	0.12288186223796667
71.7	0.1310589978025
71.8	0.14059338343388667
71.9	0.13921491484335666
72.	0.13184325933311
72.1	0.12584735804466998
72.2	0.1282010641925
72.3	0.13216738063916667
72.4	0.12004056309196666
72.5	0.09942699156219999
72.6	0.09055493810563332
72.7	0.09937830058363334
72.8	0.11734229214753333
72.9	0.12132205862696666
73.	0.10456193688476667
73.1	0.08862297757976667
73.2	0.0855653464406
73.3	0.09178094471963333
73.4	0.09626827224206666
73.5	0.08860088223283333
73.6	0.07999271700883333
73.7	0.08181783807406666
73.8	0.08736264752723333
73.9	0.09249924416856332
74.	0.09479593773817999
74.1	0.09521717297123
74.2	0.09817628424332998
74.3	0.09334871161973998
74.4	0.07633207442086
74.5	0.061270899402509994
74.6	0.05768546979131334
74.7	0.06719121665330333
74.8	0.07759978554225666
74.9	0.07183289228244333
75.	0.05800961479519333
75.1	0.05162621533544033
75.2	0.054721277895807
75.3	0.06205137695195334
75.4	0.06025880038071666
75.5	0.04833263668056666
75.6	0.041126494371383326
75.7	0.04078546123324667
75.8	0.04359422285767334
75.9	0.047765758124062
76.	0.05004228528878
76.1	0.05563419386593333
76.2	0.06213707019109667
76.3	0.057927900487033335
76.4	0.04688923331551666
76.5	0.03808996300804
76.6	0.03699981456230333
76.7	0.04361579865715466
76.8	0.04354265152519966
76.9	0.03312408327240166
77.	0.026336855290853
77.1	0.029401661613443333
77.2	0.040880192415739994
77.3	0.05052831463286667
77.4	0.04781486808376667
77.5	0.042548104648266666
77.6	0.04384058831453333
77.7	0.048088984531333326
77.8	0.05203626830963333
77.9	0.05031253711796666
78.	0.0461098384592
78.1	0.04797851293873333
78.2	0.0495368500232
78.3	0.046441344520999996
78.4	0.04338224017873333
78.5	0.04313470680243334
78.6	0.0495340353723
78.7	0.0550527692751
78.8	0.04831905908086666
78.9	0.03783992682160667
79.	0.03492299346423333
79.1	0.04169777726314667
79.2	0.05219135255376332
79.3	0.05116928683084666
79.4	0.039676022576606663
79.5	0.034538451720319996
79.6	0.04061490874676667
79.7	0.0535218547951
79.8	0.06234405050943333
79.9	0.058971746573033335
80.	0.05338505147916667
80.1	0.05178779656113333
80.2	0.050109367576600006
80.3	0.048731974867333334
80.4	0.04718445981313333
80.5	0.04920467549789999
80.6	0.05768306789343333
80.7	0.061983444925166664
80.8	0.059968078394299996
80.9	0.06133406003463333
81.	0.07094672071619998
81.1	0.08828641211683332
81.2	0.09948870935863333
81.3	0.09221512468313334
81.4	0.07835480515293333
81.5	0.07271197339906665
81.6	0.07875704135826667
81.7	0.08950562862253332
81.8	0.08947088105126666
81.9	0.07980166212869999
82.	0.07491085224130001
82.1	0.07719068143499999
82.2	0.08271166322616666
82.3	0.08425061655053334
82.4	0.07823426454506666
82.5	0.07458645136246667
82.6	0.07528070226483333
82.7	0.07362846363909999
82.8	0.07084527217183333
82.9	0.06928771913373333
83.	0.07366900077976665
83.1	0.0837646502305
83.2	0.08609758514936666
83.3	0.07878185899546666
83.4	0.07328693807439998
83.5	0.07636031613096667
83.6	0.08781433673056667
83.7	0.09394143382686666
83.8	0.08459465427166665
83.9	0.07307121547113334
84.	0.07287109783016667
84.1	0.08437900111496667
84.2	0.09733456695313332
84.3	0.09616178948843335
84.4	0.08477965619546668
84.5	0.07977667156483333
84.6	0.08448311325383331
84.7	0.09397670085299999
84.8	0.09861152510483334
84.9	0.09352516687546666
85.	0.08847373846193332
85.1	0.08654117550346666
85.2	0.08301218452896665
85.3	0.07886930258663333
85.4	0.07452435512189999
85.5	0.07359681583766667
85.6	0.07677701082396667
85.7	0.07405386586806667
85.8	0.06604768524096666
85.9	0.06275000960959999
86.	0.06818858196126666
86.1	0.0806944528712
86.2	0.08690212256796666
86.3	0.07736073293256666
86.4	0.06332021340116667
86.5	0.05585430066653333
86.6	0.056897385347433334
86.7	0.06081942817013333
86.8	0.05619950666493334
86.9	0.0463668254872
87.	0.04277313576859999
87.1	0.04564221532399999
87.2	0.05173586835869999
87.3	0.05499208576193333
87.4	0.05238261323342
87.5	0.05143784529190999
87.6	0.052195029492699996
87.7	0.04997619082330999
87.8	0.047199539453929996
87.9	0.04528572779706333
88.	0.04798771087783333
88.1	0.05554356631896666
88.2	0.05832132294743332
88.3	0.05604387614043333
88.4	0.05487823031436667
88.5	0.0560289365594
88.6	0.059401797290319996
88.7	0.05748807153766333
88.8	0.04651197726083334
88.9	0.03702267058141333
89.	0.034764970118476665
89.1	0.038609152052333326
89.2	0.04476836620356667
89.3	0.046010623768276665
89.4	0.04598483414790333
89.5	0.05073565076882667
89.6	0.05602818366594334
89.7	0.05984830398333666
89.8	0.06109659585273
89.9	0.060090809700086664
90.	0.06200251769434001
90.1	0.0628208202031
90.2	0.0584714810293
90.3	0.05562731588303333
90.4	0.058551579428833336
90.5	0.06824249787133332
90.6	0.07829144493233334
90.7	0.07637535850296666
90.8	0.06634999959526666
90.9	0.0608309078307
91.	0.06438642805446666
91.1	0.07442119247036666
91.2	0.07882131380419999
91.3	0.07250557636916666
91.4	0.06738772450489999
91.5	0.07057372196799999
91.6	0.0803731212209
91.7	0.09042183789876668
91.8	0.09213865175903332
91.9	0.0897944270336
92.	0.09028032054463334
92.1	0.09064146521803332
92.2	0.09037664462183333
92.3	0.09016456692469998
92.4	0.0920732568832
92.5	0.10016192755049999
92.6	0.10668742188193334
92.7	0.10450264370376666
92.8	0.09954098532753333
92.9	0.09815273945353332
93.	0.10369875194943334
93.1	0.10967877248843334
93.2	0.1033172268159
93.3	0.08963038232010001
93.4	0.08354618515326664
93.5	0.09123397679496666
93.6	0.10797275331643333
93.7	0.11743506621103333
93.8	0.11301903687023332
93.9	0.10835454763266668
94.	0.11288369352989999
94.1	0.12419855136999998
94.2	0.13166152211516668
94.3	0.12479807789493333
94.4	0.11201299959910001
94.5	0.1070146322931
94.6	0.11039029163066666
94.7	0.11766619386066668
94.8	0.121711058256
94.9	0.12105774103
95.	0.12239496889099999
95.1	0.122993077628
95.2	0.11805496570566666
95.3	0.11140615628629999
95.4	0.1074417884306
95.5	0.11090675824259999
95.6	0.11788397010663332
95.7	0.11693099470316666
95.8	0.11173312108486666
95.9	0.114668446309
96.	0.13054494261666666
96.1	0.1528779606433333
96.2	0.162389952068
96.3	0.1509039690733333
96.4	0.13380644581166667
96.5	0.12575901955533333
96.6	0.12895556370733333
96.7	0.13229324793366665
96.8	0.12233156408626666
96.9	0.10671952616423332
97.	0.10149553084499999
97.1	0.10936165275106666
97.2	0.12278002148933333
97.3	0.12825143059233335
97.4	0.12235821739866666
97.5	0.11666209258066665
97.6	0.11529208068153332
97.7	0.11488064548983334
97.8	0.11327576145410001
97.9	0.10942180116636666
98.	0.1098375304943
98.1	0.116595959403
98.2	0.120835913893
98.3	0.12075491563733333
98.4	0.12020381466566667
98.5	0.12207011537333334
98.6	0.125965798177
98.7	0.12066644395663331
98.8	0.1018862258294
98.9	0.08345473721159999
99.	0.07784332510343334
99.1	0.08707514450086665
99.2	0.09937715722406666
99.3	0.09919282597173332
99.4	0.09194763015563331
99.5	0.09321816078949999
99.6	0.1069299120277
99.7	0.12447477478486665
99.8	0.12853139038356665
99.9	0.11441786983656665
100.	0.09805016682579999
100.1	0.09088885612529998
100.2	0.0925959965735
100.3	0.09552743959003335
100.4	0.09100440716833333
100.5	0.0841952745167
100.6	0.08250780335186667
100.7	0.08257908518686666
100.8	0.08137664421566666
100.9	0.07709169677746666
101.	0.07151442806
101.1	0.0700181747498
101.2	0.06784673342276666
101.3	0.06051069775146667
101.4	0.05423629208893333
101.5	0.0549101185027
101.6	0.06514472950576666
101.7	0.07754175645473332
101.8	0.07850531402376666
101.9	0.0704286140555
102.	0.06503226201853333
102.1	0.06749774443456666
102.2	0.074238095316
102.3	0.07183937961603333
102.4	0.05651124432703333
102.5	0.04294561701986667
102.6	0.041731724242566666
102.7	0.051571917846133325
102.8	0.06149047989669999
102.9	0.05960883286086666
103.	0.05187241505853333
103.1	0.05021194490583333
103.2	0.055265539411100004
103.3	0.06206775912514666
103.4	0.06251713371737333
103.5	0.05568275170887333
103.6	0.05090589334752667
103.7	0.04969070128287001
103.8	0.048857884541633326
103.9	0.0485860797063
104.	0.04843126648326666
104.1	0.051289264708766664
104.2	0.055189549792666666
104.3	0.0513735254172
104.4	0.042194979541459995
104.5	0.036559845270526664
104.6	0.039350513638653335
104.7	0.048817983121720004
104.8	0.05196852982033666
104.9	0.04300333585332666
105.	0.03404706187776
105.1	0.035881609650906664
105.2	0.049258306199746665
105.3	0.06277682505125
105.4	0.06199113382513666
105.5	0.051890866025540994
105.6	0.04706785206362367
105.7	0.052212709729328
105.8	0.06220202430862
105.9	0.06433338966947999
106.	0.05526780937479667
106.1	0.04764307325723333
106.2	0.048470646299466666
106.3	0.05514415709563332
106.4	0.06112085732963333
106.5	0.05997472182798666
106.6	0.05717581286216
106.7	0.059183555931133336
106.8	0.06224335291029333
106.9	0.06386066403099999
107.	0.06321982789189999
107.1	0.06192221135686666
107.2	0.06405621833200001
107.3	0.06430608165306667
107.4	0.05834867193929
107.5	0.05274161321071333
107.6	0.05335391417411332
107.7	0.06199366509775667
107.8	0.07107208035665333
107.9	0.06817192527332999
108.	0.057499489459699994
108.1	0.05275295706753333
108.2	0.05980967553493333
108.3	0.07365950987306666
108.4	0.07854167255359999
108.5	0.06865224304513333
108.6	0.05858303933933333
108.7	0.06086066231090001
108.8	0.07546067498273333
108.9	0.09051014413193333
109.	0.09188609219566665
109.1	0.08404545006353333
109.2	0.0801826788176
109.3	0.08330016567686667
109.4	0.0889344478295
109.5	0.08781488531009998
109.6	0.07821869467669999
109.7	0.07094885003663333
109.8	0.07024105250163333
109.9	0.07321987842086666
110.	0.07748571961346667
110.1	0.08044023275833331
110.2	0.085776269292
110.3	0.09451671931953333
110.4	0.09872134086496666
110.5	0.09695651270783334
110.6	0.09341468949616666
110.7	0.09196526852053333
110.8	0.09434839977183335
110.9	0.09206573637546667
111.	0.0803978377871
111.1	0.06964450226326666
111.2	0.06943023533193332
111.3	0.08102521936856666
111.4	0.0938615684025
111.5	0.09302886615853334
111.6	0.0825322429407
111.7	0.07794299128009999
111.8	0.0858008934072
111.9	0.1002923985255
112.	0.10526891585549998
112.1	0.09486233457306666
112.2	0.08431088192863334
112.3	0.08677139054829999
112.4	0.10187929484586666
112.5	0.11792731793386665
112.6	0.12087652852596666
112.7	0.11410030088489999
112.8	0.10973035348563333
112.9	0.1101430416271
113.	0.11180747019233334
113.1	0.10794114485603332
113.2	0.09771770289836665
113.3	0.09084262579319999
113.4	0.09014390020003332
113.5	0.09227889103396665
113.6	0.09669098832539999
113.7	0.10259496113436667
113.8	0.11256242674489998
113.9	0.12490936658693333
114.	0.12937683458566665
114.1	0.12474686512659999
114.2	0.11825133675309998
114.3	0.11576307828270001
114.4	0.11841646666629999
114.5	0.11591853293816667
114.6	0.10220327594313333
114.7	0.08894525581956667
114.8	0.08840096925163334
114.9	0.10222890051913333
115.	0.11809570369643332
115.1	0.1185235254508
115.2	0.1065874723353
115.3	0.10013741881013333
115.4	0.1079458472648
115.5	0.12396321718403332
115.6	0.1300900998951
115.7	0.11851431785426665
115.8	0.1054949413365
115.9	0.10726699288486666
116.	0.12433324250936667
116.1	0.1429551117160333
116.2	0.14599416378163335
116.3	0.1358859686617333
116.4	0.12790331504019997
116.5	0.12758504383683333
116.6	0.13094536744566665
116.7	0.12829009405036665
116.8	0.1164278109869
116.9	0.10666619692296667
117.	0.10587027317593334
117.1	0.11163087022053333
117.2	0.12045460050113332
117.3	0.1279136377544
117.4	0.1359447010755
117.5	0.14642659350506665
117.6	0.15190519339266664
117.7	0.14959221430666664
117.8	0.14337111486366666
117.9	0.1376672569801
118.	0.13624908825889998
118.1	0.1328096633759
118.2	0.1212456666673
118.3	0.10989709545493333
118.4	0.10857959196009999
118.5	0.11972839970956667
118.6	0.13438938416006665
118.7	0.1364198722525
118.8	0.1263997715542
118.9	0.11974674581706668
119.	0.1252227922597
119.1	0.13884653930213334
119.2	0.14412930390026665
119.3	0.13182108282743332
119.4	0.11640637874389999
119.5	0.11484238697366667
119.6	0.1293323232968333
119.7	0.1468503950111
119.8	0.14865249031056665
119.9	0.135278524419
120.	0.12360713823379998
120.1	0.12229561550753335
120.2	0.12784602377419998
120.3	0.1277196355784333
120.4	0.11510281674093333
120.5	0.10190559605973333
120.6	0.09973268018843334
120.7	0.1085504716595
120.8	0.12198772693213333
120.9	0.13046886284693332
121.	0.13436437921699998
121.1	0.14051744071166666
121.2	0.14677915213766668
121.3	0.14923292157133333
121.4	0.145854181939
121.5	0.1368556437483333
121.6	0.12897878240266664
121.7	0.12314310134793334
121.8	0.11547716947216666
121.9	0.10936137639103334
122.	0.10853820695096668
122.1	0.11508829844999999
122.2	0.12651788601679997
122.3	0.13191039485066666
122.4	0.12925697924433333
122.5	0.12719910406573331
122.6	0.13067757296766666
122.7	0.13870376840733334
122.8	0.14080779923266667
122.9	0.12882985132966665
123.	0.11304302461723333
123.1	0.10678836926413333
123.2	0.11320334755746667
123.3	0.12415671292086668
123.4	0.12401887356329999
123.5	0.11148237348409998
123.6	0.10058027665676668
123.7	0.09937297265543334
123.8	0.10583662207223332
123.9	0.10852642502553334
124.	0.09863811981473332
124.1	0.08558460189076667
124.2	0.08128566023136666
124.3	0.08735606887383332
124.4	0.09830170971466667
124.5	0.10349727683323334
124.6	0.10196634210443334
124.7	0.10246831893990001
124.8	0.1062228829628
124.9	0.1099863004446
125.	0.10932503484456665
125.1	0.1012732439004
125.2	0.0927410299955
125.3	0.08823414889893333
125.4	0.08523260543936667
125.5	0.08418414561243333
125.6	0.0847115048851
125.7	0.08794688816059999
125.8	0.09564175773120001
125.9	0.1012314524903
126.	0.10184987168046666
126.1	0.10205486903969999
126.2	0.1041028435857
126.3	0.10893694940406665
126.4	0.11059784545696667
126.5	0.10179885363393333
126.6	0.08948186720716667
126.7	0.0838680213937
126.8	0.08813398401346664
126.9	0.09738153243056666
127.	0.09812843236423333
127.1	0.08752836140493332
127.2	0.07777022735926667
127.3	0.0770377763824
127.4	0.0847393571902
127.5	0.09017162733156665
127.6	0.08256080102886666
127.7	0.06942938712639998
127.8	0.06386965353616667
127.9	0.06947712800466667
128.	0.0809792378277
128.1	0.08551036372673333
128.2	0.07996868495534666
128.3	0.07533976667599665
128.4	0.07720432997639
128.5	0.08338261994127667
128.6	0.08623174800879999
128.7	0.07847335924084332
128.8	0.0671507764696
128.9	0.06181977866263333
129.	0.06280649610956666
129.1	0.06741604495516666
129.2	0.06943778014843333
129.3	0.06780511323053333
129.4	0.06930724196803333
129.5	0.07376549649673333
129.6	0.07825107631393333
129.7	0.0817555635676
129.8	0.08183850930456667
129.9	0.0813246314044
130.	0.08097359239003332
130.1	0.07629576306766667
130.2	0.07016408330073333
130.3	0.06708468409863333
130.4	0.06879041623586665
130.5	0.07491069812016667
130.6	0.07653909948913332
130.7	0.06978379975839999
130.8	0.0629420349359
130.9	0.06226379242426666
131.	0.06899251510946666
131.1	0.07556635066859999
131.2	0.0707916645231
131.3	0.05932027240526666
131.4	0.05344462026353333
131.5	0.05827183559443334
131.6	0.07014376587584333
131.7	0.07521524112276332
131.8	0.06767516767079333
131.9	0.05919858070949333
132.	0.05933159334146666
132.1	0.06800630987428
132.2	0.07516926137009333
132.3	0.06849160790223666
132.4	0.05392358000373666
132.5	0.046421282885933335
132.6	0.05094229683006666
132.7	0.0624264482685
132.8	0.06720861234763333
132.9	0.05984683108846667
133.	0.05258827480403333
133.1	0.054753717663666664
133.2	0.0653220736249
133.3	0.07556254026613332
133.4	0.07412958026826666
133.5	0.06466088134726666
133.6	0.05868345828903333
133.7	0.05913329802226667
133.8	0.06404230583916666
133.9	0.0662969057102
134.	0.0619869542647
134.1	0.05833629704066665
134.2	0.058384664577299995
134.3	0.060098629167766655
134.4	0.06235542258503333
134.5	0.06164384381613334
134.6	0.06029901295979999
134.7	0.06165832304216666
134.8	0.061389275797699996
134.9	0.05913133826916667
135.	0.05695804718823333
135.1	0.05581207721366666
135.2	0.058731135489633324
135.3	0.06110804307016666
135.4	0.05774745836033333
135.5	0.0534605722136
135.6	0.052250032663366655
135.7	0.05594717048706666
135.8	0.0614818175118
135.9	0.05928350956116667
136.	0.0510743491596
136.1	0.046836807102366665
136.2	0.05063812492546666
136.3	0.060558559309099994
136.4	0.06520670756646667
136.5	0.057192549984133326
136.6	0.04697052486896667
136.7	0.0455415327333
136.8	0.05463231203636666
136.9	0.06596239869126666
137.	0.0649841676656
137.1	0.05313604349776666
137.2	0.045428322086366664
137.3	0.04945273068253332
137.4	0.06258102560866666
137.5	0.07118120071316666
137.6	0.06524333525580332
137.7	0.05467022997827667
137.8	0.05151340821500667
137.9	0.05772927895566666
138.	0.06644233184069999
138.1	0.0647246112951
138.2	0.05339807651086666
138.3	0.04590251010943333
138.4	0.047694697604933334
138.5	0.05622887682289999
138.6	0.06190731289683333
138.7	0.0572672019295
138.8	0.05078441067266666
138.9	0.050938724025979994
139.	0.05680159203120666
139.1	0.0637409858727
139.2	0.06308067632867666
139.3	0.05524996287345
139.4	0.049685175115966665
139.5	0.04818388272486666
139.6	0.04965763037446667
139.7	0.05142712038106667
139.8	0.04939776885219999
139.9	0.04788066489203333
140.	0.04886368874483333
140.1	0.0490834933997
140.2	0.05013007056526665
140.3	0.05166826428403666
140.4	0.053846158958413326
140.5	0.05809830667076999
140.6	0.05822978056206
140.7	0.05303196707076667
140.8	0.048703558151666666
140.9	0.04798837782986666
141.	0.052823578441066665
141.1	0.057848074223966664
141.2	0.054649323067266664
141.3	0.048067338100399995
141.4	0.045651157714866664
141.5	0.04996451378753332
141.6	0.058631648509133334
141.7	0.06031426377370001
141.8	0.052474365366
141.9	0.045949907014433335
142.	0.0470261159066
142.1	0.05553444054793333
142.2	0.06222164980073334
142.3	0.05653365915493333
142.4	0.04590999096856666
142.5	0.04278405169833333
142.6	0.0499766204996
142.7	0.06169477047323333
142.8	0.06339959491473333
142.9	0.051792962395199996
143.	0.04122750492546667
143.1	0.04126770120753333
143.2	0.05138047592803334
143.3	0.060733171818599996
143.4	0.05642079689173333
143.5	0.04470777495163333
143.6	0.03947930728983333
143.7	0.04480944225076666
143.8	0.056498020111399996
143.9	0.06130115375623333
144.	0.05403427504109999
144.1	0.04634502187366667
144.2	0.04589271242013333
144.3	0.052295833454133335
144.4	0.058757882982
144.5	0.05529304809923333
144.6	0.0467239484126
144.7	0.0436453529289
144.8	0.04710991063043333
144.9	0.05425016765033333
145.	0.05667365234383333
145.1	0.050751821564799994
145.2	0.045930760315699995
145.3	0.046538513725899996
145.4	0.050847525912733324
145.5	0.055679636790253326
145.6	0.05416440388274666
145.7	0.04911227460446666
145.8	0.04724431064239999
145.9	0.04732466532133332
146.	0.0495110138946
146.1	0.051613469704566664
146.2	0.05065431352688
146.3	0.050795836975436666
146.4	0.050763617499879995
146.5	0.04808343680406666
146.6	0.046478585671
146.7	0.045795216763066665
146.8	0.047386749610566666
146.9	0.05130358746710001
147.	0.05036568713186666
147.1	0.045904105866766666
147.2	0.04363658702566667
147.3	0.045052437535333334
147.4	0.051653835223733326
147.5	0.056280915966196665
147.6	0.052525399800929996
147.7	0.04728335967842667
147.8	0.0460281388348
147.9	0.05061250376389999
148.	0.05780959170106666
148.1	0.0567627042315
148.2	0.04904816859379999
148.3	0.045413206142966664
148.4	0.0495049655034
148.5	0.05983169214926666
148.6	0.06521111255226665
148.7	0.057475709120700005
148.8	0.04755200229923333
148.9	0.04643749207996667
149.	0.0556984754938
149.1	0.06780840887743333
149.2	0.06735159696476667
149.3	0.05526048968203333
149.4	0.04761181353096666
149.5	0.05235264093179999
149.6	0.06736059668423333
149.7	0.07803701218393333
149.8	0.07183065828643333
149.9	0.0591746177685
150.	0.05442548586266666
150.1	0.0611431796144
150.2	0.07252236502956666
150.3	0.0722123551978
150.4	0.059012677613066666
150.5	0.049273402442099996
150.6	0.0516637005225
150.7	0.064462363293
150.8	0.0746754712861
150.9	0.06982934647746666
151.	0.059767201111366665
151.1	0.058597519121999994
151.2	0.0681065269145
151.3	0.08095444948513333
151.4	0.0812662288154
151.5	0.0670439109584
151.6	0.05492358839926666
151.7	0.05406106772526667
151.8	0.06331693397706667
151.9	0.0719372040147
152.	0.06733866381023333
152.1	0.0570927885452
152.2	0.05431749363456666
152.3	0.061157722656433336
152.4	0.07382351162866665
152.5	0.07984506396672333
152.6	0.07456669577624
152.7	0.06906398284570667
152.8	0.06821027325290333
152.9	0.07140847649846667
153.	0.07469618250876667
153.1	0.07009465591246666
153.2	0.06292098960963333
153.3	0.06115253797089999
153.4	0.0630571473167
153.5	0.0678005626655
153.6	0.0702700287619
153.7	0.06809295563123333
153.8	0.06905682954626666
153.9	0.072833999249
154.	0.07631700712278
154.1	0.07950847634097999
154.2	0.07790256768039999
154.3	0.07455423977643333
154.4	0.07329708475069999
154.5	0.0698902882131
154.6	0.06696562934463332
154.7	0.06634408122893333
154.8	0.06645171974373333
154.9	0.07015484835426666
155.	0.07216248226529999
155.1	0.06906555132536665
155.2	0.06807527658736667
155.3	0.07076696757923333
155.4	0.07757283557765667
155.5	0.08506315694529
155.6	0.08254589776053667
155.7	0.07351658973983333
155.8	0.06770869643333333
155.9	0.06797079341429998
156.	0.07519925017363333
156.1	0.0790998159532
156.2	0.07230738990903332
156.3	0.06498200508006666
156.4	0.06425605200036666
156.5	0.07170785569686666
156.6	0.08215603850486666
156.7	0.08160239680669999
156.8	0.07251296124539
156.9	0.06796287457321333
157.	0.07176541378793333
157.1	0.08242468256287333
157.2	0.0871269359443
157.3	0.07708313853623333
157.4	0.06598825993393333
157.5	0.06566766149793332
157.6	0.07691482541573333
157.7	0.09086864517646666
157.8	0.08937353509786666
157.9	0.07420273482703332
158.	0.06411768972306667
158.1	0.06739996981063334
158.2	0.08205106273993332
158.3	0.091708861828
158.4	0.0823927147752
158.5	0.06754323827473332
158.6	0.06371200185856665
158.7	0.07468546136603332
158.8	0.09245615799173332
158.9	0.09641470838676666
159.	0.08429689885333333
159.1	0.07491404939323333
159.2	0.07763553757056667
159.3	0.09086134878800001
159.4	0.09924629913296668
159.5	0.08782324998286664
159.6	0.07007849382763333
159.7	0.06448092445836666
159.8	0.07434150253306666
159.9	0.09126518643806665
160.	0.09439526499789999
160.1	0.0807067693737
160.2	0.0714644672636
160.3	0.07789227329306667
160.4	0.09735477163563333
160.5	0.11297733627749998
160.6	0.10580553331546666
160.7	0.08668320468839999
160.8	0.07601338559406666
160.9	0.07953434976629999
161.	0.09213665216036666
161.1	0.09441134147816665
161.2	0.07986744918413333
161.3	0.06746758210153334
161.4	0.06864660830503333
161.5	0.08328576051616667
161.6	0.10003520656793333
161.7	0.10097998628266665
161.8	0.09265220518186668
161.9	0.0909090810971
162.	0.09747312448269999
162.1	0.10820863564426667
162.2	0.10796491469936667
162.3	0.0907512373665
162.4	0.07485804688969999
162.5	0.07084310584793332
162.6	0.07816316182319999
162.7	0.08903937733416667
162.8	0.08742986199256665
162.9	0.07856849411246666
163.	0.07842406249483333
163.1	0.08861037995136667
163.2	0.10639067586003333
163.3	0.11782166940036666
163.4	0.11190249205583332
163.5	0.1013593742174
163.6	0.094874859584
163.7	0.09364933325196667
163.8	0.09670763653159999
163.9	0.09161112770289999
164.	0.08049999706353334
164.1	0.0762381741946
164.2	0.07867366063066666
164.3	0.08816663657986668
164.4	0.09777509672793333
164.5	0.09790230508183331
164.6	0.09837724143196666
164.7	0.1034900153194
164.8	0.1092966799616
164.9	0.11509407308953332
165.	0.11040478543066667
165.1	0.09693735637583334
165.2	0.08862179580796666
165.3	0.08530314718043333
165.4	0.0878064945265
165.5	0.092310534567
165.6	0.08863728366046666
165.7	0.08521295538516667
165.8	0.08720226592776666
165.9	0.09131796920806667
166.	0.10062081593693334
166.1	0.10638431993873333
166.2	0.10491150102929998
166.3	0.10451834935493333
166.4	0.10102718553886667
166.5	0.09634124227246667
166.6	0.09484953419826665
166.7	0.09044167256039999
166.8	0.08935637311773333
166.9	0.09238068754886666
167.	0.09112262226746666
167.1	0.09143208196513333
167.2	0.0922588170358
167.3	0.09240461921496668
167.4	0.09928219932093332
167.5	0.10379251454106667
167.6	0.10303602251746666
167.7	0.10385402695993332
167.8	0.10189382714199999
167.9	0.10238754445553333
168.	0.1058072821896
168.1	0.10203518453060001
168.2	0.0997263480277
168.3	0.10255600754843333
168.4	0.1067015669764
168.5	0.11524952751483333
168.6	0.11587489308443333
168.7	0.10630238713243334
168.8	0.10235494233526665
168.9	0.10459766257486665
169.	0.11405122160866665
169.1	0.12455150813313333
169.2	0.11892969504443332
169.3	0.10793491550449999
169.4	0.10542032869386667
169.5	0.11171857245926667
169.6	0.12867007851419998
169.7	0.13787451295199998
169.8	0.129338940711
169.9	0.12065072503713332
170.	0.11689071271266667
170.1	0.12097607106639999
170.2	0.1291389036865
170.3	0.1216157628968
170.4	0.10730577756686666
170.5	0.1024964603388
170.6	0.1058015128957
170.7	0.11870694948563333
170.8	0.12438304491746666
170.9	0.11254318466286664
171.	0.1053821358353
171.1	0.10959310833736666
171.2	0.1224764424177
171.3	0.13630066925086665
171.4	0.1264640195475
171.5	0.10225019035036666
171.6	0.08901238260313334
171.7	0.08920462327713333
171.8	0.10416589291597667
171.9	0.11362624915537667
172.	0.09880186566110033
172.1	0.08268982839703333
172.2	0.07876213899301
172.3	0.08865560556319999
172.4	0.10953986719723333
172.5	0.1125127451666
172.6	0.0981136538731
172.7	0.09033934966429999
172.8	0.08994727025516666
172.9	0.10062124775106665
173.	0.10766726284257333
173.1	0.09060528262787666
173.2	0.073879259717204
173.3	0.07246689368642667
173.4	0.08310640874662334
173.5	0.10300918047219666
173.6	0.10223291067699332
173.7	0.08182991306694
173.8	0.0761978207686
173.9	0.08868166605359998
174.	0.11801900963016666
174.1	0.1423370936378
174.2	0.12796545040036666
174.3	0.10013334064116666
174.4	0.08632451891703333
174.5	0.0896190790123
174.6	0.11194291833973333
174.7	0.11645334022526665
174.8	0.0920979762734
174.9	0.07771544267116666
175.	0.08307498500326665
175.1	0.11342772620753333
175.2	0.153884889512
175.3	0.16172633939999997
175.4	0.1559329816246
175.5	0.16318030867026667
175.6	0.1770910625116
175.7	0.19886393554866666
175.8	0.19123971634266668
175.9	0.14178906017366666
176.	0.1051768809828
176.1	0.09731866138616665
176.2	0.1182621327688
176.3	0.15100124281463334
176.4	0.1411568065996333
176.5	0.11408062887053334
176.6	0.11918809496489999
176.7	0.153225291459
176.8	0.21527204022133334
176.9	0.24936238152133333
177.	0.213187282172
177.1	0.16595267444796666
177.2	0.13462600663479998
177.3	0.12933756965413334
177.4	0.15133143887066666
177.5	0.13169227886746665
177.6	0.0851232239088
177.7	0.07048729319699999
177.8	0.07668849177276665
177.9	0.11859612388086667
178.	0.15353427778756665
178.1	0.12497620300029999
178.2	0.1093138083359
178.3	0.12588269379833333
178.4	0.1551493450056
178.5	0.20391754617726665
178.6	0.17567074646986663
178.7	0.093160997609
178.8	0.07653165768619999
178.9	0.10312246823143334
179.	0.19332595435933334
179.1	0.28315875214066666
179.2	0.21931992353433333
179.3	0.13594614701039998
179.4	0.10555594167176666
179.5	0.10698067592066665
179.6	0.2879820402809533
179.7	0.4128230575623
179.8	0.3562847348286333
179.9	0.5859998193016667
180.	0.841609290832