# O+CO(0,0) elastic diff. cross section
# E = 0.000559999 eV
# angle, CS (1e-16 cm^2)
0.1	27113.605291019998
0.2	27061.222323933333
0.3	26974.115972806663
0.4	26852.583090516666
0.5	26697.037201813328
0.6	26508.006449476663
0.7	26286.130976200002
0.8	26032.15975812333
0.9	25746.946910353334
1.	25431.447487353333
1.1	25086.71280411333
1.2	24713.88530776733
1.3	24314.193030938666
1.4	23888.943660814668
1.5	23439.518261059995
1.6	22967.364683854
1.7	22473.99071246833
1.8	21960.95697575833
1.9	21429.869676317332
2.	20882.37317552133
2.1	20320.142479227998
2.2	19744.875666961332
2.3	19158.28630890333
2.4	18562.095912837667
2.5	17958.02644349
2.6	17347.792955752997
2.7	16733.096380955
2.8	16115.616505025999
2.9	15497.005174628332
3.	14878.879766052334
3.1	14262.81694866333
3.2	13650.346772996667
3.3	13042.947110748664
3.4	12442.038470993331
3.5	11848.979214248999
3.6	11265.061183547667
3.7	10691.505767730665
3.8	10129.460410238
3.9	9579.995572458667
4.	9044.102158967333
4.1	8522.689407303
4.2	8016.58324394
4.3	7526.525103088667
4.4	7053.171203749667
4.5	6597.092277094
4.6	6158.773733389667
4.7	5738.616255654667
4.8	5336.936804842333
4.9	4953.970019082666
5.	4589.869987296666
5.1	4244.712376801666
5.2	3918.4968913
5.3	3611.1500357433333
5.4	3322.5281626316664
5.5	3052.420773474333
5.6	2800.554048536333
5.7	2566.594577295
5.8	2350.1532617553335
5.9	2150.7893647043334
6.	1968.014674833
6.1	1801.2977611826666
6.2	1650.0682894989998
6.3	1513.7213739406664
6.4	1391.6219381029998
6.5	1283.1090603556665
6.6	1187.500279488
6.7	1104.0958377963332
6.8	1032.182839993
6.9	971.0393077013333
7.	919.9381107266665
7.1	878.1507577993334
7.2	844.9510310186666
7.3	819.6184498676666
7.4	801.4415522376667
7.5	789.7209816336667
7.6	783.7723712029999
7.7	782.9290170743334
7.8	786.5443349236666
7.9	793.9940953519999
8.	804.6784351383333
8.1	818.023642996
8.2	833.4837197789999
8.3	850.541714525
8.4	868.7108389703333
8.5	887.535364377
8.6	906.5913056603333
8.7	925.4868988043332
8.8	943.8628785796666
8.9	961.3925643196667
9.	977.781762375
9.1	992.7684945343333
9.2	1006.1225622019999
9.3	1017.6449567186667
9.4	1027.167126529
9.5	1034.5501122839999
9.6	1039.6835611213332
9.7	1042.4846316153332
9.8	1042.8968008293332
9.9	1040.8885850379997
10.	1036.4521855396665
10.1	1029.6020708273334
10.2	1020.3735062333335
10.3	1008.8210419386667
10.4	995.0169698073332
10.5	979.0497593386667
10.6	961.0224824843332
10.7	941.0512367193334
10.8	919.2635753596666
10.9	895.7969534626666
11.	870.7971973603333
11.1	844.4170051866665
11.2	816.8144852773332
11.3	788.15173882
11.4	758.5934924913332
11.5	728.3057863523333
11.6	697.4547216473334
11.7	666.2052726746667
11.8	634.7201662426667
11.9	603.1588318373333
12.	571.6764249813334
12.1	540.4229258086666
12.2	509.54231437199996
12.3	479.1718237396666
12.4	449.44127144333333
12.5	420.472469441
12.6	392.3787122929999
12.7	365.2643428913333
12.8	339.224394676
12.9	314.3443089406667
13.	290.699725475
13.1	268.35634450066664
13.2	247.36985757066668
13.3	227.78594483
13.4	209.64033581089998
13.5	192.95893071146668
13.6	177.75797892316666
13.7	164.04431139963333
13.8	151.81562331616664
13.9	141.0608033474
14.	131.76030578479998
14.1	123.8865616446
14.2	117.40442485176666
14.3	112.2716495515
14.4	108.43939458066666
14.5	105.85275113046666
14.6	104.45128966226665
14.7	104.16962216453334
14.8	104.9379758988
14.9	106.6827748623
15.	109.32722527329999
15.1	112.79190148943333
15.2	116.99532889746666
15.3	121.85456042953332
15.4	127.28574351236666
15.5	133.20467441153335
15.6	139.52733709126665
15.7	146.17042389596665
15.8	153.05183553066666
15.9	160.09115802113334
16.	167.21011452246665
16.1	174.33299005656664
16.2	181.38702745729998
16.3	188.30279302356666
16.4	195.01451058909998
16.5	201.46036292836666
16.6	207.58275964716668
16.7	213.32857090279998
16.8	218.6493265229667
16.9	223.50138030529996
17.	227.84603947070002
17.1	231.64965946209998
17.2	234.88370445859996
17.3	237.52477418339998
17.4	239.55459774263332
17.5	240.959995426
17.6	241.73280954676665
17.7	241.86980556945664
17.8	241.37254490264002
17.9	240.24723087501664
18.	238.50452953352
18.1	236.15936701229998
18.2	233.23070531452666
18.3	229.74129843853666
18.4	225.71743085194004
18.5	221.18864036905666
18.6	216.18742754313666
18.7	210.7489537087033
18.8	204.91072983531333
18.9	198.71229835397665
19.	192.19491012142333
19.1	185.40119865599667
19.2	178.37485375861002
19.3	171.16029658668998
19.4	163.80235818881332
19.5	156.34596345613664
19.6	148.83582235379663
19.7	141.31613023030667
19.8	133.83027889058667
19.9	126.42058002745
20.	119.12800249572668
20.1	111.99192478794333
20.2	105.04990395653999
20.3	98.33746209498334
20.4	91.88789135889665
20.5	85.73207836691998
20.6	79.89834869420334
20.7	74.41233201201
20.8	69.29684830164666
20.9	64.57181542224666
21.	60.25417816578333
21.1	56.35785880230999
21.2	52.89372896984333
21.3	49.86960264285
21.4	47.29024976843667
21.5	45.157430040579996
21.6	43.469946168723325
21.7	42.22371586682
21.8	41.41186169709
21.9	41.02481779727666
22.	41.05045242132999
22.1	41.4742051514
22.2	42.27923755403333
22.3	43.44659599276666
22.4	44.9553852511
22.5	46.7829515726
22.6	48.905073687733335
22.7	51.29616037259999
22.8	53.929453063866674
22.9	56.7772320501
23.	59.81102476273333
23.1	63.001814701099995
23.2	66.3202495514
23.3	69.73684708836666
23.4	73.2221974929
23.5	76.7471607654
23.6	80.28305797539998
23.7	83.8018551539
23.8	87.27633870386667
23.9	90.6802812885
24.	93.98859724483333
24.1	97.17748665076665
24.2	100.22456728023333
24.3	103.10899377836667
24.4	105.81156348506666
24.5	108.31480844726667
24.6	110.60307326613334
24.7	112.66257852883332
24.8	114.48146968573332
24.9	116.04985133953332
25.	117.35980701873332
25.1	118.4054046088
25.2	119.1826877165
25.3	119.68965333933332
25.4	119.92621630173332
25.5	119.89416100606664
25.6	119.59708113529999
25.7	119.04030800543333
25.8	118.23082835093334
25.9	117.17719237093333
26.	115.88941293506664
26.1	114.37885688093334
26.2	112.65812937763333
26.3	110.74095236793332
26.4	108.64203810903332
26.5	106.37695886256667
26.6	103.9620137738
26.7	101.41409399263333
26.8	98.75054706653333
26.9	95.98904162706665
27.	93.14743335786666
27.1	90.24363320516666
27.2	87.29547874856667
27.3	84.32060960876666
27.4	81.33634770993334
27.5	78.35958316506665
27.6	75.40666648519999
27.7	72.49330775253333
27.8	69.63448332226666
27.9	66.84435055093333
28.	64.13617097253334
28.1	61.52224226713333
28.2	59.01383928643333
28.3	56.6211643357
28.4	54.35330681346666
28.5	52.218212258566666
28.6	50.222660758466674
28.7	48.372254615066666
28.8	46.67141508706666
28.9	45.12338796506666
29.	43.730257671000004
29.1	42.49296951699999
29.2	41.41135970363334
29.3	40.484192588499994
29.4	39.70920471393333
29.5	39.0831550415
29.6	38.6018808112
29.7	38.26035841416667
29.8	38.05276864696
29.9	37.972565700673336
30.	38.012549228379996
30.1	38.16493882963999
30.2	38.42145029443999
30.3	38.773372953966664
30.4	39.21164750029333
30.5	39.72694365249
30.6	40.309737070409994
30.7	40.95038494255667
30.8	41.63919970571666
30.9	42.36652038791334
31.	43.12278110301666
31.1	43.89857626630334
31.2	44.68472214156
31.3	45.47231437518667
31.4	46.252781219010004
31.5	47.01793218905334
31.6	47.76000195554333
31.7	48.47168930735666
31.8	49.146191079826664
31.9	49.77723098283
32.	50.35908331032999
32.1	50.88659155754
32.2	51.355182011303334
32.3	51.76087242416333
32.4	52.100275913623335
32.5	52.370600271019995
32.6	52.56964288564999
32.7	52.69578153206666
32.8	52.74796127941667
32.9	52.72567781971999
33.	52.62895751452667
33.1	52.458334488270005
33.2	52.21482510087999
33.3	51.89990014202667
33.4	51.515455096206665
33.5	51.06377882634666
33.6	50.547521024523334
33.7	49.969658767
33.8	49.333462517860006
33.9	48.64246189163333
34.	47.90041149409332
34.1	47.11125712996666
34.2	46.279102654356656
34.3	45.408177723293335
34.4	44.50280667601667
34.5	43.56737876061334
34.6	42.60631988764332
34.7	41.62406607376666
34.8	40.6250387091
34.9	39.61362175836666
35.	38.59414097723333
35.1	37.57084520093333
35.2	36.547889736399995
35.3	35.52932186303333
35.4	34.51906842506666
35.5	33.52092547376667
35.6	32.53854989743333
35.7	31.575452956766668
35.8	30.6349956239
35.9	29.7203856079
36.	28.83467593416667
36.1	27.980764932466663
36.2	27.161397477766663
36.3	26.379167319466667
36.4	25.6365203286
36.5	24.9357584883
36.6	24.279044450033332
36.7	23.668406480999998
36.8	23.105743626366664
36.9	22.59283091891333
37.	22.131324471550002
37.1	21.722766298023334
37.2	21.368588717863332
37.3	21.070118210833332
37.4	20.82857860224
37.5	20.645093472653333
37.6	20.52068770217
37.7	20.456288075740332
37.8	20.452722893550664
37.9	20.51072054794433
38.	20.630907047260333
38.1	20.81380248493133
38.2	21.05981647129333
38.3	21.36924256337
38.4	21.742251745829996
38.5	22.178885034529998
38.6	22.679045289033333
38.7	23.242488337740003
38.8	23.868813532576667
38.9	24.557453864566668
39.	25.307665782
39.1	26.118518864833334
39.2	26.988885515799996
39.3	27.917430837799998
39.4	28.902602869566667
39.5	29.942623357033334
39.6	31.035479237466664
39.7	32.17891501306666
39.8	33.37042618813334
39.9	34.60725393876667
40.	35.88638117673333
40.1	37.204530161433325
40.2	38.55816180293333
40.3	39.943476785133335
40.4	41.35641862676666
40.5	42.79267878016666
40.6	44.247703850566666
40.7	45.7167050023
40.8	47.194669596833336
40.9	48.676375086566665
41.	50.156405170933326
41.1	51.62916819353333
41.2	53.088917742700005
41.3	54.5297753916
41.4	55.9457554935
41.5	57.33079192456667
41.6	58.67876664806667
41.7	59.983539945733334
41.8	61.23898215286667
41.9	62.43900670333333
42.	63.577604284433335
42.1	64.64887787186666
42.2	65.64707841583333
42.3	66.56664092446667
42.4	67.4022206855
42.5	68.1487293571
42.6	68.8013706547
42.7	69.35567535263333
42.8	69.80753531843332
42.9	70.15323630113333
43.	70.38948919793333
43.1	70.51345952099999
43.2	70.52279480659999
43.3	70.41564970983333
43.4	70.19070854356666
43.5	69.8472050384
43.6	69.38493910963334
43.7	68.80429044723333
43.8	68.1062287563
43.9	67.2923205004
44.	66.36473203316666
44.1	65.32622901283334
44.2	64.18017203966667
44.3	62.93050846653333
44.4	61.58176037673332
44.5	60.139008741233326
44.6	58.607873803299995
44.7	56.99449175976665
44.8	55.30548785003333
44.9	53.54794597996667
45.	51.729375037
45.1	49.8576720916
45.2	47.94108268633333
45.3	45.988158454966666
45.4	44.007712323899995
45.5	42.0087715793
45.6	40.00052908956667
45.7	37.99229300086667
45.8	35.993435228033334
45.9	34.01333908036666
46.	32.061346366466665
46.1	30.14670433150667
46.2	28.27851278091
46.3	26.465671747393333
46.4	24.716830054213332
46.5	23.040335123893332
46.6	21.44418437282667
46.7	19.93597852393333
46.8	18.522877153653333
46.9	17.21155677764333
47.	16.008171759586666
47.1	14.918318308486665
47.2	13.947001808589999
47.3	13.098607702096666
47.4	12.376876118843331
47.5	11.784880422019999
47.6	11.325009810333334
47.7	10.998956087643332
47.8	10.807704682816667
47.9	10.751529971556666
48.	10.829994922413334
48.1	11.04195505765
48.2	11.38556669157
48.3	11.858299376989999
48.4	12.456952463643333
48.5	13.17767564319
48.6	14.01599332841
48.7	14.966832690376666
48.8	16.024555150799998
48.9	17.18299110689
49.	18.435477643693332
49.1	19.774898972049996
49.2	21.19372931221
49.3	22.684077930586668
49.4	24.23773602427
49.5	25.84622513833333
49.6	27.50084679491667
49.7	29.192733006653334
49.8	30.912897346486666
49.9	32.652286244643335
50.	34.40183018635
50.1	36.15249448975666
50.2	37.895329348433336
50.3	39.62151883359
50.4	41.3224285622
50.5	42.989651749466674
50.6	44.615053379333325
50.7	46.1908122443
50.8	47.709460621266665
50.9	49.163921373499996
51.	50.5475422847
51.1	51.854127455
51.2	53.07796561326666
51.3	54.21385521683334
51.4	55.257126240466675
51.5	56.203658573633334
51.6	57.04989697256666
51.7	57.79286253546667
51.8	58.430160693599994
51.9	58.959985733633324
52.	59.381121886699994
52.1	59.69294104536665
52.2	59.89539718406667
52.3	59.9890175871
52.4	59.97489099596667
52.5	59.85465281383333
52.6	59.63046751813332
52.7	59.305008441300004
52.8	58.88143510253333
52.9	58.36336827903333
53.	57.754863010099996
53.1	57.06037974863333
53.2	56.2847538685
53.3	55.43316375006666
53.4	54.51109765993333
53.5	53.524319656366664
53.6	52.47883473689999
53.7	51.38085345443333
53.8	50.236756220433335
53.9	49.05305750833333
54.	47.8363701693
54.1	46.593370060699996
54.2	45.33076118233333
54.3	44.05524150556667
54.4	42.77346967043333
54.5	41.4920327142
54.6	40.21741498396666
54.7	38.95596837293333
54.8	37.7138840062
54.9	36.497165490833325
55.	35.31160382763333
55.1	34.16275407163333
55.2	33.055913811833335
55.3	31.996103527566664
55.4	30.9880488645
55.5	30.036164860966668
55.6	29.144542138566663
55.7	28.316935062699997
55.8	27.556751861499997
55.9	26.867046683
56.	26.2505135573
56.1	25.709482220866665
56.2	25.24591574943333
56.3	24.86140993763333
56.4	24.557194355133333
56.5	24.33413500231333
56.6	24.192738480640003
56.7	24.133157589576662
56.8	24.155198256476666
56.9	24.258327702056665
57.	24.44168374226
57.1	24.704085125933332
57.2	25.044042805566665
57.3	25.459772041366666
57.4	25.949205236399997
57.5	26.510005405966666
57.6	27.139580184399996
57.7	27.8350962773
57.8	28.593494270233336
57.9	29.41150370986667
58.	30.285658379433336
58.1	31.212311692899995
58.2	32.18765214286667
58.3	33.207718737633336
58.4	34.2684163742
58.5	35.36553109676667
58.6	36.494745199066664
58.7	37.65165213353333
58.8	38.83177119783333
58.9	40.0305619747
59.	41.2434385075
59.1	42.46578319853333
59.2	43.6929604227
59.3	44.920329854933335
59.4	46.14325951193334
59.5	47.3571385139
59.6	48.55738957526667
59.7	49.73948123466667
59.8	50.898939838
59.9	52.031361287699994
60.	53.13242257493333
60.1	54.1978931072
60.2	55.223645847533334
60.3	56.205668279066664
60.4	57.1400732025
60.5	58.02310938023332
60.6	58.851172028899995
60.7	59.62081316406666
60.8	60.32875179923333
60.9	60.97188398663333
61.	61.5472926959
61.1	62.05225751276666
61.2	62.48426413939999
61.3	62.84101366976667
61.4	63.12043161133332
61.5	63.320676619233325
61.6	63.44014890053334
61.7	63.47749824706666
61.8	63.4316316435
61.9	63.3017204042
62.	63.087206778033334
62.1	62.78780995886667
62.2	62.40353144873333
62.3	61.9346597018
62.4	61.381773983766664
62.5	60.745747389099996
62.6	60.02774894103334
62.7	59.22924471603332
62.8	58.35199792793333
62.9	57.39806791463333
63.	56.369807967199996
63.1	55.26986195203333
63.2	54.1011596814
63.3	52.86691098793333
63.4	51.570598471666656
63.5	50.21596889326
63.6	48.80702319580334
63.7	47.34800514506999
63.8	45.84338858546
63.9	44.29786333079333
64.	42.716319696549995
64.1	41.10383171746667
64.2	39.46563908029667
64.3	37.80712783338333
64.4	36.133809928139996
64.5	34.45130167153666
64.6	32.76530117057666
64.7	31.081564864836665
64.8	29.405883250593334
64.9	27.744055910136666
65.	26.101865969259997
65.1	24.485054112616666
65.2	22.899292295143333
65.3	21.35015729327
65.4	19.84310424571
65.5	18.383440337586666
65.6	16.976298785144998
65.7	15.626613280276334
65.8	14.339093056152333
65.9	13.118198732785666
66.	11.968119102751666
66.1	10.892749011939333
66.2	9.895668488319
66.3	8.980123265221033
66.4	8.149006839483565
66.5	7.404844197800466
66.6	6.749777335100533
66.7	6.185552679040001
66.8	5.713510524427333
66.9	5.334576568926666
67.	5.049255628715667
67.1	4.857627599788667
67.2	4.759345715958666
67.3	4.753637139976734
67.4	4.839305909277666
67.5	5.0147382416549995
67.6	5.277910191506667
67.7	5.626397630066666
67.8	6.05738850827
67.9	6.567697344856666
68.	7.153781866446666
68.1	7.811761712183333
68.2	8.537439100123333
68.3	9.32632133933
68.4	10.173645058033332
68.5	11.074402006149999
68.6	12.023366279416667
68.7	13.015122800933334
68.8	14.044096888416668
68.9	15.104584726279999
69.	16.19078455498333
69.1	17.29682838540333
69.2	18.416814041256664
69.3	19.544837330163332
69.4	20.675024142986665
69.5	21.80156228104
69.6	22.918732811716666
69.7	24.020940757906665
69.8	25.102744928833335
69.9	26.158886707500002
70.	27.184317615866664
70.1	28.174225487666664
70.2	29.12405908863333
70.3	30.02955103396667
70.4	30.886738864866665
70.5	31.6919841587
70.6	32.441989560466666
70.7	33.133813638533326
70.8	33.76488348066667
70.9	34.33300496353333
71.	34.8363706442
71.1	35.273565237566665
71.2	35.643568660999996
71.3	35.94575664283333
71.4	36.17989890893333
71.5	36.3461549763
71.6	36.445067599266665
71.7	36.47755392926666
71.8	36.44489446413333
71.9	36.34871987606667
72.	36.1909958231
72.1	35.97400585913333
72.2	35.70033257156666
72.3	35.372837085166665
72.4	34.994637080766665
72.5	34.56908348686667
72.6	34.09973600866666
72.7	33.590337665899995
72.8	33.04478851616666
72.9	32.4671187441
73.	31.8614612983
73.1	31.232024260866666
73.2	30.583063133266663
73.3	29.918853220466662
73.4	29.243662294099998
73.5	28.561723710066662
73.6	27.877210152099998
73.7	27.19420816623333
73.8	26.516693643233328
73.9	25.84850839923333
74.	25.19333799416667
74.1	24.55469091846667
74.2	23.935879266766666
74.3	23.340001006599998
74.4	22.769923937266668
74.5	22.228271421233334
74.6	21.71740995816667
74.7	21.2394386565
74.8	20.796180645299998
74.9	20.389176454933335
75.	20.019679379866666
75.1	19.688652825033333
75.2	19.396769622466664
75.3	19.144413291133333
75.4	18.931681200766665
75.5	18.758389587299998
75.6	18.624080356066663
75.7	18.528029595899998
75.8	18.46925771953333
75.9	18.446541131300002
76.	18.458425319266667
76.1	18.503239255466664
76.2	18.5791109843
76.3	18.683984270899998
76.4	18.815636176466665
76.5	18.97169542293333
76.6	19.14966140656667
76.7	19.346923717266666
76.8	19.560782018966666
76.9	19.7884661481
77.	20.0271562852
77.1	20.27400305923333
77.2	20.526147446333333
77.3	20.780740327599997
77.4	21.0349615771
77.5	21.286038555799998
77.6	21.531263893766667
77.7	21.768012451033332
77.8	21.99375735493333
77.9	22.206085019466663
78.	22.402709063899998
78.1	22.581483054366664
78.2	22.740412004499994
78.3	22.877662580733332
78.4	22.991571967766664
78.5	23.080655361866665
78.6	23.14361206863333
78.7	23.179330194533335
78.8	23.186889929766664
78.9	23.16556543323333
79.	23.11482533773333
79.1	23.03433190533333
79.2	22.92393887153333
79.3	22.78368802493333
79.4	22.613804579666667
79.5	22.41469140263333
79.6	22.186922167599995
79.7	21.9312335125
79.8	21.648516282866666
79.9	21.3398059496
80.	21.006272292266665
80.1	20.6492084432
80.2	20.270019390866665
80.3	19.870210039899995
80.4	19.451372930266665
80.5	19.01517571373333
80.6	18.563348487633334
80.7	18.09767108433333
80.8	17.619960410699996
80.9	17.1320579308
81.	16.635817380166664
81.1	16.133092796566665
81.2	15.625726945599997
81.3	15.115540216666666
81.4	14.604320056533334
81.5	14.093811002366666
81.6	13.585705369766666
81.7	13.081634644103332
81.8	12.583161615879998
81.9	12.091773294416665
82.	11.608874625943333
82.1	11.135783035553333
82.2	10.673723804189999
82.3	10.223826286039998
82.4	9.787120962843332
82.5	9.364537326273332
82.6	8.956902572433332
82.7	8.564941086296667
82.8	8.189274687773333
82.9	7.830423606726666
83.	7.488808148053332
83.1	7.164751004259999
83.2	6.85848016891
83.3	6.57013240074
83.4	6.2997571855566665
83.5	6.04732114075
83.6	5.812712805533332
83.7	5.595747758786667
83.8	5.3961740061066665
83.9	5.2136775773099995
84.	5.0478882763933335
84.1	4.898385527013333
84.2	4.764704257829999
84.3	4.646340774446333
84.4	4.542758566742666
84.5	4.453394003439333
84.6	4.377661868851334
84.7	4.314960700203999
84.8	4.26467788779
84.9	4.2261945040499995
85.	4.198889831935
85.1	4.182145567176666
85.2	4.175349673425333
85.3	4.177899873634667
85.4	4.189206765557
85.5	4.208696553403333
85.6	4.2358133922
85.7	4.27002134527
85.8	4.31080595947
85.9	4.357675466356666
86.	4.410161621113334
86.1	4.46782019429
86.2	4.530231134379999
86.3	4.596998421873334
86.4	4.6677496378633325
86.5	4.742135272163333
86.6	4.819827797596666
86.7	4.900520538416666
86.8	4.98392636174
86.9	5.069776221346666
87.	5.15781758368
87.1	5.247812765473332
87.2	5.33953721223
87.3	5.432777745866667
87.4	5.527330808936666
87.5	5.623000731373333
87.6	5.719598044356666
87.7	5.816937863889999
87.8	5.914838364876667
87.9	6.013119364286666
88.	6.111601029686666
88.1	6.2101027272
88.2	6.3084420202299984
88.3	6.406433828076667
88.4	6.503889750926666
88.5	6.600617565116666
88.6	6.696420890389999
88.7	6.791099028196666
88.8	6.884446968033332
88.9	6.9762555565
89.	7.06631182193
89.1	7.154399445366666
89.2	7.240299367243333
89.3	7.323790517383333
89.4	7.4046506552033335
89.5	7.4826573048233325
89.6	7.557588770843333
89.7	7.629225217776666
89.8	7.697349797496667
89.9	7.761749808169999
90.	7.822217868203333
90.1	7.878553089393333
90.2	7.930562233496667
90.3	7.978060837993333
90.4	8.020874296536666
90.5	8.058838881823332
90.6	8.09180269901
90.7	8.119626559753332
90.8	8.142184767553333
90.9	8.159365808063333
91.	8.171072938006667
91.1	8.177224669063332
91.2	8.177755144846666
91.3	8.172614409616667
91.4	8.161768570793331
91.5	8.14519985726
91.6	8.122906578039998
91.7	8.094902987263332
91.8	8.061219062053333
91.9	8.021900201983332
92.	7.977006859523333
92.1	7.926614111659999
92.2	7.8708111836166665
92.3	7.809700936916667
92.4	7.743399333166666
92.5	7.67203488623
92.6	7.59574811509
92.7	7.5146910091666665
92.8	7.429026518006666
92.9	7.338928076653333
93.	7.2445791764199985
93.1	7.14617299106
93.2	7.043912066436666
93.3	6.9380080806199995
93.4	6.828681680103333
93.5	6.71616239628
93.6	6.600688644626667
93.7	6.4825078073433335
93.8	6.361876398466667
93.9	6.239060308643333
94.	6.114335124946667
94.1	5.987986519213333
94.2	5.860310696726666
94.3	5.731614895233332
94.4	5.602217922683334
94.5	5.472450720506666
94.6	5.3426569378433335
94.7	5.213193500846666
94.8	5.084431160103333
94.9	4.956754998236666
95.	4.830564879153333
95.1	4.7062758197433325
95.2	4.584318264746667
95.3	4.465138245343333
95.4	4.349197402366666
95.5	4.236972855423333
95.6	4.128956900056666
95.7	4.02565651602
95.8	3.927592671036667
95.9	3.835299405923333
96.	3.7493226887533333
96.1	3.670219027631666
96.2	3.598553833991
96.3	3.534899530646
96.4	3.4798334014076664
96.5	3.4339351819233337
96.6	3.3977843941079997
96.7	3.3719574297326664
96.8	3.357024391559
96.9	3.353545703749333
97.	3.3620685062230002
97.1	3.3831228508419997
97.2	3.4172177203640004
97.3	3.4648368940239997
97.4	3.526434686486333
97.5	3.6024315897099997
97.6	3.6932098496033334
97.7	3.7991090118833335
97.8	3.920421473476667
97.9	4.0573880776066655
98.	4.210193792283333
98.1	4.378963513063333
98.2	4.563758031666667
98.3	4.7645702126566665
98.4	4.98132142044
98.5	5.213858238353333
98.6	5.461949521173333
98.7	5.725283821053333
98.8	6.00346722546
98.9	6.29602164367
99.	6.602383576156666
99.1	6.9219033984600005
99.2	7.253845187769999
99.3	7.597387117623333
99.4	7.951622441496667
99.5	8.315561082703333
99.6	8.68813184335
99.7	9.068185240143332
99.8	9.454496970853334
99.9	9.845772009469998
100.	10.240649322946666
100.1	10.637707198233333
100.2	11.035469161628
100.3	11.432410468071
100.4	11.826965132813331
100.5	12.217533472498
100.6	12.602490117595666
100.7	12.980192453983998
100.8	13.348989446247
100.9	13.70723079141533
101.	14.053276347659335
101.1	14.385505779520999
101.2	14.702328356813332
101.3	15.002192843260001
101.4	15.283597407379997
101.5	15.545099486793333
101.6	15.785325536156666
101.7	16.002980587806665
101.8	16.196857554366666
101.9	16.36584620262
102.	16.508941729763333
102.1	16.625252873210002
102.2	16.714009489219997
102.3	16.77456953645
102.4	16.806425404976665
102.5	16.80920953475
102.6	16.782699271253332
102.7	16.726820911836665
102.8	16.64165289992667
102.9	16.527428131679997
103.	16.384535343703334
103.1	16.213519558086666
103.2	16.015081566866666
103.3	15.790076444566667
103.4	15.539511085163333
103.5	15.26454076543
103.6	14.96646474539
103.7	14.646720921826665
103.8	14.306879559320002
103.9	13.948636128706667
104.	13.57380329112
104.1	13.184302070486666
104.2	12.782152264866667
104.3	12.369462152123333
104.4	11.948417551219999
104.5	11.521270305173331
104.6	11.09032625616
104.7	10.65793278815
104.8	10.226466014596667
104.9	9.798317692599998
105.	9.375881947236667
105.1	8.961541890916667
105.2	8.557656224346667
105.3	8.166545905526666
105.4	7.790480973526667
105.5	7.4316676128833326
105.6	7.09223554211
105.7	6.7742258095166665
105.8	6.479579074746667
105.9	6.210124452596666
106.	5.967568991289999
106.1	5.753487853049998
106.2	5.569315259843333
106.3	5.416336262013333
106.4	5.295679381659999
106.5	5.2083101765299995
106.6	5.155025763773333
106.7	5.136450336196667
106.8	5.153031696773334
106.9	5.205038830146666
107.	5.292560522593334
107.1	5.415505034763333
107.2	5.573600824446666
107.3	5.766398309246666
107.4	5.993272652226667
107.5	6.253427546743333
107.6	6.545899969996666
107.7	6.8695658686
107.8	7.223146733463333
107.9	7.605217015586666
108.	8.014212329243334
108.1	8.448438384276667
108.2	8.906080584636667
108.3	9.385214227166665
108.4	9.883815230573333
108.5	10.399771322403334
108.6	10.930893609663332
108.7	11.474928456726667
108.8	12.029569593713333
108.9	12.592470378036666
109.	13.161256131503333
109.1	13.733536476909999
109.2	14.306917598623333
109.3	14.879014354026666
109.4	15.44746216492
109.5	16.00992862031
109.6	16.564124726396663
109.7	17.107815742186666
109.8	17.63883154374666
109.9	18.155076464836664
110.	18.65453856602
110.1	19.13529828917
110.2	19.595536460256668
110.3	20.033541608183334
110.4	20.44771657261
110.5	20.836584380456664
110.6	21.198793374846666
110.7	21.533121587146667
110.8	21.83848034779
110.9	22.11391713609
111.	22.358617676546665
111.1	22.571907291836666
111.2	22.753251528976666
111.3	22.90225607926333
111.4	23.018666016346664
111.5	23.102364381553333
111.6	23.153370147626667
111.7	23.17183559706
111.8	23.15804315185
111.9	23.11240169499
112.	23.035442425999996
112.1	22.92781429276667
112.2	22.790279044549997
112.3	22.62370595041333
112.4	22.429066227846665
112.5	22.207427225620002
112.6	21.959946404826667
112.7	21.687865160166666
112.8	21.392502522316665
112.9	21.075248780333332
113.	20.737559061546666
113.1	20.38094690225
113.2	20.006977841936667
113.3	19.61726306962333
113.4	19.213453147956663
113.5	18.797231837960002
113.6	18.370310043929997
113.7	17.934419894929995
113.8	17.49130897505
113.9	17.04273471321
114.	16.59045893837333
114.1	16.136242603883332
114.2	15.681840682173332
114.3	15.228997227026667
114.4	14.779440599823333
114.5	14.334878853099998
114.6	13.89699526265333
114.7	13.467443998930001
114.8	13.047845925876667
114.9	12.63978451537
115.	12.244801865023334
115.1	11.864394805959998
115.2	11.500011088333332
115.3	11.153045632239998
115.4	10.824836833636667
115.5	10.516662913943334
115.6	10.229738306613333
115.7	9.965210073033333
115.8	9.724154344079999
115.9	9.507572785206666
116.	9.316389085906666
116.1	9.151445477033333
116.2	9.013499282846666
116.3	8.90321951669
116.4	8.821183534063332
116.5	8.76787375784
116.6	8.743674495496666
116.7	8.748868869829998
116.8	8.783635888263333
116.9	8.848047678356664
117.	8.942066919526667
117.1	9.065544503353333
117.2	9.218217456773333
117.3	9.399707163893332
117.4	9.609517923346667
117.5	9.847035879176666
117.6	10.111528362733333
117.7	10.402143684056666
117.8	10.717911409049998
117.9	11.0577431595
118.	11.420433968526666
118.1	11.804664224973331
118.2	12.209002234533333
118.3	12.63190742426
118.4	13.07173421167
118.5	13.52673655653
118.6	13.995073207949996
118.7	14.474813654123333
118.8	14.963944777190001
118.9	15.460378208756666
119.	15.96195837600333
119.1	16.466471221716667
119.2	16.971653574610002
119.3	17.475203140056664
119.4	17.974789073460002
119.5	18.468063093203334
119.6	18.952671081763334
119.7	19.426265117719996
119.8	19.886515875516665
119.9	20.331125322433333
120.	20.757839637783334
120.1	21.164462273376664
120.2	21.548867069879996
120.3	21.90901133942667
120.4	22.242948821029998
120.5	22.548842413453333
120.6	22.824976586973335
120.7	23.069769374886665
120.8	23.28178384543
120.9	23.459738954290003
121.	23.60251968038
121.1	23.70918634917333
121.2	23.77898305076667
121.3	23.811345065176667
121.4	23.80590521098
121.5	23.762499040326663
121.6	23.681168809869995
121.7	23.562166164779995
121.8	23.405953481186664
121.9	23.213203822299995
122.	22.984799472609996
122.1	22.721829025129995
122.2	22.42558300798
122.3	22.097548047913328
122.4	21.739399579659995
122.5	21.352993122663335
122.6	20.940354158856668
122.7	20.503666656893333
122.8	20.0452603008
122.9	19.56759649309333
123.	19.073253213879998
123.1	18.564908828776666
123.2	18.045324949623335
123.3	17.517328461703332
123.4	16.983792841093333
123.5	16.447618894143332
123.6	15.91171505901
123.7	15.378977415683332
123.8	14.852269556766666
123.9	14.334402476026668
124.	13.828114633996666
124.1	13.336052362976666
124.2	12.860750773953335
124.3	12.404615326783333
124.4	11.96990422351
124.5	11.558711780446666
124.6	11.172952930616663
124.7	10.814349000036666
124.8	10.48441489592
124.9	10.184447833473332
125.	9.915517719073332
125.1	9.67845929546
125.2	9.4738661415
125.3	9.302086606183332
125.4	9.163221740476667
125.5	9.05712527597
125.6	8.9834056826
125.7	8.941430319983333
125.8	8.930331680903333
125.9	8.949015706013334
126.	8.996172131609999
126.1	9.07028681468
126.2	9.16965596014
126.3	9.29240215874
126.4	9.436492126333333
126.5	9.59975601808
126.6	9.779908176113333
126.7	9.97456915358
126.8	10.181288843526666
126.9	10.397570529286664
127.	10.62089566077
127.1	10.848749150673335
127.2	11.078644977336666
127.3	11.308151872473333
127.4	11.534918867953332
127.5	11.7567004724
127.6	11.971381246593333
127.7	12.176999546889999
127.8	12.371770209919998
127.9	12.554105954313332
128.	12.722637282863333
128.1	12.876230677403335
128.2	13.014004887896665
128.3	13.13534513042
128.4	13.239915023643334
128.5	13.32766610671
128.6	13.39884480317
128.7	13.453996710416664
128.8	13.493968118143332
128.9	13.51990467921
129.	13.533247179946667
129.1	13.535724380836665
129.2	13.529342923086666
129.3	13.516374322183331
129.4	13.499339094566666
129.5	13.480988089663335
129.6	13.464281125709999
129.7	13.452363052443333
129.8	13.44853738906
129.9	13.45623771069667
130.	13.478996979289999
130.1	13.520415036840001
130.2	13.584124501226668
130.3	13.673755322426667
130.4	13.792898275586666
130.5	13.945067683456667
130.6	14.133663672503335
130.7	14.361934281146663
130.8	14.632937744366666
130.9	14.949505288366666
131.	15.314204770076666
131.1	15.72930550006
131.2	16.196744582536667
131.3	16.71809510564667
131.4	17.294536503476664
131.5	17.926827404599997
131.6	18.615281267439997
131.7	19.35974508594
131.8	20.159581432916664
131.9	21.01365408512333
132.	21.920317451429998
132.1	22.877409999629997
132.2	23.882251848493333
132.3	24.93164666213
132.4	26.021887951353335
132.5	27.14876985303667
132.6	28.30760242397333
132.7	29.493231449253333
132.8	30.700062727449996
132.9	31.922090760126665
133.	33.15293173208333
133.1	34.38586063341
133.2	35.61385233652666
133.3	36.82962640458
133.4	38.02569537177333
133.5	39.19441620233333
133.6	40.32804460159666
133.7	41.41879182201
133.8	42.458883577613335
133.9	43.44062065631334
134.	44.356440789173334
134.1	45.19898132938667
134.2	45.96114225504667
134.3	46.63614901811333
134.4	47.217614734753326
134.5	47.69960121399333
134.6	48.07667831639
134.7	48.343981134403336
134.8	48.497264494313335
134.9	48.53295428528333
135.	48.44819513658667
135.1	48.24089397986333
135.2	47.90975905706999
135.3	47.45433395702
135.4	46.87502629507999
135.5	46.17313068035333
135.6	45.350845654649994
135.7	44.411284324933334
135.8	43.35847845119333
135.9	42.19737580143
136.	40.93383062941666
136.1	39.57458718245999
136.2	38.12725619747333
136.3	36.60028439401667
136.4	35.00291703193
136.5	33.345153650343335
136.6	31.637697162286663
136.7	29.891896533013337
136.8	28.119683322619995
136.9	26.33350242777
137.	24.54623740706667
137.1	22.77113082375
137.2	21.021700086946666
137.3	19.3116493153
137.4	17.654777788726665
137.5	16.064885589813333
137.6	14.55567707144333
137.7	13.140662814143333
137.8	11.833060762959999
137.9	10.645697252839998
138.	9.590908644853332
138.1	8.680444308096666
138.2	7.925371682863333
138.3	7.335984161420001
138.4	6.921712515233333
138.5	6.691040584526666
138.6	6.651425928026666
138.7	6.809226107119999
138.8	7.1696312489
138.9	7.736603498366667
139.	8.512823929846668
139.1	9.499647443079999
139.2	10.697066119953334
139.3	12.103681463560001
139.4	13.716685884413332
139.5	15.531853735123331
139.6	17.54354213226
139.7	19.744701734449997
139.8	22.126897576866668
139.9	24.680339989926665
140.	27.393925556519996
140.1	30.255287988786666
140.2	33.25085872988
140.3	36.36593701351333
140.4	39.584769039319994
140.5	42.890635852206664
140.6	46.265949441070006
140.7	49.69235650838334
140.8	53.150849296786674
140.9	56.62188279298334
141.	60.08549758654334
141.1	63.52144758718334
141.2	66.90933178277666
141.3	70.22872915700333
141.4	73.45933586118333
141.5	76.58110370522334
141.6	79.57437900278666
141.7	82.42004079637667
141.8	85.09963747668
141.9	87.59552080386
142.	89.89097634979
142.1	91.97034938794333
142.2	93.81916528014
142.3	95.42424343063334
142.4	96.77380391995999
142.5	97.8575659637
142.6	98.66683739127667
142.7	99.19459439848333
142.8	99.43555087728335
142.9	99.3862167051
143.	99.04494443257
143.1	98.41196389824331
143.2	97.48940436877334
143.3	96.28130389351334
143.4	94.79360564829666
143.5	93.03414113163333
143.6	91.01260017143001
143.7	88.74048779244333
143.8	86.23106808985332
143.9	83.49929534817666
144.	80.56173273821999
144.1	77.43645901987333
144.2	74.14296376386
144.3	70.70203169780332
144.4	67.13561686638666
144.5	63.46670736964333
144.6	59.71918152911333
144.7	55.91765638922
144.8	52.08732953856
144.9	48.25381528615
145.	44.44297627796
145.1	40.68075168875333
145.2	36.99298315684666
145.3	33.40523965598666
145.4	29.94264252371
145.5	26.62969187000333
145.6	23.49009559805667
145.7	20.546602260006665
145.8	17.82083895565667
145.9	15.333155458253332
146.	13.102475718213334
146.1	11.146157854903333
146.2	9.47986369535
146.3	8.11743886256
146.4	7.070804348023334
146.5	6.349860432283333
146.6	5.962403735013333
146.7	5.91405809134
146.8	6.208219857956667
146.9	6.846018155123333
147.	7.82629044885
147.1	9.145573771763333
147.2	10.798111771533332
147.3	12.775877665576667
147.4	15.068613066660001
147.5	17.663882531409996
147.6	20.54714356999333
147.7	23.701831742256665
147.8	27.109460355769997
147.9	30.749734172099995
148.	34.60067642339333
148.1	38.63876834064333
148.2	42.839100298783336
148.3	47.175533596613334
148.4	51.62087179867332
148.5	56.147040503216665
148.6	60.72527431352666
148.7	65.32630974830332
148.8	69.92058276048334
148.9	74.47842949724667
149.	78.97028890704999
149.1	83.36690576143667
149.2	87.63953266214665
149.3	91.76012959507666
149.4	95.70155959720667
149.5	99.43777913048999
149.6	102.94402177387998
149.7	106.19697389776667
149.8	109.17494101978998
149.9	111.85800361395002
150.	114.22816120103667
150.1	116.26946363731334
150.2	117.96812859581334
150.3	119.312644332281
150.4	120.29385692870699
150.5	120.90504131623631
150.6	121.141955488755
150.7	121.00287744322065
150.8	120.48862449709965
150.9	119.60255477032567
151.	118.35055073744633
151.1	116.74098488873267
151.2	114.78466767425567
151.3	112.49477802532165
151.4	109.88677688436098
151.5	106.978304295917
151.6	103.78906073547665
151.7	100.34067346650565
151.8	96.6565488394103
151.9	92.76171153905966
152.	88.68263190126402
152.1	84.44704249786867
152.2	80.08374528446899
152.3	75.622410671049
152.4	71.09336994721566
152.5	66.527402544625
152.6	61.955519659626994
152.7	57.40874580063533
152.8	52.91789983927933
152.9	48.51337715014433
153.	44.22493443575334
153.1	40.08147880264666
153.2	36.110862637122
153.3	32.339685793364
153.4	28.793106552989002
153.5	25.49466275392867
153.6	22.466104421786333
153.7	19.727239150041665
153.8	17.295791386855335
153.9	15.187276686469666
154.	13.414891874927331
154.1	11.989421963801
154.2	10.919164523830666
154.3	10.20987210238
154.4	9.864713135026665
154.5	9.884251665826666
154.6	10.266446050359999
154.7	11.006666675116666
154.8	12.097732584233334
154.9	13.529966763459997
155.	15.29126969036
155.1	17.367210623186665
155.2	19.741135965846667
155.3	22.39429391757
155.4	25.305974491956665
155.5	28.453663872986667
155.6	31.813211965643333
155.7	35.359011898216664
155.8	39.06419014033333
155.9	42.900805818833334
156.	46.84005774380333
156.1	50.85249759344333
156.2	54.908247657960004
156.3	58.97722151241666
156.4	63.02934595322999
156.5	67.03478252955667
156.6	70.96414699999667
156.7	74.78872505745333
156.8	78.48068268990667
156.9	82.01326959062999
157.	85.36101407262
157.1	88.49990801637666
157.2	91.40758044217665
157.3	94.06345839762999
157.4	96.44891393405
157.5	98.54739605834666
157.6	100.34454666203
157.7	101.82829954040666
157.8	102.98896176348333
157.9	103.81927677242331
158.	104.31446873400667
158.1	104.47226782064666
158.2	104.29291623087332
158.3	103.77915491761667
158.4	102.93619113590667
158.5	101.77164707493002
158.6	100.29548998366666
158.7	98.51994434081999
158.8	96.45938676812
158.9	94.13022451134665
159.	91.55075844447666
159.1	88.74103168402333
159.2	85.72266499526
159.3	82.51868029415334
159.4	79.15331363483666
159.5	75.65181915376333
159.6	72.04026552496666
159.7	68.34532652613
159.8	64.59406738119333
159.9	60.81372856190333
160.	57.03150877210666
160.1	53.27434882893667
160.2	49.56871816497333
160.3	45.940405650529996
160.4	42.414316402683326
160.5	39.01427621109333
160.6	35.76284513836
160.7	32.68114180165
160.8	29.788679743153327
160.9	27.10321721456667
161.	24.64062159143667
161.1	22.414749521783335
161.2	20.437343788643332
161.3	18.71794773612333
161.4	17.26383796962
161.5	16.079975896826667
161.6	15.168978525659998
161.7	14.531108783449998
161.8	14.164285464306666
161.9	14.06411275464
162.	14.223929129443334
162.1	14.634875254346667
162.2	15.285980374529998
162.3	16.16426652066
162.4	17.254869714239998
162.5	18.54117721642
162.6	20.004979728126663
162.7	21.62663732525
162.8	23.385257795503335
162.9	25.25888593694333
163.	27.224702282276667
163.1	29.25922962937333
163.2	31.338545686813333
163.3	33.438500084059996
163.4	35.53493395243666
163.5	37.603900250783326
163.6	39.621882994399996
163.7	41.56601354277
163.8	43.41428211632666
163.9	45.14574273799667
164.	46.740709839796665
164.1	48.18094482751333
164.2	49.44983097328333
164.3	50.53253508363333
164.4	51.41615449016667
164.5	52.08984802255666
164.6	52.54494974038332
164.7	52.775064331053336
164.8	52.77614323142334
164.9	52.54654066996
165.	52.08704898913667
165.1	51.40091277518333
165.2	50.49382148802333
165.3	49.37388045472666
165.4	48.05156027689999
165.5	46.53962486595999
165.6	44.85303850660333
165.7	43.00885252612
165.8	41.02607230782
165.9	38.925505570666665
166.	36.72959299020667
166.1	34.46222239358333
166.2	32.14852791184333
166.3	29.814675607869994
166.4	27.48763722733
166.5	25.194953835419998
166.6	22.964491204943332
166.7	20.824188910993332
166.8	18.801805161643333
166.9	16.92465945423
167.	15.219375189923333
167.1	13.711624406466665
167.2	12.425876799806666
167.3	11.385155198593333
167.4	10.610799631813332
167.5	10.122242088663333
167.6	9.936794012973333
167.7	10.06944849829
167.8	10.53269906038
167.9	11.336376756109999
168.	12.48750729619
168.1	13.990189662826666
168.2	15.845497593406666
168.3	18.051405129496665
168.4	20.602737255789997
168.5	23.491146470813334
168.6	26.70511593772
168.7	30.229989663026664
168.8	34.04802994609
168.9	38.13850212931666
169.	42.47778646642
169.1	47.039516711796665
169.2	51.794744814033336
169.3	56.71213089299333
169.4	61.758157458733336
169.5	66.89736663374666
169.6	72.09261894093333
169.7	77.30537202961332
169.8	82.49597752704
169.9	87.62399404782998
170.	92.64851422336
170.1	97.52850347957667
170.2	102.22314816589
170.3	106.69221052588331
170.4	110.89638790322331
170.5	114.79767351510999
170.6	118.35971605457667
170.7	121.54817535933
170.8	124.33107136375
170.9	126.67912355765
171.	128.56607819809332
171.1	129.96902057478667
171.2	130.86866968463997
171.3	131.24965277165666
171.4	131.10075728469667
171.5	130.4151579408333
171.6	129.1906167172
171.7	127.42965377298334
171.8	125.13968746235
171.9	122.333141816297
172.	119.02752006150334
172.1	115.24544298142166
172.2	111.01465115227532
172.3	106.36797033056533
172.4	101.34323952495467
172.5	95.98320153712832
172.6	90.33535603144935
172.7	84.45177544592066
172.8	78.38888433263713
172.9	72.20720298279316
173.	65.97105644941703
173.1	59.748250343884365
173.2	53.60971503265736
173.3	47.62912010393115
173.4	41.8824612089591
173.5	36.44762159938313
173.6	31.403910894633967
173.7	26.831583800598867
173.8	22.81134167828933
173.9	19.423820016221
174.	16.749064998944668
174.1	14.866002479277665
174.2	13.851902757314665
174.3	13.781844641345998
174.4	14.728182315291331
174.5	16.760018562027
174.6	19.942687894453663
174.7	24.33725312243866
174.8	30.000018836574
174.9	36.982065219186666
175.	45.32880549755333
175.1	55.07957023398332
175.2	66.26722151009332
175.3	78.91779989676999
175.4	93.05020691645333
175.5	108.67592550355332
175.6	125.79878074385665
175.7	144.4147429366533
175.8	164.5117747669933
175.9	186.06972410388664
176.	209.0602636668133
176.1	233.44687850073
176.2	259.18490191035664
176.3	286.22160018944663
176.4	314.49630617428
176.5	343.94060134079
176.6	374.4785458330967
176.7	406.0269555419933
176.8	438.49572498311
176.9	471.78819446828663
177.	505.8015597822533
177.1	540.4273222168033
177.2	575.5517766555399
177.3	611.0565350357366
177.4	646.8190823570633
177.5	682.7133621169999
177.6	718.6103879227733
177.7	754.3788777462398
177.8	789.8859072248833
177.9	824.9975781953667
178.	859.5796986028599
178.1	893.4984697324599
178.2	926.6211767926867
178.3	958.8168786507132
178.4	989.9570927325865
178.5	1019.91647086481
178.6	1048.57346212389
178.7	1075.8109585835432
178.8	1101.5169201661565
178.9	1125.5849747282864
179.	1147.9149897933466
179.1	1168.4136124280599
179.2	1186.9947739724698
179.3	1203.58015656007
179.4	1218.0996185479366
179.5	1230.4915762600467
179.6	1240.7033397303733
179.7	1248.6914003556833
179.8	1254.4216686779
179.9	1257.86966088936
180.	1259.0206328575632