# O+CO(0,0) elastic diff. cross section
# E = 0.00079 eV
# angle, CS (1e-16 cm^2)
0.1	29275.261228123334
0.2	29206.46095759
0.3	29092.132108476668
0.4	28932.779685886664
0.5	28729.10592372
0.6	28482.005561799993
0.7	28192.5598447
0.8	27862.02929506333
0.9	27491.845323933332
1.	27083.600751159996
1.1	26639.039317486666
1.2	26160.044278453337
1.3	25648.626177113332
1.4	25106.909899793332
1.5	24537.1211226
1.6	23941.57226228
1.7	23322.648047059996
1.8	22682.790824166663
1.9	22024.485723543334
2.	21350.24579364333
2.1	20662.59722671
2.2	19964.06478542
2.3	19257.157540793334
2.4	18544.35502556
2.5	17828.093901713335
2.6	17110.755234276665
2.7	16394.652456096665
2.8	15682.020100316666
2.9	14975.003368756668
3.	14275.648595510002
3.1	13585.894655196666
3.2	12907.565356483334
3.3	12242.362850846666
3.4	11591.862077853333
3.5	10957.50625724
3.6	10340.603429953333
3.7	9742.32403998
3.8	9163.699540543334
3.9	8605.621999616666
4.	8068.844672066666
4.1	7553.983497813333
4.2	7061.519479856666
4.3	6591.801888813332
4.4	6145.052236503333
4.5	5721.3689558766655
4.6	5320.732721496666
4.7	4943.012341626667
4.8	4587.971150933333
4.9	4255.273831586666
5.	3944.49359
5.1	3655.1196166366667
5.2	3386.564757193333
5.3	3138.173325033333
5.4	2909.228986936667
5.5	2698.962656896666
5.6	2506.560335936667
5.7	2331.17083959
5.8	2171.91335867
5.9	2027.8848033666666
6.	1898.1668852146668
6.1	1781.8328963666668
6.2	1677.9541504056665
6.3	1585.6060539260002
6.4	1503.8737831743333
6.5	1431.8575448073334
6.6	1368.6774047893332
6.7	1313.4776740646666
6.8	1265.4308441346666
6.9	1223.7410699843333
7.	1187.6472017483334
7.1	1156.4253703179998
7.2	1129.391135481
7.3	1105.9012082996665
7.4	1085.3547622036667
7.5	1067.1943498186665
7.6	1050.9064445049999
7.7	1036.0216275016667
7.8	1022.1144430096666
7.9	1008.8029445379999
8.	995.7479568976665
8.1	982.6520786046667
8.2	969.2584498243334
8.3	955.3493109399999
8.4	940.7443767563333
8.5	925.2990508199998
8.6	908.9025038813334
8.7	891.4756396959999
8.8	872.9689705406665
8.9	853.3604238533331
9.	832.6531002989998
9.1	810.8730024506667
9.2	788.066752072
9.3	764.2993127743332
9.4	739.6517335663332
9.5	714.2189275826665
9.6	688.10749903
9.7	661.4336301789999
9.8	634.3210390373333
9.9	606.8990171836667
10.	579.3005561369998
10.1	551.66056955
10.2	524.1142175073333
10.3	496.795338225
10.4	469.83499153033335
10.5	443.3601176073333
10.6	417.4923136786666
10.7	392.34673049033336
10.8	368.0310897306666
10.9	344.64482279599997
11.	322.27833065966666
11.1	301.01236394
11.2	280.917521687
11.3	262.053866792
11.4	244.47065541466668
11.5	228.20617725766664
11.6	213.2877030373
11.7	199.73153502533333
11.8	187.54315605863331
11.9	176.71747200963333
12.	167.2391422833
12.1	159.08299253176665
12.2	152.21450343756663
12.3	146.59036907293333
12.4	142.15911806949998
12.5	138.86179057356665
12.6	136.63266373759998
12.7	135.40001833266666
12.8	135.08693892626667
12.9	135.61213998143333
13.	136.89081019193333
13.1	138.83546738373335
13.2	141.35681636099997
13.3	144.36460219636666
13.4	147.7684516278
13.5	151.47869544103332
13.6	155.40716498889998
13.7	159.46795631696665
13.8	163.57815574366663
13.9	167.6585211582
14.	171.63411375989998
14.1	175.43487547533329
14.2	178.99614782433332
14.3	182.25912859296665
14.4	185.1712632537
14.5	187.68656872246666
14.6	189.76588766546666
14.7	191.377072236
14.8	192.4950967709
14.9	193.10209963456668
15.	193.18735505479998
15.1	192.747176427
15.2	191.7847531787
15.3	190.30992388073332
15.4	188.33888885390002
15.5	185.89386604273332
15.6	183.00269441346666
15.7	179.69838956796667
15.8	176.01865666416666
15.9	172.00536606059998
16.	167.70399739046664
16.1	163.1630579935
16.2	158.43348179246667
16.3	153.56801482196664
16.4	148.62059363376665
16.5	143.6457228176
16.6	138.69785777203333
16.7	133.83079874396665
16.8	129.09710195329998
16.9	124.54751338066667
17.	120.23043049673333
17.1	116.19139687066667
17.2	112.47263420783334
17.3	109.11261593786665
17.4	106.14568602509999
17.5	103.60172616803334
17.6	101.5058740488
17.7	99.87829476036667
17.8	98.73400698729998
17.9	98.08276495703333
18.	97.92899662403332
18.1	98.27179798696666
18.2	99.10498289113333
18.3	100.41718712296665
18.4	102.19202509746665
18.5	104.40829692246666
18.6	107.04024316773332
18.7	110.05784422056668
18.8	113.4271607015
18.9	117.1107110486
19.	121.06788205753332
19.1	125.25536787833335
19.2	129.62763273033332
19.3	134.13739242426666
19.4	138.73610962996668
19.5	143.3744977426333
19.6	148.00302817996666
19.7	152.5724359328
19.8	157.0342182797
19.9	161.34112168356666
20.	165.44761204093334
20.1	169.3103236812
20.2	172.88848275586668
20.3	176.144300946
20.4	179.0433357607667
20.5	181.5548140583
20.6	183.65191581673335
20.7	185.31201560613331
20.8	186.51687966429998
20.9	187.25281693676666
21.	187.51078292056664
21.1	187.2864356383
21.2	186.58014355719996
21.3	185.3969457591333
21.4	183.74646514406666
21.5	181.64277592866668
21.6	179.10422715066665
21.7	176.1532243328
21.8	172.8159718623
21.9	169.12217903716663
22.	165.10473306686666
22.1	160.7993426466
22.2	156.24415598513332
22.3	151.47935741023332
22.4	146.54674686316667
22.5	141.4893067391
22.6	136.35076063086666
22.7	131.175128576
22.8	126.00628341793333
22.9	120.8875128419
23.	115.86109154986664
23.1	110.96786790333331
23.2	106.24686917456667
23.3	101.73492932113334
23.4	97.4663429346
23.5	93.47254870406667
23.6	89.78184540169998
23.7	86.4191430323
23.8	83.40575139436666
23.9	80.75920788463333
24.	78.49314595123332
24.1	76.61720515953331
24.2	75.13698338013333
24.3	74.05403116463333
24.4	73.3658879217
24.5	73.06615906966667
24.6	73.14463291083332
24.7	73.58743556596666
24.8	74.37722191736665
24.9	75.49340014393333
25.	76.9123871045
25.1	78.60789151773332
25.2	80.55122162966666
25.3	82.711613831
25.4	85.05657850019999
25.5	87.55225921313333
25.6	90.16380135323334
25.7	92.8557261085
25.8	95.59230583046667
25.9	98.33793676506667
26.	101.05750524246665
26.1	103.71674353536665
26.2	106.28257175713333
26.3	108.72342235916668
26.4	111.00954404059999
26.5	113.11328212246667
26.6	115.00933275996667
26.7	116.67496866503333
26.8	118.09023436206667
26.9	119.2381093566
27.	120.10463796809998
27.1	120.67902494796665
27.2	120.9536964006
27.3	120.92432590056667
27.4	120.58982607193333
27.5	119.95230627836665
27.6	119.01699741469999
27.7	117.79214514212333
27.8	116.28887321823333
27.9	114.52101888209998
28.	112.50494250830333
28.1	110.25931399874334
28.2	107.80487858512
28.3	105.16420488779332
28.4	102.36141822798
28.5	99.42192228839333
28.6	96.37211229319333
28.7	93.23908291542332
28.8	90.05033411266334
28.9	86.83347806032666
29.	83.615950287969
29.1	80.42472800524367
29.2	77.28605849285033
29.3	74.22520025256298
29.4	71.266179439367
29.5	68.43156386945194
29.6	65.7422566840596
29.7	63.2173114847301
29.8	60.87377049302664
29.9	58.72652701883433
30.	56.788213226656
30.1	55.06911390104533
30.2	53.577106628774324
30.3	52.31762851128267
30.4	51.293669247029996
30.5	50.50579013943
30.6	49.95216831959334
30.7	49.62866521686334
30.8	49.52891807374667
30.9	49.644453078869994
31.	49.96481849070666
31.1	50.47773594166
31.2	51.16926796303666
31.3	52.02399962435
31.4	53.02523208825
31.5	54.15518579006667
31.6	55.39521089204
31.7	56.72600264362333
31.8	58.12781925854333
31.9	59.58069995363667
32.	61.064680827956664
32.1	62.56000633530332
32.2	64.04733419203333
32.3	65.50793166979999
32.4	66.92386135636666
32.5	68.27815461666667
32.6	69.55497114216666
32.7	70.73974316303334
32.8	71.81930307823332
32.9	72.78199345993332
33.	73.6177585951
33.1	74.31821692846665
33.2	74.87671399619998
33.3	75.28835564066665
33.4	75.55002151386667
33.5	75.66035908516665
33.6	75.6197585653
33.7	75.43030935549999
33.8	75.09573881943334
33.9	74.62133433689999
34.	74.01384977016667
34.1	73.28139761073334
34.2	72.43332821346667
34.3	71.48009762916666
34.4	70.43312565033332
34.5	69.30464576286666
34.6	68.10754875076665
34.7	66.85522174956665
34.8	65.56138455836665
34.9	64.23992503313333
35.	62.90473535539999
35.1	61.56955094646666
35.2	60.24779374233333
35.3	58.952421472266664
35.4	57.695784503999995
35.5	56.489491709999996
35.6	55.34428670836667
35.7	54.26993568889999
35.8	53.27512790833333
35.9	52.36738978743333
36.	51.5530133851
36.1	50.83699986393333
36.2	50.2230183948
36.3	49.7133807768
36.4	49.309031878266666
36.5	49.00955583379999
36.6	48.813197763599995
36.7	48.71690061693333
36.8	48.71635658259999
36.9	48.80607235813333
37.	48.9794474255
37.1	49.228864350033334
37.2	49.54578999653333
37.3	49.92088644889999
37.4	50.3441303244
37.5	50.8049390935
37.6	51.29230295146667
37.7	51.79492073883333
37.8	52.30133837466667
37.9	52.80008825223334
38.	53.279828045100004
38.1	53.72947739043333
38.2	54.13835094953333
38.3	54.496286394833334
38.4	54.7937659365
38.5	55.02203008243333
38.6	55.17318241576667
38.7	55.24028428096666
38.8	55.21743838563333
38.9	55.09986044913333
39.	54.88393816663333
39.1	54.5672768968
39.2	54.1487316318
39.3	53.6284249535
39.4	53.007750841
39.5	52.28936433753333
39.6	51.47715725323333
39.7	50.57622021033333
39.8	49.5927915006
39.9	48.534193353599996
40.	47.4087563498
40.1	46.22573283626667
40.2	44.995200314066665
40.3	43.72795587016667
40.4	42.435402814833324
40.5	41.1294307627
40.6	39.82229045833333
40.7	38.5264646941
40.8	37.254536703133326
40.9	36.0190574266
41.	34.8324130594
41.1	33.706694263466666
41.2	32.653568414633334
41.3	31.6841562043
41.4	30.808913864899996
41.5	30.037522218366664
41.6	29.3787836674
41.7	28.840528157733335
41.8	28.429529038266665
41.9	28.151429635866666
42.	28.010681243266667
42.1	28.010493094666664
42.2	28.152794775566665
42.3	28.438211379899997
42.4	28.8660515946
42.5	29.434308756699995
42.6	30.13967479473333
42.7	30.977566835833333
42.8	31.942166131366665
42.9	33.026468834166664
43.	34.2223480418
43.1	35.52062641533333
43.2	36.9111585811
43.3	38.38292243316667
43.4	39.9241183754
43.5	41.522275471966665
43.6	43.16436341799999
43.7	44.836909196133334
43.8	46.526117252566664
43.9	48.21799200346667
44.	49.898461476
44.1	51.55350088936667
44.2	53.169254999900005
44.3	54.73215805783333
44.4	56.22905026476667
44.5	57.6472896703
44.6	58.97485849743334
44.7	60.20046296889999
44.8	61.313625764433326
44.9	62.30477033846667
45.	63.16529640586666
45.1	63.8876460046
45.2	64.46535963893332
45.3	64.89312211483333
45.4	65.1667977736
45.5	65.2834549479
45.6	65.24137955493333
45.7	65.04007786
45.8	64.68026853126665
45.9	64.16386422083333
46.	63.493942982133326
46.1	62.67470994913334
46.2	61.71144975776667
46.3	60.61047029739999
46.4	59.379038426166666
46.5	58.0253083665
46.6	56.558243540333336
46.7	54.98753265923333
46.8	53.32350091906666
46.9	51.57701717983333
47.	49.75939803726667
47.1	47.88230969486666
47.2	45.9576685658
47.3	43.9975415089
47.4	42.01404660749999
47.5	40.01925536963333
47.6	38.02509719976666
47.7	36.04326695853333
47.8	34.08513638219999
47.9	32.16167008403333
48.	30.283346805633332
48.1	28.46008652496667
48.2	26.7011839638
48.3	25.015248968366667
48.4	23.410154165899996
48.5	21.892990225166663
48.6	20.47002897393333
48.7	19.146694549533336
48.8	17.92754268143333
48.9	16.816248129399998
49.	15.815600223366667
49.1	14.927506380466667
49.2	14.153003400369998
49.3	13.492276275296664
49.4	12.944684182143334
49.5	12.508793268669999
49.6	12.182415784823334
49.7	11.96265506328
49.8	11.845955804393334
49.9	11.8281590831
50.	11.904561460246665
50.1	12.069977552680001
50.2	12.318805396376664
50.3	12.64509391985
50.4	13.042611838703332
50.5	13.50491727855
50.6	14.025427438936667
50.7	14.5974876209
50.8	15.214438958899999
50.9	15.869684218866666
51.	16.556751054733333
51.1	17.269352147699998
51.2	18.001441692433332
51.3	18.747267737266668
51.4	19.501419932799998
51.5	20.258872294899998
51.6	21.015020641066663
51.7	21.765714417433333
51.8	22.50728269156666
51.9	23.23655414583333
52.	23.950870969366665
52.1	24.648096606166664
52.2	25.326617378599998
52.3	25.985338067233332
52.4	26.623671585300002
52.5	27.241522944533333
52.6	27.8392677631
52.7	28.417725618600002
52.8	28.978128597366666
52.9	29.52208543553333
53.	30.051541688633336
53.1	30.568736401033334
53.2	31.0761557787
53.3	31.57648439326666
53.4	32.07255446773333
53.5	32.5672938066
53.6	33.06367294543333
53.7	33.56465209636666
53.8	34.07312846566666
53.9	34.59188451116666
54.	35.12353769553333
54.1	35.670492272299995
54.2	36.23489361856666
54.3	36.81858560123333
54.4	37.42307142933333
54.5	38.04947841006667
54.6	38.69852698483333
54.7	39.37050437716666
54.8	40.065243139299994
54.9	40.78210483247333
55.	41.51996902743666
55.1	42.277227755936664
55.2	43.05178549328
55.3	43.84106469414667
55.4	44.642016854139996
55.5	45.451139008873334
55.6	46.26449554078
55.7	47.077745096753326
55.8	47.886172389213336
55.9	48.684724587343325
56.	49.468051975773335
56.1	50.23055251080999
56.2	50.966419866926664
56.3	51.66969453036333
56.4	52.3343174754
56.5	52.95418592681
56.6	53.523210688816675
56.7	54.035374514989996
56.8	54.484790974860005
56.9	54.86576326568667
57.	55.17284242449333
57.1	55.40088438954667
57.2	55.54510537592667
57.3	55.60113503833333
57.4	55.565066916853326
57.5	55.43350567686
57.6	55.20361068526666
57.7	54.87313549594334
57.8	54.440462849910006
57.9	53.90463482604666
58.	53.265377836229995
58.1	52.523122181699996
58.2	51.679015946103334
58.3	50.73493304237665
58.4	49.69347528459667
58.5	48.557968398763336
58.6	47.33245194356333
58.7	46.02166316330333
58.8	44.63101484216333
58.9	43.16656728471666
59.	41.63499459484666
59.1	40.04354547516
59.2	38.399998816116664
59.3	36.71261438853
59.4	34.99007899743
59.5	33.24144849389
59.6	31.47608607881333
59.7	29.703597367196664
59.8	27.933762710573333
59.9	26.176467302213332
60.	24.44162961068333
60.1	22.73912870737
60.2	21.078731063773333
60.3	19.47001740681
60.4	17.922310221023334
60.5	16.444602488426668
60.6	15.045488249996666
60.7	13.733095563076667
60.8	12.515022413496666
60.9	11.398276122633334
61.	10.389216764059999
61.1	9.493505077276666
61.2	8.716055332416666
61.3	8.060993563330001
61.4	7.531621546379999
61.5	7.13038685816
61.6	6.858859298333333
61.7	6.717713914622333
61.8	6.706720814466
61.9	6.824741894416666
62.	7.069734562059999
62.1	7.438762470013332
62.2	7.928013222466667
62.3	8.532822959446666
62.4	9.247707665213333
62.5	10.066400991823333
62.6	10.981898334103331
62.7	11.986506837973332
62.8	13.071900974773332
62.9	14.229183264306666
63.	15.448949685203331
63.1	16.72135926918
63.2	18.03620733850333
63.3	19.383001811433335
63.4	20.75104197363333
63.5	22.129499087339997
63.6	23.50749819386333
63.7	24.874200448879996
63.8	26.218885325549998
63.9	27.531032014813327
64.	28.800399359029996
64.1	30.01710366214333
64.2	31.171693735699996
64.3	32.25522256080333
64.4	33.25931497107333
64.5	34.17623079460333
64.6	34.99892292807667
64.7	35.72108985774666
64.8	36.33722218779667
64.9	36.84264278575
65.	37.233540207956665
65.1	37.506995124579994
65.2	37.66099952224
65.3	37.69446852387333
65.4	37.60724472826333
65.5	37.40009503437333
65.6	37.07469998249999
65.7	36.633635704443336
65.8	36.08034864298333
65.9	35.41912325985
66.	34.65504301306667
66.1	33.79394494338
66.2	32.84236826353
66.3	31.807497396743333
66.4	30.697099958889996
66.5	29.519460221659998
66.6	28.28330863449333
66.7	26.997748015256665
66.8	25.672177049623333
66.9	24.316211761139996
67.	22.939605630916663
67.1	21.552169057835332
67.2	20.163688853380666
67.3	18.783848465212998
67.4	17.42214961566233
67.5	16.087836026886
67.6	14.789819886040664
67.7	13.536611677089667
67.8	12.336253975700666
67.9	11.196259766731332
68.	10.123555802237
68.1	9.124431472512
68.2	8.204493611881333
68.3	7.368627607213334
68.4	6.620965119501666
68.5	5.964858669372667
68.6	5.402863275073
68.7	4.936725266802666
68.8	4.567378337829666
68.9	4.294946825894334
69.	4.118756154364
69.1	4.037350297328667
69.2	4.0485160695983335
69.3	4.14931398181
69.4	4.336115341073667
69.5	4.6046452221223335
69.6	4.950030881422666
69.7	5.366855137845666
69.8	5.849214199722667
69.9	6.390779378645666
70.	6.984862096301666
70.1	7.624481561814666
70.2	8.302434474317332
70.3	9.011366088872332
70.4	9.743841972458998
70.5	10.492419772785333
70.6	11.249720324341334
70.7	12.008497424019
70.8	12.761705623464
70.9	13.502565404742999
71.	14.224625133981665
71.1	14.921819217438001
71.2	15.588521924616332
71.3	16.21959638286633
71.4	16.81043829788333
71.5	17.35701400333
71.6	17.855892501153335
71.7	18.30427120962
71.8	18.699995200356668
71.9	19.041569766816664
72.	19.328166233546668
72.1	19.55962098040333
72.2	19.736427723229998
72.3	19.859723157299996
72.4	19.931266136513333
72.5	19.95341062375333
72.6	19.92907270972
72.7	19.861692055139997
72.8	19.755188168649997
72.9	19.613911980753333
73.	19.442593223813333
73.1	19.246284168229998
73.2	19.030300301596665
73.3	18.80015856931
73.4	18.561513818276666
73.5	18.32009410432
73.6	18.08163553575333
73.7	17.851817329793334
73.8	17.63619775673333
73.9	17.440151638933333
74.	17.268810053849997
74.1	17.12700287108
74.2	17.019204721966666
74.3	16.94948496674333
74.4	16.92146218348
74.5	16.93826365543333
74.6	17.002490283409998
74.7	17.11618729273667
74.8	17.280821044586666
74.9	17.497262198263332
75.	17.765775403863334
75.1	18.086015637899997
75.2	18.457031222276665
75.3	18.877273499436665
75.4	19.344613063189996
75.5	19.856362376819998
75.6	20.40930454154
75.7	20.99972791172
75.8	21.623466191336664
75.9	22.275943585526665
76.	22.95222452751333
76.1	23.64706744939
76.2	24.354982021589997
76.3	25.070289246616667
76.4	25.787183760079998
76.5	26.49979766684
76.6	27.2022652208
76.7	27.888787646636665
76.8	28.553697396586664
76.9	29.19152114085667
77.	29.797040799786664
77.1	30.365351946333334
77.2	30.891918931993334
77.3	31.372626123783334
77.4	31.80382467878666
77.5	32.18237432919334
77.6	32.50567970356667
77.7	32.77172076619333
77.8	32.97907701925
77.9	33.126945179256666
78.	33.215150107323325
78.1	33.2441488466
78.2	33.21502769351333
78.3	33.129492304576665
78.4	32.98985091701667
78.5	32.79899083482667
78.6	32.56034840720667
78.7	32.27787279639333
78.8	31.955983901736666
78.9	31.599524870573333
79.	31.21370968789333
79.1	30.804066391606668
79.2	30.37637651096
79.3	29.936611367749997
79.4	29.490865918543335
79.5	29.045290844530005
79.6	28.606023618963334
79.7	28.179119295756664
79.8	27.770481770056662
79.9	27.385796260596663
80.	27.030463752859994
80.1	26.709538126806663
80.2	26.427666665559997
80.3	26.189034611226663
80.4	25.997314391630002
80.5	25.855620097583333
80.6	25.766467735253332
80.7	25.731741721076666
80.8	25.752668021099996
80.9	25.829794269796665
81.	25.962977130029998
81.1	26.15137708047
81.2	26.39346073994
81.3	26.687010758463334
81.4	27.029143224776664
81.5	27.416332461416665
81.6	27.84444299910667
81.7	28.30876844599
81.8	28.804076892810002
81.9	29.32466242496
82.	29.864402245506668
82.1	30.41681885170333
82.2	30.97514665177667
82.3	31.53240235832
82.4	32.081458451639996
82.5	32.615118969916665
82.6	33.12619685441333
82.7	33.60759205711
82.8	34.05236960497666
82.9	34.45383681081333
83.	34.80561882371333
83.1	35.10173172416667
83.2	35.336652389473336
83.3	35.50538438164
83.4	35.60351914775
83.5	35.62729186331333
83.6	35.57363130212333
83.7	35.44020316986
83.8	35.225446403389995
83.9	34.92860200436667
84.	34.549734048809995
84.1	34.08974259041666
84.2	33.550368255673334
84.3	32.93418841035333
84.4	32.24460486111333
84.5	31.48582314066333
84.6	30.66282350854333
84.7	29.78132388451333
84.8	28.847735012376663
84.9	27.86910823172667
85.	26.853076311306666
85.1	25.80778786941667
85.2	24.741835973649998
85.3	23.66418157431
85.4	22.58407248056
85.5	21.51095863783
85.6	20.4544045055
85.7	19.423999369013334
85.8	18.429266444296665
85.9	17.47957165227333
86.	16.584032947483333
86.1	15.751431087673332
86.2	14.990122720276666
86.3	14.307956646153333
86.4	13.712194095239997
86.5	13.209433813086665
86.6	12.80554271799
86.7	12.505592835476666
86.8	12.313805163316667
86.9	12.233501053906666
87.	12.267061632603331
87.1	12.415895695956666
87.2	12.680416452060001
87.3	13.060027383906666
87.4	13.553117427733333
87.5	14.157065570686665
87.6	14.868254879733332
87.7	15.682095884833334
87.8	16.593059146136667
87.9	17.594716747123336
88.	18.679792367396665
88.1	19.840219503816662
88.2	21.067207329829998
88.3	22.35131360416333
88.4	23.68252397211667
88.5	25.050336936769998
88.6	26.443853720396664
88.7	27.851872186023332
88.8	29.262983947306658
88.9	30.665673760483333
89.	32.048420267859996
89.1	33.39979714599
89.2	34.70857370481333
89.3	35.96381398742666
89.4	37.15497343109333
89.5	38.27199217248334
89.6	39.305384109803335
89.7	40.24632087416667
89.8	41.086709909743334
89.9	41.81926591756333
90.	42.43757498412
90.1	42.93615077778
90.2	43.31048228569333
90.3	43.557072628886665
90.4	43.67346859485666
90.5	43.65828060536333
90.6	43.511192937573334
90.7	43.23296410670333
90.8	42.82541741435
90.9	42.29142176947333
91.	41.63486296833
91.1	40.86060573166333
91.2	39.97444687066
91.3	38.98306005059
91.4	37.89393269487999
91.5	36.71529565530333
91.6	35.45604633671667
91.7	34.12566603310333
91.8	32.73413228365
91.9	31.29182710586
92.	29.809442000623328
92.1	28.297880653430003
92.2	26.768160275826666
92.3	25.23131254245
92.4	23.698285078046666
92.5	22.17984444225333
92.6	20.686481539906666
92.7	19.228320357753333
92.8	17.815030892196663
92.9	16.455747086343333
93.	15.15899054269
93.1	13.932600715776665
93.2	12.783672221686667
93.3	11.718499827643331
93.4	10.742531604526665
93.5	9.860330642343333
93.6	9.075545639693333
93.7	8.39089058896
93.8	7.808133685283332
93.9	7.328095495296666
94.	6.950656327716667
94.1	6.674772655759999
94.2	6.498502351493332
94.3	6.4190384047033335
94.4	6.432750715513333
94.5	6.535235471136667
94.6	6.721371543736666
94.7	6.985383279240001
94.8	7.32090898645
94.9	7.721074382913334
95.	8.178570209116666
95.1	8.685733185593334
95.2	9.234629459996665
95.3	9.817139671723332
95.4	10.425044752333333
95.5	11.050111578456667
95.6	11.684177603053332
95.7	12.319233607443334
95.8	12.94750374309
95.9	13.561522065806667
96.	14.154204808826666
96.1	14.718917689316665
96.2	15.24953760139
96.3	15.740508110863335
96.4	16.186888236823332
96.5	16.584394077366667
96.6	16.929432916303334
96.7	17.219129527849997
96.8	17.451344479247332
96.9	17.624684317923332
97.	17.73850361347933
97.1	17.792898911509333
97.2	17.788694739960334
97.3	17.72742189064733
97.4	17.611288278458332
97.5	17.44314275591033
97.6	17.226432332218998
97.7	16.965153312052667
97.8	16.663796929572335
97.9	16.327290106892665
98.	15.960932013690666
98.1	15.570327143923935
98.2	15.161315657501866
98.3	14.739901759283798
98.4	14.312180902690132
98.5	13.884266613214766
98.6	13.462217725753714
98.7	13.051966821119866
98.8	12.659250628121834
98.9	12.289543134557999
99.	11.947992114724231
99.1	11.639359743444931
99.2	11.367967917413333
99.3	11.1376488524
99.4	10.951701465617997
99.5	10.812853988466665
99.6	10.723233185779332
99.7	10.684340486703999
99.8	10.697035256173999
99.9	10.761525359555998
100.	10.877365094388665
100.1	11.043460484401999
100.2	11.258081852252
100.3	11.518883510677
100.4	11.822930335677334
100.5	12.166730913189333
100.6	12.546276882029334
100.7	12.957088029468666
100.8	13.394262638176667
100.9	13.852532525880001
101.	14.32632217319333
101.1	14.80981129099
101.2	15.297000144813333
101.3	15.781776925666664
101.4	16.25798643579
101.5	16.71949934629
101.6	17.160281278166668
101.7	17.57446096192
101.8	17.956396741573332
101.9	18.300740708006668
102.	18.602499772876666
102.1	18.857093027069997
102.2	19.060404769146665
102.3	19.208832634953332
102.4	19.299330312306665
102.5	19.329444383703333
102.6	19.29734490084
102.7	19.20184936339333
102.8	19.042439843653334
102.9	18.81927307109333
103.	18.533183366966664
103.1	18.18567839305667
103.2	17.778927755946665
103.3	17.315744582839997
103.4	16.79956026003
103.5	16.234392595743333
103.6	15.624807739779998
103.7	14.975876257140001
103.8	14.293123813949999
103.9	13.582476991466665
104.	12.850204793426666
104.1	12.102856458463332
104.2	11.347196226019998
104.3	10.590135737419999
104.4	9.838664776223332
104.5	9.09978107041
104.6	8.380419886816666
104.7	7.6873841500366655
104.8	7.027275812403333
104.9	6.406429185996666
105.	5.830846927893333
105.1	5.306139339783333
105.2	4.8374676081166665
105.3	4.42949156831
105.4	4.086322528263333
105.5	3.811481632533333
105.6	3.607864189573333
105.7	3.4777103211666667
105.8	3.422582226247
105.9	3.443348281538333
106.	3.540174129273333
106.1	3.7125208288766665
106.2	3.95915007543
106.3	4.278136413753333
106.4	4.66688630417
106.5	5.122163824636666
106.6	5.640122725386666
106.7	6.216344486696667
106.8	6.845881968943333
106.9	7.523308187063333
107.	8.242769689709998
107.1	8.99804397777
107.2	9.782600356093333
107.3	10.589663580143334
107.4	11.412279631813334
107.5	12.243382940456664
107.6	13.075864352563332
107.7	13.902639149603331
107.8	14.716714416523333
107.9	15.51125507411333
108.	16.279647905556665
108.1	17.015562933733335
108.2	17.713011535683336
108.3	18.36640071976333
108.4	18.97058303459
108.5	19.520901628223335
108.6	20.0132300295
108.7	20.444006283373334
108.8	20.81026113208
108.9	21.10964000096333
109.	21.340418612919997
109.1	21.501512125639998
109.2	21.592477753963337
109.3	21.61351090934
109.4	21.565434956413334
109.5	21.449684754463334
109.6	21.268284214719998
109.7	21.023818167166667
109.8	20.719398888519997
109.9	20.35862769632
110.	19.94555206350333
110.1	19.484618751976665
110.2	18.980623501326665
110.3	18.438657841179996
110.4	17.86405362116666
110.5	17.262325872056664
110.6	16.639114623046666
110.7	16.000126306293332
110.8	15.351075378143332
110.9	14.697626777766667
111.	14.04533982967
111.1	13.399614174543334
111.2	12.765638284969999
111.3	12.148341090413332
111.4	11.552347194763332
111.5	10.981936127853333
111.6	10.441006022763332
111.7	9.933042058403334
111.8	9.461089952030001
111.9	9.027734727119999
112.	8.635084922066667
112.1	8.28476234371
112.2	7.977897406636666
112.3	7.715130037443332
112.4	7.496616061463333
112.5	7.322038928376665
112.6	7.190626576003333
112.7	7.101173174986667
112.8	7.052065445186665
112.9	7.041313185850001
113.	7.066583617316667
113.1	7.12523909257
113.2	7.214377702566666
113.3	7.330876270513333
113.4	7.47143520713
113.5	7.6326246822399995
113.6	7.810931556983334
113.7	8.002806516703332
113.8	8.20471084626
113.9	8.413162297686664
114.	8.624779514313332
114.1	8.836324495673333
114.2	9.044742613433332
114.3	9.247199719953333
114.4	9.441115927166667
114.5	9.624195675053333
114.6	9.794453753493332
114.7	9.950236990289998
114.8	10.090241370283334
114.9	10.213524404476665
115.	10.319512624796666
115.1	10.408004137173332
115.2	10.479166224746665
115.3	10.533528049883332
115.4	10.571968562686667
115.5	10.595699779046665
115.6	10.606245645446666
115.7	10.605416760993332
115.8	10.595281273546664
115.9	10.578132314406666
116.	10.55645237513
116.1	10.532875067403333
116.2	10.510144737533334
116.3	10.491074434093335
116.4	10.47850274657
116.5	10.475250047786666
116.6	10.484074681596667
116.7	10.50762963857
116.8	10.548420259976666
116.9	10.60876349809
117.	10.69074924674
117.1	10.796204232826664
117.2	10.926658931393334
117.3	11.083317934133333
117.4	11.267034163556668
117.5	11.478287280393333
117.6	11.71716658663
117.7	11.983358674799998
117.8	12.276140020406666
117.9	12.594374658283332
118.	12.936517025370001
118.1	13.300619992576665
118.2	13.684348048626664
118.3	14.084995538353333
118.4	14.499509798786669
118.5	14.924518978223334
118.6	15.356364268063333
118.7	15.791136222523331
118.8	16.22471479376
118.9	16.65281266104
119.	17.07102139356333
119.1	17.474859947286667
119.2	17.859824967006663
119.3	18.221442337036663
119.4	18.55531940522
119.5	18.857197291906665
119.6	19.123002687446665
119.7	19.348898542016663
119.8	19.53133305841333
119.9	19.667086409866663
120.	19.75331462626
120.1	19.78759011602333
120.2	19.767938324713334
120.3	19.692870067309997
120.4	19.561409115796664
120.5	19.37311467062333
120.6	19.12809839824
120.7	18.82703577247333
120.8	18.471171518353334
120.9	18.06231901869333
121.	17.6028536097
121.1	17.09569975625333
121.2	16.544312165363333
121.3	15.952650962973333
121.4	15.325151124019998
121.5	14.666686410526667
121.6	13.982528135146667
121.7	13.278299124956664
121.8	12.559923317583333
121.9	11.833571471343333
122.	11.10560351905
122.1	10.382508134606667
122.2	9.670840118553333
122.3	8.977156235866666
122.4	8.307950163583333
122.5	7.669587220236666
122.6	7.068239557936666
122.7	6.509822499623333
122.8	5.999932697663333
122.9	5.54378877699
123.	5.146175105976667
123.1	4.811389310509999
123.2	4.543194113279999
123.3	4.344774039906666
123.4	4.218697487163333
123.5	4.16688459701
123.6	4.190581323276667
123.7	4.290340016799999
123.8	4.466006789853333
123.9	4.716715852654333
124.	5.040890944443333
124.1	5.436253909238333
124.2	5.899840393606999
124.3	6.428022570335999
124.4	7.0165387193983335
124.5	7.660529426121666
124.6	8.354580087686331
124.7	9.092769352056333
124.8	9.868723051267667
124.9	10.675673131908667
125.	11.506521031798332
125.1	12.353904903436666
125.2	13.210270042486002
125.3	14.067941842083002
125.4	14.919200566146667
125.5	15.756357210139
125.6	16.571829704250668
125.7	17.358218705116002
125.8	18.10838222256833
125.9	18.815508334420002
126.	19.473185258563333
126.1	20.075468072083332
126.2	20.616941397996666
126.3	21.092777415586667
126.4	21.498788593563333
126.5	21.83147459387333
126.6	22.088062848579998
126.7	22.266542372403336
126.8	22.365690436416664
126.9	22.385091797833333
127.	22.32515025124667
127.1	22.187092340056665
127.2	21.972963143513333
127.3	21.685614130193333
127.4	21.328683146013333
127.5	20.906566681453334
127.6	20.42438463745
127.7	19.887937882739998
127.8	19.303658966123333
127.9	18.678556413976665
128.	18.020153106933332
128.1	17.336419287863333
128.2	16.635700806636663
128.3	15.926643255316664
128.4	15.218112688
128.5	14.519113655583334
128.6	13.838705312436666
128.7	13.185916374066668
128.8	12.569659717456666
128.9	11.998647421843332
129.	11.481307046196665
129.1	11.025699930873333
129.2	10.639442292983333
129.3	10.329629862666666
129.4	10.102766775243332
129.5	9.964699396953332
129.6	9.920555717303333
129.7	9.974690891176667
129.8	10.130639458286666
129.9	10.391074705216667
130.	10.75777557248
130.1	11.231601437953334
130.2	11.812475036346665
130.3	12.499373700249999
130.4	13.29032903143
130.5	14.182435032519999
130.6	15.171864653573332
130.7	16.253894627846666
130.8	17.422938397156667
130.9	18.672586850446663
131.	19.995656529099996
131.1	21.384244882473332
131.2	22.829792092613335
131.3	24.323148926886663
131.4	25.854650020833333
131.5	27.414191945293332
131.6	28.99131536604
131.7	30.57529056768
131.8	32.15520558338666
131.9	33.720056146476665
132.	35.258836665329994
132.1	36.760631412896664
132.2	38.214705120616664
132.3	39.610592173153336
132.4	40.938183612706666
132.5	42.18781118288333
132.6	43.35032766958666
132.7	44.41718283180666
132.8	45.38049425312
132.9	46.233112497419995
133.	46.96867999948666
133.1	47.58168318108333
133.2	48.067497346883336
133.3	48.42242397936
133.4	48.643720123259996
133.5	48.729619619333334
133.6	48.67934602485
133.7	48.49311713364333
133.8	48.17214108470667
133.9	47.718604120129996
134.	47.13565013745333
134.1	46.42735224637
134.2	45.598676615226665
134.3	44.65543896431333
134.4	43.60425411817667
134.5	42.45247910206667
134.6	41.20815031281
134.7	39.87991535357666
134.8	38.47696016197
134.9	37.00893209883667
135.	35.48585970339
135.1	33.91806984009
135.2	32.316102984076664
135.3	30.690627403263335
135.4	29.052352999340002
135.5	27.411945567683333
135.6	25.77994222552333
135.7	24.166668742359995
135.8	22.582159481226668
135.9	21.036080631716665
136.	19.537657377066665
136.1	18.095605598316666
136.2	16.71806866901333
136.3	15.41255984416
136.4	14.185910689116668
136.5	13.044225935296666
136.6	11.992845086626668
136.7	11.036311034746667
136.8	10.178345874423332
136.9	9.42183404205
137.	8.768812831376666
137.1	8.220470273033332
137.2	7.777150295679999
137.3	7.438365021686668
137.4	7.202813986223333
137.5	7.068410007393332
137.6	7.032311377906666
137.7	7.090959994826666
137.8	7.24012499454
137.9	7.47495141567
138.	7.7900133729766665
138.1	8.179371191733333
138.2	8.636631923383334
138.3	9.155012641636667
138.4	9.7274059012
138.5	10.346446731986665
138.6	11.00458053779
138.7	11.694131269746666
138.8	12.407369254566667
138.9	13.136578070313334
139.	13.874119882946665
139.1	14.612498681576668
139.2	15.344420880046666
139.3	16.062852787929998
139.4	16.761074491326667
139.5	17.43272972805
139.6	18.0718713859
139.7	18.673002302160665
139.8	19.231111093091666
139.9	19.741702794004667
140.	20.200824144227333
140.1	20.60508340571033
140.2	20.951664656863667
140.3	21.238336558571998
140.4	21.463455639785995
140.5	21.625964202320564
140.6	21.725382993441464
140.7	21.761798840045163
140.8	21.735847483288943
140.9	21.648691892024296
141.	21.5019963699977
141.1	21.297896805205998
141.2	21.038967437792998
141.3	20.728184548151
141.4	20.368887485728997
141.5	19.9647374754
141.6	19.519674648293666
141.7	19.03787375016133
141.8	18.523698982093332
141.9	17.98165842520533
142.	17.4163584931
142.1	16.832458845143332
142.2	16.234628177296667
142.3	15.62750128786
142.4	15.015637793416666
142.5	14.403482843263333
142.6	13.79533015260333
142.7	13.195287643343331
142.8	12.607245947636665
142.9	12.034849994656668
143.	11.48147386474
143.1	10.950199057199999
143.2	10.44379628114
143.3	9.96471083985
143.4	9.515051642523332
143.5	9.096583838883332
143.6	8.710725037736667
143.7	8.358545034413332
143.8	8.040768939733333
143.9	7.7577835722633335
144.	7.509646945899999
144.1	7.296100659203334
144.2	7.116584969056667
144.3	6.97025631007
144.4	6.85600700337
144.5	6.772486883823333
144.6	6.718126563066666
144.7	6.6911620371866665
144.8	6.689660343009999
144.9	6.711545964883333
145.	6.754627695069999
145.1	6.816625655269999
145.2	6.895198193826666
145.3	6.987968383386666
145.4	7.092549856176666
145.5	7.206571729666665
145.6	7.327702391596667
145.7	7.453671934063333
145.8	7.582293046069999
145.9	7.7114801967933335
146.	7.839266966059999
146.1	7.96382140158
146.2	8.083459309516666
146.3	8.196655408523332
146.4	8.302052304456666
146.5	8.398467267136667
146.6	8.484896816013332
146.7	8.560519145299999
146.8	8.62469444209
146.9	8.676963172666666
147.	8.717042433356667
147.1	8.744820479246666
147.2	8.76034956273
147.3	8.763837227536666
147.4	8.755636217093333
147.5	8.736233166669999
147.6	8.706236256826667
147.7	8.666362012179999
147.8	8.617421432283333
147.9	8.560305644166665
148.	8.49597126371
148.1	8.425425650549998
148.2	8.349712236683333
148.3	8.269896099646665
148.4	8.18704994441
148.5	8.102240645359998
148.6	8.016516487563333
148.7	7.930895233946666
148.8	7.846353127966667
148.9	7.763814926943333
149.	7.684145043523333
149.1	7.608139856039999
149.2	7.536521230799999
149.3	7.469931281266668
149.4	7.4089283726533335
149.5	7.35398436258
149.6	7.30548305216
149.7	7.263719807069998
149.8	7.228902292576667
149.9	7.201152253696667
150.	7.180508259963333
150.1	7.166929323026666
150.2	7.16029928734
150.3	7.160431886186666
150.4	7.167076350903333
150.5	7.17992345679
150.6	7.198611888126667
150.7	7.222734804769999
150.8	7.251846494863333
150.9	7.285469002083333
151.	7.3230986214266665
151.1	7.364212164519999
151.2	7.408272904366666
151.3	7.454736119196667
151.4	7.503054166060001
151.5	7.552681027516666
151.6	7.603076287006666
151.7	7.653708502393333
151.8	7.7040579610833335
151.9	7.753618813996665
152.	7.801900599809999
152.1	7.84842918459
152.2	7.892747155056668
152.3	7.934413716496666
152.4	7.97300415762
152.5	8.00810895533
152.6	8.039332601669999
152.7	8.066292242806668
152.8	8.08861622615
152.9	8.105942656576667
153.	8.117918064889999
153.1	8.124196292716665
153.2	8.124437697573331
153.3	8.1183087779
153.4	8.105482313646664
153.5	8.085638111473333
153.6	8.058464434349
153.7	8.023660185959999
153.8	7.980937907516666
153.9	7.930027632846667
154.	7.870681630833333
154.1	7.8026800512016665
154.2	7.725837470529999
154.3	7.640010320361
154.4	7.545105159882667
154.5	7.441087738532
154.6	7.327992776337333
154.7	7.205934370845334
154.8	7.075116924318667
154.9	6.935846466887666
155.	6.788542237413999
155.1	6.6337483689533325
155.2	6.47214551415
155.3	6.3045622343886665
155.4	6.131985967973333
155.5	5.955573386503334
155.6	5.776659942836667
155.7	5.596768413023332
155.8	5.41761623453
155.9	5.241121445433333
156.	5.069407035453333
156.1	4.904803526963333
156.2	4.74984961508
156.3	4.60729070878
156.4	4.480075230483333
156.5	4.371348549396666
156.6	4.284444443856666
156.7	4.222874009996667
156.8	4.190311957793333
156.9	4.19058026125
157.	4.22762915613
157.1	4.305515506903333
157.2	4.428378593283333
157.3	4.60041339626
157.4	4.825841493483333
157.5	5.108879703303334
157.6	5.45370664649
157.7	5.8644274232799996
157.8	6.345036631406666
157.9	6.899379977273334
158.	7.5311147573833335
158.1	8.243669511
158.2	9.040203164963334
158.3	9.923564011703332
158.4	10.896248876803334
158.5	11.960362845466666
158.6	13.117579929123332
158.7	14.369105058553334
158.8	15.715637794896667
158.9	17.157338150183328
159.	18.693794905463328
159.1	20.323996807533334
159.2	22.04630701611333
159.3	23.858441157503336
159.4	25.757449324796667
159.5	27.73970234262
159.6	29.800882590136666
159.7	31.935979648740002
159.8	34.13929100909666
159.9	36.40442803969333
160.	38.72432738130333
160.1	41.09126789394333
160.2	43.496893241386665
160.3	45.93224015561
160.4	48.38777237850667
160.5	50.85342023334
160.6	53.318625731999994
160.7	55.772393074849994
160.8	58.20334435536666
160.9	60.59978023425666
161.	62.94974530022666
161.1	65.24109778750332
161.2	67.46158328089332
161.3	69.59891199563333
161.4	71.64083917194667
161.5	73.57524809675999
161.6	75.39023522521998
161.7	77.07419684250665
161.8	78.61591667717667
161.9	80.00465385929665
162.	81.23023058761667
162.1	82.28311886087667
162.2	83.15452561151
162.3	83.83647557846
162.4	84.3218912529
162.5	84.60466922505333
162.6	84.67975228521333
162.7	84.54319663097
162.8	84.19223355487667
162.9	83.62532501973332
163.	82.84221253805998
163.1	81.84395883215333
163.2	80.63298176066999
163.3	79.21308006989334
163.4	77.58945055020334
163.5	75.76869624749999
163.6	73.75882542825666
163.7	71.56924105615333
163.8	69.21072059937333
163.9	66.69538605814999
164.	64.03666416553666
164.1	61.24923678228999
164.2	58.34898158140667
164.3	55.35290318818
164.4	52.279055010920004
164.5	49.14645207352667
164.6	45.97497522991
164.7	42.78526720961666
164.8	39.59862101084
164.9	36.436861229993326
165.	33.32221896783
165.1	30.27720102159333
165.2	27.324454123140004
165.3	24.48662503545667
165.4	21.786217364496668
165.5	19.24544598663
165.6	16.886090024273333
165.7	14.729345333386664
165.8	12.79567748727
165.9	11.104676258619998
166.	9.67491260964
166.1	8.523799202256665
166.2	7.6674554353366675
166.3	7.120578003083333
166.4	6.896317948929999
166.5	7.00616516194
166.6	7.459841229343334
166.7	8.26520151588
166.8	9.42814729469
166.9	10.952548697956665
167.	12.840179196243334
167.1	15.090662248096665
167.2	17.70143068933
167.3	20.667699355176666
167.4	23.982451346383332
167.5	27.636438265326664
167.6	31.618194659593332
167.7	35.914066818816664
167.8	40.50825597769666
167.9	45.38287588245666
168.	50.51802458282666
168.1	55.891870217183325
168.2	61.48075045808
168.3	67.25928520054666
168.4	73.2005019754
168.5	79.27597348156333
168.6	85.45596655259999
168.7	91.70960177839666
168.8	98.00502293643001
168.9	104.30957530702001
169.	110.58999187920998
169.1	116.81258640222332
169.2	122.94345216633667
169.3	128.94866536486998
169.4	134.79449183680666
169.5	140.44759596184332
169.6	145.87525045114666
169.7	151.04554576360331
169.8	155.92759785594
169.9	160.49175299121333
170.	164.70978831971
170.1	168.55510696683666
170.2	172.00292639130998
170.3	175.03045879396336
170.4	177.61708240547995
170.5	179.7445025243033
170.6	181.39690122466334
170.7	182.56107471431005
170.8	183.2265573955067
170.9	183.38573173834666
171.	183.03392316735
171.1	182.16947923525333
171.2	180.79383244934664
171.3	178.91154620074667
171.4	176.53034334963664
171.5	173.66111710631998
171.6	170.3179239561233
171.7	166.51795847203664
171.8	162.28150996618334
171.9	157.63190102611665
172.	152.59540809664
172.1	147.20116436000998
172.2	141.4810452760333
172.3	135.46953724047665
172.4	129.20358991628666
172.5	122.72245289184333
172.6	116.06749741172001
172.7	109.28202400517998
172.8	102.41105693622
172.9	95.50112646410334
173.	88.60003998782665
173.1	81.75664321104666
173.2	75.02057252990333
173.3	68.44199990205333
173.4	62.071371505349994
173.5	55.959141541436665
173.6	50.15550256898666
173.7	44.71011379196
173.8	39.67182874261333
173.9	35.088423811999995
174.	31.00632909839333
174.1	27.470363032059996
174.2	24.523472234399996
174.3	22.206478049646666
174.4	20.557831165626666
174.5	19.613375708046664
174.6	19.406124154276668
174.7	19.966044366829998
174.8	21.319859992343332
174.9	23.490865413246667
175.	26.49875637030333
175.1	30.359477302076662
175.2	35.08508636658
175.3	40.68363902586333
175.4	47.15909098194667
175.5	54.51122115753999
175.6	62.73557531406334
175.7	71.82343079416333
175.8	81.76178276860333
175.9	92.53335225493
176.	104.11661606269001
176.1	116.48585870203334
176.2	129.6112461802333
176.3	143.45892148335668
176.4	157.99112143481665
176.5	173.16631449496333
176.6	188.93935895504333
176.7	205.2616808618167
176.8	222.0814709010633
176.9	239.34389935634002
177.	256.99134815506665
177.1	274.9636589170533
177.2	293.1983958218733
177.3	311.63112202268996
177.4	330.1956882571433
177.5	348.82453221816996
177.6	367.4489871911167
177.7	385.99959840006
177.8	404.40644543102997
177.9	422.5994691117833
178.	440.50880113057326
178.1	458.06509466902327
178.2	475.19985436633993
178.3	491.8457637911333
178.4	507.9370087952633
178.5	523.4095949437533
178.6	538.2016573312433
178.7	552.2537611952433
178.8	565.5091916074166
178.9	577.91423075637
179.	589.4184212524833
179.1	599.9748141054399
179.2	609.5401999049133
179.3	618.0753220714766
179.4	625.5450708982466
179.5	631.91865737665
179.6	637.1697658408634
179.7	641.2766845860966
179.8	644.2224137204232
179.9	645.9947496839866
180.	646.5863459751499