# O+CO(0,0) elastic diff. cross section
# E = 0.0027 eV
# angle, CS (1e-16 cm^2)
0.1	72941.8440189
0.2	72324.92238331333
0.3	71307.03561603666
0.4	69903.42265848999
0.5	68134.95453717999
0.6	66027.68583845666
0.7	63612.29888031333
0.8	60923.455321823334
0.9	57999.07226113
1.	54879.54165629667
1.1	51606.91313331666
1.2	48224.06084499667
1.3	44773.85505413
1.4	41298.358515546664
1.5	37838.06655482333
1.6	34431.20805876333
1.7	31113.12244326
1.8	27915.725139773338
1.9	24867.071336676665
2.	21991.02470914333
2.1	19307.034781889997
2.2	16830.023488293333
2.3	14570.378513869999
2.4	12534.048231233333
2.5	10722.730526286667
2.6	9134.14564942
2.7	7762.38145315
2.8	6598.298035613334
2.9	5629.977921033333
3.	4843.20747609
3.1	4221.97527733
3.2	3748.9735816233333
3.3	3406.0898738566666
3.4	3174.8766230996666
3.5	3036.988814186667
3.6	2974.58047218
3.7	2970.6531962966665
3.8	3009.35159989
3.9	3076.2024481666667
4.	3158.2961336233334
4.1	3244.41087482
4.2	3325.0816181299997
4.3	3392.6170252599995
4.4	3441.0691111666665
4.5	3466.1610369566665
4.6	3465.17925089
4.7	3436.83660615
4.8	3381.113275316666
4.9	3299.08224376
5.	3192.7259206433328
5.1	3064.749983803333
5.2	2918.400005086666
5.3	2757.285719553333
5.4	2585.2170390066663
5.5	2406.0551017079997
5.6	2223.580827508333
5.7	2041.3826401633335
5.8	1862.7642512703333
5.9	1690.672694856
6.	1527.6461741923333
6.1	1375.7807447423331
6.2	1236.714417126333
6.3	1111.6269234426668
6.4	1001.2531489009999
6.5	905.9080833600001
6.6	825.521086774
6.7	759.6772789806666
6.8	707.6639464886666
6.9	668.5199950899998
7.	641.0866545113333
7.1	624.0578483406666
7.2	616.0288673966667
7.3	615.5422175516667
7.4	621.1297447746666
7.5	631.3503634506666
7.6	644.8229231313333
7.7	660.253939286
7.8	676.4600830166667
7.9	692.3854709916666
8.	707.113920459
8.1	719.8764349616665
8.2	730.0542663306667
8.3	737.1779589267333
8.4	740.9228253336
8.5	741.1013308297667
8.6	737.6528791231667
8.7	730.6314961590666
8.8	720.1919037242999
8.9	706.5744618967666
9.	690.0894400925667
9.1	671.1010514441333
9.2	650.0116554443
9.3	627.2464992932332
9.4	603.2393301433666
9.5	578.4191683165
9.6	553.1984863891333
9.7	527.96299096898
9.8	503.06315388615997
9.9	478.8075878587166
10.	455.45830962711335
10.1	433.22788186185
10.2	412.2783751692867
10.3	392.72204425812663
10.4	374.6235691574667
10.5	358.00367446913333
10.6	342.84390795756667
10.7	329.092335431
10.8	316.6698924852333
10.9	305.4771257869
11.	295.4010573497666
11.1	286.3219146367333
11.2	278.1194868563333
11.3	270.6788928327
11.4	263.8955773359333
11.5	257.6793895137
11.6	251.9576377214333
11.7	246.67705797989998
11.8	241.8046769912333
11.9	237.32759341476665
12.	233.2517414779333
12.1	229.59973747639998
12.2	226.407941145
12.3	223.72288916086666
12.4	221.59727649823333
12.5	220.08567246586668
12.6	219.2401619187
12.7	219.10609840886664
12.8	219.7181454231333
12.9	221.09676492026665
13.	223.24529011483332
13.1	226.14769281729997
13.2	229.76712591289998
13.3	234.04528991249998
13.4	238.9026402863
13.5	244.23942066406664
13.6	249.93747717693333
13.7	255.86278217359998
13.8	261.8685722127
13.9	267.7989862281
14.	273.4930755923333
14.1	278.78904871656664
14.2	283.52860888569995
14.3	287.56124505036667
14.4	290.7483410432333
14.5	292.9669785712666
14.6	294.1133228507666
14.7	294.1054961666333
14.8	292.8858631970333
14.9	290.42267193666663
15.	286.71101466893333
15.1	281.77309401413333
15.2	275.65779895136666
15.3	268.4396143328
15.4	260.2169043171333
15.5	251.10962498719996
15.6	241.25653394683331
15.7	230.81197477563333
15.8	219.94232178659996
15.9	208.82217565683334
16.	197.63040324153332
16.1	186.54611542779998
16.2	175.7446754165333
16.3	165.39382653326666
16.4	155.65002381963333
16.5	146.65504739746666
16.6	138.53296820196667
16.7	131.3875282536
16.8	125.2999883971
16.9	120.32748649593334
17.	116.50193854843333
17.1	113.8295042246
17.2	112.29062700949999
17.3	111.84064757986667
17.4	112.410977404
17.5	113.91080793566665
17.6	116.22931938936665
17.7	119.23834207123333
17.8	122.79541288729999
17.9	126.74716011596666
18.	130.93294112786666
18.1	135.18865070593333
18.2	139.35061217843332
18.3	143.25946004226665
18.4	146.7639212496333
18.5	149.72440307349999
18.6	152.0162985613
18.7	153.53292605506664
18.8	154.18802708413332
18.9	153.91775702906665
19.	152.68211508119998
19.1	150.46577395479997
19.2	147.27828516883335
19.3	143.15365211166664
19.4	138.1492800520333
19.5	132.34432928496668
19.6	125.83751414463333
19.7	118.7444061926333
19.8	111.1943139693
19.9	103.32682380186665
20.	95.28809593813332
20.1	87.22701730056667
20.2	79.29131626533334
20.3	71.6237458505
20.4	64.3584395325
20.5	57.617538636566664
20.6	51.5081820472
20.7	46.1199380952
20.8	41.5227452726
20.9	37.765413310599996
21.	34.8747196304
21.1	32.85511876306666
21.2	31.6890645892
21.3	31.337927726333334
21.4	31.74347363513333
21.5	32.82985152813333
21.6	34.50603040506667
21.7	36.66860689543333
21.8	39.20490037333333
21.9	41.9962442532
22.	44.92137860609999
22.1	47.85984830856667
22.2	50.69531279083333
22.3	53.31867796536666
22.4	55.630967872300005
22.5	57.545862696099995
22.6	58.991840754066665
22.7	59.91387445223333
22.8	60.27464363523333
22.9	60.05524381223333
23.	59.2553809872
23.1	57.89305885873333
23.2	56.00377759243333
23.3	53.63927586613333
23.4	50.865859127166665
23.5	47.762366752633326
23.6	44.41783883513333
23.7	40.928949522433335
23.8	37.3972781081
23.9	33.9264913888
24.	30.619511192366662
24.1	27.57573951153333
24.2	24.888410467633328
24.3	22.642133528766664
24.4	20.91068619798333
24.5	19.75510697119
24.6	19.22213096796
24.7	19.34300147951
24.8	20.132681001743332
24.9	21.589475349766666
25.	23.69507441586333
25.1	26.415003246506664
25.2	29.699467584829996
25.3	33.48456903680666
25.4	37.69385674743333
25.5	42.24017507053
25.6	47.027760315639995
25.7	51.95453437573666
25.8	56.914538970006674
25.9	61.800451447499995
26.	66.50612165546667
26.1	70.92906926604999
26.2	74.97288224680999
26.3	78.54945974386666
26.4	81.58104656103666
26.5	84.00201151702998
26.6	85.76032819189334
26.7	86.81872377721666
26.8	87.15546978770999
26.9	86.76479709045333
27.	85.65692686129665
27.1	83.85771849498333
27.2	81.40794491288332
27.3	78.36221493867666
27.4	74.78757117548
27.5	70.76179990921332
27.6	66.37149676105332
27.7	61.70993789410333
27.8	56.874811400266665
27.9	51.96586688826666
28.	47.08254315518667
28.1	42.32163408579667
28.2	37.77505158746
28.3	33.52774141317333
28.4	29.655803276256666
28.5	26.22486080263667
28.6	23.288719780243333
28.7	20.888345049456664
28.8	19.051177471426662
28.9	17.790802973439998
29.	17.106975982073333
29.1	16.985989906073332
29.2	17.401378004199998
29.3	18.314919246863333
29.4	19.67791590879
29.5	21.43270283905
29.6	23.514342833556668
29.7	25.852458433776665
29.8	28.37314788929
29.9	31.000932005356663
30.	33.66067914620667
30.1	36.279457728906664
30.2	38.788269023636666
30.3	41.123617830536666
30.4	43.228884453313334
30.5	45.05546812086
30.6	46.563679396219996
30.7	47.723366899396666
30.8	48.51427162138333
30.9	48.92610994874
31.	48.95839405482667
31.1	48.62000527916332
31.2	47.92854236691
31.3	46.90947178686
31.4	45.59511167909666
31.5	44.02348421225
31.6	42.23707321325
31.7	40.281524850349996
31.8	38.20432895278667
31.9	36.05351727588
32.	33.87641278124
32.1	31.718460904723333
32.2	29.622169973369996
32.3	27.626183553649998
32.4	25.764502731793332
32.5	24.06587130025
32.6	22.553331714503333
32.7	21.243954642233334
32.8	20.14874009054333
32.9	19.272683589866666
33.	18.614996843376666
33.1	18.16946869872
33.2	17.924949331833332
33.3	17.86593819459
33.4	17.973254584866666
33.5	18.224768661146665
33.6	18.596170320226665
33.7	19.0617535604
33.8	19.595194718343333
33.9	20.17030423931
34.	20.76173335626333
34.1	21.345619144749996
34.2	21.900153810843335
34.3	22.406066693386666
34.4	22.847010235696665
34.5	23.209844043393332
34.6	23.484814019366667
34.7	23.665626394113332
34.8	23.749419187553332
34.9	23.736636195466666
35.	23.63081093810333
35.1	23.438270101073332
35.2	23.16776779943
35.3	22.830063474786662
35.4	22.437457369916665
35.5	22.003298290606665
35.6	21.541478757626667
35.7	21.065932656553333
35.8	20.590150121303335
35.9	20.126723639396666
36.	19.68693826524
36.1	19.280417393646665
36.2	18.914833811063332
36.3	18.59569375126
36.4	18.326199474836663
36.5	18.10719353230333
36.6	17.937185409839998
36.7	17.81245876846333
36.8	17.727255033176665
36.9	17.674026746183333
37.	17.643751929813334
37.1	17.626298785643332
37.2	17.61082844281667
37.3	17.58622222066333
37.4	17.541519031396664
37.5	17.46634815442667
37.6	17.351342687613332
37.7	17.188519524013333
37.8	16.971612715426666
37.9	16.696348533836666
38.	16.36065239553
38.1	15.964780011316666
38.2	15.511367605166665
38.3	15.005398722463333
38.4	14.454087941076667
38.5	13.866684609726665
38.6	13.25420247353
38.7	12.62908361073
38.8	12.004807409056667
38.9	11.395457269026666
39.	10.815259268816668
39.1	10.278108097996666
39.2	9.797096130696666
39.3	9.384061534703331
39.4	9.04917079883
39.5	8.800550025069999
39.6	8.643977802786667
39.7	8.582650516336667
39.8	8.617028598673333
39.9	8.744769614249998
40.	8.960751224286666
40.1	9.257184152413332
40.2	9.623812334193333
40.3	10.048194591256665
40.4	10.516059524973333
40.5	11.011722956566667
40.6	11.518555230003333
40.7	12.01948410684
40.8	12.49751785986
40.9	12.936272556359999
41.	13.320487414853332
41.1	13.63651252519
41.2	13.872754115223334
41.3	14.020063893026666
41.4	14.07206073702
41.5	14.025375089789998
41.6	13.879808753986666
41.7	13.638405320829998
41.8	13.307429090686668
41.9	12.896252997596665
42.	12.417158634929999
42.1	11.885053930776666
42.2	11.317116261823333
42.3	10.732370770273334
42.4	10.151215307173333
42.5	9.594904731603332
42.6	9.085008220846666
42.7	8.64285378469
42.8	8.28897431916
42.9	8.04256929877
43.	7.920995606773333
43.1	7.939300074643333
43.2	8.109805078023332
43.3	8.441757061873332
43.4	8.941046189623332
43.5	9.610003477133333
43.6	10.447279836553331
43.7	11.447809463713334
43.8	12.602858007006667
43.9	13.900153999173334
44.	15.324100160763331
44.1	16.856059429503333
44.2	18.47470896897
44.3	20.156453991786663
44.4	21.875892015946665
44.5	23.606317181106665
44.6	25.32025349467333
44.7	26.990005364446667
44.8	28.58821351124333
44.9	30.08840433819666
45.	31.465521063940002
45.1	32.696425392336664
45.2	33.76035918379
45.3	34.63935649704666
45.4	35.31859746832333
45.5	35.78669676480666
45.6	36.03592076963333
45.7	36.06232919732666
45.8	35.86583847401666
45.9	35.45020591209334
46.	34.822935432233336
46.1	33.99510729943666
46.2	32.98113600804
46.3	31.79846203594
46.4	30.467184653396664
46.5	29.009644282056662
46.6	27.449964019569997
46.7	25.813560847416667
46.8	24.126637694426666
46.9	22.415667918096666
47.	20.706883875566664
47.1	19.02578107513333
47.2	17.396648931946665
47.3	15.842138402176667
47.4	14.38287575831
47.5	13.03713051301
47.6	11.820544039929999
47.7	10.745923807853332
47.8	9.823106388693333
47.9	9.05889057184
48.	8.457040061913332
48.1	8.01835341864
48.2	7.74079716199
48.3	7.619696370393333
48.4	7.647975689389999
48.5	7.816442488163332
48.6	8.114102983743333
48.7	8.52850152806
48.8	9.046072934076665
48.9	9.652497716226666
49.	10.333050426349999
49.1	11.072931874039998
49.2	11.857576895469998
49.3	12.672930451809998
49.4	13.505686152253332
49.5	14.343482757603333
49.6	15.175055780166666
49.7	15.990342896306666
49.8	16.780543471766663
49.9	17.53813401830333
50.	18.256842794873332
50.1	18.931587997679998
50.2	19.558385011226665
50.3	20.134228981339998
50.4	20.656959511476664
50.5	21.12511454801667
50.6	21.537780526426666
50.7	21.894445587746663
50.8	22.194862178486666
50.9	22.438924630866666
51.	22.626566425796668
51.1	22.75768080179333
51.2	22.832067237863335
51.3	22.849405145093332
51.4	22.809254905366664
51.5	22.711085232143333
51.6	22.55432474349
51.7	22.338434671146665
51.8	22.06299880336666
51.9	21.727826111763335
52.	21.333061049193333
52.1	20.879296243136665
52.2	20.36768225057333
52.3	19.800029174116666
52.4	19.178895263930002
52.5	18.507658116926663
52.6	17.790564720629998
52.7	17.03275734021333
52.8	16.240273088226665
52.9	15.420015913566667
53.	14.579700669183332
53.1	13.727769835443334
53.2	12.873284358749999
53.3	12.025790885763332
53.4	11.195168411043333
53.5	10.391457989743333
53.6	9.624679679903332
53.7	8.90464126619
53.8	8.240743566789998
53.9	7.641787237596667
54.	7.115785967863332
54.1	6.669790809976666
54.2	6.309730116076667
54.3	6.04026917513
54.4	5.8646931700166665
54.5	5.784816519626666
54.6	5.800921052496666
54.7	5.911724791596666
54.8	6.114382430993333
54.9	6.404517871096667
55.	6.7762884625
55.1	7.22247990873
55.2	7.734630101926666
55.3	8.303179531896667
55.4	8.91764532425
55.5	9.56681544109
55.6	10.238959124196665
55.7	10.9220492866
55.8	11.603992268236667
55.9	12.272860172893333
56.	12.917120900453334
56.1	13.525860983073333
56.2	14.088996431976664
56.3	14.59746699794
56.4	15.043409547593331
56.5	15.42030665433
56.6	15.723106989583332
56.7	15.948314676199999
56.8	16.09404541446
56.9	16.16004790804
57.	16.147689883589997
57.1	16.05990879879333
57.2	15.901128154870001
57.3	15.677141146699999
57.4	15.394964180399999
57.5	15.062663541756667
57.6	14.689159188233333
57.7	14.284010241983333
57.8	13.857187263793332
57.9	13.418836767133332
58.	12.979043679533333
58.1	12.547597556099998
58.2	12.133768298733333
58.3	11.746096924209997
58.4	11.39220656158
58.5	11.078638349616664
58.6	10.810716259536665
58.7	10.592444102703332
58.8	10.426437121416665
58.9	10.313889621833333
59.	10.254579124466666
59.1	10.246906504596666
59.2	10.287970604723334
59.3	10.37367485483
59.4	10.49886256117
59.5	10.657476749976666
59.6	10.84273980285
59.7	11.047347614773333
59.8	11.263672662556667
59.9	11.483970196683334
60.	11.700581774193333
60.1	11.906130525903333
60.2	12.093702897676666
60.3	12.257012105799998
60.4	12.390539183673335
60.5	12.489648251196666
60.6	12.55067347992
60.7	12.57097613147
60.8	12.548970980433333
60.9	12.48412236819
61.	12.37691103807
61.1	12.228773750153332
61.2	12.042018434133334
61.3	11.819718296386664
61.4	11.565588826709998
61.5	11.283852043123332
61.6	10.979092558686666
61.7	10.656110148049999
61.8	10.319773439893332
61.9	9.974879163623331
62.	9.626021053359999
62.1	9.277472069459998
62.2	8.933083057113333
62.3	8.596200344013333
62.4	8.26960410748
62.5	7.95546863636
62.6	7.655344901183334
62.7	7.3701651467666665
62.8	7.100268557243332
62.9	6.845446432386667
63.	6.605004772546666
63.1	6.377841710456666
63.2	6.162536861706667
63.3	5.957449398433333
63.4	5.760821485856667
63.5	5.570883659066666
63.6	5.385958754603333
63.7	5.204561142796667
63.8	5.025488223903333
63.9	4.847901444723333
64.	4.671394450523334
64.1	4.496046397673333
64.2	4.32245890257
64.3	4.151775578493333
64.4	3.9856836013966666
64.5	3.82639723534
64.6	3.6766237268466666
64.7	3.5395124337966664
64.8	3.4185884789489998
64.9	3.317672602447
65.	3.2407892244526666
65.1	3.1920650125863332
65.2	3.1756204748956662
65.3	3.1954572641036663
65.4	3.2553439812719995
65.5	3.358703306010333
65.6	3.5085032561066662
65.7	3.7071552937333334
65.8	3.9564218502766666
65.9	4.257335640893333
66.	4.6101328872366665
66.1	5.014202267513333
66.2	5.46805107285
66.3	5.9692896746
66.4	6.514635005866666
66.5	7.099933340006666
66.6	7.7202022179266665
66.7	8.369690942733333
66.8	9.041958635659999
66.9	9.729968437939998
67.	10.426196061016666
67.1	11.122750541669998
67.2	11.811504754366666
67.3	12.484232984036666
67.4	13.1327526705
67.5	13.74906731059
67.6	14.325507447839998
67.7	14.85486669662
67.8	15.330529838619999
67.9	15.74659019374
68.	16.097953701233333
68.1	16.38042744787333
68.2	16.590790736969996
68.3	16.726847201436666
68.4	16.78745691128
68.5	16.772547901803332
68.6	16.683107039156667
68.7	16.521150632246666
68.8	16.289675679686667
68.9	15.992593094783334
69.	15.634644667333333
69.1	15.221305886109999
69.2	14.75867705113
69.3	14.253365340173332
69.4	13.712360655439998
69.5	13.142908157596665
69.6	12.552380396846667
69.7	11.948151873739999
69.8	11.337478709793332
69.9	10.727385888819999
70.	10.124564248346665
70.1	9.53527906894
70.2	8.965291741376667
70.3	8.419795593579998
70.4	7.903366552766666
70.5	7.4199289069533325
70.6	6.972736035483334
70.7	6.564365604413333
70.8	6.196728385256667
70.9	5.871089560626666
71.	5.588101135393334
71.1	5.347843881936666
71.2	5.149877115421667
71.3	4.993294520146333
71.4	4.876784229757333
71.5	4.798691398569
71.6	4.757081583984333
71.7	4.749803384067667
71.8	4.774548933056666
71.9	4.828911042283333
72.	4.91043597691
72.1	5.016671071623334
72.2	5.1452066028533325
72.3	5.293711544623333
72.4	5.45996303261
72.5	5.641869542013333
72.6	5.837487944466666
72.7	6.045034745290001
72.8	6.262891912733332
72.9	6.489607795276666
73.	6.723893682003333
73.1	6.96461659603
73.2	7.210788924306667
73.3	7.461555481549999
73.4	7.71617858489
73.5	7.974021681859999
73.6	8.234532032953332
73.7	8.497222900813332
73.8	8.761655648276665
73.9	9.027422096733332
74.	9.294127448
74.1	9.561374027743332
74.2	9.828746069763334
74.3	10.09579572609
74.4	10.362030459776665
74.5	10.626901955196665
74.6	10.88979666366
74.7	11.150028088306666
74.8	11.406830904566664
74.9	11.659357002893332
75.	11.906673536003334
75.1	12.147763045349999
75.2	12.381525733739998
75.3	12.60678394182
75.4	12.822288871729999
75.5	13.026729584976666
75.6	13.21874428029
75.7	13.39693383005
75.8	13.55987752462
75.9	13.706150936293334
76.	13.834345775369998
76.1	13.943091566176665
76.2	14.031078921806667
76.3	14.09708414647
76.4	14.139994840160002
76.5	14.158836127566666
76.6	14.152797079129998
76.7	14.121256841203333
76.8	14.06380994451
76.9	13.98029021784
77.	13.870792699143333
77.1	13.735692910373333
77.2	13.575662848713332
77.3	13.391683046479999
77.4	13.185050066126665
77.5	12.957378830509999
77.6	12.710599238656666
77.7	12.446946589353333
77.8	12.168945427476666
77.9	11.879386540516666
78.	11.581296968206667
78.1	11.277903040486667
78.2	10.97258663074
78.3	10.668834996706666
78.4	10.370184776759999
78.5	10.080160913026667
78.6	9.802211474253333
78.7	9.539639549610001
78.8	9.295533569573333
78.9	9.072697576183332
79.	8.873583103813333
79.1	8.700224438329998
79.2	8.55417908634
79.3	8.436475306746665
79.4	8.347568521789999
79.5	8.28730833773
79.6	8.254917757643334
79.7	8.248985963973333
79.8	8.267475785566665
79.9	8.307746648343333
80.	8.366593443069998
80.1	8.4403013391
80.2	8.52471613695
80.3	8.615329295886667
80.4	8.707376311623333
80.5	8.795946663749998
80.6	8.876103120523332
80.7	8.943007794436665
80.8	8.992051999136667
80.9	9.018986682276665
81.	9.020050012836665
81.1	8.992088592383332
81.2	8.932668751346666
81.3	8.840174484106665
81.4	8.713888776320001
81.5	8.554055381137
81.6	8.361918504364667
81.7	8.139738354858666
81.8	7.890781091449999
81.9	7.619282341004333
82.	7.330384153281667
82.1	7.030045979945666
82.2	6.724930996628999
82.3	6.422269804107334
82.4	6.1297042308373335
82.5	5.855114585964
82.6	5.606434266333
82.7	5.3914560785333325
82.8	5.217634988515
82.9	5.09189223612
83.	5.020425850450666
83.1	5.008532560284666
83.2	5.060445917129999
83.3	5.179195136332333
83.4	5.366488722573333
83.5	5.622626390085999
83.6	5.946442129908332
83.7	6.335280533532
83.8	6.785007672874333
83.9	7.290056985942998
84.	7.843509742738
84.1	8.437208796007333
84.2	9.061903476906666
84.3	9.707422696823333
84.4	10.36287258894
84.5	11.01685438211
84.6	11.657697661279999
84.7	12.273703749659997
84.8	12.853393654916667
84.9	13.385754864123331
85.	13.860481251273331
85.1	14.268200480513332
85.2	14.60068353933
85.3	14.851031416619998
85.4	15.013834439999998
85.5	15.085300389893334
85.6	15.063348206713332
85.7	14.947664877573333
85.8	14.739723920220001
85.9	14.442764749703333
86.	14.061733101246668
86.1	13.603183570736665
86.2	13.075146201966664
86.3	12.486959877983333
86.4	11.849076046939999
86.5	11.172837010653334
86.6	10.47023361325
86.7	9.753647673673333
86.8	9.035584899403332
86.9	8.328404285399998
87.	7.64405014219
87.1	6.993792898579999
87.2	6.38798469082
87.3	5.835835478419999
87.4	5.345215024439999
87.5	4.92248554663
87.6	4.572369199056666
87.7	4.297853789856666
87.8	4.100139295936666
87.9	3.9786268154299997
88.	3.9309506226333335
88.1	3.9530529789533326
88.2	4.039300328476667
88.3	4.182638492753333
88.4	4.374783498833333
88.5	4.606443752983333
88.6	4.86756843278
88.7	5.147616235176667
88.8	5.435838009563334
88.9	5.721566340666667
89.	5.994504843083334
89.1	6.245009799793333
89.2	6.464356829933333
89.3	6.644985510386666
89.4	6.780715301963333
89.5	6.866926737666667
89.6	6.90070260824
89.7	6.88092481442
89.8	6.808323622609999
89.9	6.685477242529999
90.	6.516760907039999
90.1	6.30824594847
90.2	6.067550696966666
90.3	5.80364633878
90.4	5.526622129633333
90.5	5.247415525783333
90.6	4.97751383734
90.7	4.7286348942966665
90.8	4.512394917113333
90.9	4.339972277413333
91.	4.221776102163333
91.1	4.167128704616666
91.2	4.183970612493333
91.3	4.27859650897
91.4	4.455429714293333
91.5	4.716841930376667
91.6	5.063023868923333
91.7	5.491911114173332
91.8	5.99916816635
91.9	6.578232109133333
92.	7.220415784289999
92.1	7.915068781006665
92.2	8.649793001119999
92.3	9.410708084423334
92.4	10.182760614513331
92.5	10.950069811138334
92.6	11.696301383697667
92.7	12.405060402389667
92.8	13.060293459576002
92.9	13.646690061936335
93.	14.15007312249433
93.1	14.557768612425665
93.2	14.858944881323
93.3	15.044912848660333
93.4	15.109379189761334
93.5	15.048645762898667
93.6	14.861749819240332
93.7	14.550540972088669
93.8	14.119692435589332
93.9	13.576645641627332
94.	12.931488959972665
94.1	12.196772846614332
94.2	11.387265283895665
94.3	10.519652820417
94.4	9.612193829532332
94.5	8.684331758422665
94.6	7.756277100611666
94.7	6.848567580268
94.8	5.9816165645099995
94.9	5.175260013941667
95.	4.448312333719999
95.1	3.818141301066
95.2	3.300271825845333
95.3	2.90802765848
95.4	2.6522193128466665
95.5	2.5408854393166664
95.6	2.5790936901166663
95.7	2.768805792366667
95.8	3.1088101139499997
95.9	3.5947235049033326
96.	4.219062655769999
96.1	4.9713836672700005
96.2	5.83848700639
96.3	6.804683565086667
96.4	7.8521161699299995
96.5	8.961129645103334
96.6	10.110681430986666
96.7	11.278783834123333
96.8	12.442968248496665
96.9	13.580761160673333
97.	14.670161447533332
97.1	15.690108397356667
97.2	16.620930043886666
97.3	17.444761790546664
97.4	18.145925916196664
97.5	18.711263383536668
97.6	19.130410397789998
97.7	19.396013369556666
97.8	19.503877296236666
97.9	19.453044061243332
98.	19.24579872945333
98.1	18.887603555503333
98.2	18.38696108211333
98.3	17.755209349476665
98.4	17.00625382808333
98.5	16.15624218388333
98.6	15.223189353579999
98.7	14.226561611833334
98.8	13.186829319826666
98.9	12.124998831740001
99.	11.062134574266667
99.1	10.018882592683331
99.2	9.015006862433333
99.3	8.06894939253
99.4	7.197424601830001
99.5	6.415057640536666
99.6	5.734075273786666
99.7	5.164056667133332
99.8	4.711749944506666
99.9	4.3809587643166665
100.	4.172501418625332
100.1	4.084243148766666
100.2	4.111200534525
100.3	4.245715001293
100.4	4.477690748106667
100.5	4.794890775983333
100.6	5.183283233096667
100.7	5.627429032006667
100.8	6.11090066693
100.9	6.616721395216666
101.	7.127813466809998
101.1	7.6274439016799995
101.2	8.099656432916666
101.3	8.529678648656667
101.4	8.90429406795
101.5	9.212169853336666
101.6	9.444132070833334
101.7	9.593381820476667
101.8	9.655647141246668
101.9	9.629267296623333
102.	9.51520782687
102.1	9.317006562513333
102.2	9.04065258128
102.3	8.694401811056666
102.4	8.288534589086666
102.5	7.835061941206668
102.6	7.347388607509999
102.7	6.8399418817766655
102.8	6.327776126993333
102.9	5.82616336075
103.	5.350180561293333
103.1	4.9143043272
103.2	4.532023233169999
103.3	4.2154776745766664
103.4	3.9751362026
103.5	3.8195163432
103.6	3.7549566969233332
103.7	3.7854457659699996
103.8	3.9125114856466667
103.9	4.135173889353333
104.	4.449961747803333
104.1	4.850992434973333
104.2	5.330112723479999
104.3	5.877096737393332
104.4	6.47989592558
104.5	7.124934693269999
104.6	7.797444271026665
104.7	8.481826530389998
104.8	9.162038790699999
104.9	9.821990216056665
105.	10.44594017927
105.1	11.018888974673333
105.2	11.526951490816666
105.3	11.957704896219997
105.4	12.300502039546666
105.5	12.546743095893333
105.6	12.690098990336667
105.7	12.726681268773333
105.8	12.655154342643332
105.9	12.476787376943332
106.	12.195444491876666
106.1	11.817513377269998
106.2	11.3517738411
106.3	10.80920920288
106.4	10.202764764673333
106.5	9.547058821513332
106.6	8.858052780229999
106.7	8.152687916663332
106.8	7.448497096683333
106.9	6.763200393689999
107.	6.1142939448
107.1	5.518641584926667
107.2	4.992078780563333
107.3	4.54903814699
107.4	4.2022053823166665
107.5	3.96221379348
107.6	3.8373847374559995
107.7	3.833520273119467
107.8	3.9537531361036664
107.9	4.198457837422333
108.	4.56522527479
108.1	5.048901765956666
108.2	5.641691900053333
108.3	6.333323091603333
108.4	7.111268248606667
108.5	7.961021567113335
108.6	8.86642117472
108.7	9.81001119679
108.8	10.773434842999999
108.9	11.737849331226665
109.	12.68435290501333
109.1	13.594413875656667
109.2	14.450291535483332
109.3	15.235438959933335
109.4	15.934878126096667
109.5	16.535538429829998
109.6	17.026550555416666
109.7	17.39948872865333
109.8	17.648555632626667
109.9	17.770705661063335
110.	17.76570368299
110.1	17.636118065343332
110.2	17.387248298606664
110.3	17.02698915939333
110.4	16.56563487746333
110.5	16.015628218436664
110.6	15.391260704729998
110.7	14.708331349773333
110.8	13.983772237883333
110.9	13.235250029333333
111.	12.48075298155
111.1	11.738173349163333
111.2	11.024895048840001
111.3	10.35739625302
111.4	9.75087612091
111.5	9.21891419639
111.6	8.773170124753333
111.7	8.42313028802
111.8	8.175906760836664
111.9	8.036092678973333
112.	8.00567672708
112.1	8.08401802273
112.2	8.267881243856666
112.3	8.551530443743331
112.4	8.926878662246667
112.5	9.383689199643333
112.6	9.909823303229999
112.7	10.49152804341
112.8	11.113757353649998
112.9	11.760518581543332
113.	12.415236465723332
113.1	13.061126210833336
113.2	13.681567289340002
113.3	14.26046973918
113.4	14.78262505155
113.5	15.234034231713332
113.6	15.602206257783331
113.7	15.876420933236668
113.8	16.047951014516663
113.9	16.1102394635
114.	16.05902871206333
114.1	15.89243990029
114.2	15.611001143113334
114.3	15.217624964746665
114.4	14.717536098173333
114.5	14.11815185394
114.6	13.428918202983333
114.7	12.66110557253
114.8	11.827569110703333
114.9	10.942478819626666
115.	10.021025480613332
115.1	9.079108690336666
115.2	8.13301359025
115.3	7.1990829987
115.4	6.293391649109999
115.5	5.43142909877
115.6	4.627797606956666
115.7	3.8959308955266665
115.8	3.24783920787
115.9	2.693885485193333
116.	2.2425967937666664
116.1	1.9005143780366665
116.2	1.6720848967126667
116.3	1.5595945391456667
116.4	1.5631468336033332
116.5	1.6806840659866666
116.6	1.908051343836
116.7	2.239101484520667
116.8	2.6658380949083336
116.9	3.178593459488667
117.	3.7662371795219998
117.1	4.4164109216629335
117.2	5.115784152444899
117.3	5.850325364721
117.4	6.6055830517836664
117.5	7.366970558805332
117.6	8.120048941786665
117.7	8.850802091755332
117.8	9.545898630925333
117.9	10.192935453891998
118.	10.780658259462665
118.1	11.299154988299666
118.2	11.740018729944666
118.3	12.096477380190002
118.4	12.363488092196668
118.5	12.537795358583333
118.6	12.61795236587333
118.7	12.604306057763331
118.8	12.498947110376665
118.9	12.305626747156667
119.	12.02964297971
119.1	11.67769944769
119.2	11.257740526013333
119.3	10.778766768179999
119.4	10.250635047633333
119.5	9.683847945779998
119.6	9.08933701296
119.7	8.478244496513334
119.8	7.861708000063333
119.9	7.250652308269999
120.	6.655592300246665
120.1	6.086450486663333
120.2	5.552392258226666
120.3	5.061681437603333
120.4	4.62155819807
120.5	4.238140864996666
120.6	3.91635256427
120.7	3.6598731376066667
120.8	3.4711162215599995
120.9	3.351230894258333
121.	3.3001268415666667
121.1	3.316521588913
121.2	3.3980079923426665
121.3	3.541139885792666
121.4	3.7415335431966668
121.5	3.9939824339633327
121.6	4.292582627443333
121.7	4.6308661341
121.8	5.001939454696666
121.9	5.398624639973333
122.	5.813600237573333
122.1	6.23953961562
122.2	6.669244298573332
122.3	7.095770126190001
122.4	7.512544246036666
122.5	7.91347117018
122.6	8.293026363766666
122.7	8.646336082693333
122.8	8.96924243943
122.9	9.258352942403334
123.	9.511074029189999
123.1	9.725628387956665
123.2	9.901056137189999
123.3	10.037200207103332
123.4	10.134676531353334
123.5	10.1948299172
123.6	10.219676707023332
123.7	10.211835574283334
123.8	10.174448006516666
123.9	10.111090214033334
124.	10.025678361299999
124.1	9.922369142183332
124.2	9.80545781155
124.3	9.679275834479999
124.4	9.548090323689998
124.5	9.416007398253331
124.6	9.286881516849999
124.7	9.164232710316666
124.8	9.051173468119998
124.9	8.950346820013333
125.	8.863876902156665
125.1	8.793333012823332
125.2	8.739707848783333
125.3	8.703410281063332
125.4	8.684272682463332
125.5	8.681572467896665
125.6	8.694067164383332
125.7	8.720041993843333
125.8	8.75736864404
125.9	8.803573624323334
126.	8.855914364699998
126.1	8.911461023636665
126.2	8.967181830823332
126.3	9.020029704836666
126.4	9.067027862863334
126.5	9.105352172723332
126.6	9.132408092813332
126.7	9.145900198326666
126.8	9.143892496373333
126.9	9.124857986083333
127.	9.087716214959999
127.1	9.031857908349998
127.2	8.957156102286667
127.3	8.863963572646666
127.4	8.753096726259999
127.5	8.625806481816666
127.6	8.48373701856
127.7	8.328873593816667
127.8	8.1634809223
127.9	7.990033859736667
128.	7.8111423367966655
128.1	7.629472641336666
128.2	7.447667242806666
128.3	7.268265391706667
128.4	7.093626708853333
128.5	6.925859903466666
128.6	6.766758629886667
128.7	6.6177463128
128.8	6.479831545006666
128.9	6.353575396369999
129.	6.2390716736266665
129.1	6.135940845903333
129.2	6.043338007266667
129.3	5.959974893716667
129.4	5.88415561546
129.5	5.813825413866667
129.6	5.74663141413
129.7	5.679994026636667
129.8	5.611187358779999
129.9	5.5374267418633325
130.	5.455961259223333
130.1	5.364168988273333
130.2	5.259652543606666
130.3	5.140332435903334
130.4	5.004535742869999
130.5	4.851077627486666
130.6	4.679333334513332
130.7	4.489298449576666
130.8	4.28163541396
130.9	4.057704550593334
131.	3.819578168593333
131.1	3.5700366704933337
131.2	3.312545982002
131.3	3.0512160511079998
131.4	2.790740614222667
131.5	2.536318891462
131.6	2.2935603415956667
131.7	2.0683740688016665
131.8	1.8668449161644998
131.9	1.6950986939617665
132.	1.5591593619253232
132.1	1.4648013032408667
132.2	1.4174000828969
132.3	1.4217852651160001
132.4	1.4820989653716667
132.5	1.601663825832
132.6	1.7828640240399998
132.7	2.0270427514526665
132.8	2.3344193306589998
132.9	2.704028780976666
133.	3.1336861966
133.1	3.6199777777566666
133.2	4.158279763653333
133.3	4.74280586943
133.4	5.366683142723333
133.5	6.0220554450599995
133.6	6.7002130473933335
133.7	7.3917461275499985
133.8	8.086719285303332
133.9	8.774863574813333
134.	9.44578200239
134.1	10.08916397714
134.2	10.69500383976
134.3	11.253818348849999
134.4	11.756857882196664
134.5	12.196306118769998
134.6	12.565463112319998
134.7	12.858906945383334
134.8	13.07262956273
134.9	13.20414291602
135.	13.252552198089997
135.1	13.218593688443331
135.2	13.10463555787
135.3	12.91464086574
135.4	12.654092910103333
135.5	12.329884032366666
135.6	11.950169912196666
135.7	11.524192288899998
135.8	11.062073889979999
135.9	10.574590111313334
136.	10.07292265641
136.1	9.568400883943333
136.2	9.072237020543332
136.3	8.595261650326666
136.4	8.147665992443333
136.5	7.73875741205
136.6	7.376734379913334
136.7	7.068486704383332
136.8	6.8194263151099985
136.9	6.633353189171666
137.	6.512360196313333
137.1	6.456779718452234
137.2	6.4651738881273335
137.3	6.534369221500666
137.4	6.6595353153003325
137.5	6.8343061616766665
137.6	7.050941542639999
137.7	7.300524917576666
137.8	7.5731932472666665
137.9	7.858393326550001
138.	8.145158451026667
138.1	8.42239864091
138.2	8.679197205163334
138.3	8.905106163603334
138.4	9.090432964566666
138.5	9.226511045753332
138.6	9.30594708365
138.7	9.322838263443332
138.8	9.272953561169999
138.9	9.153873853426665
139.	8.965086639946666
139.1	8.708032254056667
139.2	8.386099626903333
139.3	8.004570929989999
139.4	7.570515718513333
139.5	7.09263650489
139.6	6.581068971173334
139.7	6.04714125189
139.8	5.503097850633333
139.9	4.961794764613333
140.	4.436373253603334
140.1	3.9399203780966667
140.2	3.4851249242233333
140.3	3.08393761441
140.4	2.7472445599633333
140.5	2.484562739463333
140.6	2.3037658834499997
140.7	2.2108485174466663
140.8	2.2097350727969998
140.9	2.302139934775333
141.	2.487483083413
141.1	2.76286462091
141.2	3.1231000036636662
141.3	3.5608162420426663
141.4	4.066607735961299
141.5	4.629248820707
141.6	5.235958545836667
141.7	5.872711743595333
141.8	6.5245891011236665
141.9	7.176157771760001
142.	7.811873079966999
142.1	8.416491120346667
142.2	8.975481550676665
142.3	9.475429649636666
142.4	9.904416762806665
142.5	10.252368602063335
142.6	10.511361489316666
142.7	10.675877535243332
142.8	10.743000898619998
142.9	10.712548658963332
143.	10.587131419216666
143.1	10.372140500530001
143.2	10.075660456123332
143.3	9.708307565493334
143.4	9.282996928076665
143.5	8.81464270544
143.6	8.319797909910001
143.7	7.816241859083334
143.8	7.322524959926665
143.9	6.857481812089999
144.	6.439724686676667
144.1	6.08713021514
144.2	5.816332584696667
144.3	5.64223666593
144.4	5.577564285006667
144.5	5.632446297313334
144.6	5.81407222681
144.7	6.126408025686667
144.8	6.569991004373334
144.9	7.141809216023334
145.	7.835270591593332
145.1	8.640264957553333
145.2	9.543319778606666
145.3	10.527848107866667
145.4	11.57448485234
145.5	12.661505133986667
145.6	13.765316301376666
145.7	14.861013083486664
145.8	15.922983526853333
145.9	16.925551774183333
146.	17.84364246463333
146.1	18.65345060918
146.2	19.333100238646665
146.3	19.863274969326667
146.4	20.227803886833332
146.5	20.414186816163333
146.6	20.41404412366667
146.7	20.223477661403333
146.8	19.84333129261
146.9	19.279341594196666
147.	18.542171772796667
147.1	17.64732450147
147.2	16.614932230893334
147.3	15.46942648153
147.4	14.239090618973332
147.5	12.955503578646667
147.6	11.65288487026
147.7	10.367353880300001
147.8	9.136118939173333
147.9	7.996613760123332
148.	6.985600628143333
148.1	6.138261073766667
148.2	5.48729565506
148.3	5.06205486689
148.4	4.887723069556666
148.5	4.984576672326666
148.6	5.3673366198500005
148.7	6.044633526346666
148.8	7.018601609560001
148.9	8.284614934100333
149.	9.831176431807666
149.1	11.639966788843
149.2	13.686056647052332
149.3	15.938281741891064
149.4	18.359776677371098
149.5	20.908659114817066
149.6	23.5388523192642
149.7	26.201030362194004
149.8	28.8436669161
149.9	31.41416558257633
150.	33.860047156858
150.1	36.130167218829996
150.2	38.17593601881333
150.3	39.95251184476
150.4	41.419938952526664
150.5	42.54420172733
150.6	43.29816803576
150.7	43.66239669542666
150.8	43.625786617306666
150.9	43.186048397360004
151.	42.34998290412
151.1	41.13355562856667
151.2	39.561760161803335
151.3	37.668269001919995
151.4	35.49487491238333
151.5	33.09073106945333
151.6	30.511403182279995
151.7	27.81775149744
151.8	25.074664987036662
151.9	22.34967397196333
152.	19.71147082702
152.1	17.22837117305
152.2	14.966749996906666
152.3	12.989488399013332
152.4	11.354467098713332
152.5	10.113142417496665
152.6	9.30923919264
152.7	8.977592979833332
152.8	9.143171011043332
152.9	9.820297744033333
153.	11.012106551906665
153.1	12.710234240473334
153.2	14.894769762066668
153.3	17.534462831859997
153.4	20.587192277123332
153.5	24.000687994626666
153.6	27.713494497236667
153.7	31.656158329809998
153.8	35.752616268286666
153.9	39.92175630462667
154.	44.079119085903336
154.1	48.13870382335
154.2	52.01483980905667
154.3	55.624082633700006
154.4	58.88709307379333
154.5	61.730456410589994
154.6	64.08840068813666
154.7	65.90437411183333
154.8	67.13244438661333
154.9	67.73848626501
155.	67.70112782613333
155.1	67.01243098603
155.2	65.67828730469
155.3	63.71851622528
155.4	61.16665929445999
155.5	58.06947056084999
155.6	54.48611006804666
155.7	50.48705400551333
155.8	46.15274152205999
155.9	41.57198427727667
156.	36.84017038017333
156.1	32.057299334666666
156.2	27.32588879841667
156.3	22.748797356356665
156.4	18.427009937959998
156.5	14.45743396637
156.6	10.930754739719998
156.7	7.929397901573333
156.8	5.525645150056666
156.9	3.7799465928266667
157.	2.7394694177476673
157.1	2.4369178872933333
157.2	2.8896541658166663
157.3	4.099143261596667
157.4	6.050738535783332
157.5	8.713816939260001
157.6	12.042265540413332
157.7	15.975313163384332
157.8	20.438693239924
157.9	25.346116456305666
158.	30.601024623622667
158.1	36.09859057915833
158.2	41.72792299295
158.3	47.37442985861933
158.4	52.92229030048499
158.5	58.256981270876665
158.6	63.26780378232334
158.7	67.85035263585333
158.8	71.90887414055666
158.9	75.35845814868667
159.	78.12701375731666
159.1	80.15698226979666
159.2	81.40674633623334
159.3	81.85170053343666
159.4	81.48495584096332
159.5	80.3176583855
159.6	78.37891128950334
159.7	75.71529726856
159.8	72.39000858351
159.9	68.48159988295
160.	64.08238811867668
160.1	59.29653191482333
160.2	54.23783032508334
160.3	49.027287595509996
160.4	43.790496263483334
160.5	38.654895468579994
160.6	33.74696464910333
160.7	29.189414728703333
160.8	25.098439445193335
160.9	21.5810885708
161.	18.73282246539333
161.1	16.635303715846664
161.2	15.35447663241
161.3	14.938979200716666
161.4	15.418924865036665
161.5	16.805083408903332
161.6	19.088481383306664
161.7	22.2404332168
161.8	26.213004535936665
161.9	30.93989955312
162.	36.33775486045666
162.1	42.307812826526664
162.2	48.737939235060004
162.3	55.504942028183336
162.4	62.477141199399995
162.5	69.51713418270666
162.6	76.48469662229667
162.7	83.23975529759332
162.8	89.64536827863999
162.9	95.57064713911667
163.	100.89355725159666
163.1	105.50353483196666
163.2	109.30386336958333
163.3	112.21375735619333
163.4	114.17010762515
163.5	115.12885002192999
163.6	115.06592738390334
163.7	113.97782369568333
163.8	111.88165864829332
163.9	108.81484042515666
164.	104.83428418068002
164.1	100.01521312873334
164.2	94.44956824786667
164.3	88.24406110549666
164.4	81.51791204559999
164.5	74.40032280343334
164.6	67.02773834139667
164.7	59.540957261619994
164.8	52.08215339177667
164.9	44.79187305731333
165.	37.806073034120004
165.1	31.253263288653336
165.2	25.251816306606663
165.3	19.907501187803334
165.4	15.31129579641
165.5	11.537524211176667
165.6	8.642359652953333
165.7	6.662725123106665
165.8	5.615615337189333
165.9	5.49785436738
166.	6.286293912053333
166.1	7.938447494166667
166.2	10.393546357336666
166.3	13.57399359017
166.4	17.387184260279998
166.5	21.727651277006665
166.6	26.479489498519996
166.7	31.519004420899996
166.8	36.71752676716667
166.9	41.94433055666
167.	47.06958985428666
167.1	51.96730846252832
167.2	56.518157305422335
167.3	60.612156229295664
167.4	64.1511403027543
167.5	67.05095542156329
167.6	69.24333400377733
167.7	70.677408645494
167.8	71.32082968048833
167.9	71.16046145379667
168.	70.20264156767999
168.1	68.47299722262
168.2	66.01582277285333
168.3	62.893032575869995
168.4	59.18271286055666
168.5	54.977305491126664
168.6	50.381464895440004
168.7	45.50963692657666
168.8	40.4834147845
168.9	35.428732257486665
169.	30.47295826349
169.1	25.741958946086662
169.2	21.35719430079333
169.3	17.432915491553334
169.4	14.073526661776665
169.5	11.37117120682333
169.6	9.403597248973332
169.7	8.23235055864
169.8	7.901335557726332
169.9	8.435776497526
170.	9.841601633493331
170.1	12.10526344191
170.2	15.193997871513334
170.3	19.05651553949
170.4	23.62410790141
170.5	28.812141986586667
170.6	34.521908512686664
170.7	40.642780283086665
170.8	47.054630908069996
170.9	53.63045823253
171.	60.23915252754999
171.1	66.74834658657667
171.2	73.02728344724666
171.3	78.94963751642332
171.4	84.39622642523665
171.5	89.25755392059332
171.6	93.43612841280665
171.7	96.84850734408333
171.8	99.42702418356666
171.9	101.12116238185334
172.	101.89854889950331
172.1	101.74554872243665
172.2	100.66745088915667
172.3	98.68824577202
172.4	95.8500024568
172.5	92.21186386538332
172.6	87.84868551884665
172.7	82.84935144528333
172.8	77.31480743974
172.9	71.35585763855667
173.	65.09077498309
173.1	58.6427795983
173.2	52.137441295609996
173.3	45.70006332015333
173.4	39.453104108043334
173.5	33.51369219484333
173.6	27.99128663341
173.7	22.985531348533332
173.8	18.58434695570333
173.9	14.862297760146667
174.	11.87926511796
174.1	9.67945120997
174.2	8.290729729416665
174.3	7.724352180103333
174.4	7.97501059981
174.5	9.02124973231
174.6	10.826214143733333
174.7	13.338708668253334
174.8	16.49454402935
174.9	20.21813364536
175.	24.424302614446667
175.1	29.020265781606668
175.2	33.90772869743
175.3	38.985063245443335
175.4	44.14950877172001
175.5	49.29934971047666
175.6	54.33602195038666
175.7	59.16610249067333
175.8	63.703140225809996
175.9	67.86928992262666
176.	71.59671646527666
176.1	74.82874217984333
176.2	77.52071632277666
176.3	79.64059254253
176.4	81.16920707373332
176.5	82.10025751548332
176.6	82.43998904852666
176.7	82.20660174353667
176.8	81.42939902474666
176.9	80.14770322672666
177.	78.40956940682666
177.1	76.27033298057667
177.2	73.79103028195667
177.3	71.03673368336666
177.4	68.07484440414666
177.5	64.97338656792333
177.6	61.79934537259667
177.7	58.617090519319994
177.8	55.48692324639333
177.9	52.46378159941
178.	49.596133961603336
178.1	46.92508552394333
178.2	44.483716426036665
178.3	42.296663884206666
178.4	40.37995393321667
178.5	38.74108159906666
178.6	37.37933158638
178.7	36.28632507705667
178.8	35.44677217518666
178.9	34.83940405906333
179.	34.438054164540006
179.1	34.21285385328666
179.2	34.13150512311666
179.3	34.16059107350333
179.4	34.26688410259666
179.5	34.41861219843334
179.6	34.58664519254
179.7	34.745565421753334
179.8	34.874590824496664
179.9	34.95832298159666
180.	34.987297869349995