# O+CO(0,0) elastic diff. cross section
# E = 0.0004 eV
# angle, CS (1e-16 cm^2)
0.1	22394.35934895333
0.2	22362.582185146664
0.3	22309.708655686663
0.4	22235.871043743333
0.5	22141.253883190002
0.6	22026.093299229997
0.7	21890.676165946665
0.8	21735.33908400333
0.9	21560.467183039997
1.	21366.492754033334
1.1	21153.893717779996
1.2	20923.191935526665
1.3	20674.951369936665
1.4	20409.776103386666
1.5	20128.308223043332
1.6	19831.225581040002
1.7	19519.239439979996
1.8	19193.092013316666
1.9	18853.553911259998
2.	18501.421503269998
2.1	18137.514207886667
2.2	17762.671721283332
2.3	17377.75119665333
2.4	16983.624385136667
2.5	16581.17475133
2.6	16171.294573973333
2.7	15754.882044589998
2.8	15332.838374973333
2.9	14906.064925876664
3.	14475.460367463333
3.1	14041.917883539998
3.2	13606.322429436666
3.3	13169.548054856667
3.4	12732.455301349999
3.5	12295.888684196667
3.6	11860.674267833334
3.7	11427.617343663333
3.8	10997.500218123332
3.9	10571.080118883334
4.	10149.087225753334
4.1	9732.22283277
4.2	9321.157647186667
4.3	8916.530230226666
4.4	8518.945583733333
4.5	8128.973886466667
4.6	7747.149382773333
4.7	7373.9694258399995
4.8	7009.893676816666
4.9	6655.343460623333
5.	6310.701278079667
5.1	5976.310474333999
5.2	5652.475061236667
5.3	5339.459692412666
5.4	5037.489787945666
5.5	4746.751805009667
5.6	4467.393651263334
5.7	4199.525235611332
5.8	3943.2191520179995
5.9	3698.5114902276664
6.	3465.402767664
6.1	3243.858975933667
6.2	3033.8127350103337
6.3	2835.1645479679996
6.4	2647.784148582333
6.5	2471.5119340976667
6.6	2306.1604750223332
6.7	2151.5160937709998
6.8	2007.3405037226667
6.9	1873.3725002329998
7.	1749.3296951156667
7.1	1634.9102859283332
7.2	1529.7948516689999
7.3	1433.648166311
7.4	1346.1210219473332
7.5	1266.852053251
7.6	1195.4695553016666
7.7	1131.5932869636665
7.8	1074.836252312
7.9	1024.8064527736665
8.	981.1086031599999
8.1	943.3458049006667
8.2	911.1211703019999
8.3	884.0393919859999
8.4	861.7082520613333
8.5	843.7400660129999
8.6	829.7530568120001
8.7	819.3726550303332
8.8	812.232721435
8.9	807.9766887486667
9.	806.2586200133334
9.1	806.7441811953333
9.2	809.1115263759999
9.3	813.0520942029999
9.4	818.2713147586666
9.5	824.4892265543333
9.6	831.441003663
9.7	838.8773935693334
9.8	846.5650666399999
9.9	854.2868785953333
10.	861.8420476813333
10.1	869.0462486793333
10.2	875.7316261803333
10.3	881.7467299013333
10.4	886.9563751026667
10.5	891.2414315096667
10.6	894.498544266
10.7	896.6397907903333
10.8	897.5922775660001
10.9	897.297681047
11.	895.7117370186667
11.1	892.803682901
11.2	888.5556575303333
11.3	882.9620630343334
11.4	876.0288934773334
11.5	867.7730349563333
11.6	858.2215417499999
11.7	847.4108932279998
11.8	835.386236023
11.9	822.2006159586665
12.	807.9142041526666
12.1	792.5935214903334
12.2	776.3106656256666
12.3	759.1425444566667
12.4	741.1701198259999
12.5	722.4776650959999
12.6	703.1520398839999
12.7	683.281985242
12.8	662.9574421236666
12.9	642.2688959059999
13.	621.306749416
13.1	600.1607266713334
13.2	578.9193093313334
13.3	557.669207546
13.4	536.4948666803333
13.5	515.478011139
13.6	494.6972262096666
13.7	474.2275786806666
13.8	454.14027666699997
13.9	434.5023688903333
14.	415.3764834023333
14.1	396.82060553966664
14.2	378.88789466033325
14.3	361.62653903033333
14.4	345.07964802533326
14.5	329.28518063
14.6	314.27590906266664
14.7	300.0794161746667
14.8	286.71812516166665
14.9	274.20935995933337
15.	262.5654346216666
15.1	251.79376984133333
15.2	241.89703471566668
15.3	232.87331177833335
15.4	224.71628324933332
15.5	217.41543644033334
15.6	210.95628619233332
15.7	205.32061223333335
15.8	200.486709325
15.9	196.42964808466667
16.	193.12154439300002
16.1	190.53183533433332
16.2	188.62755965466664
16.3	187.373640789
16.4	186.73317057
16.5	186.66769181166666
16.6	187.13747803666664
16.7	188.10180871433332
16.8	189.519238477
16.9	191.34785887693334
17.	193.54555135916667
17.1	196.07023024839998
17.2	198.8800746438
17.3	201.93374825523335
17.4	205.19060631999997
17.5	208.61088886813332
17.6	212.15589972213334
17.7	215.7881707382333
17.8	219.47161091249998
17.9	223.17164009649997
18.	226.85530717370003
18.1	230.49139266496664
18.2	234.05049583286666
18.3	237.50510645009996
18.4	240.82966151036663
18.5	244.0005872274
18.6	246.9963267714
18.7	249.7973542547333
18.8	252.38617556236665
18.9	254.7473166775
19.	256.86730021076664
19.1	258.7346108973333
19.2	260.3396508605666
19.3	261.6746854795333
19.4	262.73378072799994
19.5	263.5127328617666
19.6	264.0089913630333
19.7	264.2215760363666
19.8	264.1509891635667
19.9	263.7991236140333
20.	263.16916779129997
20.1	262.26550827619997
20.2	261.0936310127
20.3	259.66002183669997
20.4	257.9720671213
20.5	256.03795527439996
20.6	253.86657977793334
20.7	251.4674444117
20.8	248.85057124919996
20.9	246.02641197666665
21.	243.0057630109333
21.1	239.79968485513336
21.2	236.4194260533
21.3	232.87635207426666
21.4	229.18187936573332
21.5	225.3474147906333
21.6	221.38430057969998
21.7	217.30376489059998
21.8	213.11687800453333
21.9	208.8345141397
22.	204.4673188123333
22.1	200.0256816287333
22.2	195.51971433889997
22.3	190.95923395899996
22.4	186.35375071016668
22.5	181.71246050303333
22.6	177.04424166166666
22.7	172.35765554787667
22.8	167.66095073406666
22.9	162.96207034807998
23.	158.26866219873332
23.1	153.58809128413
23.2	148.92745427426334
23.3	144.29359556056
23.4	139.69312446229665
23.5	135.13243319318332
23.6	130.61771519030998
23.7	126.15498342808999
23.8	121.75008835216666
23.9	117.40873509001666
24.	113.13649961291333
24.1	108.93884354983334
24.2	104.82112738704998
24.3	100.78862180105
24.4	96.84651692263665
24.5	92.99992934037
24.6	89.25390670889331
24.7	85.61342983459333
24.8	82.08341217107332
24.9	78.66869667238666
25.	75.37404999699999
25.1	72.20415408585333
25.2	69.16359517057333
25.3	66.25685030241334
25.4	63.48827151966666
25.5	60.86206780688333
25.6	58.38228501955
25.7	56.05278397892332
25.8	53.87721696295
25.9	51.85900284034333
26.	50.00130111349999
26.1	48.30698515234667
26.2	46.778614912773335
26.3	45.41840944540667
26.4	44.22821950526333
26.5	43.209500579823334
26.6	42.36328665083
26.7	41.690165006996665
26.8	41.19025241673666
26.9	40.863172964806665
27.	40.70803784429666
27.1	40.72342738406999
27.2	40.907375574153335
27.3	41.257357334830004
27.4	41.77027875320333
27.5	42.442470490299996
27.6	43.26968453467333
27.7	44.24709445479333
27.8	45.36929927309999
27.9	46.63033105612667
28.	48.02366628558
28.1	49.54224104357667
28.2	51.17847001547333
28.3	52.924269280539995
28.4	54.77108283102666
28.5	56.70991272739333
28.6	58.73135276831333
28.7	60.825625522993334
28.8	62.982622545149994
28.9	65.19194755993
29.	67.44296238943333
29.1	69.724835356
29.2	72.0265918849
29.3	74.33716699989999
29.4	76.64545939086666
29.5	78.94038672006667
29.6	81.21094181143333
29.7	83.44624936503334
29.8	85.63562282036665
29.9	87.7686210015
30.	89.8351041544
30.1	91.8252890071
30.2	93.7298024686
30.3	95.53973359943332
30.4	97.24668349143333
30.5	98.84281270379998
30.6	100.32088591489999
30.7	101.67431347263332
30.8	102.89718953653335
30.9	103.98432652883334
31.	104.93128563453332
31.1	105.73440311719999
31.2	106.39081223953333
31.3	106.8984606096
31.4	107.25612280206664
31.5	107.46340813566667
31.6	107.52076351693331
31.7	107.4294712956
31.8	107.19164211153333
31.9	106.81020273873334
32.	106.28887897753334
32.1	105.63217366706667
32.2	104.84533993036668
32.3	103.9343497936
32.4	102.90585835623332
32.5	101.76716370909999
32.6	100.52616283863333
32.7	99.19130377546668
32.8	97.77153427219999
32.9	96.27624731676667
33.	94.71522381886666
33.1	93.09857281293333
33.2	91.4366695486
33.3	89.7400918507
33.4	88.01955514316667
33.5	86.28584654053334
33.6	84.54975841870001
33.7	82.82202188049999
33.8	81.11324053463332
33.9	79.43382500053333
34.	77.7939285536
34.1	76.2033843174
34.2	74.67164439296667
34.3	73.20772131886666
34.4	71.820132221
34.5	70.51684601346666
34.6	69.30523398076666
34.7	68.19202405423331
34.8	67.18325906976666
34.9	66.28425927756666
35.	65.49958933446666
35.1	64.83302998833332
35.2	64.28755464033333
35.3	63.865310925366664
35.4	63.567607432
35.5	63.3949056475
35.6	63.346817172333324
35.7	63.42210623373334
35.8	63.618697471666664
35.9	63.93368895573333
36.	64.36337035263332
36.1	64.90324612593334
36.2	65.54806362809998
36.3	66.29184590686667
36.4	67.12792902513333
36.5	68.04900365796665
36.6	69.04716070953333
36.7	70.11394066829999
36.8	71.24038639203333
36.9	72.41709899626666
37.	73.63429649916667
37.1	74.88187486126667
37.2	76.14947104456667
37.3	77.4265276977
37.4	78.70235907343333
37.5	79.9662177715
37.6	81.2073618977
37.7	82.4151222268
37.8	83.5789689595
37.9	84.68857766829998
38.	85.73389402566666
38.1	86.7051969265
38.2	87.59315962016666
38.3	88.3889084818
38.4	89.08407906923334
38.5	89.67086913076668
38.6	90.14208824253333
38.7	90.4912037817
38.8	90.71238296106665
38.9	90.800530678
39.	90.75132295276666
39.1	90.56123576329999
39.2	90.22756910673333
39.3	89.748466152
39.4	89.12292737693333
39.5	88.35081960819998
39.6	87.4328799225
39.7	86.37071439179999
39.8	85.16679168719999
39.9	83.82443159176667
40.	82.3477884932
40.1	80.74182997093334
40.2	79.01231060456666
40.3	77.16574117379999
40.4	75.20935343849999
40.5	73.151060715
40.6	70.99941448653333
40.7	68.76355731683333
40.8	66.4531723463
40.9	64.07842967366665
41.	61.649929948899995
41.1	59.178645505533325
41.2	56.675859389233324
41.3	54.15310263803333
41.4	51.62209018123333
41.5	49.094655739733334
41.6	46.58268609946666
41.7	44.09805514596667
41.8	41.652558036333325
41.9	39.25784589209999
42.	36.92536138483333
42.1	34.6662755823
42.2	32.49142641333333
42.3	30.411259099066662
42.4	28.43576888373333
42.5	26.574446384866665
42.6	24.836225864166664
42.7	23.229436703276665
42.8	21.761758347923333
42.9	20.440178962559997
43.	19.270958014686666
43.1	18.259592984383332
43.2	17.410790369796665
43.3	16.728441132966665
43.4	16.21560070459
43.5	15.874473638906665
43.6	15.706402982923331
43.7	15.711864396706666
43.8	15.890465033139998
43.9	16.240947159739996
44.	16.761196476476663
44.1	17.448255057546664
44.2	18.298338819263332
44.3	19.306859390999996
44.4	20.468450240503334
44.5	21.77699688374333
44.6	23.225670985556665
44.7	24.806968136873337
44.8	26.512749075623333
44.9	28.334284099676665
45.	30.262300403939996
45.1	32.28703205935666
45.2	34.39827233875333
45.3	36.58542808253333
45.4	38.837575789536665
45.5	41.14351910927333
45.6	43.491847407799995
45.7	45.87099507573333
45.8	48.26930124459
45.9	50.67506957927666
46.	53.076627815533335
46.1	55.46238671953333
46.2	57.820898143473336
46.3	60.1409118727
46.4	62.41143095609332
46.5	64.62176523054833
46.6	66.76158276602565
46.7	68.820958956195
46.8	70.790423022067
46.9	72.66100168165866
47.	74.42425978834433
47.1	76.072337730681
47.2	77.59798542975233
47.3	78.994592780667
47.4	80.256216401232
47.5	81.37760258829766
47.6	82.35420638920732
47.7	83.182206729287
47.8	83.85851755380833
47.9	84.38079496533032
48.	84.747440369693
48.1	84.95759964707
48.2	85.01115841178667
48.3	84.90873342011267
48.4	84.65166023054033
48.5	84.24197721992033
48.6	83.68240609316632
48.7	82.97632903746933
48.8	82.12776268482766
48.9	81.14132907006632
49.	80.022223780451
49.1	78.776181510994
49.2	77.40943924842566
49.3	75.92869731719233
49.4	74.34107853294
49.5	72.65408571427334
49.6	70.87555780792667
49.7	69.01362489247666
49.8	67.07666232154999
49.9	65.07324427687333
50.	63.01209699091001
50.1	60.90205190605332
50.2	58.75199903450999
50.3	56.57084076465999
50.4	54.36744637433
50.5	52.1506074852
50.6	49.92899469416666
50.7	47.711115604773326
50.8	45.505274470109995
50.9	43.319533643726665
51.	41.161677030756664
51.1	39.03917570167333
51.2	36.95915583458667
51.3	34.92836912067
51.4	32.95316575906
51.5	31.039470149746666
51.6	29.19275937349
51.7	27.418044532546663
51.8	25.719855006963332
51.9	24.102225664783333
52.	22.568687044766666
52.1	21.122258515633334
52.2	19.765444395319996
52.3	18.50023299976
52.4	17.328098572046663
52.5	16.250006028436665
52.6	15.266418441293334
52.7	14.377307165136665
52.8	13.582164498163332
52.9	12.880018757996666
53.	12.269451639433331
53.1	11.748617710100001
53.2	11.315265890276667
53.3	10.966762754480001
53.4	10.700117483633335
53.5	10.512008291546666
53.6	10.398810142346665
53.7	10.356623572095666
53.8	10.381304424485332
53.9	10.468494308726333
54.	10.613651586296665
54.1	10.812082694556665
54.2	11.058973616216665
54.3	11.349421306299998
54.4	11.678464891803333
54.5	12.04111646531
54.6	12.432391297059997
54.7	12.847337299746664
54.8	13.28106358504333
54.9	13.728767961816667
55.	14.185763232833333
55.1	14.647502158733333
55.2	15.109600966899999
55.3	15.567861295399997
55.4	16.018290471833332
55.5	16.457120040699998
55.6	16.88082246453333
55.7	17.286125935233333
55.8	17.67002724696667
55.9	18.0298026925
56.	18.363016959066663
56.1	18.667530012033332
56.2	18.941501965833332
56.3	19.183395956566663
56.4	19.391979039733332
56.5	19.566321150166665
56.6	19.705792170966667
56.7	19.810057170566665
56.8	19.87906987423333
56.9	19.913064450033332
57.	19.912545693666665
57.1	19.878277708366664
57.2	19.811271180666665
57.3	19.712769362099998
57.4	19.5842328705
57.5	19.42732343113333
57.6	19.243886681366664
57.7	19.035934166933334
57.8	18.8056246586
57.9	18.55524492216667
58.	18.287190074166666
58.1	18.0039436548
58.2	17.708057551899998
58.3	17.402131905066668
58.4	17.088795117799997
58.5	16.770684104299995
58.6	16.450424889966666
58.7	16.13061368423333
58.8	15.8137985364
58.9	15.5024616809
59.	15.199002671399999
59.1	14.905722397666667
59.2	14.624808069866667
59.3	14.3583192497
59.4	14.108174997833332
59.5	13.876142200666665
59.6	13.663825129300001
59.7	13.472656276176668
59.8	13.303888505823332
59.9	13.158588546730002
60.	13.037631843379998
60.1	12.941698777923332
60.2	12.871272262999998
60.3	12.826636697633333
60.4	12.807878271193331
60.5	12.814886590793332
60.6	12.84735760044
60.7	12.904797753063335
60.8	12.98652938835
60.9	13.091697263833332
61.	13.219276179100001
61.1	13.368079628466667
61.2	13.536769411099998
61.3	13.723866123266664
61.4	13.927760453033333
61.5	14.146725193999998
61.6	14.3789278919
61.7	14.622444034399999
61.8	14.875270693466664
61.9	15.135340527966665
62.	15.400536053166665
62.1	15.668704083766666
62.2	15.937670257366666
62.3	16.2052535465
62.4	16.469280668270002
62.5	16.727600303386666
62.6	16.978097037876665
62.7	17.21870494475333
62.8	17.447420725916665
62.9	17.66231633807333
63.	17.86155103146
63.1	18.043382734143336
63.2	18.206178720009998
63.3	18.348425503503336
63.4	18.46873791027
63.5	18.56586727750333
63.6	18.638708745169996
63.7	18.68630760386
63.8	18.707864672259998
63.9	18.702740683056668
64.	18.670459662426666
64.1	18.610711294006666
64.2	18.52335226592
64.3	18.408406603176665
64.4	18.266064996533334
64.5	18.096683142369997
64.6	17.90077911532333
64.7	17.679029800276666
64.8	17.43226641555667
64.9	17.161469164
65.	16.86776105405
65.1	16.552400935983332
65.2	16.21677580354
65.3	15.862392414279999
65.4	15.490868285633333
65.5	15.103922125873332
65.6	14.703363762656666
65.7	14.29108363289
65.8	13.869041900099997
65.9	13.439257266299999
66.	13.003795546446668
66.1	12.564758073883334
66.2	12.124270005329999
66.3	11.684468593276666
66.4	11.247491493413332
66.5	10.815465173259998
66.6	10.390493486243333
66.7	9.974646475033333
66.8	9.569949463386665
66.9	9.178372496006666
67.	8.80182018067
67.1	8.442121985456666
67.2	8.101023039586666
67.3	7.78017548338
67.4	7.48113040866
67.5	7.205330427306667
67.6	6.95410290136
67.7	6.72865386364
67.8	6.530062654116667
67.9	6.3592772922066665
68.	6.217110601056666
68.1	6.104237095140999
68.2	6.021190638575666
68.3	5.9683628762783325
68.4	5.946002436325999
68.5	5.9542148976953335
68.6	5.992963512548666
68.7	6.062070668906999
68.8	6.161220075766666
68.9	6.289959647746667
69.	6.4477050647833325
69.1	6.633743976689999
69.2	6.847240821353333
69.3	7.087242221346667
69.4	7.352682920813333
69.5	7.642392223356666
69.6	7.955100887943333
69.7	8.289448439263333
69.8	8.643990846993333
69.9	9.017208526606666
70.	9.407514614176666
70.1	9.813263466633332
70.2	10.232759338009998
70.3	10.664265183163332
70.4	11.106011539253332
70.5	11.556205436986668
70.6	12.01303929297
70.7	12.47469973724333
70.8	12.939376328896666
70.9	13.405270116459999
71.	13.870601999893333
71.1	14.33362085297
71.2	14.792611367903334
71.3	15.245901585173332
71.4	15.691870074063331
71.5	16.128952733143333
71.6	16.555649180543334
71.7	16.970528708720334
71.8	17.372235779632334
71.9	17.759495040599
72.	18.131115842687667
72.1	18.48599624765233
72.2	18.823126512430665
72.3	19.141592041999665
72.4	19.440575806235
72.5	19.719360218284
72.6	19.977328475168
72.7	20.21396536432633
72.8	20.428857542556663
72.9	20.62169329660833
73.	20.792261797547
73.1	20.94045186262833
73.2	21.066250241802333
73.3	21.16973944799033
73.4	21.251095151703666
73.5	21.310583163012996
73.6	21.34855602581267
73.7	21.365449250534667
73.8	21.361777212694335
73.9	21.338128746361335
74.	21.295162462584663
74.1	21.233601823037
74.2	21.15423000048
74.3	21.057884558262664
74.4	20.945451980191997
74.5	20.817862083429333
74.6	20.676082346595
74.7	20.521112184774665
74.8	20.353977202617997
74.9	20.175723457196668
75.	19.987411759289333
75.1	19.790112043894332
75.2	19.58489783685267
75.3	19.372840845350666
75.4	19.155005697424667
75.5	18.932444855578
75.6	18.706193726201334
75.7	18.477265987184666
75.8	18.246649152576666
75.9	18.015300392353666
76.	17.784142623291665
76.1	17.554060885439668
76.2	17.325899016155
76.3	17.100456632503
76.4	16.87848643052
76.5	16.660691808034002
76.6	16.44772481588433
76.7	16.24018444043333
76.8	16.038615218538666
76.9	15.843506184350996
77.	15.655290145366665
77.1	15.474343283796665
77.2	15.300985077153332
77.3	15.135478531373332
77.4	14.978030716923332
77.5	14.828793598319999
77.6	14.687865145033335
77.7	14.555290711636665
77.8	14.431064672816664
77.9	14.315132298579998
78.	14.207391854093332
78.1	14.107696907253331
78.2	14.015858826686667
78.3	13.931649452686667
78.4	13.854803922029998
78.5	13.785023628663334
78.6	13.721979300409998
78.7	13.66531417327
78.8	13.614647243413334
78.9	13.569576577666666
79.	13.529682663813334
79.1	13.494531781076667
79.2	13.46367937283
79.3	13.436673402886665
79.4	13.413057677766666
79.5	13.39237511763
79.6	13.374170959713332
79.7	13.357995877659999
79.8	13.343409002480001
79.9	13.329980830083333
80.	13.317296002419997
80.1	13.304955949539998
80.2	13.292581380873333
80.3	13.279814615266666
80.4	13.266321739996666
80.5	13.251794590586664
80.6	13.235952543266666
80.7	13.218544114079998
80.8	13.199348359493332
80.9	13.178176073026666
81.	13.154870776509998
81.1	13.129309501793333
81.2	13.101403363299998
81.3	13.071097920523332
81.4	13.038373331756667
81.5	13.003244300513332
81.6	12.965759818223333
81.7	12.92600270618
81.8	12.884088962196666
81.9	12.840166916996667
82.	12.794416206866666
82.1	12.747046570013334
82.2	12.69829647403333
82.3	12.648431583583333
82.4	12.597743077066667
82.5	12.546545822433332
82.6	12.495176422333332
82.7	12.443991139633333
82.8	12.393363714266664
82.9	12.343683083466667
83.	12.295351017366666
83.1	12.248779681666665
83.2	12.204389140866667
83.3	12.162604814199998
83.4	12.123854896466668
83.5	12.088567758133333
83.6	12.0571693361
83.7	12.030080528933333
83.8	12.007714608699999
83.9	11.990474662366665
84.	11.9787510751
84.1	11.9729190674
84.2	11.973336298433333
84.3	11.980340546333332
84.4	11.994247477533332
84.5	12.015348515066666
84.6	12.043908816833332
84.7	12.0801653728
84.8	12.124325231033334
84.9	12.1765638611
85.	12.237023662599999
85.1	12.305812626266666
85.2	12.383003155066664
85.3	12.468631050199999
85.4	12.562694668066666
85.5	12.665154253033332
85.6	12.775931449033333
85.7	12.894908993233333
85.8	13.021930594866667
85.9	13.156800999333335
86.	13.299286239266666
86.1	13.449114071833332
86.2	13.6059746014
86.3	13.769521085566666
86.4	13.939370922433334
86.5	14.115106814866667
86.6	14.296278108066668
86.7	14.482402295233332
86.8	14.672966685199999
86.9	14.867430225966666
87.	15.0652254766
87.1	15.265760718866666
87.2	15.468422201366668
87.3	15.6725765048
87.4	15.877573020466667
87.5	16.082746529799998
87.6	16.28741987503333
87.7	16.490906708566666
87.8	16.6925143096
87.9	16.891546455666663
88.	17.087306335599997
88.1	17.27909949193333
88.2	17.466236778666666
88.3	17.6480373212
88.4	17.823831465066664
88.5	17.9929636996
88.6	18.154795542933332
88.7	18.308708374633333
88.8	18.454106203266665
88.9	18.590418354333334
89.	18.717102066699997
89.1	18.8336449846
89.2	18.939567532366663
89.3	19.03442516053333
89.4	19.117810452066667
89.5	19.189355076766667
89.6	19.248731585766663
89.7	19.2956550341
89.8	19.329884424233335
89.9	19.35122396203333
90.	19.359524117766668
90.1	19.354682485799998
90.2	19.3366444375
90.3	19.305403563139997
90.4	19.261001898916668
90.5	19.203529936183333
90.6	19.13312641204
90.7	19.04997788041333
90.8	18.954318063789998
90.9	18.84642698805
91.	18.72662990196
91.1	18.59529598593333
91.2	18.45283685466333
91.3	18.299704858516666
91.4	18.136391191926666
91.5	17.963423815636666
91.6	17.78136520161
91.7	17.59080991090333
91.8	17.39238201445
91.9	17.186732368853335
92.	16.974535758636666
92.1	16.75648791893333
92.2	16.533302451753332
92.3	16.305707649903333
92.4	16.074443244259996
92.5	15.840257089089999
92.6	15.603901801429998
92.7	15.366131371123334
92.8	15.127697756633333
92.9	14.88934748523
93.	14.65181827198
93.1	14.415835676503331
93.2	14.182109811776666
93.3	13.951332123873332
93.4	13.724172256823334
93.5	13.501275019746666
93.6	13.28325747135
93.7	13.070706136706665
93.8	12.864174370866666
93.9	12.664179883226666
94.	12.471202435423333
94.1	12.285681724679998
94.2	12.108015465399998
94.3	11.938557677296666
94.4	11.777617191373333
94.5	11.625456381019998
94.6	11.482290126023331
94.7	11.34828501534
94.8	11.223558793509998
94.9	11.108180055103333
95.	11.002168188096665
95.1	10.905493569579999
95.2	10.818078011426666
95.3	10.739795455963332
95.4	10.67047291874
95.5	10.609891673593332
95.6	10.557788675736667
95.7	10.513858215813332
95.8	10.477753797066667
95.9	10.449090227043332
96.	10.427445913063334
96.1	10.412365351193333
96.2	10.403361795263333
96.3	10.39992009346
96.4	10.401499677896666
96.5	10.407537692063332
96.6	10.417452240333333
96.7	10.430645742746664
96.8	10.446508377893332
96.9	10.464421596109998
97.	10.483761684656667
97.1	10.503903366049999
97.2	10.524223411333333
97.3	10.54410424816
97.4	10.562937545559999
97.5	10.58012775568
97.6	10.595095593753332
97.7	10.60728143747
97.8	10.616148627366666
97.9	10.621186650376666
98.	10.621914188963332
98.1	10.617882018916667
98.2	10.60867573991
98.3	10.593918323619999
98.4	10.57327246437
98.5	10.54644271964
98.6	10.513177427486665
98.7	10.473270389763332
98.8	10.426562310963334
98.9	10.372941983903333
99.	10.312347214413332
99.1	10.244765479153333
99.2	10.170234311163334
99.3	10.088841410139999
99.4	10.000724475069998
99.5	9.906070758673334
99.6	9.805116344743332
99.7	9.69814515019
99.8	9.585487656266666
99.9	9.467519373313332
100.	9.344659046636666
100.1	9.2173666106
100.2	9.086140901073332
100.3	8.95151713657
100.4	8.814064179963333
100.5	8.674381594386666
100.6	8.533096507216666
100.7	8.390860297829999
100.8	8.248345125486667
100.9	8.106240314639999
101.	7.965248616016666
101.1	7.826082362273333
101.2	7.68945953795
101.3	7.556099783816666
101.4	7.426720356336666
101.5	7.30203206318
101.6	7.1827351960499985
101.7	7.06951548227
101.8	6.963040076486665
101.9	6.863953613953332
102.	6.7728743464833325
102.1	6.690390382086666
102.2	6.617056048669999
102.3	6.553388401983334
102.4	6.4998638970533325
102.5	6.456915241936667
102.6	6.42492845168
102.7	6.404240119480001
102.8	6.395134921116666
102.9	6.397843367689999
103.	6.412539820363333
103.1	6.439340779929999
103.2	6.478303462356665
103.3	6.529424670433333
103.4	6.592639970039999
103.5	6.667823178203332
103.6	6.754786168616666
103.7	6.853278998686666
103.8	6.962990360706667
103.9	7.08354835829
104.	7.214521607016666
104.1	7.35542065791
104.2	7.505699739206666
104.3	7.66475881139
104.4	7.831945928753332
104.5	8.006559898996665
104.6	8.18785323049
104.7	8.375035356663332
104.8	8.567276123986666
104.9	8.76370952978
105.	8.963437694386666
105.1	9.165535050879999
105.2	9.36905273474
105.3	9.573023154473333
105.4	9.776464723173333
105.5	9.97838673039
105.6	10.17779433286
105.7	10.373693641186666
105.8	10.565096880436666
105.9	10.751027600213334
106.	10.930525911023333
106.1	11.102653722576665
106.2	11.26649995963333
106.3	11.421185730633335
106.4	11.565869425573332
106.5	11.699751717436666
106.6	11.822080444653333
106.7	11.932155349626665
106.8	12.029332650673334
106.9	12.113029424719999
107.	12.182727778263331
107.1	12.237978785933333
107.2	12.278406175523333
107.3	12.303709740719999
107.4	12.313668462526666
107.5	12.30814332234333
107.6	12.287079790500002
107.7	12.250509975316668
107.8	12.198554419336666
107.9	12.13142353046
108.	12.049418637286665
108.1	11.952932659553333
108.2	11.842450386496665
108.3	11.71854835598
108.4	11.581894331333332
108.5	11.43324637236
108.6	11.273451499390001
108.7	11.103443951429998
108.8	10.92424304033
108.9	10.736950604849998
109.	10.542748070353333
109.1	10.342893121643332
109.2	10.1387159969
109.3	9.931615414596667
109.4	9.723054143893332
109.5	9.514554233173332
109.6	9.307691911469998
109.7	9.104092178703333
109.8	8.905423103303331
109.9	8.71338984589
110.	8.529728429496666
110.1	8.35619927765
110.2	8.19458054319
110.3	8.046661251356667
110.4	7.914234281366667
110.5	7.799089212369999
110.6	7.70300505927
110.7	7.627742925943332
110.8	7.575038602043333
110.9	7.546595132589999
111.	7.544075387096666
111.1	7.56909465746
111.2	7.623213313119999
111.3	7.707929541563333
111.4	7.82467220344
111.5	7.974793830119999
111.6	8.15956379238
111.7	8.380161667456665
111.8	8.6376708327
111.9	8.933072311686667
112.	9.267238899673334
112.1	9.640929593936665
112.2	10.05478435293
112.3	10.509319208843332
112.4	11.004921755586667
112.5	11.541847034229999
112.6	12.120213836616665
112.7	12.740001445169998
112.8	13.401046828536668
112.9	14.103042307840001
113.	14.845533709929999
113.1	15.627919020129998
113.2	16.449447546923334
113.3	17.30921960866
113.4	18.206186750936666
113.5	19.13915250121333
113.6	20.106773666189998
113.7	21.107562174516666
113.8	22.139887466863332
113.9	23.20197943235667
114.	24.291931889146667
114.1	25.407706604969995
114.2	26.547137851116663
114.3	27.70793748186333
114.4	28.88770052939333
114.5	30.083911301706667
114.6	31.29394997040666
114.7	32.51509963139
114.8	33.74455382230666
114.9	34.979424475466665
115.	36.216750286839996
115.1	37.45350547612
115.2	38.686608914766666
115.3	39.91293359429666
115.4	41.12931640809666
115.5	42.33256821505667
115.6	43.519484157786664
115.7	44.686854197286664
115.8	45.831473838136674
115.9	46.95015499933999
116.	48.03973700591667
116.1	49.097097655216665
116.2	50.119164325
116.3	51.102925081463326
116.4	52.045439751286665
116.5	52.94385091523333
116.6	53.79539478363333
116.7	54.597411912083324
116.8	55.34735771907334
116.9	56.04281276247
117.	56.68149273361667
117.1	57.26125813244667
117.2	57.78012357795999
117.3	58.236266719933326
117.4	58.62803670799667
117.5	58.95396218687999
117.6	59.21275877174668
117.7	59.40333597808001
117.8	59.52480356389
117.9	59.57647725518667
118.	59.557883822993325
118.1	59.468765482133335
118.2	59.30908358385334
118.3	59.07902157838999
118.4	58.77898722296666
118.5	58.40961401495333
118.6	57.97176183205666
118.7	57.466516764990004
118.8	56.89519012505333
118.9	56.25931662626665
119.	55.560651721629995
119.1	54.801168103413325
119.2	53.98305135438
119.3	53.108694763089986
119.4	52.18069329951332
119.5	51.20183676616666
119.6	50.17510213475333
119.7	49.103645085059995
119.8	47.99079076214
119.9	46.84002378094334
120.	45.65497749510334
120.1	44.439422568266664
120.2	43.19725487486667
120.3	41.93248276852333
120.4	40.64921375555333
120.5	39.35164061869
120.6	38.04402703378666
120.7	36.730692727009995
120.8	35.41599822696333
120.9	34.10432926131
121.	32.80008085615666
121.1	31.50764119562
121.2	30.231375301493333
121.3	28.975608595993336
121.4	27.74461041043333
121.5	26.542577505376663
121.6	25.373617668629997
121.7	24.24173345796
121.8	23.150806156553333
121.9	22.1045800095
122.	21.106646809286666
122.1	20.160430898583332
122.2	19.26917465786
122.3	18.435924544296668
122.4	17.66351774787
122.5	16.954569528806665
122.6	16.311461298633333
122.7	15.736329505483335
122.8	15.231055381483333
122.9	14.79725560811
123.	14.436273951386667
123.1	14.149173916736666
123.2	13.936732469103333
123.3	13.799434860123334
123.4	13.737470600673333
123.5	13.75073061220333
123.6	13.838805586226664
123.7	14.000985576233333
123.8	14.236260841723333
123.9	14.543323958653334
124.	14.920573205543334
124.1	15.366117229023333
124.2	15.877780986733331
124.3	16.453112960876666
124.4	17.089393628499998
124.5	17.783645170306663
124.6	18.53264239339
124.7	19.33292483727
124.8	20.18081002752
124.9	21.072407835246665
125.	22.003635895263333
125.1	22.970236030246667
125.2	23.96779162275333
125.3	24.99174587259333
125.4	26.037420870749997
125.5	27.100037417833335
125.6	28.174735509496664
125.7	29.256595407669998
125.8	30.340659212120002
125.9	31.42195284410333
126.	32.4955083496
126.1	33.55638642742666
126.2	34.59969908543333
126.3	35.620632324780004
126.4	36.61446875194333
126.5	37.576610016299995
126.6	38.50259897004667
126.7	39.38814144746333
126.8	40.22912756232
126.9	41.02165241725666
127.	41.76203612882
127.1	42.446843065896665
127.2	43.07290020440334
127.3	43.637314504446664
127.4	44.137489218439995
127.5	44.57113904174333
127.6	44.93630402153667
127.7	45.23136214597666
127.8	45.45504053654
127.9	45.60642517629
128.	45.68496911172
128.1	45.69049906545
128.2	45.62322041616666
128.3	45.48372049506666
128.4	45.27297016748666
128.5	44.99232366305
128.6	44.64351664022667
128.7	44.22866246474334
128.8	43.750246699723334
128.9	43.211119804869995
129.	42.61448806073
129.1	41.96390272993
129.2	41.26324749007
129.3	40.51672416255333
129.4	39.72883679332333
129.5	38.90437412480333
129.6	38.048390529416665
129.7	37.16618546355
129.8	36.263281522196664
129.9	35.34540117551333
130.	34.41844227628667
130.1	33.48845243577
130.2	32.56160237031333
130.3	31.64415832812
130.4	30.742453710553335
130.5	29.862860007983333
130.6	29.011757174693333
130.7	28.19550357121
130.8	27.420405606576665
130.9	26.692687215986666
131.	26.018459310856663
131.1	25.403689341566665
131.2	24.8541711134
131.3	24.375494996786664
131.4	23.97301867326333
131.5	23.65183855759
131.6	23.416762035346665
131.7	23.27228065237
131.8	23.22254439098333
131.9	23.2713371636
132.	23.42205365047333
132.1	23.677677603946666
132.2	24.040761736083333
132.3	24.513409300539998
132.4	25.09725747336666
132.5	25.793462630086665
132.6	26.60268760922
132.7	27.525091043736666
132.8	28.56031883432
132.9	29.70749782823666
133.	30.96523175923
133.1	32.33159949362333
133.2	33.80415561799666
133.3	35.37993339302666
133.4	37.05545008841666
133.5	38.826714702636664
133.6	40.68923805967666
133.7	42.63804526586
133.8	44.667690497769996
133.9	46.77227407861333
134.	48.945461798320004
134.1	51.180506408186666
134.2	53.47027122659666
134.3	55.807255763943324
134.4	58.18362328556333
134.5	60.591230197769995
134.6	63.021657159883326
134.7	65.46624178825
134.8	67.91611283291665
134.9	70.36222568687667
135.	72.79539908423332
135.1	75.20635283356665
135.2	77.58574643749665
135.3	79.92421842338332
135.4	82.21242623216
135.5	84.44108648125999
135.6	86.60101543428331
135.7	88.68316949939333
135.8	90.67868557336665
135.9	92.57892105530334
136.	94.37549334833332
136.1	96.06031866921667
136.2	97.62564998954333
136.3	99.06411392947666
136.4	100.36874643502333
136.5	101.53302706912334
136.6	102.55091174988999
136.7	103.41686378361665
136.8	104.12588303221
136.9	104.67353307968666
137.	105.05596625036333
137.1	105.26994636040332
137.2	105.31286907269333
137.3	105.18277975400667
137.4	104.87838872678668
137.5	104.39908383622334
137.6	103.74494024218666
137.7	102.91672738410331
137.8	101.91591305469001
137.9	100.74466454390333
138.	99.40584682805999
138.1	97.90301778449333
138.2	96.24042042803333
138.3	94.42297218667001
138.4	92.45625123005331
138.5	90.34647989682
138.6	88.10050526776999
138.7	85.72577694257001
138.8	83.23032210595332
138.9	80.62271796381998
139.	77.91206165056667
139.1	75.10793772462333
139.2	72.22038336997
139.3	69.25985144192998
139.4	66.23717149993666
139.5	63.16350898438999
139.6	60.05032269551666
139.7	56.90932075470667
139.8	53.75241521903
139.9	50.591675542569995
140.	47.43928107209
140.1	44.30747277862
140.2	41.20850442280666
140.3	38.154593366676664
140.4	35.157871230826665
140.5	32.23033461527999
140.6	29.383796090566666
140.7	26.629835669949998
140.8	23.979752972593335
140.9	21.44452028502667
141.	19.0347367246
141.1	16.760583705636666
141.2	14.631781903296666
141.3	12.65754990493
141.4	10.846564731866666
141.5	9.206924407323333
141.6	7.74611273699
141.7	6.470966461496666
141.8	5.387644928086666
141.9	4.501602420133333
142.	3.8175632708769998
142.1	3.3394998765366664
142.2	3.0706137115159997
142.3	3.013319435743333
142.4	3.169232170891333
142.5	3.539158008774667
142.6	4.123087801203333
142.7	4.920194266577333
142.8	5.928832434104
142.9	7.146543432043666
143.	8.570061612093
143.1	10.195324987233999
143.2	12.017488946202
143.3	14.030943193598667
143.4	16.229331849820667
143.5	18.605576632582
143.6	21.15190302697633
143.7	23.85986933878366
143.8	26.72039851283866
143.9	29.72381258649866
144.	32.859869636154
144.1	36.11780306438
144.2	39.48636306547667
144.3	42.95386009465
144.4	46.50821016599
144.5	50.136981779479996
144.6	53.82744429476
144.7	57.56661753602334
144.8	61.34132243102332
144.9	65.13823246424666
145.	68.94392573531333
145.1	72.74493739885668
145.2	76.52781227168
145.3	80.27915738245
145.4	83.9856942477
145.5	87.63431065434665
145.6	91.21211173221668
145.7	94.70647010647998
145.8	98.10507491869
145.9	101.39597951442332
146.	104.56764760254666
146.1	107.60899768972668
146.2	110.50944561750666
146.3	113.25894501602001
146.4	115.84802552185332
146.5	118.26782859485333
146.6	120.51014079743
146.7	122.56742439902999
146.8	124.43284518779666
146.9	126.10029737932668
147.	127.56442552555
147.1	128.82064334469663
147.2	129.86514939993666
147.3	130.69493957210332
147.4	131.30781628670996
147.5	131.70239446489666
147.6	131.87810418833334
147.7	131.83519007635
147.8	131.57470739220997
147.9	131.09851490759002
148.	130.40926456576
148.1	129.51038800362664
148.2	128.40607999891665
148.3	127.10127892698333
148.4	125.6016443223133
148.5	123.91353165045334
148.6	122.04396441069665
148.7	120.00060369555001
148.8	117.79171535120332
148.9	115.42613488463331
149.	112.91323027558667
149.1	110.26286286184998
149.2	107.48534646865
149.3	104.59140496370999
149.4	101.59212842267331
149.5	98.49892809673332
149.6	95.32349037438334
149.7	92.07772993949666
149.8	88.77374231804998
149.9	85.42375602250667
150.	82.04008448906
150.1	78.63507801323
150.2	75.22107587866667
150.3	71.81035887933
150.4	68.41510242967666
150.5	65.04733044866
150.6	61.718870209716655
150.7	58.44130832719
150.8	55.225948061586664
150.9	52.08376810537334
151.	49.025383005310005
151.1	46.06100537879334
151.2	43.200410057309995
151.3	40.45290029534999
151.4	37.827276160846665
151.5	35.33180522244333
151.6	32.974195630956665
151.7	30.761571685443332
151.8	28.700451960976665
151.9	26.796730062893335
152.	25.05565806241666
152.1	23.481832654233333
152.2	22.079184065746666
152.3	20.85096773515
152.4	19.799758763296666
152.5	18.927449132776665
152.6	18.235247674603333
152.7	17.723682752779997
152.8	17.392607624246665
152.9	17.24120842153333
153.	17.268014694066665
153.1	17.470912434349998
153.2	17.847159504336666
153.3	18.39340336952
153.4	19.10570103779333
153.5	19.979541092466665
153.6	21.009867701506668
153.7	22.191106477233333
153.8	23.517192054859997
153.9	24.981597252213334
154.	26.57736366751
154.1	28.29713356899
154.2	30.133182925019998
154.3	32.07745542103666
154.4	34.121597308119995
154.5	36.25699292527333
154.6	38.474800738
154.7	40.765989734899996
154.8	43.12137602507
154.9	45.53165948089
155.	47.98746027253999
155.1	50.47935514201333
155.2	52.99791327332666
155.3	55.5337316084
155.4	58.07746947889999
155.5	60.619882413309995
155.6	63.15185499461333
155.7	65.66443264863
155.8	68.14885224449333
155.9	70.59657140443667
156.	72.99929641871665
156.1	75.34900867612666
156.2	77.63798952658999
156.3	79.85884349779667
156.4	82.00451980129333
156.5	84.06833207006332
156.6	86.04397627673
156.7	87.92554679514666
156.8	89.70755056985332
156.9	91.38491937807333
157.	92.95302016369331
157.1	94.40766344515666
157.2	95.74510979812999
157.3	96.96207442919999
157.4	98.05572985787332
157.5	99.02370673986333
157.6	99.86409286972334
157.7	100.57543040232665
157.8	101.15671135280998
157.9	101.60737142491666
158.	101.92728224188667
158.1	102.11674204285333
158.2	102.17646492485332
158.3	102.10756871319332
158.4	101.91156154067335
158.5	101.59032723107333
158.6	101.14610957546
158.7	100.58149560121001
158.8	99.89939792859667
158.9	99.10303631865665
159.	98.1959185102
159.1	97.18182045226332
159.2	96.06476603336
159.3	94.84900640993334
159.4	93.53899903363998
159.5	92.13938648581332
159.6	90.65497520668333
159.7	89.09071422811999
159.8	87.45167399711666
159.9	85.74302538125332
160.	83.97001895143666
160.1	82.13796461729999
160.2	80.25221170314998
160.3	78.31812953507333
160.4	76.34108861710332
160.5	74.32644245656667
160.6	72.27951010450666
160.7	70.20555946731
160.8	68.10979144053334
160.9	65.99732490661
161.	63.87318264537334
161.1	61.74227817994999
161.2	59.60940359848334
161.3	57.479218365579996
161.4	55.35623914489333
161.5	53.24483064378334
161.6	51.14919748745667
161.7	49.07337711993333
161.8	47.02123373184
161.9	44.996453201463325
162.	43.002539037876666
162.1	41.042809304909994
162.2	39.120394502669996
162.3	37.238236381869996
162.4	35.399087653943326
162.5	33.605512567009995
162.6	31.8598883062
162.7	30.16440717776333
162.8	28.521079532429997
162.9	26.93173738175333
163.	25.398038658376663
163.1	23.92147207005
163.2	22.503362495793333
163.3	21.14487687085333
163.4	19.84703050775
163.5	18.61069379852666
163.6	17.436599244973333
163.7	16.325348762549996
163.8	15.277421205116667
163.9	14.293180057513332
164.	13.372881245283333
164.1	12.51668101105
164.2	11.72464380929
164.3	10.996750173163331
164.4	10.33290450843
164.5	9.73294277278
164.6	9.196640000056666
164.7	8.723717632723332
164.8	8.313850627503333
164.9	7.966674302799999
165.	7.681790898823333
165.1	7.458775824693333
165.2	7.297183569869999
165.3	7.196553259993333
165.4	7.156413840636667
165.5	7.176288875556666
165.6	7.255700948843334
165.7	7.39417566369
165.8	7.59124523325
165.9	7.84645166203
166.	8.159349519013332
166.1	8.529508306516666
166.2	8.956514430836666
166.3	9.439972784156666
166.4	9.979507948139998
166.5	10.574765032953334
166.6	11.225410166403332
166.7	11.931130650446665
166.8	12.691634803320001
166.9	13.506651507186668
167.	14.375929482193332
167.1	15.29923630911
167.2	16.27635722343333
167.3	17.307093703823334
167.4	18.391261879396666
167.5	19.528690779226665
167.6	20.71922044868333
167.7	21.962699955799998
167.8	23.25898531171333
167.9	24.60793732802
168.	26.009419433223332
168.1	27.46329547002333
168.2	28.969427494056667
168.3	30.52767359304667
168.4	32.13788574538667
168.5	33.79990773436666
168.6	35.5135731342
168.7	37.27870338139333
168.8	39.09510594431333
168.9	40.962572601623336
169.	42.88087783910667
169.1	44.849777371723334
169.2	46.86900679831
169.3	48.93828039192
169.4	51.05729002716333
169.5	53.22570424963
169.6	55.44316748261
169.7	57.70929937026333
169.8	60.02369425379666
169.9	62.385920776856665
170.	64.79552161257
170.1	67.25201330108999
170.2	69.75488619898334
170.3	72.30360451877667
170.4	74.89760645671
170.5	77.53630439438
170.6	80.21908516193332
170.7	82.94531035284666
170.8	85.71431667223666
170.9	88.52541631511667
171.	91.37789735049333
171.1	94.27102410750001
171.2	97.20403754557668
171.3	100.17615559744999
171.4	103.18657347526332
171.5	106.23446392473
171.6	109.31897741917999
171.7	112.43924228116333
171.8	115.59436472882334
171.9	118.78342882716333
172.	122.00549635152333
172.1	125.25960654664665
172.2	128.54477578115
172.3	131.85999709395665
172.4	135.20423963115667
172.5	138.5764479707033
172.6	141.9755413392233
172.7	145.40041271777332
172.8	148.84992784730332
172.9	152.32292413303333
173.	155.81820945714668
173.1	159.33456090561998
173.2	162.87072342174667
173.3	166.42540839219333
173.4	169.9972921795533
173.5	173.58501461576998
173.6	177.18717746583002
173.7	180.80234287955665
173.8	184.42903184487332
173.9	188.06572266203332
174.	191.71084944999666
174.1	195.36280070647666
174.2	199.01991793900999
174.3	202.68049438198665
174.4	206.34277381935334
174.5	210.00494953222335
174.6	213.6651633840333
174.7	217.3215050672333
174.8	220.9720115219567
174.9	224.61466654812335
175.	228.24740062152333
175.1	231.8680909334967
175.2	235.47456166286332
175.3	239.06458449713665
175.4	242.63587941229332
175.5	246.18611571834998
175.6	249.71291338673666
175.7	253.21384465763003
175.8	256.6864359399833
175.9	260.12817000546664
176.	263.53648847523
176.1	266.9087946078133
176.2	270.24245637864334
176.3	273.5348098522333
176.4	276.78316284311336
176.5	279.98479885519333
176.6	283.1369812935367
176.7	286.23695793721333
176.8	289.2819656621166
176.9	292.2692353968166
177.	295.19599730359334
177.1	298.05948615369334
177.2	300.8569468970133
177.3	303.58564038630664
177.4	306.2428492532566
177.5	308.82588389806
177.6	311.3320885801966
177.7	313.75884758138335
177.8	316.1035914140333
177.9	318.3638030518566
178.	320.5370241579467
178.1	322.62086127668
178.2	324.6129919677133
178.3	326.51117085609667
178.4	328.31323556610664
178.5	330.0171125152033
178.6	331.6208225412933
178.7	333.12248634008
178.8	334.52032967638667
178.9	335.81268836349
179.	336.9980129673933
179.1	338.07487322941665
179.2	339.04196217436
179.3	339.89809989227
179.4	340.64223697473665
179.5	341.27345758378
179.6	341.79098214325
179.7	342.19416964307663
179.8	342.48251953139
179.9	342.6556732054633
180.	342.71341507547663