# O+CO(0,0) elastic diff. cross section
# E = 0.15 eV
# angle, CS (1e-16 cm^2)
0.1	144358.99939993332
0.2	138722.30329136667
0.3	129850.69829639998
0.4	118461.99257643335
0.5	105438.2233943
0.6	91724.70471956665
0.7	78227.39922546665
0.8	65722.5239503
0.9	54789.7130569
1.	45775.82607446667
1.1	38791.40745506666
1.2	33736.78234321
1.3	30350.656900686663
1.4	28271.503500046663
1.5	27101.255750279997
1.6	26461.86667585667
1.7	26037.7307584
1.8	25600.252386033335
1.9	25014.285668723332
2.	24229.14687586333
2.1	23258.94569161666
2.2	22157.862185606664
2.3	20995.729653403334
2.4	19838.10126161333
2.5	18733.254184626665
2.6	17706.7402466
2.7	16762.505460693996
2.8	15888.537330214665
2.9	15064.572827659333
3.	14269.575235903001
3.1	13487.309065941
3.2	12709.187048629668
3.3	11934.402140354332
3.4	11168.004914796998
3.5	10417.934520392666
3.6	9692.039920395666
3.7	8995.895278006334
3.8	8331.827611539
3.9	7699.161084966332
4.	7095.349281351
4.1	6517.483853134332
4.2	5963.654853192998
4.3	5433.768585998333
4.4	4929.644835736666
4.5	4454.446434508333
4.6	4011.677270042667
4.7	3604.078948964333
4.8	3232.7493571386667
4.9	2896.7138669043334
5.	2593.037160052333
5.1	2317.413722716
5.2	2065.057177005
5.3	1831.6486675999997
5.4	1614.1106246023332
5.5	1411.0351153089998
5.6	1222.693700127
5.7	1050.6606141126665
5.8	897.1673977656666
5.9	764.3567222066667
6.	653.6089758027666
6.1	565.0812004979999
6.2	497.53682572266666
6.3	448.4734925996666
6.4	414.49218411799995
6.5	391.807044119
6.6	376.7785223496667
6.7	366.362736529
6.8	358.40121279666664
6.9	351.7177670186666
7.	346.0325060766666
7.1	341.7375105763333
7.2	339.598719041
7.3	340.451953877
7.4	344.94987595633336
7.5	353.39575986893334
7.6	365.6755521124667
7.7	381.2777055263999
7.8	399.37524033353327
7.9	418.93849956336663
8.	438.8497815429
8.1	458.00001819716664
8.2	475.35930642330004
8.3	490.02364339580004
8.4	501.2467773171667
8.5	508.46730998643335
8.6	511.3374814482
8.7	509.75332932699996
8.8	503.8788883376667
8.9	494.1525119902667
9.	481.2631638258666
9.1	466.08915759999996
9.2	449.60029869140004
9.3	432.73441029319997
9.4	416.2679265655
9.5	400.7049256197666
9.6	386.2079708036666
9.7	372.5872356448999
9.8	359.3529991044666
9.9	345.8233531254333
10.	331.26706310566664
10.1	315.05388287576665
10.2	296.7831218714
10.3	276.3662367793333
10.4	254.04941390306664
10.5	230.37501008676668
10.6	206.09323561683334
10.7	182.04471934773335
10.8	159.03865951539998
10.9	137.74957814736663
11.	118.6491481594
11.1	101.98015723119997
11.2	87.76994613193332
11.3	75.87298027693333
11.4	66.0281841857
11.5	57.916774001600004
11.6	51.209907840466656
11.7	45.601030378299996
11.8	40.823456207533326
11.9	36.65785588116666
12.	32.935870897566666
12.1	29.544962493433335
12.2	26.436508969166667
12.3	23.635384767066668
12.4	21.24619920543333
12.5	19.4501656887
12.6	18.4877153785
12.7	18.625216342069997
12.8	20.1086075701
12.9	23.11112283572667
13.	27.685267231133327
13.1	33.729874244673326
13.2	40.98107193001999
13.3	49.031670659326664
13.4	57.37779299780999
13.5	65.48578997441334
13.6	72.86794990496665
13.7	79.15324511525333
13.8	84.13990057705999
13.9	87.81980824823667
14.	90.37007355133
14.1	92.11317407400668
14.2	93.45307555319667
14.3	94.79902702830998
14.4	96.4908189509
14.5	98.73869410063668
14.6	101.58804453619334
14.7	104.9141766794
14.8	108.44677511442998
14.9	111.81835700652667
15.	114.62699325019334
15.1	116.50159035492999
15.2	117.15835872861331
15.3	116.43954485116001
15.4	114.32946418082
15.5	110.94744732699333
15.6	106.52153226971333
15.7	101.34976036550331
15.8	95.75723622075999
15.9	90.05658300185333
16.	84.51738332335333
16.1	79.3472905564
16.2	74.68453155142998
16.3	70.59925024609666
16.4	67.10006593236334
16.5	64.14247242798666
16.6	61.63702455466
16.7	59.457080816496656
16.8	57.447498685373326
16.9	55.43649347973
17.	53.25252385776666
17.1	50.74658770449
17.2	47.81811567286999
17.3	44.440420390763336
17.4	40.68015632676334
17.5	36.70507596537
17.6	32.775797534426665
17.7	29.220151221613335
17.8	26.392348257330003
17.9	24.622846399179995
18.	24.167439134396663
18.1	25.165040838876667
18.2	27.612537602390333
18.3	31.362080096141998
18.4	36.141933964551
18.5	41.597414268657005
18.6	47.34453733273166
18.7	53.026682412236326
18.8	58.364250414436
18.9	63.18904078571433
19.	67.45837952028933
19.1	71.24812556043966
19.2	74.72763597854066
19.3	78.122756255684
19.4	81.67437957470867
19.5	85.599935989029
19.6	90.06356529818532
19.7	95.15822735082
19.8	100.90027754307334
19.9	107.23471212472299
20.	114.047811428655
20.1	121.18345523642566
20.2	128.45985489423697
20.3	135.684532398602
20.4	142.66666587172898
20.5	149.22701961558465
20.6	155.20630809224366
20.7	160.4729026941473
20.8	164.9303513829
20.9	168.52445357496165
21.	171.24889065800932
21.1	173.14791778100565
21.2	174.31455743955533
21.3	174.8831630221773
21.4	175.01607642566432
21.5	174.88521664753867
21.6	174.65056891128933
21.7	174.43844544453464
21.8	174.32284569886036
21.9	174.31312114915733
22.	174.35041985924596
22.1	174.3141363516053
22.2	174.03801536750032
22.3	173.33392181423497
22.4	172.01989222625198
22.5	169.94820035726732
22.6	167.02899712465035
22.7	163.245694992602
22.8	158.65958239295097
22.9	153.40295421456565
23.	147.66200090998865
23.1	141.65243746197433
23.2	135.59203329469298
23.3	129.67459269237665
23.4	124.04946337239832
23.5	118.80943189405198
23.6	113.98817109262333
23.7	109.566606267816
23.8	105.48604379629667
23.9	101.66496005390333
24.	98.01613396783665
24.1	94.46129775293332
24.2	90.94148718806333
24.3	87.42249672588
24.4	83.89596169593867
24.5	80.37733627154633
24.6	76.90227462466166
24.7	73.522671427882
24.8	70.30303299963467
24.9	67.31717259309434
25.	64.64470144512433
25.1	62.366602944298
25.2	60.559392703608665
25.3	59.28790932277833
25.4	58.597466299013334
25.5	58.50668977023666
25.6	59.0026544729
25.7	60.03978193361333
25.8	61.54337635903667
25.9	63.41776939823334
26.	65.55804416402
26.1	67.86346552900666
26.2	70.25027694487665
26.3	72.66155978616999
26.4	75.07238980839
26.5	77.48944327462333
26.6	79.94529003640332
26.7	82.48861630246667
26.8	85.17232872516666
26.9	88.04176618705665
27.	91.12505640556334
27.1	94.42707812538664
27.2	97.927682940156
27.3	101.5839861875813
27.4	105.33583372396
27.5	109.11311793002332
27.6	112.84350365568
27.7	116.45930721534332
27.8	119.90266232210998
27.9	123.12858742865998
28.	126.10602064573331
28.1	128.81721992890664
28.2	131.25608994863666
28.3	133.42599295505667
28.4	135.33746857832
28.5	137.00609037025998
28.6	138.45049376179998
28.7	139.69047803497534
28.8	140.74504703148065
28.9	141.630313659906
29.	142.35732789042635
29.1	142.93005228950966
29.2	143.3438489866933
29.3	143.58490632030998
29.4	143.63098696500666
29.5	143.45371208273997
29.6	143.02232808623666
29.7	142.30858277007
29.8	141.29203507408
29.9	139.96491313708998
30.	138.33558284897
30.1	136.42982963860666
30.2	134.2894845929033
30.3	131.9683921428733
30.4	129.52623235215
30.5	127.021167296442
30.6	124.50257245910265
30.7	122.00516407817199
30.8	119.54561553378234
30.9	117.12230361171001
31.	114.71822781643999
31.1	112.30652869931666
31.2	109.85752863341668
31.3	107.34594117343666
31.4	104.75690314244999
31.5	102.08977137595667
31.6	99.35912385811667
31.7	96.59299572512998
31.8	93.82892907996333
31.9	91.10880122997
32.	88.47354194189332
32.1	85.95874046080667
32.2	83.59182309621666
32.3	81.39104561261999
32.4	79.36610651864
32.5	77.51985443014333
32.6	75.85040679096332
32.7	74.35303942422999
32.8	73.02141475161332
32.9	71.84801818033667
33.	70.82397495123
33.1	69.93863769288333
33.2	69.17941061803333
33.3	68.53219436946333
33.4	67.98262459096333
33.5	67.51800028842666
33.6	67.12953436047333
33.7	66.81438294136666
33.8	66.57687338181333
33.9	66.42846785327666
34.	66.38624695713332
34.1	66.47001934363999
34.2	66.69848470973666
34.3	67.08512344822665
34.4	67.63459775745
34.5	68.34039687916666
34.6	69.18424967693
34.7	70.13750162058
34.8	71.16427656648
34.9	72.22589408913333
35.	73.28576337145667
35.1	74.31387746608667
35.2	75.29010836139
35.3	76.20573889072999
35.4	77.06301360223333
35.5	77.87287531568667
35.6	78.65139666419333
35.7	79.41564501038333
35.8	80.17978811136999
35.9	80.95214575301
36.	81.73364669939667
36.1	82.51782043227999
36.2	83.29211748436667
36.3	84.04008875130965
36.4	84.74382193943234
36.5	85.38605761243133
36.6	85.95157367363333
36.7	86.42768507997965
36.8	86.80398205896866
36.9	87.07164853255598
37.	87.22280353443433
37.1	87.25026588094967
37.2	87.14797045188365
37.3	86.91201411181966
37.4	86.54205441354766
37.5	86.04260137669566
37.6	85.423689730265
37.7	84.700518962618
37.8	83.89188206464699
37.9	83.01751401096799
38.	82.09479769096733
38.1	81.13548606908132
38.2	80.14317240283266
38.3	79.11213933209265
38.4	78.02795994820931
38.5	76.86986621784065
38.6	75.61452413127799
38.7	74.240547074343
38.8	72.73290938814166
38.9	71.08642813260201
39.	69.30765948450866
39.1	67.41486520115633
39.2	65.436075345115
39.3	63.405626953966
39.4	61.359823434466335
39.5	59.332488063299664
39.6	57.351160438216326
39.7	55.43452279450566
39.8	53.591385693415
39.9	51.821266512379324
40.	50.11631847596
40.1	48.46416180772667
40.2	46.851063166085325
40.3	45.26491398420667
40.4	43.69756065203067
40.5	42.14621076798899
40.6	40.613841112770665
40.7	39.10872341894999
40.8	37.643327592503
40.9	36.23293428458333
41.	34.894280613864666
41.1	33.64448223658667
41.2	32.50034494828434
41.3	31.478033419293332
41.4	30.592941018498337
41.5	29.859535839305
41.6	29.290964181802998
41.7	28.898275522070666
41.8	28.68927369801766
41.9	28.667161667992666
42.	28.829286388352664
42.1	29.166362570668
42.2	29.662529491815995
42.3	30.296466925161003
42.4	31.04358512649333
42.5	31.879054458894334
42.6	32.781212113352
42.7	33.73473609352567
42.8	34.732954358354
42.9	35.778775891283
43.	36.883972629029
43.1	38.066857442037005
43.2	39.34872421907467
43.3	40.74966849526367
43.4	42.28453252788166
43.5	43.95968825736766
43.6	45.77119305713766
43.7	47.70456930552499
43.8	49.736136343397334
43.9	51.835535968453
44.	53.96890255702934
44.1	56.102072018502334
44.2	58.203301745924996
44.3	60.245155504197335
44.4	62.205438819617
44.5	64.06729040053466
44.6	65.81869053815166
44.7	67.45170737566066
44.8	68.96176355299198
44.9	70.347092862583
45.	71.60841111223434
45.1	72.74869444909166
45.2	73.77288110323566
45.3	74.68730976063833
45.4	75.49877798589934
45.5	76.21322505611799
45.6	76.83417972030966
45.7	77.36122617669099
45.8	77.78879954727066
45.9	78.10560854577933
46.	78.29489896124733
46.1	78.33563450491633
46.2	78.20451012119833
46.3	77.87855982577267
46.4	77.33800604129365
46.5	76.568941188632
46.6	75.565444040185
46.7	74.33080995579365
46.8	72.87770197272833
46.9	71.22718776485567
47.	69.40679078325333
47.1	67.447827423337
47.2	65.38240386824499
47.3	63.240490593335664
47.4	61.04747206561767
47.5	58.82248673132267
47.6	56.57774103787333
47.7	54.31882306841733
47.8	52.045884129444325
47.9	49.75542880607399
48.	47.44237915566734
48.1	45.10206996282433
48.2	42.73188872808933
48.3	40.33238119493733
48.4	37.90777442353533
48.5	35.465992964905
48.6	33.01833046714733
48.7	30.57896989730733
48.8	28.164516533858
48.9	25.79363142038
49.	23.486754689133335
49.1	21.265819853947665
49.2	19.153810934303998
49.3	17.174022097515667
49.4	15.348945851167331
49.5	13.698824687635666
49.6	12.240023039099768
49.7	10.983476454127999
49.8	9.933522131265333
49.9	9.087391157076333
50.	8.435547879446998
50.1	7.962914208687668
50.2	7.650848718021667
50.3	7.479600445235332
50.4	7.430859642939333
50.5	7.490004335614
50.6	7.647696836452999
50.7	7.900604699994333
50.8	8.251178267448333
50.9	8.706577605665332
51.	9.276972667891666
51.1	9.973518557808333
51.2	10.80632330721
51.3	11.782683564816333
51.4	12.905780713172334
51.5	14.173929156763766
51.6	15.580372927206067
51.7	17.11355409602833
51.8	18.757735960752
51.9	20.493855540077
52.	22.300496066371995
52.1	24.154899243983667
52.2	26.033967005267662
52.3	27.915224089315664
52.4	29.77772138157133
52.5	31.60285597507833
52.6	33.3750717495
52.7	35.08239058060733
52.8	36.716716015936996
52.9	38.27385386958233
53.	39.75321057450667
53.1	41.1571600414964
53.2	42.4901099094082
53.3	43.75734253247887
53.4	44.963747329318664
53.5	46.11259108166357
53.6	47.20448423926863
53.7	48.23668932919166
53.8	49.20288096497067
53.9	50.09340901156689
54.	50.896045106468996
54.1	51.59711957572777
54.2	52.18289411930566
54.3	52.64097776506236
54.4	52.961587914032435
54.5	53.138487103304165
54.6	53.16948443975183
54.7	53.05646708439563
54.8	52.805006059911165
54.9	52.42364575296663
55.	51.92302472027737
55.1	51.314980214131396
55.2	50.611761572748364
55.3	49.82542738223127
55.4	48.96744228996853
55.5	48.048437279134134
55.6	47.07806507676399
55.7	46.064877154497296
55.8	45.01616981516194
55.9	43.9377861443851
56.	42.83390533181094
56.1	41.70688692881514
56.2	40.55725356720916
56.3	39.38388569183236
56.4	38.184467280036465
56.5	36.956170209483
56.6	35.69650921239919
56.7	34.40425273292113
56.8	33.0802488046117
56.9	31.728025870196067
57.	30.354056695499665
57.1	28.9676237617442
57.2	27.5802869646566
57.3	26.205017307945866
57.4	24.855112263088763
57.5	23.54304093266953
57.6	22.279375421600395
57.7	21.07194863548073
57.8	19.925341853580633
57.9	18.840754676925634
58.	17.8162538900145
58.1	16.847345291647766
58.2	15.927771580546265
58.3	15.050415737981933
58.4	14.208185897029033
58.5	13.394773862239031
58.6	12.605211296965667
58.7	11.836188416364202
58.8	11.086141546772765
58.9	10.355149960494533
59.	9.644702656582533
59.1	8.957399280574165
59.2	8.296637349741866
59.3	7.666315479865333
59.4	7.070557145449333
59.5	6.513439950649333
59.6	5.998707947451
59.7	5.529451933432
59.8	5.107762869376
59.9	4.734390178146333
60.	4.408460677444
60.1	4.127326193886333
60.2	3.886602202959667
60.3	3.6804347322419995
60.4	3.5019925068656663
60.5	3.344134969273667
60.6	3.2001658997709996
60.7	3.064557762312333
60.8	2.933530714613
60.9	2.805393741629333
61.	2.680598581511333
61.1	2.561509995878333
61.2	2.451946169006333
61.3	2.3565792864033335
61.4	2.280301297374667
61.5	2.227651901982666
61.6	2.2023791512976665
61.7	2.207166237310666
61.8	2.243521246725
61.9	2.311798741140333
62.	2.411308267874
62.1	2.54046587421
62.2	2.696956693700667
62.3	2.877893389171
62.4	3.0799700462579995
62.5	3.2996192124183334
62.6	3.5331795131269996
62.7	3.7770742803566666
62.8	4.027991833212666
62.9	4.283050017579666
63.	4.539924794997333
63.1	4.796926230902
63.2	5.053013803329667
63.3	5.307753346698
63.4	5.561226520976334
63.5	5.813907806934666
63.6	6.066523021751333
63.7	6.319898735608666
63.8	6.574806726105667
63.9	6.831804865202334
64.	7.091077535939665
64.1	7.3522846290876664
64.2	7.6144359986916665
64.3	7.8758142040850005
64.4	8.133968746392332
64.5	8.385797728953
64.6	8.627718487729666
64.7	8.855910559275333
64.8	9.066597567106333
64.9	9.256324576346998
65.	9.422187887685666
65.1	9.561985696840333
65.2	9.674277572454333
65.3	9.758362573266666
65.4	9.814203289113667
65.5	9.842330631385666
65.6	9.843759433841665
65.7	9.819929580726331
65.8	9.772666889032
65.9	9.704139827911
66.	9.61677944555
66.1	9.513134843362
66.2	9.395654980199
66.3	9.266414604962332
66.4	9.126829429747
66.5	8.977424088818665
66.6	8.817718799768999
66.7	8.646284162270666
66.8	8.460980930718332
66.9	8.259360586468333
67.	8.039163703839
67.1	7.7988269256816665
67.2	7.537903141111
67.3	7.257315211882332
67.4	6.959397471049667
67.5	6.6477226227856665
67.6	6.3267537593476675
67.7	6.001391942601
67.8	5.676502671169667
67.9	5.3564981900943325
68.	5.0450307319763334
68.1	4.744821807987332
68.2	4.457623193911333
68.3	4.184283507981666
68.4	3.9248841523316664
68.5	3.6789097320149997
68.6	3.445427265447334
68.7	3.223260169006333
68.8	3.011152023827333
68.9	2.807918465707666
69.	2.6125830616826664
69.1	2.424487321728667
69.2	2.243360070288
69.3	2.0693310406889998
69.4	1.902879700558333
69.5	1.7447222351113334
69.6	1.5956540599909999
69.7	1.4563775520566669
69.8	1.3273504665179998
69.9	1.2086871952503333
70.	1.1001328979113332
70.1	1.00111275105
70.2	0.910840157199
70.3	0.8284540644393332
70.4	0.753150453021
70.5	0.6842777467043333
70.6	0.6213785620123333
70.7	0.5641765977529999
70.8	0.5125224183133332
70.9	0.466320986849
71.	0.42546481870499997
71.1	0.3897901218313333
71.2	0.3590623164776666
71.3	0.3329862344343333
71.4	0.311229159765
71.5	0.2934440310063333
71.6	0.27928539086466664
71.7	0.2684194415233333
71.8	0.26053781783666663
71.9	0.2553884947869333
72.	0.25283426369143336
72.1	0.2529396643574
72.2	0.25607399328499997
72.3	0.26300562356299995
72.4	0.2749562018
72.5	0.29358571129833333
72.6	0.3208915707776666
72.7	0.3590244031473333
72.8	0.41004485134133334
72.9	0.4756637320783333
73.	0.5570165319606666
73.1	0.6545197771306667
73.2	0.7678414933943333
73.3	0.8959944446376666
73.4	1.0375349696899998
73.5	1.190828475539
73.6	1.3543301872546665
73.7	1.5268291661733333
73.8	1.707614245201333
73.9	1.8965389312526666
74.	2.0939833786329998
74.1	2.3007300426569994
74.2	2.517781734854
74.3	2.7461549333263333
74.4	2.9866781568536664
74.5	3.2398175682383337
74.6	3.505543001653333
74.7	3.7832401082939997
74.8	4.0716697656609995
74.9	4.368974183868333
75.	4.672728892941667
75.1	4.980039141153
75.2	5.287676709745333
75.3	5.592248365490001
75.4	5.890381041763
75.5	6.178903268026334
75.6	6.454999559538
75.7	6.7163160995223326
75.8	6.961002549317
75.9	7.187685205068999
76.	7.395378751024333
76.1	7.583354733122666
76.2	7.750992049070334
76.3	7.897636672068
76.4	8.022494353778999
76.5	8.124572394872333
76.6	8.202676841298999
76.7	8.255461976924
76.8	8.281521595335
76.9	8.279507184386667
77.	8.248256801326665
77.1	8.186919273831666
77.2	8.095060404911333
77.3	7.972740278132333
77.4	7.820553281529666
77.5	7.6396253422506675
77.6	7.431566607740665
77.7	7.198382772422001
77.8	6.942354243064668
77.9	6.665898453834332
78.	6.371435407556999
78.1	6.061278314646334
78.2	5.7375688291176665
78.3	5.402269594508667
78.4	5.057216546512667
78.5	4.704221700902666
78.6	4.345206596719667
78.7	3.9823396898976666
78.8	3.618149499182666
78.9	3.255589601042
79.	2.8980406342129994
79.1	2.5492461722803332
79.2	2.213191003774
79.3	1.8939395855393333
79.4	1.5954575909459998
79.5	1.3214400910243331
79.6	1.0751666136093332
79.7	0.8593974924233333
79.8	0.6763191274813334
79.9	0.5275393339973333
80.	0.41412858789466667
80.1	0.33669881881133334
80.2	0.29550822699966667
80.3	0.2905781602673333
80.4	0.321806410584
80.5	0.3890607944253333
80.6	0.4922382339603333
80.7	0.6312783414889999
80.8	0.806126833354
80.9	1.0166523118466668
81.	1.2625286269876665
81.1	1.5431022453293335
81.2	1.8572679267333334
81.3	2.2033752954966666
81.4	2.5791834449939994
81.5	2.981871645213067
81.6	3.4081036532074993
81.7	3.8541336148263334
81.8	4.315935341137667
81.9	4.789335121338667
82.	5.270131137643666
82.1	5.754188641009667
82.2	6.237507201541666
82.3	6.716262352596333
82.4	7.186827254200001
82.5	7.645780200010666
82.6	8.089901675717
82.7	8.516161890393999
82.8	8.921698037996332
82.9	9.303781241966664
83.	9.659776311281334
83.1	9.987102011262332
83.2	10.283203572800332
83.3	10.545550535006
83.4	10.771670316443664
83.5	10.959221035945
83.6	11.106097476407331
83.7	11.210554324781
83.8	11.271323966707998
83.9	11.287704628168331
84.	11.259599558652997
84.1	11.187498363686
84.2	11.072404901592998
84.3	10.915728729201998
84.4	10.719165350709668
84.5	10.484592109163
84.6	10.214001016142
84.7	9.909478790142998
84.8	9.573231124118
84.9	9.207636573707665
85.	8.815308699781333
85.1	8.399144871878667
85.2	7.962346036840999
85.3	7.508401511989001
85.4	7.041043133959666
85.5	6.564180601483
85.6	6.0818324432383335
85.7	5.598064372639666
85.8	5.116940349246333
85.9	4.642484202167999
86.	4.178644164501666
86.1	3.7292512726783333
86.2	3.2979658390056663
86.3	2.8882128470333326
86.4	2.503114535486333
86.5	2.1454336017853333
86.6	1.8175410478049998
86.7	1.5214179575679003
86.8	1.2586916138367
86.9	1.0306960921978998
87.	0.8385392738829333
87.1	0.6831550648900666
87.2	0.5653229383766667
87.3	0.48564607614733335
87.4	0.4444917589056666
87.5	0.44190946811166665
87.6	0.47754968601366665
87.7	0.5506071568209999
87.8	0.6598060402933332
87.9	0.8034328374466666
88.	0.9794097479656665
88.1	1.18539031108
88.2	1.418854082464
88.3	1.6771791630796669
88.4	1.95767977669
88.5	2.257607946407333
88.6	2.574129755856333
88.7	2.904294046564
88.8	3.2450124863486662
88.9	3.593064669740333
89.	3.945132331197
89.1	4.297856308597
89.2	4.647902237597
89.3	4.992018692563334
89.4	5.327075297615
89.5	5.650076745887667
89.6	5.95815859311
89.7	6.248578480571667
89.8	6.518719161038334
89.9	6.766116161637666
90.	6.988514120552333
90.1	7.1839446671210005
90.2	7.350808994458
90.3	7.487943469314667
90.4	7.5946486671606666
90.5	7.670670824367667
90.6	7.716137394862667
90.7	7.731461312462
90.8	7.717237643920667
90.9	7.6741586698730995
91.	7.602968224753667
91.1	7.504464895032934
91.2	7.3795498084258
91.3	7.229302415456699
91.4	7.055060489985366
91.5	6.8584804976471005
91.6	6.641561192943268
91.7	6.406624412433066
91.8	6.156258889056533
91.9	5.893241836196865
92.	5.620456510566567
92.1	5.340821352486399
92.2	5.0572390532361
92.3	4.772564909519633
92.4	4.489586415185366
92.5	4.211002803373733
92.6	3.9393951711981665
92.7	3.6771839736077334
92.8	3.4265785952579995
92.9	3.189530283140933
93.	2.9677022894403997
93.1	2.762468379964267
93.2	2.574943526882933
93.3	2.4060409145714665
93.4	2.2565405608751665
93.5	2.1271499411807664
93.6	2.0185378516811
93.7	1.9313293764716335
93.8	1.8660603765354664
93.9	1.8231012624647998
94.	1.8025685356839667
94.1	1.804246090251133
94.2	1.8275355971991667
94.3	1.8714473960025666
94.4	1.934632711775833
94.5	2.0154479501399
94.6	2.1120352187017333
94.7	2.2224017716353996
94.8	2.3444847392535997
94.9	2.4761946333512332
95.	2.615439061336433
95.1	2.760134120433267
95.2	2.9082132078247995
95.3	3.0576410431413663
95.4	3.2064356452911333
95.5	3.3526950046976993
95.6	3.4946206898714665
95.7	3.6305294704761
95.8	3.7588468258025327
95.9	3.8780820760195334
96.	3.9867918133688
96.1	4.0835438447611
96.2	4.166895917532066
96.3	4.235401120926233
96.4	4.2876455291447995
96.5	4.322315170785199
96.6	4.338281290292899
96.7	4.334687533443466
96.8	4.311021709680467
96.9	4.267158372332
97.	4.203365465404467
97.1	4.120276574495433
97.2	4.018837501001165
97.3	3.9002400366759997
97.4	3.7658561050778
97.5	3.6171822527798665
97.6	3.4557992434781664
97.7	3.2833461503215666
97.8	3.1015045834519004
97.9	2.9119875169509997
98.	2.7165285588145665
98.1	2.5168704812447
98.2	2.3147549252634665
98.3	2.111916997820033
98.4	1.9100881521959
98.5	1.7110083139927332
98.6	1.5164445562422335
98.7	1.3282101182030333
98.8	1.1481755861412999
98.9	0.9782644983004
99.	0.8204285743708334
99.1	0.6766024348623333
99.2	0.5486427191189999
99.3	0.4382604571299633
99.4	0.3469572811549333
99.5	0.27597516675846995
99.6	0.22626626279320333
99.7	0.19848503448259663
99.8	0.19300069225770336
99.9	0.20992482788577665
100.	0.24914792796343666
100.1	0.3103789257524233
100.2	0.39318357206143006
100.3	0.4970192734241266
100.4	0.6212653731888667
100.5	0.7652482386616
100.6	0.9282600770672333
100.7	1.1095696716826666
100.8	1.3084229129506
100.9	1.5240316536292333
101.	1.7555511895383333
101.1	2.0020492028938666
101.2	2.2624715507980664
101.3	2.5356119542783833
101.4	2.82009275903091
101.5	3.114362278954853
101.6	3.4167111473424727
101.7	3.7253064051508002
101.8	4.038238764736647
101.9	4.353576471011383
102.	4.6694188718643295
102.1	4.983944078393019
102.2	5.295447316344729
102.3	5.602368880546697
102.4	5.903312224344393
102.5	6.197053246369166
102.6	6.482541387359966
102.7	6.758892277051899
102.8	7.025371125876333
102.9	7.2813664630786334
103.	7.5263553798000675
103.1	7.7598637973498334
103.2	7.981427636795432
103.3	8.190562128915596
103.4	8.386746079094607
103.5	8.569425428945515
103.6	8.738036366510633
103.7	8.892043572380132
103.8	9.030985296575267
103.9	9.154515048514433
104.	9.262430403139833
104.1	9.354682633641499
104.2	9.431365642567034
104.3	9.4926875555292
104.4	9.538931912767532
104.5	9.570416648142245
104.6	9.58745778411303
104.7	9.590341645049337
104.8	9.579305681436466
104.9	9.554525135786102
105.	9.51610184835203
105.1	9.464052810952985
105.2	9.39829905218572
105.3	9.31865879926953
105.4	9.224851087807595
105.5	9.116515876089533
105.6	8.993253869223498
105.7	8.854684270339932
105.8	8.700513027342467
105.9	8.530599710019533
106.	8.345009581670466
106.1	8.1440395595614
106.2	7.928212269827267
106.3	7.698239863371699
106.4	7.454966549382665
106.5	7.199303766896432
106.6	6.932173077502299
106.7	6.654468913633973
106.8	6.3670472236588935
106.9	6.070738771119617
107.	5.76637965267121
107.1	5.454848372533853
107.2	5.137099386406213
107.3	4.814186936921789
107.4	4.4872786375710865
107.5	4.157663445755866
107.6	3.8267614073103333
107.7	3.4961417602878666
107.8	3.1675518604549326
107.9	2.842953390482567
108.	2.5245566641387
108.1	2.214840761730933
108.2	1.9165481661309998
108.3	1.632647617271
108.4	1.3662667434798332
108.5	1.1206043004047999
108.6	0.8988379098724666
108.7	0.7040449924634333
108.8	0.5391513725693333
108.9	0.40691462696246666
109.	0.3099398178456333
109.1	0.25071663455256665
109.2	0.23166175345376663
109.3	0.2551499183284667
109.4	0.3235217776503
109.5	0.43906428594686664
109.6	0.6039678793674
109.7	0.8202709384230333
109.8	1.0898043028503
109.9	1.4141462798869
110.	1.794592748009633
110.1	2.232139869586467
110.2	2.727471267932366
110.3	3.280939456055967
110.4	3.8925337022214332
110.5	4.561832649917499
110.6	5.287947764565533
110.7	6.069470266050566
110.8	6.904437118568667
110.9	7.790329525434833
111.	8.724110520451866
111.1	9.702298566900199
111.2	10.721064496095098
111.3	11.7763326479419
111.4	12.863865812722631
111.5	13.9793180138701
111.6	15.118248031171035
111.7	16.2760971849243
111.8	17.448144099864866
111.9	18.629454266186332
112.	19.81484188778733
112.1	20.998856185741232
112.2	22.175796017632766
112.3	23.339748264122704
112.4	24.48463971070843
112.5	25.604290862181035
112.6	26.692463420083932
112.7	27.742899550737068
112.8	28.749358007215964
112.9	29.705656891703732
113.	30.6057333877654
113.1	31.443726671667527
113.2	32.214082624738566
113.3	32.911670407558965
113.4	33.531894386186764
113.5	34.0707827495299
113.6	34.52503748747486
113.7	34.89203851112143
113.8	35.169805320074026
113.9	35.356929642875365
114.	35.45249888711797
114.1	35.45603117260416
114.2	35.36743796645836
114.3	35.187021448877495
114.4	34.91550348565613
114.5	34.554074552861294
114.6	34.10444658276183
114.7	33.5688944631634
114.8	32.95027613582447
114.9	32.25202880849176
115.	31.478145973574662
115.1	30.633144268445534
115.2	29.722029393694065
115.3	28.750266537529498
115.4	27.723754685507366
115.5	26.648798288630765
115.6	25.5320664430996
115.7	24.3805304956732
115.8	23.20137588335487
115.9	22.00189159331443
116.	20.789348414855098
116.1	19.570882479874033
116.2	18.3534014778272
116.3	17.143526793406433
116.4	15.947576650230332
116.5	14.771585448558664
116.6	13.621345725363664
116.7	12.502454065850667
116.8	11.420342251465664
116.9	10.380279791619998
117.	9.387342145018332
117.1	8.446347873874334
117.2	7.561775092181433
117.3	6.737671009495899
117.4	5.977567568108599
117.5	5.284411950902967
117.6	4.660514964348799
117.7	4.107515186111433
117.8	3.6263540867501334
117.9	3.2172578405129
118.	2.8797247302626663
118.1	2.612521394581333
118.2	2.413694678093
118.3	2.280606822335667
118.4	2.2099993681213332
118.5	2.1980858369866665
118.6	2.2406665215866663
118.7	2.333252654291
118.8	2.471183854795333
118.9	2.6497233288896664
119.	2.864119858545666
119.1	3.1096330257530003
119.2	3.381526332588
119.3	3.6750396835426664
119.4	3.9853563225979993
119.5	4.307579000933
119.6	4.636726311167667
119.7	4.967754159378333
119.8	5.295601152653999
119.9	5.615251999388667
120.	5.921810923265999
120.1	6.210577678464333
120.2	6.4771212257999995
120.3	6.717349141355999
120.4	6.927573022834999
120.5	7.10457065388
120.6	7.245644384259332
120.7	7.348672762515332
120.8	7.412150107772666
120.9	7.435207641710333
121.	7.417610823937332
121.1	7.359730689602
121.2	7.262491553728001
121.3	7.127302131448666
121.4	6.955980518612333
121.5	6.750684511605333
121.6	6.513857039837665
121.7	6.248192479558666
121.8	5.956624405229666
121.9	5.642330322712667
122.	5.308745367693333
122.1	4.959575599613333
122.2	4.598802414518667
122.3	4.2306721549079995
122.4	3.8596682292893334
122.5	3.4904659805289997
122.6	3.127872481472333
122.7	2.7767542136443333
122.8	2.441955506883333
122.9	2.128210286344
123.	1.840049677122
123.1	1.5817086738616664
123.2	1.3570362854913331
123.3	1.1694148207823334
123.4	1.021694607802
123.5	0.9161498557983334
123.6	0.8544593443503332
123.7	0.837712422119
123.8	0.8664371175666666
123.9	0.9406439325896666
124.	1.0598769555046665
124.1	1.2232637779139999
124.2	1.4295572934783332
124.3	1.6771652578646665
124.4	1.964166652892667
124.5	2.2883165678783333
124.6	2.6470429075626667
124.7	3.0374386295676663
124.8	3.4562527274743333
124.9	3.899882409327333
125.	4.364368481911333
125.1	4.845396179375666
125.2	5.338304488697333
125.3	5.838107939249999
125.4	6.339535145674667
125.5	6.837087510187666
125.6	7.3251191781310006
125.7	7.797935897775666
125.8	8.249906676309333
125.9	8.675579128164333
126.	9.069788166896664
126.1	9.427748742713
126.2	9.745126539023001
126.3	10.018085100423665
126.4	10.243312505668333
126.5	10.418034114160331
126.6	10.54001916495
126.7	10.607587863424666
126.8	10.619622592444667
126.9	10.575583171911
127.	10.475523004756333
127.1	10.320101557131666
127.2	10.110589348583666
127.3	9.848864090212333
127.4	9.537399751262999
127.5	9.179252810618
127.6	8.778050626440333
127.7	8.337985244956666
127.8	7.863812449504
127.9	7.360851585788
128.	6.834978245385
128.1	6.292600669385334
128.2	5.740612491154334
128.3	5.1863189407986665
128.4	4.637339675128333
128.5	4.101497157004999
128.6	3.5867031347379994
128.7	3.100856008404
128.8	2.651758506749333
128.9	2.2470590721729997
129.	1.894213493644
129.1	1.600457760311
129.2	1.3727805661199999
129.3	1.217885135984
129.4	1.142134587048
129.5	1.1514813182266666
129.6	1.251386803075
129.7	1.446741663254
129.8	1.7417958695946667
129.9	2.1401054327996665
130.	2.6444962987216662
130.1	3.257040423985333
130.2	3.9790353114256662
130.3	4.810978079693666
130.4	5.752528662171
130.5	6.802462878611665
130.6	7.958622808624334
130.7	9.217876736519667
130.8	10.576102066528666
130.9	12.028201355969665
131.	13.568154765376335
131.1	15.189103820118001
131.2	16.883454056732663
131.3	18.642980269112996
131.4	20.458918987211334
131.5	22.322038306050004
131.6	24.22268353344367
131.7	26.150805698149668
131.8	28.09598601451467
131.9	30.047471014627334
132.	31.994229766303
132.1	33.925037540504334
132.2	35.828581863419
132.3	37.69357991287
132.4	39.508893032939994
132.5	41.26362575186
132.6	42.94720254344867
132.7	44.54942355063233
132.8	46.060507883326665
132.9	47.47113722048599
133.	48.772511870791995
133.1	49.95642621516934
133.2	51.015362363853
133.3	51.942592584967
133.4	52.73227556190134
133.5	53.37953074001133
133.6	53.88047943366133
133.7	54.23224965070567
133.8	54.432951121803
133.9	54.48163468700265
134.	54.378253429827666
134.1	54.123640612055326
134.2	53.719512243151996
134.3	53.16849228437067
134.4	52.474149210910326
134.5	51.64102692242599
134.6	50.67465265737333
134.7	49.581509697292006
134.8	48.368971562949
134.9	47.04520419815467
135.	45.61905012337667
135.1	44.09991137523667
135.2	42.497645466512
135.3	40.822481590866
135.4	39.08495543355633
135.5	37.29585327587633
135.6	35.466152293007326
135.7	33.606945328585
135.8	31.729344481278332
135.9	29.84436646664833
136.	27.962810830825326
136.1	26.095146841545997
136.2	24.251424407722332
136.3	22.441218661924328
136.4	20.673608594452666
136.5	18.957180304543996
136.6	17.300038252322665
136.7	15.709805743476
136.8	14.193599560036667
136.9	12.757972070899331
137.	11.408824705450332
137.1	10.151306066106999
137.2	8.98971329632
137.3	7.927415059215333
137.4	6.9668088727590005
137.5	6.1093165638216655
137.6	5.355412234716333
137.7	4.704670396764
137.8	4.155819856633999
137.9	3.706791943525
138.	3.3547584136203334
138.1	3.096162287177666
138.2	2.9267510370859995
138.3	2.841623693511333
138.4	2.835300721105
138.5	2.9018188470623336
138.6	3.0348446623633327
138.7	3.22779370923
138.8	3.4739384642596667
138.9	3.766490452063666
139.	4.0986483074606666
139.1	4.463612991549333
139.2	4.8545806561603335
139.3	5.264729947208999
139.4	5.687221887841667
139.5	6.115226514040334
139.6	6.541982445525001
139.7	6.9608860983996665
139.8	7.365599199495333
139.9	7.750159007732666
140.	8.109076234161332
140.1	8.437410529961332
140.2	8.730820669805333
140.3	8.985593606106
140.4	9.198661039029
140.5	9.36761267288
140.6	9.490711991565666
140.7	9.566914628083332
140.8	9.595883512129333
140.9	9.577991259341333
141.	9.514300242890332
141.1	9.406514675825
141.2	9.256905665862332
141.3	9.068217427354334
141.4	8.843568242877332
141.5	8.586361505293667
141.6	8.300219563466332
141.7	7.9889468557333325
141.8	7.656520809631666
141.9	7.307101611010999
142.	6.945047345653332
142.1	6.574920409833333
142.2	6.201474404687666
142.3	5.829616698925666
142.4	5.464348446821999
142.5	5.110689028554
142.6	4.7735942018453335
142.7	4.4578763540879995
142.8	4.168131875786333
142.9	3.9086763819516666
143.	3.6834850405259996
143.1	3.496133954736666
143.2	3.3497398361786663
143.3	3.2468985347913333
143.4	3.1896270110189997
143.5	3.1793164172073336
143.6	3.2167047723840003
143.7	3.3018757252493334
143.8	3.4342855293806664
143.9	3.612814855829
144.	3.835837090968333
144.1	4.101291805443666
144.2	4.406751981663334
144.3	4.749476296448333
144.4	5.126442365366666
144.5	5.534361944141666
144.6	5.969683199005001
144.7	6.4285872933379995
144.8	6.9069864249096655
144.9	7.400528564063666
145.	7.904611489495332
145.1	8.414406393013998
145.2	8.924890123480665
145.3	9.430885278563998
145.4	9.927108423129333
145.5	10.408227899156998
145.6	10.868933112012666
145.7	11.304016265659666
145.8	11.708465268179665
145.9	12.077563513315667
146.	12.406989431312667
146.1	12.692907087958666
146.2	12.93203935977433
146.3	13.121717402014333
146.4	13.259903704555668
146.5	13.345190016768
146.6	13.376774732375665
146.7	13.354426164766998
146.8	13.278438250333
146.9	13.149583938131332
147.	12.969069628826663
147.1	12.738492400273334
147.2	12.459801025325664
147.3	12.135262081264665
147.4	11.767433344637334
147.5	11.359147371604998
147.6	10.913507865132667
147.7	10.433899654947
147.8	9.924009990636
147.9	9.387855127672
148.	8.829803041444
148.1	8.254581710258666
148.2	7.6672635192089995
148.3	7.0732199552949995
148.4	6.478046084364999
148.5	5.887459919413666
148.6	5.307186153064
148.7	4.742835652349333
148.8	4.199791188105333
148.9	3.683106610983
149.	3.197422360504
149.1	2.746896373400667
149.2	2.3351474658959996
149.3	1.9652086729873333
149.4	1.6394904502973333
149.5	1.3597568502793334
149.6	1.1271201489763332
149.7	0.9420595136576667
149.8	0.8044665363123333
149.9	0.7137152726259999
150.	0.6687482912223334
150.1	0.6681651846929999
150.2	0.7102979264946666
150.3	0.7932594676859999
150.4	0.9149578865683332
150.5	1.0730767737666667
150.6	1.2650310160419997
150.7	1.4879132498953336
150.8	1.738448175504
150.9	2.012969128175333
151.	2.3074247656523337
151.1	2.617415609708667
151.2	2.938253128466333
151.3	3.265030305492
151.4	3.5926932811096663
151.5	3.916108183695667
151.6	4.230123808006
151.7	4.529636702355666
151.8	4.8096680342199996
151.9	5.065459917011999
152.	5.292592921315332
152.1	5.487118093141
152.2	5.645688826994332
152.3	5.765673343684666
152.4	5.845229293917332
152.5	5.883328449341666
152.6	5.879729968087333
152.7	5.834912296410334
152.8	5.749982882123666
152.9	5.626588670396
153.	5.466847604883666
153.1	5.273312915198666
153.2	5.048970515599667
153.3	4.797259032495999
153.4	4.522095248207333
153.5	4.227887165949333
153.6	3.919522453079
153.7	3.602329623867333
153.8	3.2820195031100003
153.9	2.96462159267
154.	2.6564313240056663
154.1	2.363979191272
154.2	2.0940230355116665
154.3	1.853553644212
154.4	1.6497953168179997
154.5	1.4901803632476665
154.6	1.382281006455
154.7	1.3336928018599998
154.8	1.3518772832646668
154.9	1.4439837911566666
155.	1.6166773191136665
155.1	1.8759983516213332
155.2	2.2272721569813334
155.3	2.675071425740333
155.4	3.223221770266333
155.5	3.874828978415666
155.6	4.632303387713333
155.7	5.497361334596666
155.8	6.4709946752246665
155.9	7.55341307549
156.	8.743975459755333
156.1	10.041132709657333
156.2	11.442401485667
156.3	12.944379667396333
156.4	14.542800616103666
156.5	16.23261087690033
156.6	18.00804850550033
156.7	19.862699676864
156.8	21.789519691583667
156.9	23.780818281038997
157.	25.828223675437002
157.1	27.922650299117667
157.2	30.05429753476733
157.3	32.212700613378665
157.4	34.38684116183133
157.5	36.565308489370324
157.6	38.73648856750967
157.7	40.888750396563665
157.8	43.01060141674401
157.9	45.090794142484995
158.	47.118381840333
158.1	49.082736728958324
158.2	50.97355475824301
158.3	52.780873188048
158.4	54.49512036160533
158.5	56.10720376200667
158.6	57.608627244654
158.7	58.991616536960336
158.8	60.24922772200067
158.9	61.37541804349799
159.	62.36507039722166
159.1	63.21397823735467
159.2	63.918810997876655
159.3	64.47708680573798
159.4	64.88717676529366
159.5	65.14835397660666
159.6	65.26088418327467
159.7	65.22613883168032
159.8	65.046700633926
159.9	64.72643008443765
160.	64.27046942351399
160.1	63.685175830974664
160.2	62.977993282705
160.3	62.15728701611266
160.4	61.23217134691866
160.5	60.212358794303995
160.6	59.108047277493
160.7	57.929846543604995
160.8	56.68873028978099
160.9	55.395991586171
161.	54.06317905892633
161.1	52.70199967750967
161.2	51.32418786337233
161.3	49.941355004340664
161.4	48.564843222621995
161.5	47.205608803141
161.6	45.87415328623366
161.7	44.580506145063666
161.8	43.334246762932
161.9	42.144540514511334
162.	41.020158431544004
162.1	39.96945415431066
162.2	39.00028433027066
162.3	38.11987553454733
162.4	37.33465672644833
162.5	36.650086370193996
162.6	36.070504591587664
162.7	35.59903305823266
162.8	35.237531490276666
162.9	34.986604513804664
163.	34.84564100868967
163.1	34.81286377178633
163.2	34.88537129844966
163.3	35.05916397925667
163.4	35.329159994649
163.5	35.68921688934199
163.6	36.13217924719166
163.7	36.64996935336167
163.8	37.23372723147567
163.9	37.873992453673665
164.	38.560907327412
164.1	39.28441380115267
164.2	40.034417215772336
164.3	40.80089877264
164.4	41.57397253232533
164.5	42.343897587681994
164.6	43.10106713114099
164.7	43.83600025803999
164.8	44.539358526581
164.9	45.20199922509933
165.	45.81506458293533
165.1	46.370095061251995
165.2	46.85914894890166
165.3	47.27491130002167
165.4	47.610782023327666
165.5	47.860942806631
165.6	48.02041172507834
165.7	48.08509937719967
165.8	48.05187936716133
165.9	47.918679177733665
166.	47.68458736807132
166.1	47.349963083942
166.2	46.916527635257665
166.3	46.387417573792
166.4	45.767184559448005
166.5	45.061737492894665
166.6	44.278233720629004
166.7	43.42493509538699
166.8	42.511048728445
166.9	41.546570543179
167.	40.542143346347
167.1	39.508932626968
167.2	38.458515749816
167.3	37.40277612326433
167.4	36.3537943260623
167.5	35.32373240699417
167.6	34.32471354104436
167.7	33.3687043104029
167.8	32.4674088489127
167.9	31.632182072442326
168.	30.873963804073
168.1	30.203228823604334
168.2	29.62994223569467
168.3	29.163507219125666
168.4	28.812694132715997
168.5	28.585545517728335
168.6	28.489258842101
168.7	28.530055371839666
168.8	28.713047172815664
168.9	29.042113918540668
169.	29.519797393952334
169.1	30.147216115823998
169.2	30.923997698150664
169.3	31.848224479762997
169.4	32.916389350913995
169.5	34.123362994704266
169.6	35.462378941026365
169.7	36.92504642811863
169.8	38.50140104832973
169.9	40.17999883082007
170.	41.94805176431406
170.1	43.79159426053474
170.2	45.69566371511133
170.3	47.644476650375665
170.4	49.62158590443532
170.5	51.61001287410933
170.6	53.592359178300995
170.7	55.550910578198994
170.8	57.46774947386233
170.9	59.32488928360767
171.	61.10443539135534
171.1	62.78876614538366
171.2	64.36071781282865
171.3	65.80375330133066
171.4	67.10209794821333
171.5	68.24083607680033
171.6	69.20597607756652
171.7	69.98450449066374
171.8	70.56445605190534
171.9	70.9350238837128
172.	71.0867219669444
172.1	71.01159417022049
172.2	70.70344612082425
172.3	70.15806439326006
172.4	69.37338634695612
172.5	68.349594624749
172.6	67.08912987406866
172.7	65.59663745945133
172.8	63.87888127331699
172.9	61.944663963999666
173.	59.804785228423995
173.1	57.47205029537199
173.2	54.961315587647675
173.3	52.28953650018434
173.4	49.47577134456132
173.5	46.54110051803833
173.6	43.50844027838066
173.7	40.40226014896033
173.8	37.248242308582896
173.9	34.07294012151756
174.	30.903494034466597
174.1	27.767444821147265
174.2	24.69265157787043
174.3	21.707285186288804
174.4	18.839839413341863
174.5	16.119091620128266
174.6	13.573957729526533
174.7	11.233218632942332
174.8	9.125137605635999
174.9	7.2770266140699995
175.	5.714840294159
175.1	4.4628717013636665
175.2	3.5435938055299996
175.3	2.9776439584099994
175.4	2.7839002451786663
175.5	2.9795652264673333
175.6	3.580166487063667
175.7	4.599408478880667
175.8	6.048859865451668
175.9	7.937519646527001
176.	10.271354337109265
176.1	13.05292016006353
176.2	16.28116948080973
176.3	19.95149216162433
176.4	24.055974262108265
176.5	28.583790168836295
176.6	33.52160210500043
176.7	38.853838622906224
176.8	44.562764340662994
176.9	50.628325920015335
177.	57.02784170540467
177.1	63.73566755968333
177.2	70.722996212982
177.3	77.95792073838933
177.4	85.40581982221266
177.5	93.03002416213998
177.6	100.79263028079765
177.7	108.65527141853232
177.8	116.57965625571532
177.9	124.52774911093934
178.	132.46157415968202
178.1	140.34274939183598
178.2	148.13195487952652
178.3	155.78858086651613
178.4	163.2707667317082
178.5	170.53593709545592
178.6	177.54179381783848
178.7	184.2475751579681
178.8	190.6152915981294
178.9	196.61062638906475
179.	202.2032600126169
179.1	207.3665264185331
179.2	212.07649583969766
179.3	216.31075128220667
179.4	220.04723202285368
179.5	223.26352305902333
179.6	225.93686761655232
179.7	228.04499447467666
179.8	229.56763191382063
179.9	230.48838588145
180.	230.79654631199497