# O+CO(0,0) elastic diff. cross section
# E = 0.00087 eV
# angle, CS (1e-16 cm^2)
0.1	30617.11009247
0.2	30527.162349669998
0.3	30377.795750256664
0.4	30169.82514569333
0.5	29904.382162056667
0.6	29582.906144336666
0.7	29207.13266876333
0.8	28779.07973770333
0.9	28301.031794086666
1.	27775.52171274333
1.1	27205.31094680333
1.2	26593.36802265667
1.3	25942.845593309998
1.4	25257.056271889996
1.5	24539.447477679994
1.6	23793.57553358333
1.7	23023.079260116665
1.8	22231.653311510003
1.9	21423.02150051
2.	20600.91035396667
2.1	19769.02313614
2.2	18931.014568056664
2.3	18090.466461143333
2.4	17250.864469136664
2.5	16415.57614943
2.6	15587.83050644
2.7	14770.69917244
2.8	13967.079361536666
2.9	13179.678711463333
3.	12411.00210676
3.1	11663.340554703333
3.2	10938.762162826666
3.3	10239.105244956665
3.4	9565.973560229999
3.5	8920.733667839999
3.6	8304.514359743333
3.7	7718.208113293333
3.8	7162.47448699
3.9	6637.745365396666
4.	6144.231942853332
4.1	5681.93332189
4.2	5250.646589309999
4.3	4849.9782227
4.4	4479.356671106667
4.5	4138.04594708
4.6	3825.160062696667
4.7	3539.678139299999
4.8	3280.4600199999995
4.9	3046.26221515
5.	2835.7540139933335
5.1	2647.533600276666
5.2	2480.144016003333
5.3	2332.0888252366667
5.4	2201.847338933333
5.5	2087.8892720566664
5.6	1988.6887155266668
5.7	1902.7373176366666
5.8	1828.5565823366665
5.9	1764.70920504
6.	1709.8093802066664
6.1	1662.53202867
6.2	1621.6209062899998
6.3	1585.8955691133335
6.4	1554.2571833433333
6.5	1525.6931811833333
6.6	1499.2807756033335
6.7	1474.1893586899998
6.8	1449.6818186
6.9	1425.1148200499997
7.	1399.9381018466665
7.1	1373.6928528066667
7.2	1346.0092340466665
7.3	1316.60312113
7.4	1285.2721441986666
7.5	1251.891107499
7.6	1216.4068720983332
7.7	1178.8327868779998
7.8	1139.2427531733333
7.9	1097.765007735
8.	1054.5757071929997
8.1	1009.8923947263334
8.2	963.9674265796666
8.3	917.0814321686667
8.4	869.5368771029999
8.5	821.6517935940001
8.6	773.7537371756667
8.7	726.1740231273334
8.8	679.242289867
8.9	633.2814304873333
9.	588.6029273239999
9.1	545.5026181459999
9.2	504.25691631999996
9.3	465.11950116366665
9.4	428.3184887223333
9.5	394.05408749233334
9.6	362.49673811833327
9.7	333.7857309816667
9.8	308.02829077666667
9.9	285.29911278513333
10.	265.64033156236667
10.1	249.06189916713333
10.2	235.54234694853335
10.3	225.029902213
10.4	217.44392885466667
10.5	212.6766592331333
10.6	210.59518323523335
10.7	211.0436594949
10.8	213.8457132373333
10.9	218.80698505933333
11.	225.7177951823333
11.1	234.35588828966667
11.2	244.489224939
11.3	255.87878671966666
11.4	268.2813637743333
11.5	281.452294964
11.6	295.148132847
11.7	309.1292076987
11.8	323.16206699866666
11.9	337.02176913349996
12.	350.4940124888667
12.1	363.3770835713
12.2	375.48361031856666
12.3	386.64210930486666
12.4	396.698318047
12.5	405.5163061290333
12.6	412.9793612937666
12.7	418.9906490256001
12.8	423.4736464267333
12.9	426.3723533797
13.	427.65128604383335
13.1	427.2952596750333
13.2	425.30896954389993
13.3	421.71638038773335
13.4	416.5599362995334
13.5	409.8996043019
13.6	401.81176599419996
13.7	392.3879726523333
13.8	381.7335799763333
13.9	369.96627930963336
14.	357.2145426261
14.1	343.61599886780004
14.2	329.3157593522667
14.3	314.4647099169666
14.4	299.2177872899666
14.5	283.73225681099996
14.6	268.16600815926665
14.7	252.67588509766665
14.8	237.41606450463337
14.9	222.5364990963333
15.	208.181437265
15.1	194.488032396
15.2	181.58505287233334
15.3	169.59170275766667
15.4	158.61656187066666
15.5	148.75665263533335
15.6	140.09663973866668
15.7	132.70816723766666
15.8	126.64933639033332
15.9	121.96432608243333
16.	118.6831563627
16.1	116.82159427090001
16.2	116.38119982113335
16.3	117.3495087727
16.4	119.70034762296666
16.5	123.39427512409999
16.6	128.379143597
16.7	134.5907723423333
16.8	141.95372458266667
16.9	150.38217859033333
17.	159.780883002
17.1	170.04618572133333
17.2	181.0671253953333
17.3	192.72657405799998
17.4	204.90241933066665
17.5	217.46877441633333
17.6	230.297204126
17.7	243.25795524333333
17.8	256.2211797353333
17.9	269.0581396133333
18.	281.6423826143333
18.1	293.85087837133335
18.2	305.5651052783333
18.3	316.672078913
18.4	327.0653135583333
18.5	336.6457091543333
18.6	345.32235681866666
18.7	353.01325694166667
18.8	359.6459447653666
18.9	365.15801928426663
19.	369.49757225689996
19.1	372.62351507766664
19.2	374.5058022174667
19.3	375.12555090279994
19.4	374.47505764280004
19.5	372.5577131324333
19.6	369.3878179447
19.7	364.9903022940333
19.8	359.4003539359667
19.9	352.6629590554667
20.	344.83236167279995
20.1	335.97144776026664
20.2	326.1510608273667
20.3	315.4492562475666
20.4	303.9505020271333
20.5	291.7448340959666
20.6	278.9269744595333
20.7	265.59542078339996
20.8	251.85151608893332
20.9	237.79850730436664
21.	223.54060137230002
21.1	209.18202752086668
21.2	194.82611411669998
21.3	180.5743882737333
21.4	166.52570605723332
21.5	152.77542075186665
21.6	139.41459619373333
21.7	126.529271677
21.8	114.19978437756666
21.9	102.50015463289999
22.	91.49753877196667
22.1	81.2517535114
22.2	71.8148752181
22.3	63.230916613299996
22.4	55.535582746033334
22.5	48.7561073042
22.6	42.911169582499994
22.7	38.01089166939666
22.8	34.05691467880334
22.9	31.042552130413334
23.	28.953017888183332
23.1	27.765725400613327
23.2	27.45065436073333
23.3	27.970780317903333
23.4	29.282562238046665
23.5	31.336482524346664
23.6	34.07763358273667
23.7	37.446344651266664
23.8	41.37884230694833
23.9	45.80793782879
24.	50.663734424508995
24.1	55.874347228962336
24.2	61.36662895162533
24.3	67.06689408899967
24.4	72.90163472440067
24.5	78.79822111357333
24.6	84.68558049067333
24.7	90.49484783471333
24.8	96.15998268963666
24.9	101.61834655561665
25.	106.81123581913667
25.1	111.68436571474999
25.2	116.18830134729998
25.3	120.27883238889001
25.4	123.91728868217332
25.5	127.07079460005
25.6	129.71246066170332
25.7	131.82151156429998
25.8	133.38335042866666
25.9	134.38955971516665
26.	134.8378399
26.1	134.7318876069
26.2	134.08121549456666
26.3	132.9009167479
26.4	131.2113775442
26.5	129.0379413535
26.6	126.41052935703334
26.7	123.36322165363333
26.8	119.93380426273332
26.9	116.16328718856667
27.	112.09539903976665
27.1	107.77606384769999
27.2	103.25286581323333
27.3	98.57450775223333
27.4	93.79026897596668
27.5	88.9494682518
27.6	84.10093734133332
27.7	79.29251041896666
27.8	74.5705344038
27.9	69.97940494299999
28.	65.56113243353332
28.1	61.35494207246666
28.2	57.396911508433334
28.3	53.71964919776667
28.4	50.352016096966665
28.5	47.318892813
28.6	44.640993818
28.7	42.33472980973333
28.8	40.412118770899994
28.9	38.880745755099994
29.	37.74377091079
29.1	36.99998475308333
29.2	36.643909209069996
29.3	36.665942503926665
29.4	37.05254552404333
29.5	37.78646689599667
29.6	38.847003657719995
29.7	40.21029407726667
29.8	41.84963889293333
29.9	43.735847015699996
30.	45.8376015433
30.1	48.12184179506666
30.2	50.55415698316666
30.3	53.099187089933324
30.4	55.72102652266666
30.5	58.38362616976667
30.6	61.051189573066665
30.7	63.68855907296666
30.8	66.26158796249999
30.9	68.7374949045
31.	71.08519712356666
31.1	73.275619169
31.2	75.28197436416667
31.3	77.08001639759999
31.4	78.64825887326666
31.5	79.96816102119999
31.6	81.02427815406666
31.7	81.80437586139999
31.8	82.29950733979999
31.9	82.50405364903332
32.	82.41572709993332
32.1	82.0355383555
32.2	81.36772821439999
32.3	80.41966540113333
32.4	79.20171203376665
32.5	77.72705875329999
32.6	76.01153179406667
32.7	74.07337453899999
32.8	71.93300633269999
32.9	69.61276152543333
33.	67.13661188916666
33.1	64.52987567456667
33.2	61.81891666393333
33.3	59.03083664316666
33.4	56.19316472373333
33.5	53.333546931533334
33.6	50.47943942656667
33.7	47.657808625799994
33.8	44.8948413812
33.9	42.215668209566665
34.	39.64410238703333
34.1	37.202397510666664
34.2	34.91102589163333
34.3	32.788479889033326
34.4	30.851098013299996
34.5	29.112917337866666
34.6	27.585553450159995
34.7	26.278108859586666
34.8	25.19711045889
34.9	24.346476313466667
35.	23.727511729706663
35.1	23.338934238789996
35.2	23.176926821533332
35.3	23.235218402100003
35.4	23.505190354496666
35.5	23.97600749958
35.6	24.6347718217
35.7	25.4666969101
35.8	26.455300929366665
35.9	27.58261574806666
36.	28.829409708266667
36.1	30.17542140266667
36.2	31.59960173496667
36.3	33.08036148703333
36.4	34.59582158686666
36.5	36.12406327966667
36.6	37.64337543733333
36.7	39.13249631149999
36.8	40.570847126
36.9	41.9387550302
37.	43.217663080533335
37.1	44.3903250924
37.2	45.44098339586667
37.3	46.3555277452
37.4	47.12163385976667
37.5	47.728880322433334
37.6	48.168842812466664
37.7	48.435164920866654
37.8	48.523605057733334
37.9	48.43205924008333
38.	48.16055981709667
38.1	47.71125045392
38.2	47.08833795738333
38.3	46.29802178111667
38.4	45.348402276760005
38.5	44.24936898930666
38.6	43.012470494329996
38.7	41.65076746419333
38.8	40.178670813379995
38.9	38.6117669147
39.	36.966631996619995
39.1	35.260637922676665
39.2	33.511751620746665
39.3	31.738330469326662
39.4	29.95891596052333
39.5	28.19202794627333
39.6	26.45596173541333
39.7	24.768590243989998
39.8	23.14717331347333
39.9	21.608176201150002
40.	20.167099113333336
40.1	18.83831950358333
40.2	17.634948686839998
40.3	16.56870414005333
40.4	15.649798661856668
40.5	14.886847359396665
40.6	14.286793215463334
40.7	13.85485177145
40.8	13.594475240036667
40.9	13.507336140016665
41.	13.593330328206665
41.1	13.850599089173333
41.2	14.275569738386666
41.3	14.86301399742
41.4	15.60612321747
41.5	16.496599353533334
41.6	17.524760440433333
41.7	18.67965918013333
41.8	19.949213131466667
41.9	21.32034489223333
42.	22.779130582266664
42.1	24.310954875500002
42.2	25.9006707908
42.3	27.532762429899996
42.4	29.1915088551
42.5	30.861147320599997
42.6	32.526034112
42.7	34.17080130949999
42.8	35.780507868133334
42.9	37.34078350243333
43.	38.837963970766666
43.1	40.2592164785
43.2	41.59265405193333
43.3	42.827437879399994
43.4	43.95386676753333
43.5	44.96345301856667
43.6	45.84898419833334
43.7	46.604570426366664
43.8	47.22567698866666
43.9	47.70914223303333
44.	48.0531808715
44.1	48.25737296686666
44.2	48.32263903096666
44.3	48.2512018031
44.4	48.0465354081
44.5	47.71330271539999
44.6	47.25728182820001
44.7	46.68528273049999
44.8	46.0050551998
44.9	45.22518916626667
45.	44.355008749533326
45.1	43.40446124763333
45.2	42.38400237576666
45.3	41.30447906329999
45.4	40.17701111423333
45.5	39.0128730161
45.6	37.823377153433334
45.7	36.619759634333334
45.8	35.41306988356666
45.9	34.21406508833333
46.	33.033110501333326
46.1	31.88008652383333
46.2	30.764303390566667
46.3	29.694424180399995
46.4	28.6783967671
46.5	27.72339521383333
46.6	26.835770999966662
46.7	26.021014352499996
46.8	25.283725838766664
46.9	24.627598260266666
47.	24.05540877526667
47.1	23.56902106696667
47.2	23.16939726913333
47.3	22.85661926063333
47.4	22.629918846699997
47.5	22.487716259066666
47.6	22.427666327666664
47.7	22.446711609266664
47.8	22.54114169633333
47.9	22.70665788043333
48.	22.938442304133332
48.1	23.231230706099996
48.2	23.579387843366668
48.3	23.9769846688
48.4	24.417876340966664
48.5	24.8957801571
48.6	25.404352520933333
48.7	25.93726408886667
48.8	26.488272277533333
48.9	27.051290365266667
49.	27.620452475133334
49.1	28.190173789933333
49.2	28.755205420899998
49.3	29.310683423100002
49.4	29.852171530866663
49.5	30.375697268666663
49.6	30.877781175899997
49.7	31.355458971366666
49.8	31.8062965671
49.9	32.22839792953333
50.	32.620405867066665
50.1	32.9814959074
50.2	33.311363503433334
50.3	33.61020488326666
50.4	33.8786919268
50.5	34.11794151623333
50.6	34.3294798636
50.7	34.515202370599994
50.8	34.67732961636666
50.9	34.81836010633333
51.	34.94102044083333
51.1	35.048213581599995
51.2	35.14296590523333
51.3	35.228373734099996
51.4	35.30755002956666
51.5	35.383571918899996
51.6	35.4594297039
51.7	35.53797797206666
51.8	35.6218893934
51.9	35.713611743866664
52.	35.8153286487
52.1	35.9289244843
52.2	36.0559538203
52.3	36.19761572176666
52.4	36.354733165966664
52.5	36.5277377634
52.6	36.71665990336666
52.7	36.92112437746667
52.8	37.14035146563333
52.9	37.373163404333326
53.	37.6179960905
53.1	37.8729158149
53.2	38.135640759199994
53.3	38.403566938299996
53.4	38.67379821943334
53.5	38.94318000613333
53.6	39.20833613746667
53.7	39.465708519433335
53.8	39.711598982199995
53.9	39.94221283503333
54.	40.153703580266665
54.1	40.34221824236667
54.2	40.50394276626667
54.3	40.6351469512
54.4	40.73222839606666
54.5	40.79175495446667
54.6	40.81050522293333
54.7	40.7855066161
54.8	40.714070618399994
54.9	40.59382484206667
55.	40.422741563433334
55.1	40.19916245776666
55.2	39.92181929939999
55.3	39.5898504469
55.4	39.2028129821
55.5	38.7606904257
55.6	38.263896003199996
55.7	37.71327148489999
55.8	37.110081674966665
55.9	36.45600466953333
56.	35.75311805136666
56.1	35.00388122696666
56.2	34.21111415346667
56.3	33.377972734766665
56.4	32.507921197499996
56.5	31.604701783866666
56.6	30.67230211763333
56.7	29.7149206189
56.8	28.73693035226666
56.9	27.74284170263333
57.	26.737264273066664
57.1	25.724868398366667
57.2	24.71034666126667
57.3	23.698375787233335
57.4	22.693579279066668
57.5	21.70049113533333
57.6	20.723520974466666
57.7	19.766920863299998
57.8	18.834754121133333
57.9	17.930866342599998
58.	17.0588588531
58.1	16.222064777699998
58.2	15.423527874266668
58.3	14.665984247499999
58.4	13.951847030033335
58.5	13.283194082846665
58.6	12.661758738596667
58.7	12.08892357925
58.8	11.565717212463333
58.9	11.092813983543332
59.	10.67053653518
59.1	10.2988611038
59.2	9.977425421923332
59.3	9.70553907567
59.4	9.48219615328
59.5	9.306090004396665
59.6	9.175629921343333
59.7	9.088959543906665
59.8	9.043976783176667
59.9	9.038355056613334
60.	9.069565625056665
60.1	9.134900822616666
60.2	9.23149797285
60.3	9.356363788993333
60.4	9.506399062279998
60.5	9.67842344813
60.6	9.869200170363332
60.7	10.07546047122
60.8	10.293927646286665
60.9	10.52134051383
61.	10.754476179956665
61.1	10.990171971166667
61.2	11.225346420046666
61.3	11.45701919911
61.4	11.682329911563333
61.5	11.898555657623334
61.6	12.103127306816667
61.7	12.293644417753331
61.8	12.467888756016666
61.9	12.623836371793333
62.	12.759668206279999
62.1	12.873779206753333
62.2	12.964785935723334
62.3	13.031532669373334
62.4	13.073095985250001
62.5	13.088787847206667
62.6	13.078157200943332
62.7	13.040990098639998
62.8	12.977308376936666
62.9	12.887366916999998
63.	12.77164952023
63.1	12.630863437083335
63.2	12.465932591186666
63.3	12.27798954488
63.4	12.068366255716665
63.5	11.83858367868
63.6	11.590340271563331
63.7	11.325499465486665
63.8	11.046076166903333
63.9	10.754222361059998
64.	10.452211890436667
64.1	10.142424487333333
64.2	9.827329142306667
64.3	9.50946689491
64.4	9.191433137426666
64.5	8.8758595255
64.6	8.565395594143332
64.7	8.262690180406667
64.8	7.970372757206666
64.9	7.691034786956667
65.	7.427211203773333
65.1	7.181362137839999
65.2	6.95585499481
65.3	6.75294700488
65.4	6.574768356496667
65.5	6.423306028976667
65.6	6.30038843679
65.7	6.207670996563333
65.8	6.14662272451
65.9	6.118513968599999
66.	6.124405374176666
66.1	6.165138177059999
66.2	6.241325910591333
66.3	6.353347605945
66.4	6.501342556587333
66.5	6.685206708086666
66.6	6.904590724413333
66.7	7.15889977126
66.8	7.447295044353333
66.9	7.768697059456667
67.	8.121790706563333
67.1	8.505032059166666
67.2	8.916656913899999
67.3	9.354691023413332
67.4	9.816961970136667
67.5	10.301112616083334
67.6	10.804616047636665
67.7	11.324791923233335
67.8	11.858824116633333
67.9	12.403779537366667
68.	12.956627996399998
68.1	13.514262975799998
68.2	14.073523149699998
68.3	14.631214495266665
68.4	15.184132824866666
68.5	15.729086563900001
68.6	16.262919593366668
68.7	16.782533973566665
68.8	17.28491236303333
68.9	17.767139945566665
69.	18.226425681766667
69.1	18.660122702866666
69.2	19.06574766993333
69.3	19.440998929066666
69.4	19.7837733005
69.5	20.0921813505
69.6	20.3645610058
69.7	20.599489384166667
69.8	20.7957927292
69.9	20.9525543531
70.	21.06912050853333
70.1	21.145104129099998
70.2	21.180386396166664
70.3	21.175116110466668
70.4	21.129706866133333
70.5	21.044832046099998
70.6	20.921417677533334
70.7	20.760633206933335
70.8	20.56388027443333
70.9	20.332779586
71.	20.069156001499998
71.1	19.775021973266668
71.2	19.452559487400002
71.3	19.104100674633333
71.4	18.732107270566665
71.5	18.339149117866665
71.6	17.92788191196667
71.7	17.5010244005
71.8	17.0613352516
71.9	16.611589810399998
72.	16.154556964233333
72.1	15.6929763354
72.2	15.2295360183
72.3	14.7668510705
72.4	14.307442961099998
72.5	13.853720167933332
72.6	13.407960105199999
72.7	12.972292546743333
72.8	12.548684696153332
72.9	12.138928036389999
73.	11.74462707274333
73.1	11.367190063753334
73.2	11.007821811303332
73.3	10.667518562180001
73.4	10.347065047709998
73.5	10.047033668143332
73.6	9.767785803123333
73.7	9.509475209173333
73.8	9.272053441946667
73.9	9.055277219339999
74.	8.858717622785331
74.1	8.681771013563
74.2	8.523671523565998
74.3	8.383504965679666
74.4	8.260223991775334
74.5	8.152664317525
74.6	8.059561821051666
74.7	7.979570315591666
74.8	7.9112797908533325
74.9	7.853234914853333
75.	7.80395358741
75.1	7.761945337819999
75.2	7.72572936431
75.3	7.69385201871
75.4	7.664903548566665
75.5	7.637533920086666
75.6	7.6104675574266665
75.7	7.582516849543333
75.8	7.552594290446667
75.9	7.519723137693333
76.	7.483046491969999
76.1	7.4418347204133335
76.2	7.395491166939999
76.3	7.343556113486667
76.4	7.285708977266666
76.5	7.2217687500566665
76.6	7.151692706276667
76.7	7.0755734266033325
76.8	6.993634203316667
76.9	6.906222911716666
77.	6.81380444908
77.1	6.7169518580366665
77.2	6.616336265433333
77.3	6.512715779643334
77.4	6.4069234999
77.5	6.299854799093334
77.6	6.192454048006667
77.7	6.085700952713333
77.8	5.980596678863333
77.9	5.878149936169999
78.	5.7793631940033325
78.1	5.68521919441
78.2	5.596667922313333
78.3	5.5146141842733325
78.4	5.43990593693
78.5	5.373323494373333
78.6	5.315569730606667
78.7	5.267261378553333
78.8	5.228921511663333
78.9	5.200973277673333
79.	5.183734937185333
79.1	5.177416242284999
79.2	5.18211617287
79.3	5.197822031010666
79.4	5.224409876475666
79.5	5.261646269952333
79.6	5.309191274668334
79.7	5.366602652258
79.8	5.433341174861
79.9	5.508776963073332
80.	5.592196748313333
80.1	5.682811948753
80.2	5.779767440223667
80.3	5.882150897575333
80.4	5.989002577731
80.5	6.099325413574
80.6	6.212095287159333
80.7	6.326271352366334
80.8	6.440806280227001
80.9	6.554656305136999
81.	6.666790956544332
81.1	6.776202369397333
81.2	6.881914074990999
81.3	6.98298918582
81.4	7.078537898377334
81.5	7.167724251824333
81.6	7.249772092174
81.7	7.323970206500666
81.8	7.389676604797666
81.9	7.446321941053332
82.	7.493412079213333
82.1	7.5305298224333335
82.2	7.557335836813332
82.3	7.573568812746666
82.4	7.579044917536667
82.5	7.57365660283
82.6	7.5573708384966665
82.7	7.530226851843333
82.8	7.492333455403333
82.9	7.44386605197
83.	7.385063405333334
83.1	7.316224267536667
83.2	7.237703950499999
83.3	7.14991092758
83.4	7.053303545596667
83.5	6.94838692119
83.6	6.835710088506666
83.7	6.715863454546666
83.8	6.5894766098233335
83.9	6.45721652946
84.	6.3197861882
84.1	6.177923599970001
84.2	6.032401279403333
84.3	5.884026109443333
84.4	5.733639585820001
84.5	5.582118396389999
84.6	5.430375280633333
84.7	5.279360103276666
84.8	5.13006106511
84.9	4.983505964753332
85.	4.840763417109999
85.1	4.70294392766
85.2	4.571200717306667
85.3	4.446730189286666
85.4	4.330771929306666
85.5	4.224608130722666
85.6	4.129562340442666
85.7	4.046997426289
85.8	3.9783126743109998
85.9	3.924939934076333
86.	3.8883387415923
86.1	3.8699903628590064
86.2	3.8713907162383334
86.3	3.894042148542667
86.4	3.939444057511667
86.5	4.009082372687
86.6	4.104417926272999
86.7	4.22687376632
86.8	4.3778214849533335
86.9	4.558566655303332
87.	4.770333490893333
87.1	5.014248860973333
87.2	5.291325813913333
87.3	5.6024467781133325
87.4	5.9483466256233335
87.5	6.329595797619999
87.6	6.74658370247
87.7	7.199502606623334
87.8	7.688332245163332
87.9	8.21282538275
88.	8.772494556903332
88.1	9.366600233016666
88.2	9.994140595903332
88.3	10.653843193606665
88.4	11.34415863786
88.5	12.063256550923331
88.6	12.809023930986665
88.7	13.579066086569998
88.8	14.370710268496666
88.9	15.181012100716666
89.	16.006764884046667
89.1	16.844511815889998
89.2	17.690561138066663
89.3	18.541004190996667
89.4	19.391736319116664
89.5	20.238480537516665
89.6	21.076813835159996
89.7	21.902195956286665
89.8	22.710000467070003
89.9	23.495547883408666
90.	24.254140604296666
90.1	24.981099366288
90.2	25.671800909361668
90.3	26.321716519755334
90.4	26.926451095718996
90.5	27.481782365431663
90.6	27.983699872366003
90.7	28.428443335111997
90.8	28.812539983411998
90.9	29.132840471576664
91.	29.386552973746667
91.1	29.571275075172668
91.2	29.685023084868995
91.3	29.72625841344666
91.4	29.693910681066
91.5	29.587397245814664
91.6	29.40663887391333
91.7	29.152071304467302
91.8	28.82465250064377
91.9	28.425865416767266
92.	27.957716155325134
92.1	27.422727430976668
92.2	26.823927306463936
92.3	26.164833212010038
92.4	25.449431309002
92.5	24.68215130733087
92.6	23.867836894306667
92.7	23.01171198029933
92.8	22.119343013254166
92.9	21.1965976580219
93.	20.249600178648
93.1	19.284683900725
93.2	18.308341166651665
93.3	17.32717122889333
93.4	16.347826552858333
93.5	15.376958025743665
93.6	14.421159584361334
93.7	13.4869127889
93.8	12.580531877333666
93.9	11.708109836530333
94.	10.875466023801332
94.1	10.088095862600666
94.2	9.351123122002
94.3	8.669255269133
94.4	8.046742358267666
94.5	7.487339889132667
94.6	6.994276031881332
94.7	6.570223575409999
94.8	6.217276911499667
94.9	5.936934319061667
95.	5.730085760643
95.1	5.597006350001333
95.2	5.537355591936667
95.3	5.550182437993333
95.4	5.6339361420000005
95.5	5.786482839833333
95.6	6.005127718159999
95.7	6.286642578253333
95.8	6.62729854378
95.9	7.022903606316666
96.	7.468844650256665
96.1	7.960133548933333
96.2	8.491456879863334
96.3	9.05722876523
96.4	9.651646308336666
96.5	10.26874706588
96.6	10.90246797218
96.7	11.546705110783332
96.8	12.195373718833332
96.9	12.842467801249999
97.	13.482118734743333
97.1	14.108652247096666
97.2	14.716643172679998
97.3	15.3009674051
97.4	15.856850495136666
97.5	16.379912375536666
97.6	16.866207733536665
97.7	17.31226159588
97.8	17.71509974233
97.9	18.07227361676
98.	18.381879463603333
98.1	18.642571479733334
98.2	18.853568835793332
98.3	19.01465648787
98.4	19.126179768316668
98.5	19.189032813053334
98.6	19.204640951153333
98.7	19.174937249736665
98.8	19.102333473526663
98.9	18.989685780713334
99.	18.84025553838
99.1	18.65766569521
99.2	18.44585320289
99.3	18.209018022126667
99.4	17.95156929179
99.5	17.678069272596666
99.6	17.393175705966662
99.7	17.101583248266664
99.8	16.80796465461
99.9	16.51691239180333
100.	16.23288135859
100.1	15.960133380609998
100.2	15.702684130783332
100.3	15.464253100981667
100.4	15.248217217241
100.5	15.057568652925333
100.6	14.894877346728332
100.7	14.762258681259667
100.8	14.66134671923
100.9	14.593273332249334
101.	14.558653489355665
101.1	14.55757690265833
101.2	14.589606153142002
101.3	14.653781344754666
101.4	14.748631259422666
101.5	14.872190907515332
101.6	15.022025293902667
101.7	15.195259144862334
101.8	15.388612270024668
101.9	15.598440164809334
102.	15.820779394715998
102.1	16.051397244363333
102.2	16.285845059798664
102.3	16.519514666561665
102.4	16.74769720506233
102.5	16.965643692530996
102.6	17.168626596175997
102.7	17.352001686008
102.8	17.511269426704
102.9	17.642135170002668
103.	17.740567417667332
103.1	17.802853443085333
103.2	17.82565158649833
103.3	17.806039572949665
103.4	17.74155824539833
103.5	17.630250154566667
103.6	17.470692504474332
103.7	17.262024015800332
103.8	17.003965336876664
103.9	16.696832706622335
104.	16.341544650228666
104.1	15.939621568835335
104.2	15.493178166617668
104.3	15.004908742817332
104.4	14.47806545887533
104.5	13.916429775026666
104.6	13.324277330270002
104.7	12.706336619353332
104.8	12.067741894080001
104.9	11.413980786873333
105.	10.750837219273333
105.1	10.084330215826666
105.2	9.420649296723333
105.3	8.766087165439998
105.4	8.12697044446
105.5	7.509589239613334
105.6	6.920126331533333
105.7	6.364586803693333
105.8	5.848728915186666
105.9	5.377997018593334
106.	4.95745730442
106.1	4.591737126413333
106.2	4.284968625996666
106.3	4.04073732954
106.4	3.8620363397133333
106.5	3.751226682449
106.6	3.7100043045936664
106.7	3.739374144905333
106.8	3.8396316234906664
106.9	4.010351813025999
107.	4.25038646993
107.1	4.557869015956666
107.2	4.93022747198
107.3	5.364205256033333
107.4	5.8558896691966655
107.5	6.400747805536668
107.6	6.993669537899999
107.7	7.629017150323333
107.8	8.30068111125
107.9	9.002141410796668
108.	9.726533819936666
108.1	10.466720372103334
108.2	11.215363316586664
108.3	11.965001750916667
108.4	12.708130106353332
108.5	13.437277635696667
108.6	14.145088036876666
108.7	14.824398341726667
108.8	15.468316201316664
108.9	16.07029471512
109.	16.62420397243
109.1	17.12439850854333
109.2	17.56577991845333
109.3	17.943853921429998
109.4	18.254781227400002
109.5	18.49542162146333
109.6	18.663370754493332
109.7	18.75698920596333
109.8	18.7754234678
109.9	18.718618584716666
110.	18.58732227731333
110.1	18.383080465606664
110.2	18.10822420597
110.3	17.765848145696665
110.4	17.359780695076665
110.5	16.894546205646666
110.6	16.37531953296
110.7	15.807873445636666
110.8	15.198519422683333
110.9	14.554042454126666
111.	13.881630528139997
111.1	13.188799547529998
111.2	12.483314470589999
111.3	11.773107515276667
111.4	11.066194299469998
111.5	10.370588816883334
111.6	9.69421816093
111.7	9.044837917319999
111.8	8.42994913938
111.9	7.856717806116665
112.	7.331897639033333
112.1	6.861757119136667
112.2	6.4520115019699995
112.3	6.107760576513333
112.4	5.833432853463333
112.5	5.632736799109333
112.6	5.508619657320333
112.7	5.463234319218667
112.8	5.497914615038999
112.9	5.613159310413334
113.	5.80862499623
113.1	6.083127963899999
113.2	6.434655060523333
113.3	6.86038342037
113.4	7.356708872116667
113.5	7.919282726366665
113.6	8.543056555866666
113.7	9.222334493223332
113.8	9.950832487843332
113.9	10.721743887289998
114.	11.527810638316666
114.1	12.36139934043
114.2	13.214581331026666
114.3	14.07921593631
114.4	14.94703598722
114.5	15.809734673346668
114.6	16.65905279325333
114.7	17.486865455023334
114.8	18.28526728612667
114.9	19.046655228043335
115.	19.76380801801
115.1	20.429961496079997
115.2	21.03887892265
115.3	21.584915546066668
115.4	22.06307672432
115.5	22.469068975823333
115.6	22.79934341358333
115.7	23.051131100583333
115.8	23.222469955263335
115.9	23.312222928866664
116.	23.320087274146665
116.1	23.24659482345
116.2	23.09310329444
116.3	22.86177874086666
116.4	22.55556936424
116.5	22.17817099768
116.6	21.733984665376667
116.7	21.228066707866667
116.8	20.666072045886665
116.9	20.054191229466664
117.	19.39908198688333
117.1	18.70779604830333
117.2	17.987702067146664
117.3	17.24640550596333
117.4	16.491666381903332
117.5	15.731315789568999
117.6	14.973172128322666
117.7	14.224957961039
117.8	13.494218420292668
117.9	12.788242056735331
118.	12.113984993239
118.1	11.477999206657334
118.2	10.886365708827999
118.3	10.344633339951665
118.4	9.857763819417332
118.5	9.430083626129333
118.6	9.065243199361998
118.7	8.766183865983999
118.8	8.535112809654999
118.9	8.373486305327999
119.	8.282001346136667
119.1	8.260595694812666
119.2	8.308456294854667
119.3	8.424035882890665
119.4	8.605077550478
119.5	8.848646915474667
119.6	9.151171478086667
119.7	9.508486658186666
119.8	9.915887937783333
119.9	10.368188466299998
120.	10.859781430013332
120.1	11.384706436106665
120.2	11.936719123513331
120.3	12.509363180393331
120.4	13.09604392782
120.5	13.690102619000001
120.6	14.284890600266667
120.7	14.873842491416667
120.8	15.450547559763333
120.9	16.008818491169997
121.	16.542756798853333
121.1	17.04681415603
121.2	17.515848992273334
121.3	17.94517775536
121.4	18.33062030684666
121.5	18.668538993793334
121.6	18.955871016853333
121.7	19.190153796506664
121.8	19.369543124483332
121.9	19.492823973396668
122.	19.559413924976667
122.1	19.569359264296665
122.2	19.523323872996666
122.3	19.422571137576664
122.4	19.26893916927333
122.5	19.064809707223333
122.6	18.813071148173336
122.7	18.51707620967
122.8	18.180594793306664
122.9	17.80776266435
123.	17.403026607793333
123.1	16.971086756183333
123.2	16.516836810336663
123.3	16.04530289176
123.4	15.561581774186665
123.5	15.070779241516664
123.6	14.577949308940001
123.7	14.088035027533332
123.8	13.605811563776665
123.9	13.135832213113334
124.	12.682377962223331
124.1	12.249411166386666
124.2	11.840533852523333
124.3	11.45895109596
124.4	11.107439854059999
124.5	10.788323567743333
124.6	10.503452769736665
124.7	10.25419186091
124.8	10.041412139839998
124.9	9.865491092643332
125.	9.72631787216
125.1	9.623304821116665
125.2	9.555404818936665
125.3	9.521134163406666
125.4	9.518600630309999
125.5	9.545536294896666
125.6	9.599334641856666
125.7	9.67709144211
125.8	9.775648831213333
125.9	9.891641989746667
126.	10.02154779792
126.1	10.16173481658
126.2	10.308513936609998
126.3	10.458189034276666
126.4	10.607106976193332
126.5	10.751706330436665
126.6	10.888564162046665
126.7	11.01444032056
126.8	11.12631866317
126.9	11.221444701220001
127.	11.297359206826666
127.1	11.351927372956666
127.2	11.38336317870333
127.3	11.39024867889
127.4	11.371548002673332
127.5	11.326615918036666
127.6	11.25520089056
127.7	11.157442638266668
127.8	11.033864256766664
127.9	10.885359061366666
128.	10.713172361236666
128.1	10.51887844959
128.2	10.304353154853334
128.3	10.071742357403334
128.4	9.82342693032
128.5	9.56198460802
128.6	9.29014932965
128.7	9.010768635189999
128.8	8.726759720616666
128.9	8.441064774386666
129.	8.156606228709999
129.1	7.876242559836667
129.2	7.602725265046666
129.3	7.338657628429999
129.4	7.0864558646099995
129.5	6.848313197363333
129.6	6.626167392549999
129.7	6.421672217349666
129.8	6.236173246507666
129.9	6.070688377269666
130.	5.925893351918333
130.1	5.802112518191667
130.2	5.699314987669333
130.3	5.617116277198666
130.4	5.554785444413
130.5	5.511257650535333
130.6	5.485152010047667
130.7	5.474794510139999
130.8	5.47824571271
130.9	5.493332881553333
131.	5.51768611347
131.1	5.548777992253332
131.2	5.583966230949999
131.3	5.62053872097
131.4	5.6557603668733325
131.5	5.686921054183333
131.6	5.7113840741766655
131.7	5.726634315309999
131.8	5.730325525456667
131.9	5.720325953076667
132.	5.69476168856
132.1	5.652057049293333
132.2	5.590971383343334
132.3	5.510631706706666
132.4	5.41056063726
132.5	5.290699144543333
132.6	5.151423697553334
132.7	4.99355746197
132.8	4.81837527319
132.9	4.627602190776666
133.	4.423405523043333
133.1	4.208380295863333
133.2	3.985528226903333
133.3	3.7582303538499997
133.4	3.5302135516266664
133.5	3.30551125853
133.6	3.0884188127866663
133.7	2.883443878633333
133.8	2.6952525136466665
133.9	2.528611495322
134.	2.3883275842289997
134.1	2.2791844525833334
134.2	2.205878049929
134.3	2.172951211046
134.4	2.184728335124
134.5	2.245250978627333
134.6	2.3582152073829996
134.7	2.526911545751333
134.8	2.754168342316
134.9	3.0422993426824
135.	3.3930562206699997
135.1	3.8075867698039
135.2	4.286399398404449
135.3	4.829334503976516
135.4	5.435543226761199
135.5	6.1034739995064
135.6	6.830867221370067
135.7	7.614758288969999
135.8	8.451489119096
135.9	9.336728196340665
136.	10.265499074388
136.1	11.232217156841
136.2	12.230734479501665
136.3	13.254392114822664
136.4	14.296079721764333
136.5	15.348301669731665
136.6	16.403249078840663
136.7	17.452877036489998
136.8	18.48898617730333
136.9	19.50330775005
137.	20.487591238406665
137.1	21.4336935606
137.2	22.33366883737333
137.3	23.17985769769
137.4	23.964975081073334
137.5	24.68219549813
137.6	25.325234725176664
137.7	25.888426936626665
137.8	26.366796316853332
137.9	26.756122244496666
138.	27.052997203506663
138.1	27.254876648443332
138.2	27.360120132909998
138.3	27.368023102003335
138.4	27.27883884837
138.5	27.093790238236664
138.6	26.815070925200004
138.7	26.445835886283334
138.8	25.990181234666665
138.9	25.453113384713326
139.	24.840507767363327
139.1	24.15905741455
139.2	23.41621185142333
139.3	22.62010684865
139.4	21.77948569889
139.5	20.90361278446333
139.6	20.002180299663333
139.7	19.085209079326663
139.8	18.162944562459998
139.9	17.245748987059997
140.	16.343990967479996
140.1	15.467933649586666
140.2	14.627622667883333
140.3	13.832775146253333
140.4	13.092670987446663
140.5	12.416047684200002
140.6	11.810999862113334
140.7	11.284884723766666
140.8	10.844234513633333
140.9	10.494677057379999
141.	10.240865352046665
141.1	10.086417095016666
141.2	10.033864939913332
141.3	10.084618157753333
141.4	10.2389362645
141.5	10.495915049666666
141.6	10.853485309653331
141.7	11.308424453056666
141.8	11.856381005753335
141.9	12.491911901453332
142.	13.208532302833335
142.1	13.99877755766
142.2	14.85427675656
142.3	15.765837226856664
142.4	16.723539168976664
142.5	17.716839522906668
142.6	18.734684040656663
142.7	19.76562643932
142.8	20.797953421640003
142.9	21.81981426912333
143.	22.819353654429996
143.1	23.78484626333333
143.2	24.704831786596664
143.3	25.568248818346667
143.4	26.36456619442
143.5	27.08391031632
143.6	27.71718703183
143.7	28.256196688393334
143.8	28.693741032249996
143.9	29.023720700433334
144.	29.241222140506665
144.1	29.342592893433334
144.2	29.32550428894
144.3	29.189000727803332
144.4	28.933534860113333
144.5	28.560988112509996
144.6	28.074676169079996
144.7	27.47933916601
144.8	26.78111652233
144.9	25.98750649143333
145.	25.107310681503336
145.1	24.150563956606668
145.2	23.128450288589995
145.3	22.05320528566
145.4	20.938006271636667
145.5	19.79685093022333
145.6	18.644425659756667
145.7	17.49596490262333
145.8	16.367102821993335
145.9	15.27371878996
146.	14.231778230953333
146.1	13.257170426039998
146.2	12.365544929750001
146.3	11.572148279239999
146.4	10.89166268677
146.5	10.338048399353333
146.6	9.924391383686666
146.7	9.662757952496666
146.8	9.564057886729998
146.9	9.6379175322
147.	9.892564253946666
147.1	10.334723524276665
147.2	10.969529796723332
147.3	11.800452181839997
147.4	12.829235794523331
147.5	14.05585948350333
147.6	15.478510489596667
147.7	17.093576405516664
147.8	18.895654634296665
147.9	20.877579362376668
148.	23.030465883709997
148.1	25.343771931296665
148.2	27.805375495099998
148.3	30.40166843511333
148.4	33.11766503228999
148.5	35.937124464120004
148.6	38.842686045769995
148.7	41.81601594455333
148.8	44.837963951519995
148.9	47.88872879339767
149.	50.94803037511866
149.1	53.99528726505233
149.2	57.00979769209866
149.3	59.970922273534995
149.4	62.858266682450335
149.5	65.65186245718866
149.6	68.33234418288333
149.7	70.88112130581666
149.8	73.28054289751665
149.9	75.51405376596666
150.	77.56634039306665
150.1	79.42346528825999
150.2	81.07298846912666
150.3	82.50407491132665
150.4	83.70758695699334
150.5	84.67616082619332
150.6	85.40426653915667
150.7	85.88825073143335
150.8	86.12636201187333
150.9	86.11875870100332
151.	85.86749895848334
151.1	85.37651349143
151.2	84.65156120372333
151.3	83.70016832986666
151.4	82.53155174148
151.5	81.15652728831
151.6	79.58740416540999
151.7	77.83786644330999
151.8	75.92284301014334
151.9	73.85836728882666
152.	71.66142817316667
152.1	69.34981371706665
152.2	66.94194915389333
152.3	64.45673087915999
152.4	61.91335803967333
152.5	59.33116339279332
152.6	56.72944507966333
152.7	54.1273009261
152.8	51.54346685256333
152.9	48.996160899956664
153.	46.50293430629666
153.1	44.08053098700666
153.2	41.74475665661333
153.3	39.51035871748
153.4	37.390917925976666
153.5	35.39875269368333
153.6	33.544836757506665
153.7	31.838730791666663
153.8	30.288528390616666
153.9	28.900816695289997
154.	27.68065178033
154.1	26.631548767753333
154.2	25.75548648077333
154.3	25.052926306353335
154.4	24.522844793476665
154.5	24.162779382380002
154.6	23.968886535070002
154.7	23.936011423673328
154.8	24.05776822989
154.9	24.326630017239996
155.	24.73402706161
155.1	25.270452457973335
155.2	25.92557377413667
155.3	26.688349482906666
155.4	27.547148885213332
155.5	28.489874228519998
155.6	29.50408373186
155.7	30.577114251416667
155.8	31.69620235509
155.9	32.84860262192666
156.	34.021702043746664
156.1	35.20312947638333
156.2	36.38085916983666
156.3	37.54330749893
156.4	38.67942211179333
156.5	39.778762821419996
156.6	40.83157367439333
156.7	41.82884574553666
156.8	42.76237032471333
156.9	43.62478227729
157.	44.40959348195333
157.1	45.111216357183324
157.2	45.72497760995333
157.3	46.247122438316666
157.4	46.67480952941333
157.5	47.006097284179994
157.6	47.239921790846665
157.7	47.376067148076665
157.8	47.415128805116666
157.9	47.358470648273325
158.	47.20817660801333
158.1	46.96699760147667
158.2	46.63829464821001
158.3	46.22597900924333
158.4	45.734450208856664
158.5	45.168532779943334
158.6	44.53341256112667
158.7	43.83457334288333
158.8	43.07773461245999
158.9	42.26879111202334
159.	41.41375484842
159.1	40.51870014539
159.2	39.58971224515666
159.3	38.632839895649994
159.4	37.654052277219996
159.5	36.65920053809666
159.6	35.653984124606666
159.7	34.643922003886665
159.8	33.63432879418
159.9	32.63029573425
160.	31.636676343333335
160.1	30.65807654966
160.2	29.69884899486
160.3	28.76309115954
160.4	27.854646899336664
160.5	26.977110934069998
160.6	26.13383579409667
160.7	25.327940699406668
160.8	24.56232182728333
160.9	23.83966341684333
161.	23.16244915922666
161.1	22.532973333826664
161.2	21.95335117349333
161.3	21.42552797199
161.4	20.95128648841
161.5	20.532252252116663
161.6	20.169896428639998
161.7	19.865535971803332
161.8	19.62033085632
161.9	19.435278261403333
162.	19.311203653059998
162.1	19.248748795286666
162.2	19.2483568026
162.3	19.310254427236664
162.4	19.434431857179995
162.5	19.620620377336664
162.6	19.868268320783333
162.7	20.17651580499333
162.8	20.544168809273334
162.9	20.96967320385
163.	21.451089384839996
163.1	21.986068204933332
163.2	22.571828913003333
163.3	23.205139828870003
163.4	23.882302480276664
163.5	24.59913991589666
163.6	25.350989886866664
163.7	26.13270354846
163.8	26.938650288353333
163.9	27.76272922302333
164.	28.5983878331
164.1	29.438648123059995
164.2	30.276140598019996
164.3	31.10314624612667
164.4	31.911646604993336
164.5	32.69338187336333
164.6	33.439916906629996
164.7	34.14271480881333
164.8	34.79321770685
164.9	35.38293416414333
165.	35.90353256564333
165.1	36.34693968283
165.2	36.70544351070333
165.3	36.97179935925
165.4	37.13933807681333
165.5	37.202075199216665
165.6	37.15481973250333
165.7	36.99328121301333
165.8	36.71417364551999
165.9	36.31531487439
166.	35.79571993472667
166.1	35.155686928596666
166.2	34.39687398565333
166.3	33.522365914670004
166.4	32.53672920153666
166.5	31.44605408948333
166.6	30.257982570976665
166.7	28.981721233376664
166.8	27.628038031039996
166.9	26.209242202706665
167.	24.739146714099995
167.1	23.233012782166668
167.2	21.70747622239
167.3	20.180455559269998
167.4	18.671042044106667
167.5	17.199371935836666
167.6	15.786481614296665
167.7	14.454146311639997
167.8	13.224703461636667
167.9	12.120861876869998
168.	11.165498167786666
168.1	10.381442013316667
168.2	9.791252076043332
168.3	9.416984524793332
168.4	9.279956281546665
168.5	9.400505245369999
168.6	9.797749860736666
168.7	10.489350491293331
168.8	11.491275128453333
168.9	12.817572009503332
169.	14.48015173609
169.1	16.488581475476668
169.2	18.849893788609997
169.3	21.568412563426666
169.4	24.645598438193332
169.5	28.0799159767
169.6	31.866724708656662
169.7	35.99819597216
169.8	40.46325729431333
169.9	45.24756582126666
170.	50.33351205981333
170.1	55.70025493252666
170.2	61.32378885281666
170.3	67.17704324033
170.4	73.23001457273666
170.5	79.44993075726333
170.6	85.80144727773667
170.7	92.24687423400333
170.8	98.74643307296333
170.9	105.25854147426664
171.	111.74012453905999
171.1	118.14695012124332
171.2	124.43398584242665
171.3	130.55577505985
171.4	136.46682879188333
171.5	142.12203037822
171.6	147.47704943981
171.7	152.48876152306332
171.8	157.11566967258332
171.9	161.31832404926996
172.	165.05973564471668
172.1	168.30578008878334
172.2	171.02558754715668
172.3	173.19191474104665
172.4	174.78149518483332
172.5	175.77536386122998
172.6	176.15915269173664
172.7	175.92335335585665
172.8	175.06354423654332
172.9	173.58057852539332
173.	171.48073082057664
173.1	168.77579987531334
173.2	165.48316550212667
173.3	161.62579802993332
173.4	157.23221910025998
173.5	152.33641302391334
173.6	146.97768834664333
173.7	141.2004897277
173.8	135.05416068769
173.9	128.59265824415667
174.	121.87422091669666
174.1	114.96099202014997
174.2	107.91860063421666
174.3	100.81570304049998
174.4	93.72348784566333
174.5	86.71514839327332
174.6	79.86532642289333
174.7	73.24953127401332
174.8	66.94353922060665
174.9	61.02277778889001
175.	55.561700121950004
175.1	50.633154633463334
175.2	46.30775532593666
175.3	42.65325822260667
175.4	39.7339494046
175.5	37.61005012373333
175.6	36.3371443954
175.7	35.96563436135
175.8	36.54022854236666
175.9	38.09946788758667
176.	40.675294261893335
176.1	44.292665704673325
176.2	48.96922243974999
176.3	54.71500722325666
176.4	61.53224318592666
176.5	69.41517185805333
176.6	78.34995357785
176.7	88.31463195532001
176.8	99.27916352425999
176.9	111.20551316527333
177.	124.04781529976665
177.1	137.75260029154333
177.2	152.25908491061665
177.3	167.4995251443833
177.4	183.39962908188
177.5	199.8790270460633
177.6	216.85179562966664
177.7	234.2270317875733
177.8	251.90947266431664
177.9	269.80015641438
178.	287.7971188630433
178.1	305.79612051390666
178.2	323.69139810103997
178.3	341.3764346278333
178.4	358.74474164043
178.5	375.69064732363665
178.6	392.11008392894
178.7	407.90136801705995
178.8	422.96596697942664
178.9	437.20924549387337
179.	450.5411855396299
179.1	462.87707401165335
179.2	474.1381520098367
179.3	484.25222038282993
179.4	493.15419630272663
179.5	500.78661617679666
179.6	507.10008056572326
179.7	512.0536373114767
179.8	515.61509961126
179.9	517.7612962703333
180.	518.47825200379