# O+CO(0,0) elastic diff. cross section
# E = 4.25 eV
# angle, CS (1e-16 cm^2)
0.1	3.7501368068023333e6
0.2	890799.4195669999
0.3	216135.91261046665
0.4	170137.53641039997
0.5	117326.27136176667
0.6	39794.95945486666
0.7	32015.630458239997
0.8	20661.519433886668
0.9	15996.144361276667
1.	25645.534632576666
1.1	14733.624793490002
1.2	13257.174370523333
1.3	12826.35414332
1.4	5982.364646034666
1.5	6576.577443549333
1.6	6634.463269996666
1.7	4661.252217189667
1.8	1216.0150762913331
1.9	2075.79715363
2.	2483.07709195
2.1	910.8222458113332
2.2	582.673287046
2.3	531.6076713873333
2.4	780.1973346103666
2.5	200.93371912833334
2.6	355.08515657066664
2.7	200.116327331
2.8	243.76902982189998
2.9	104.229515913
3.	151.60181548737665
3.1	92.00462405856666
3.2	88.7245412022
3.3	63.90411418113332
3.4	53.25245771883333
3.5	43.94111091556667
3.6	49.286928490899996
3.7	37.6481917658
3.8	38.37109513276333
3.9	30.077929648566666
4.	22.619057662966668
4.1	13.753057645423334
4.2	18.653165441024335
4.3	11.711307721246666
4.4	11.884545547446665
4.5	17.436366616483333
4.6	12.110413129927332
4.7	4.882456927268
4.8	6.790162893053333
4.9	12.199287845420002
5.	4.089959251924666
5.1	6.6363089208499995
5.2	5.702499151116666
5.3	6.591795731123666
5.4	2.3993362714199997
5.5	7.972818964016666
5.6	4.625280124140433
5.7	6.435352883566667
5.8	6.168798971173333
5.9	8.574873051543332
6.	3.4592358024620005
6.1	8.615634211987
6.2	9.67970622239
6.3	10.496574990816667
6.4	5.632881973117667
6.5	9.930681618256667
6.6	10.139397990196667
6.7	10.33598776911
6.8	6.037622098906667
6.9	7.8277273701966665
7.	6.91217397225
7.1	6.876763336443333
7.2	5.2714454347399995
7.3	5.31498313038
7.4	3.4182381717886665
7.5	1.432485899065
7.6	3.4364949712899997
7.7	4.062716965731333
7.8	3.454883113973333
7.9	0.8670211279726667
8.	3.301912528551
8.1	1.3334020891453333
8.2	1.7692978395526666
8.3	1.1964930811699999
8.4	5.067219856492
8.5	1.575869720629
8.6	1.9152395643034663
8.7	0.7472652367226665
8.8	2.938104993002
8.9	1.1677020623238
9.	3.880217925846666
9.1	2.0296142041966663
9.2	1.1603220828433332
9.3	1.2233731687926666
9.4	4.386595084643333
9.5	3.193817909363333
9.6	2.7968013341733333
9.7	5.559885232403333
9.8	4.672949810176666
9.9	2.233017344423333
10.	1.7232971489333333
10.1	5.90709249451
10.2	4.241546425279999
10.3	4.963442695116667
10.4	3.6186334889973333
10.5	4.436657424543333
10.6	1.4695315991566666
10.7	4.065932234363666
10.8	2.616787700983233
10.9	3.2684742067359007
11.	3.1392222005013335
11.1	4.822599343316666
11.2	2.2576470689433332
11.3	2.3515739257846664
11.4	3.79556758295
11.5	3.734512972516667
11.6	2.55216142857
11.7	2.4718089107433334
11.8	3.517742477046667
11.9	2.2010374474566667
12.	2.8324776856866665
12.1	1.8585918874189997
12.2	2.3143952814566666
12.3	1.6393218766903335
12.4	2.9386016294133332
12.5	1.1025718973053333
12.6	1.6723442023619999
12.7	2.0353771346133334
12.8	2.693982810723333
12.9	1.0796385081813331
13.	2.3351238589
13.1	3.024533586293333
13.2	2.3662676281999997
13.3	1.54887442374
13.4	2.1142045641066667
13.5	2.1054397431566665
13.6	1.2152130818566667
13.7	2.263507998742
13.8	2.127468613953333
13.9	1.9963617924316666
14.	1.2945344649866666
14.1	2.3257519140706666
14.2	0.9330195720346667
14.3	1.8337241600599996
14.4	2.2426418796566665
14.5	2.8846387129466664
14.6	1.7545270794833334
14.7	2.7227248645966666
14.8	2.400956525503333
14.9	1.8274991225800001
15.	2.07950787786
15.1	2.5360806344966664
15.2	2.2694888444966663
15.3	1.6813609808733334
15.4	2.4476214833493333
15.5	1.3356299056633332
15.6	1.8244506125566664
15.7	1.6676484844400001
15.8	2.085680225968
15.9	0.9940222777176666
16.	2.2565374610866664
16.1	1.79211093073
16.2	1.3744892913466666
16.3	1.424245879968
16.4	2.2207111865023332
16.5	1.4854737262483333
16.6	0.8796972960003333
16.7	1.5575239613236667
16.8	1.0999734729493333
16.9	1.0385502624593332
17.	0.7230159081966666
17.1	1.210382246375333
17.2	0.43025321787066667
17.3	1.1055578571853335
17.4	0.6173993236663999
17.5	0.6070631560118667
17.6	0.6204177971950333
17.7	1.3334310322866998
17.8	0.7348041740663334
17.9	0.5638907076373334
18.	1.0415144848863334
18.1	0.9159219685133
18.2	0.6736661871520333
18.3	0.5137533324068
18.4	0.9164361423716666
18.5	0.43069261221966665
18.6	0.8457410287866667
18.7	0.47768265129200005
18.8	0.5231579872576667
18.9	0.39840033362576666
19.	0.9812762900929999
19.1	0.4267665339193333
19.2	0.4660410772256667
19.3	0.8914643499156665
19.4	0.9927549630293333
19.5	0.6311741750906666
19.6	0.5712953765509999
19.7	0.9079814180016665
19.8	0.48016741698666665
19.9	0.7633932993256667
20.	0.573144809352
20.1	0.774113429726
20.2	0.5677979892589999
20.3	0.9846245876311001
20.4	0.3516570898503113
20.5	0.42048268216893336
20.6	0.6688507873183333
20.7	0.7642929198293333
20.8	0.5735114024065666
20.9	0.7547783371150333
21.	0.9873048434773333
21.1	0.44705164394666663
21.2	0.7029423284270734
21.3	0.4930943520993999
21.4	0.6295995798812999
21.5	0.4783991625093933
21.6	1.0300147988972332
21.7	0.6025797672873333
21.8	0.6661390868025999
21.9	0.6765612360333
22.	0.5663730052023332
22.1	0.4658320008026666
22.2	0.571922423979
22.3	0.7191067554363333
22.4	0.41170229646133333
22.5	0.8602958489920001
22.6	0.5173590013477
22.7	0.4465853701584
22.8	0.3114721061852333
22.9	0.70551177548
23.	0.39829645344233333
23.1	0.5340739620969999
23.2	0.6780751018539999
23.3	0.614201222705
23.4	0.6682070489723333
23.5	0.5211222278933333
23.6	0.4825677601146666
23.7	0.313978209888
23.8	0.7677386336273333
23.9	0.40878641739033333
24.	0.41455987736233335
24.1	0.4694331236526666
24.2	0.6423600746916667
24.3	0.37489124006509994
24.4	0.41429409920753335
24.5	0.5625956939763332
24.6	0.5446752203923333
24.7	0.7828136425369998
24.8	0.5972519334709999
24.9	0.5670970621373332
25.	0.5144960268141332
25.1	0.7905178095564667
25.2	0.39591874257559995
25.3	0.4117425928643333
25.4	0.547290304773
25.5	0.601042902427
25.6	0.4332859381886667
25.7	0.38307185503033336
25.8	0.45938077234709995
25.9	0.45762989125166664
26.	0.7067466498853332
26.1	0.5244719511296667
26.2	0.5547286635096667
26.3	0.6202381957876667
26.4	0.7564894125136666
26.5	0.36645358287463337
26.6	0.35276517662599993
26.7	0.49069843858566664
26.8	0.5145709882416667
26.9	0.43048601910600004
27.	0.40128978958633327
27.1	0.44516406259666663
27.2	0.3759897927421
27.3	0.474245597086
27.4	0.294806811192
27.5	0.3740358629786667
27.6	0.505245613319
27.7	0.6487587785179999
27.8	0.4022910232242666
27.9	0.40537407137333326
28.	0.41497394869366666
28.1	0.30452724007599996
28.2	0.24131036484
28.3	0.2796016640676333
28.4	0.361886392429
28.5	0.33740163326723327
28.6	0.4849854933486667
28.7	0.30807761617999996
28.8	0.26450995133126665
28.9	0.243129319781
29.	0.33760467361033336
29.1	0.23712462137523332
29.2	0.34309936551319997
29.3	0.3862484135522333
29.4	0.2992981900456
29.5	0.3261015674922
29.6	0.24484429519163334
29.7	0.19138713191260004
29.8	0.14523002523526665
29.9	0.39824898709699996
30.	0.29541216995033337
30.1	0.3197948101271
30.2	0.31356935501646666
30.3	0.3136283023163333
30.4	0.21507014548700001
30.5	0.21259260068813335
30.6	0.21933809552846664
30.7	0.1731073824801
30.8	0.38935824684599996
30.9	0.29679659472866665
31.	0.28079878145366666
31.1	0.23889080579366664
31.2	0.3770146116073333
31.3	0.25534817420833333
31.4	0.307950284001
31.5	0.3326327676993333
31.6	0.28423030289966666
31.7	0.37122657957266664
31.8	0.3019254669743333
31.9	0.2410098779247667
32.	0.1546927498665333
32.1	0.37283804832379996
32.2	0.2670756248570333
32.3	0.312312415388
32.4	0.33180866521066665
32.5	0.371430121712
32.6	0.3856300465313667
32.7	0.36826521149453334
32.8	0.3189464264025
32.9	0.24029638889663332
33.	0.44997762897399995
33.1	0.31940962761066666
33.2	0.26392271999166667
33.3	0.247029795497
33.4	0.337069434139
33.5	0.2567560096705333
33.6	0.2668968269744333
33.7	0.30651152784899993
33.8	0.2960126186873333
33.9	0.44833267896433326
34.	0.35562116964
34.1	0.29084673609466666
34.2	0.2536600279943333
34.3	0.3500444585483333
34.4	0.21889786285853333
34.5	0.21300513969166668
34.6	0.275351646986
34.7	0.239821178324
34.8	0.26871724852566664
34.9	0.21988814183099997
35.	0.19887256311399998
35.1	0.15422199200326667
35.2	0.2695932765476666
35.3	0.21548562024509998
35.4	0.2162963402593
35.5	0.24928278274513332
35.6	0.2106054942913333
35.7	0.1891437183236
35.8	0.15137468400796666
35.9	0.15518386454717334
36.	0.10890518784832
36.1	0.20527439695854666
36.2	0.1797918226493333
36.3	0.17111802974336665
36.4	0.18765041850560332
36.5	0.16812041229648667
36.6	0.15260416391639997
36.7	0.13023293882876666
36.8	0.16160494913829998
36.9	0.13316398521718667
37.	0.19416575863476665
37.1	0.17184411375136666
37.2	0.1903386939709333
37.3	0.21954585034833332
37.4	0.1884504028148
37.5	0.16513313605666669
37.6	0.1746344315573
37.7	0.2131224715643333
37.8	0.14583270660401
37.9	0.178100591127
38.	0.1849519589254333
38.1	0.21018297469123332
38.2	0.21494409482516666
38.3	0.178454327172
38.4	0.1825962306124
38.5	0.2402647324717
38.6	0.29499168178299995
38.7	0.2158076750388267
38.8	0.24862331313449998
38.9	0.2871010606712333
39.	0.2778148649569333
39.1	0.21139525004846665
39.2	0.1786997986499
39.3	0.1991252050386
39.4	0.2415909101596533
39.5	0.2857304986886666
39.6	0.23015484897049998
39.7	0.266712586425
39.8	0.31910464585696663
39.9	0.32685983983693334
40.	0.2601024954513333
40.1	0.24343874547466662
40.2	0.2652252004276333
40.3	0.27057385323714134
40.4	0.2566614296954333
40.5	0.1881076789841667
40.6	0.1810823343502333
40.7	0.2062875674654333
40.8	0.23200927167736665
40.9	0.1908984699547333
41.	0.19190010314619999
41.1	0.22988235102409998
41.2	0.2579606143991
41.3	0.22490904164756667
41.4	0.16044639257323334
41.5	0.14220357630364666
41.6	0.15263550642868998
41.7	0.15466158770386665
41.8	0.10468994511283333
41.9	0.09401289780774
42.	0.12009263761769332
42.1	0.15127962215726665
42.2	0.11422401665856333
42.3	0.09143547395413333
42.4	0.09938397494013332
42.5	0.12822859101693332
42.6	0.12924646919083332
42.7	0.09262846788113333
42.8	0.07860689054233333
42.9	0.08037298026479
43.	0.09287832205383334
43.1	0.049248864304583334
43.2	0.0562117435738
43.3	0.0687443008323
43.4	0.0864764524013
43.5	0.09012456968036667
43.6	0.08917006189576665
43.7	0.07620148179226666
43.8	0.06562121992656667
43.9	0.09182742198573332
44.	0.06358313559039666
44.1	0.08024115952902333
44.2	0.08293224053011666
44.3	0.084046392739147
44.4	0.08407992927039999
44.5	0.10577279633533333
44.6	0.09809042250886665
44.7	0.07255313454445
44.8	0.11044383695395
44.9	0.09022983031696666
45.	0.09470605138216666
45.1	0.09909450138636666
45.2	0.11052239163016665
45.3	0.10995109032276665
45.4	0.13383780488449998
45.5	0.14451435000556664
45.6	0.11445835936047666
45.7	0.14032424713289998
45.8	0.11118053483039998
45.9	0.12128191767466667
46.	0.1345374933995
46.1	0.13956566050363334
46.2	0.12112890133876666
46.3	0.13309974858486665
46.4	0.16408217886303333
46.5	0.13544931893599998
46.6	0.16038756540433333
46.7	0.139212270754
46.8	0.17476052428126665
46.9	0.19431797228299996
47.	0.168699672551
47.1	0.12516031250476667
47.2	0.13570052479533334
47.3	0.17185368788433333
47.4	0.12680475122003332
47.5	0.15510111678066665
47.6	0.14526738331303335
47.7	0.1846210827343
47.8	0.2038485967813
47.9	0.18419051908866663
48.	0.14420411490276666
48.1	0.16195679080609998
48.2	0.20359765090266668
48.3	0.13725226462693332
48.4	0.146868588784
48.5	0.1303283148722
48.6	0.14636651825143332
48.7	0.15663297129136666
48.8	0.16450242417599997
48.9	0.13686879753096665
49.	0.14586651196626665
49.1	0.19450166100233335
49.2	0.14586198074749998
49.3	0.13765734424839998
49.4	0.1123360278111
49.5	0.11797227424396667
49.6	0.1144724690519
49.7	0.12088257712226666
49.8	0.08818638505330001
49.9	0.07697799235366666
50.	0.11987176979663333
50.1	0.10672488507263334
50.2	0.09788778502316667
50.3	0.07715564054073333
50.4	0.0882384108594
50.5	0.08447481225149667
50.6	0.07365694990603333
50.7	0.04081879072082667
50.8	0.03115673360817333
50.9	0.0508088411347
51.	0.05084733631083333
51.1	0.043689052079946666
51.2	0.036357740331823325
51.3	0.04527451667513333
51.4	0.04471777829486667
51.5	0.033270278552659995
51.6	0.023358868718778993
51.7	0.03474018582683667
51.8	0.032857706526376665
51.9	0.034957716739955326
52.	0.03190970211205667
52.1	0.04165279897946666
52.2	0.039084457982
52.3	0.03990630610400667
52.4	0.031583689091793335
52.5	0.042386445330326664
52.6	0.06712022051816667
52.7	0.04310189978956667
52.8	0.051556735427
52.9	0.05851473880566666
53.	0.08581428866896668
53.1	0.0847639695761
53.2	0.09876064443883333
53.3	0.08817413213003333
53.4	0.09988428378319998
53.5	0.13196853989059998
53.6	0.09328320921363333
53.7	0.09420031210489999
53.8	0.10165333628633333
53.9	0.13519714087283333
54.	0.13047669224106667
54.1	0.15574877629666667
54.2	0.1422097812373
54.3	0.15151180120836666
54.4	0.207485996536
54.5	0.18402279642636665
54.6	0.16963526522413333
54.7	0.16137595025469997
54.8	0.19172249767066665
54.9	0.1724513052851333
55.	0.1814278068449
55.1	0.16226998115756666
55.2	0.16892516536856667
55.3	0.23584807839309999
55.4	0.23730496256756667
55.5	0.21573809533113333
55.6	0.19933945312126666
55.7	0.23813554813346666
55.8	0.22546282207603335
55.9	0.21503967736296664
56.	0.1830425475013333
56.1	0.17606813542886668
56.2	0.2154102187778
56.3	0.2188158725696
56.4	0.20163025882019997
56.5	0.19022954732335667
56.6	0.23110186950803335
56.7	0.24080974169052463
56.8	0.23218849293983335
56.9	0.19660808968823332
57.	0.17680927465126667
57.1	0.18096468850619998
57.2	0.18424783270886663
57.3	0.17319319837008332
57.4	0.1594492893053
57.5	0.17076871450266665
57.6	0.18661156604218332
57.7	0.19774256529837334
57.8	0.18030987655002334
57.9	0.16464873845346667
58.	0.146680654646146
58.1	0.15784843390546666
58.2	0.15534844867713332
58.3	0.13657874884303334
58.4	0.11492895468626665
58.5	0.12977561933696666
58.6	0.15720460845966666
58.7	0.16408552855277
58.8	0.16748831896096666
58.9	0.1327551247516333
59.	0.14305352993843332
59.1	0.15209297002823333
59.2	0.1491523678966
59.3	0.11844889841713332
59.4	0.12946360315529998
59.5	0.15287777982
59.6	0.16416985053916666
59.7	0.19629944090416665
59.8	0.16427118688913334
59.9	0.16212954058783333
60.	0.17377769781986666
60.1	0.19422922341743334
60.2	0.16566973742933333
60.3	0.1592903365291667
60.4	0.15951901183426664
60.5	0.1573022794749333
60.6	0.21067319297856668
60.7	0.19936088891136663
60.8	0.18773124215689999
60.9	0.18362450048116666
61.	0.21196651904863334
61.1	0.19194288899186665
61.2	0.1718726588331
61.3	0.1554942753838
61.4	0.13471948804199999
61.5	0.17990557366963333
61.6	0.17647581957093333
61.7	0.16258712439116665
61.8	0.1468691292962
61.9	0.16885305525853334
62.	0.1640744946473
62.1	0.1538683049817
62.2	0.13879438057913332
62.3	0.1038078053155
62.4	0.12141603235743333
62.5	0.11357890958196666
62.6	0.108235817774
62.7	0.09804696608226666
62.8	0.10770850651806665
62.9	0.1056351720378
63.	0.10972004983913332
63.1	0.10976024632016668
63.2	0.07331818349018
63.3	0.07244863870606666
63.4	0.06873203625659999
63.5	0.07462968055873333
63.6	0.07282358569783333
63.7	0.06914550985936666
63.8	0.05961178098233999
63.9	0.06975048715305
64.	0.08904579819743333
64.1	0.06858843472052334
64.2	0.0591597504194
64.3	0.055627372830626666
64.4	0.06384450121293334
64.5	0.0667961976342
64.6	0.06353868234016666
64.7	0.057712485729636664
64.8	0.066998640599011
64.9	0.0940806995554
65.	0.09370241505770166
65.1	0.08567184393943666
65.2	0.07357509559468
65.3	0.07332194113902332
65.4	0.08359188760446667
65.5	0.08974617652655
65.6	0.09039291852279
65.7	0.08942300917547
65.8	0.10552458927536668
65.9	0.11983319131338933
66.	0.13145087188610333
66.1	0.12166818546066666
66.2	0.10607039902746332
66.3	0.11241873484363332
66.4	0.12084738741091666
66.5	0.12090262439009
66.6	0.10793505485258999
66.7	0.11044073580316667
66.8	0.124054348530119
66.9	0.1523287997199
67.	0.15729611575769997
67.1	0.13081570641474
67.2	0.12445011611416668
67.3	0.12723503335398334
67.4	0.1306716178513
67.5	0.11670700097929333
67.6	0.10965324496256668
67.7	0.10478835939698333
67.8	0.12325138259427333
67.9	0.14216744495406666
68.	0.12580494744622334
68.1	0.11751896398133334
68.2	0.11059365535679999
68.3	0.11621841665089999
68.4	0.10932054000389999
68.5	0.10069692572536666
68.6	0.07796883972108666
68.7	0.07763234580029665
68.8	0.1029704921741
68.9	0.10275785243211999
69.	0.1049748932411
69.1	0.0873128172854
69.2	0.08527340083626667
69.3	0.08702787364866667
69.4	0.08927942260843333
69.5	0.0675168188143
69.6	0.055694082217633334
69.7	0.07601409095383332
69.8	0.07529397121060333
69.9	0.08818512832126665
70.	0.07716054243293333
70.1	0.07038509813493332
70.2	0.07214340335786666
70.3	0.08362946778776666
70.4	0.0725255093515
70.5	0.05685599196663333
70.6	0.0683756913386
70.7	0.05669928808763333
70.8	0.07598351065586666
70.9	0.08563859785566666
71.	0.0844778461218
71.1	0.07476550056339999
71.2	0.07736662501206666
71.3	0.07756907674789999
71.4	0.0691873246501
71.5	0.07988538543636665
71.6	0.05806931578493333
71.7	0.06921812880633332
71.8	0.08710166428093333
71.9	0.09409884932566666
72.	0.08281272940626666
72.1	0.07529673274953333
72.2	0.0792589935869
72.3	0.07781900798376
72.4	0.09027374348436668
72.5	0.061075328248300004
72.6	0.05849363380723333
72.7	0.07017021648866667
72.8	0.0792503735186
72.9	0.08155311100896667
73.	0.0748282541411
73.1	0.07172079740313332
73.2	0.06142646360819999
73.3	0.07496796302530001
73.4	0.053990701582800005
73.5	0.050743332216866666
73.6	0.05740233206439999
73.7	0.05275756570843333
73.8	0.05875205685353333
73.9	0.0591111174554
74.	0.0571196861774
74.1	0.04131663532489999
74.2	0.053519539920933334
74.3	0.044942714595266664
74.4	0.044892527090966666
74.5	0.0516038537392
74.6	0.035820539491533326
74.7	0.04091369087478
74.8	0.045885524318200005
74.9	0.05279591430833333
75.	0.04349504614043333
75.1	0.04620288267040666
75.2	0.03925043063601333
75.3	0.03732768425836
75.4	0.05163511965919999
75.5	0.04319703289626667
75.6	0.05346981536636666
75.7	0.052098088043633334
75.8	0.04916554463876666
75.9	0.05077217313466666
76.	0.05067526662176666
76.1	0.04780528745743333
76.2	0.04329618621565
76.3	0.05378944498783332
76.4	0.048744993310223333
76.5	0.06060133480676667
76.6	0.0586732327592
76.7	0.04488644466101666
76.8	0.055216962805333336
76.9	0.05480529962643333
77.	0.0544131292591
77.1	0.046867718601466664
77.2	0.044073074361866665
77.3	0.0404946236695
77.4	0.04875332762796667
77.5	0.05520605699996667
77.6	0.04221747099459
77.7	0.05184233938783332
77.8	0.04336954959573333
77.9	0.041356951779766664
78.	0.04418916185117333
78.1	0.03739741368499433
78.2	0.04406761791080233
78.3	0.042918049096909994
78.4	0.042344992090899994
78.5	0.03463403478675667
78.6	0.04483925359106767
78.7	0.041718747429793326
78.8	0.04233869139173333
78.9	0.05548516794206666
79.	0.042432320387253336
79.1	0.05436974846196666
79.2	0.05546489704383334
79.3	0.051586254491533326
79.4	0.0521127510216
79.5	0.054454860517
79.6	0.056630895575966664
79.7	0.05955828857496666
79.8	0.07720804632046666
79.9	0.06413149826494
80.	0.07293003582796666
80.1	0.082300524283
80.2	0.08305395233536667
80.3	0.09130101162473332
80.4	0.07347618537066666
80.5	0.06741926685346666
80.6	0.07445500542856666
80.7	0.09532703632966666
80.8	0.09692011022793334
80.9	0.09464703347966666
81.	0.09338616310446668
81.1	0.09116731430743999
81.2	0.10888831098569998
81.3	0.09377156361951333
81.4	0.07984629669731
81.5	0.07936219349096665
81.6	0.08416698896663333
81.7	0.0958818763792
81.8	0.09778527941444
81.9	0.09352265745973333
82.	0.08575542876635
82.1	0.09342966631116667
82.2	0.09007110884079333
82.3	0.08131270151142433
82.4	0.07550894611549999
82.5	0.06419209808109966
82.6	0.07140982744507665
82.7	0.08353963522898
82.8	0.09145152231597332
82.9	0.08892408307973333
83.	0.0726791359844
83.1	0.06707367483107998
83.2	0.07204670961738666
83.3	0.07584402298454666
83.4	0.07331692095884333
83.5	0.06628795020189666
83.6	0.06939833064975666
83.7	0.08264901776592
83.8	0.0963010121165
83.9	0.08639783432573
84.	0.07416036622969333
84.1	0.074485643904
84.2	0.07340057083579767
84.3	0.08803175949413333
84.4	0.08658890485818
84.5	0.08487809020271667
84.6	0.09383272787606667
84.7	0.09912610691636665
84.8	0.1081319734185
84.9	0.10362768136476666
85.	0.09427933884043332
85.1	0.07905525647413332
85.2	0.09025978966633333
85.3	0.10176178932103333
85.4	0.10918198859035
85.5	0.12000848147553334
85.6	0.09840127448666666
85.7	0.10536604298443333
85.8	0.11433490213626665
85.9	0.10913499787786665
86.	0.09926351511266665
86.1	0.08610585108143333
86.2	0.08883290401973333
86.3	0.09887054072513335
86.4	0.11915542772303334
86.5	0.10151549593729998
86.6	0.09633900227786665
86.7	0.09962882678763332
86.8	0.08877793279113333
86.9	0.0968875656655
87.	0.07762756387836667
87.1	0.07085125682293333
87.2	0.07699268860916667
87.3	0.08436708831629999
87.4	0.08830931766346667
87.5	0.08398546324186665
87.6	0.07755107205329999
87.7	0.05873433346023333
87.8	0.0701623833051
87.9	0.06435540332946665
88.	0.0604590684866
88.1	0.06681606911466666
88.2	0.048935054409299995
88.3	0.060073632801266666
88.4	0.06677732278593332
88.5	0.0640680182474
88.6	0.05613590633056667
88.7	0.04864649922053333
88.8	0.047354325821033334
88.9	0.04791857376393333
89.	0.059422465805099994
89.1	0.04623750693946666
89.2	0.05263045036473333
89.3	0.05775063427356667
89.4	0.049853799858433336
89.5	0.059560174183000004
89.6	0.04461887152213333
89.7	0.0460913044146
89.8	0.052822987786100006
89.9	0.051437105906500004
90.	0.05562101274603333
90.1	0.0567781867136
90.2	0.0571747693078
90.3	0.04914351994869999
90.4	0.061701205339599996
90.5	0.055966388365366666
90.6	0.05548232585453333
90.7	0.06266935748703333
90.8	0.044699180545399994
90.9	0.060671850519633336
91.	0.06667334689193333
91.1	0.0668915278392
91.2	0.06843540161956665
91.3	0.05960967400876667
91.4	0.0619702976025
91.5	0.06414081613336667
91.6	0.0708274013268
91.7	0.058528118852433336
91.8	0.06888189582633333
91.9	0.07369543806753331
92.	0.0694329559771
92.1	0.0854627056906
92.2	0.0674820374235
92.3	0.07313927050136666
92.4	0.08039269948176667
92.5	0.0738104367463
92.6	0.07669300523673334
92.7	0.07465821865666666
92.8	0.07803190087066667
92.9	0.07915534949266666
93.	0.09725520804403333
93.1	0.08941480944206666
93.2	0.08577200264153334
93.3	0.08678833960593332
93.4	0.0704805698496
93.5	0.09018690481663333
93.6	0.09136646194363332
93.7	0.0901702681798
93.8	0.09198671568943334
93.9	0.08766340815136667
94.	0.09697407624973332
94.1	0.10097972326419999
94.2	0.09857454321023332
94.3	0.08038556306953333
94.4	0.08629869966116667
94.5	0.08942865311953332
94.6	0.09173043225223333
94.7	0.10485834780716666
94.8	0.09026311210941998
94.9	0.0961642990348
95.	0.10032888652763333
95.1	0.09356183579263333
95.2	0.09051149033826666
95.3	0.08285271891883333
95.4	0.08389580321706666
95.5	0.08829541352136666
95.6	0.09996207403823332
95.7	0.09740181879766999
95.8	0.09395599874583334
95.9	0.08871875275550001
96.	0.07950213702634434
96.1	0.08956782199116667
96.2	0.08873049678139999
96.3	0.08736515266496665
96.4	0.08586115580613332
96.5	0.08066207990806332
96.6	0.09184344173138666
96.7	0.09882102876661665
96.8	0.09333852939102334
96.9	0.08050724678546
97.	0.07308738228003334
97.1	0.07684372969487666
97.2	0.08727807925771666
97.3	0.09619721045749999
97.4	0.09105246699080333
97.5	0.0874667365863
97.6	0.08558508659090999
97.7	0.08384569238465966
97.8	0.08702985366983332
97.9	0.08076351233431367
98.	0.08033867795962332
98.1	0.0824375021556
98.2	0.08322069781158
98.3	0.09395568100323333
98.4	0.09257632577149666
98.5	0.08517830674066668
98.6	0.07861671008073332
98.7	0.07480849245740666
98.8	0.07906374705346665
98.9	0.08352381620397001
99.	0.0841168204253
99.1	0.07709811083628666
99.2	0.08148209164723333
99.3	0.08449397620478334
99.4	0.08108116105322333
99.5	0.07617669191713333
99.6	0.06036559500386666
99.7	0.06402421263736666
99.8	0.07209384852693333
99.9	0.07598306794426665
100.	0.07924383131976666
100.1	0.06795154400086334
100.2	0.061879921140139994
100.3	0.06088415203974666
100.4	0.061822917299066665
100.5	0.05879031452488333
100.6	0.057378274538239994
100.7	0.05475828603933333
100.8	0.049432926229113335
100.9	0.058792347385299995
101.	0.05743846003719333
101.1	0.053917750803773326
101.2	0.04855756810083332
101.3	0.03570409970548
101.4	0.03996146733053333
101.5	0.04385354401569
101.6	0.04691767562897334
101.7	0.045835815101599994
101.8	0.037714929744526664
101.9	0.03566311793113
102.	0.03573049903013667
102.1	0.03559043125176667
102.2	0.030247922979973335
102.3	0.030894203553149997
102.4	0.030604359831473336
102.5	0.029633065645046662
102.6	0.034954712352799996
102.7	0.02780913040469867
102.8	0.02691522464875
102.9	0.027059251906139996
103.	0.021242593694383333
103.1	0.024797378401406667
103.2	0.02235222908496
103.3	0.02345324169580333
103.4	0.02476253925608667
103.5	0.020865213482776666
103.6	0.02244067785296333
103.7	0.021489166237603333
103.8	0.019786509280656665
103.9	0.01644779355506333
104.	0.017912404608951334
104.1	0.01768815105432
104.2	0.01942538623135333
104.3	0.023588283682456666
104.4	0.013340093345243333
104.5	0.01697267723043
104.6	0.018729655693186666
104.7	0.01567994077425
104.8	0.021391484023080002
104.9	0.013254335176275334
105.	0.015121677462269466
105.1	0.018197312435883333
105.2	0.017269266875393333
105.3	0.019796147235833332
105.4	0.018075303592829998
105.5	0.019156334999126667
105.6	0.017891823852933333
105.7	0.02164266582993333
105.8	0.015463272548133334
105.9	0.01733810752093
106.	0.023730109796886667
106.1	0.016780889952476667
106.2	0.029174580389633335
106.3	0.02617717710843333
106.4	0.022351537483799998
106.5	0.027808682668633334
106.6	0.019957809866433335
106.7	0.026115456031733333
106.8	0.028737559093766664
106.9	0.028852473426999998
107.	0.0281755810118
107.1	0.030754901623033327
107.2	0.0359963356382
107.3	0.03702743124493333
107.4	0.04001796537823333
107.5	0.025211818368766667
107.6	0.02868489513143333
107.7	0.0365807642376
107.8	0.03774008422001333
107.9	0.052578193929533334
108.	0.041539166396566664
108.1	0.03777280536296666
108.2	0.041632173703433334
108.3	0.03775193188749999
108.4	0.04343763455993333
108.5	0.042480423698966666
108.6	0.042167657948399995
108.7	0.04183170095659999
108.8	0.0491440524911
108.9	0.052107140996333325
109.	0.051392722582033326
109.1	0.0500898195508
109.2	0.03456461406966333
109.3	0.04081354157856666
109.4	0.04616860374856666
109.5	0.050643365419609995
109.6	0.0606251166635
109.7	0.04552023787156333
109.8	0.0449284168088
109.9	0.04771747294796667
110.	0.04473280711917333
110.1	0.04891470015959999
110.2	0.04437362359916667
110.3	0.04544457688123333
110.4	0.050147963957
110.5	0.0557672086379
110.6	0.05348155252153334
110.7	0.048794791560033336
110.8	0.04590278946443333
110.9	0.03834515840082334
111.	0.0471547717337
111.1	0.048932297734633326
111.2	0.05337095283396666
111.3	0.05963599997103333
111.4	0.04462148761464
111.5	0.048554636994800005
111.6	0.048936014240333336
111.7	0.04721189571892333
111.8	0.05504789879723333
111.9	0.04636218272703333
112.	0.0494193046132
112.1	0.057146051267633335
112.2	0.06043283570796666
112.3	0.057601633885033324
112.4	0.049021540656433334
112.5	0.04567274563059999
112.6	0.04641364733249999
112.7	0.06002280773140001
112.8	0.059038977683533334
112.9	0.06115297145863333
113.	0.06251616157683333
113.1	0.048703571092166664
113.2	0.059356233205233325
113.3	0.05469018308986666
113.4	0.055320353826166666
113.5	0.06612840249566666
113.6	0.053482634154633335
113.7	0.0599565527123
113.8	0.06421246648713333
113.9	0.06557045888643333
114.	0.0656311734354
114.1	0.05482923541513333
114.2	0.05025372256833333
114.3	0.05411944427446667
114.4	0.07053670591513334
114.5	0.06825520426106665
114.6	0.06779478153839999
114.7	0.06146617540503333
114.8	0.0505906993317
114.9	0.06760280377293333
115.	0.05826893177643333
115.1	0.0602763656052
115.2	0.06680240464503333
115.3	0.05391905769469999
115.4	0.06682326623429999
115.5	0.06430721702423332
115.6	0.06190128390076667
115.7	0.06372787767173332
115.8	0.055189354295033334
115.9	0.05345801942286667
116.	0.056075583847066665
116.1	0.06694676981273333
116.2	0.06478706223613331
116.3	0.06638462387166666
116.4	0.05654910713803333
116.5	0.049248531576066665
116.6	0.064478067592
116.7	0.05402147820956667
116.8	0.0603737331897
116.9	0.060049495312299986
117.	0.0500221317116
117.1	0.06763795017716667
117.2	0.06029707481366667
117.3	0.05752206190866666
117.4	0.05798541480873333
117.5	0.050925807493133336
117.6	0.05679481816663333
117.7	0.058233507517533326
117.8	0.06084300951996666
117.9	0.058830427048
118.	0.061707294369333324
118.1	0.057119212332699995
118.2	0.054273719121166665
118.3	0.059786163184699995
118.4	0.05018337136863333
118.5	0.060533815768433336
118.6	0.059161917951633336
118.7	0.05486694714453333
118.8	0.06874106701606666
118.9	0.05690543772763333
119.	0.05814481641106667
119.1	0.05743555794813333
119.2	0.049853321556399995
119.3	0.06164727302589999
119.4	0.06172025741323334
119.5	0.06275534802176666
119.6	0.061465852484033336
119.7	0.0577988573235
119.8	0.0600715166374
119.9	0.06134605888223333
120.	0.06132751545186667
120.1	0.05563162896806667
120.2	0.06134893811136666
120.3	0.06300988011563333
120.4	0.0677298119916
120.5	0.07438969019793333
120.6	0.05900308781699666
120.7	0.06060113240409999
120.8	0.05981338474976666
120.9	0.05885498751315333
121.	0.0743752340444
121.1	0.06945876622272333
121.2	0.07166807270336667
121.3	0.07006971993326666
121.4	0.06083159038246666
121.5	0.06842121469403332
121.6	0.06817836808696666
121.7	0.07182825166563334
121.8	0.07411234967893333
121.9	0.0697521434558
122.	0.07259179461786666
122.1	0.07851766783566666
122.2	0.08115549291696667
122.3	0.07132962450960001
122.4	0.06783587260046667
122.5	0.06551077878169999
122.6	0.07381573604353334
122.7	0.09175110969043332
122.8	0.08414922606229999
122.9	0.08182385708996667
123.	0.07347605747773334
123.1	0.06668426307994332
123.2	0.0820911164316
123.3	0.079010552096
123.4	0.0863808976258
123.5	0.08952167523266666
123.6	0.07762957041856666
123.7	0.08333900799599998
123.8	0.07999589934233332
123.9	0.08136319894303333
124.	0.08432030114646667
124.1	0.07742768211489999
124.2	0.07689540457923333
124.3	0.08286204202016667
124.4	0.09395826986616665
124.5	0.0914568354899
124.6	0.083867507104
124.7	0.07000975209203333
124.8	0.06723067970276667
124.9	0.08518825647663333
125.	0.0865988947836
125.1	0.09376992283233333
125.2	0.08548171650153331
125.3	0.06926453968106666
125.4	0.07855889592113333
125.5	0.07092721983686667
125.6	0.07704566734713332
125.7	0.08458330421756666
125.8	0.07414996348173333
125.9	0.07912115852683332
126.	0.07395699177196666
126.1	0.07463863818613332
126.2	0.07879672680826666
126.3	0.07051642122873332
126.4	0.06599173837646666
126.5	0.06391146409083333
126.6	0.07166161407239999
126.7	0.07838026542226667
126.8	0.08112849985699999
126.9	0.06799577603556667
127.	0.0542705549045
127.1	0.059787817073500005
127.2	0.0578580564749
127.3	0.07214530186526666
127.4	0.07540144838466667
127.5	0.060842833392833334
127.6	0.064495961183
127.7	0.052006264517399994
127.8	0.0553515739628
127.9	0.06452184614709999
128.	0.05645693828543333
128.1	0.06419539894766665
128.2	0.05643644920113333
128.3	0.05399183068663334
128.4	0.0617367584188
128.5	0.05512230168426666
128.6	0.05420487315833333
128.7	0.04923324151223333
128.8	0.047025152772966664
128.9	0.05154539437843332
129.	0.059700642240799996
129.1	0.06039555966239999
129.2	0.050675777129799995
129.3	0.04695605073443333
129.4	0.036972547957933324
129.5	0.045936538898299996
129.6	0.056689477239633336
129.7	0.05249868033786666
129.8	0.05808349984983333
129.9	0.041276680106399996
130.	0.0388977472063
130.1	0.0477498854854
130.2	0.038956909046956666
130.3	0.05132763529696666
130.4	0.04625959515273333
130.5	0.04019384093106666
130.6	0.048163870299066665
130.7	0.03973790442636666
130.8	0.044155463007066666
130.9	0.04263782555916666
131.	0.036340508293499996
131.1	0.03791186359453333
131.2	0.03749232471453333
131.3	0.043846975086633336
131.4	0.04593463285129999
131.5	0.04261290025996667
131.6	0.029873547203166668
131.7	0.028297962699866664
131.8	0.03415662399313333
131.9	0.03434935104426666
132.	0.04668243330156666
132.1	0.03474555527676666
132.2	0.028738880178499994
132.3	0.03500158415436666
132.4	0.023138796482266664
132.5	0.03467236898916666
132.6	0.03147073764606666
132.7	0.026483829727633332
132.8	0.03643756452046666
132.9	0.023485885894433334
133.	0.029715895330499998
133.1	0.031005726179333337
133.2	0.023043917026366663
133.3	0.027973005733633333
133.4	0.0202159791176
133.5	0.022002356646866665
133.6	0.02855841663553333
133.7	0.029892113716066666
133.8	0.025029466259766667
133.9	0.019712075027843334
134.	0.02012988766249333
134.1	0.017810327363583334
134.2	0.0275785153554
134.3	0.022710806208299995
134.4	0.019627647323433334
134.5	0.02596411907362333
134.6	0.01538525899043
134.7	0.02612261344273333
134.8	0.02177002179300333
134.9	0.014157663989916667
135.	0.02640823635574667
135.1	0.013855957602023333
135.2	0.021641608124699997
135.3	0.027257387959299998
135.4	0.018740806611066665
135.5	0.026423461393566668
135.6	0.016996857401713333
135.7	0.016901080155716668
135.8	0.0228866858686
135.9	0.021966020495166664
136.	0.026377192662733334
136.1	0.023286568373999998
136.2	0.022261629918500003
136.3	0.02225623895873333
136.4	0.026447123770933334
136.5	0.0236728950947
136.6	0.021665049768666664
136.7	0.0265190487388
136.8	0.019544416845066664
136.9	0.031519884404666666
137.	0.033762159165166665
137.1	0.025690748689333333
137.2	0.0312798371521
137.3	0.017380195360733333
137.4	0.023841581780699995
137.5	0.03397595916966666
137.6	0.030877445599623334
137.7	0.040700487023866666
137.8	0.02860720512253333
137.9	0.024968813897266663
138.	0.030934806428433333
138.1	0.026814641874266666
138.2	0.0353897239066
138.3	0.03629590867396666
138.4	0.0340761755682
138.5	0.03419575029836666
138.6	0.03380506114843333
138.7	0.034666392320533326
138.8	0.034708234027866665
138.9	0.03654322649866666
139.	0.029721067993599998
139.1	0.03356714821713333
139.2	0.03941461958303333
139.3	0.041193059865556665
139.4	0.046220664603000006
139.5	0.030083828699259997
139.6	0.02710524819753333
139.7	0.032793335367166665
139.8	0.03391996522285
139.9	0.04983533760853333
140.	0.043621060183036665
140.1	0.03557295674843
140.2	0.03509450945076667
140.3	0.026880694979399995
140.4	0.034814642491666666
140.5	0.0399201270641
140.6	0.04248869013711333
140.7	0.04356895055896666
140.8	0.03436011049710333
140.9	0.031661199848549995
141.	0.03316232321057333
141.1	0.03728894694116666
141.2	0.03806441406253333
141.3	0.036776814386186664
141.4	0.034271942000099996
141.5	0.03405079238692667
141.6	0.042181466369299994
141.7	0.03730034427269
141.8	0.03349614046137
141.9	0.032511954915399995
142.	0.027917329384711337
142.1	0.038403052838666664
142.2	0.040984434250829996
142.3	0.04031986866647333
142.4	0.03874886351816667
142.5	0.02660060978703766
142.6	0.028133722080489997
142.7	0.03101206324921333
142.8	0.035864747498520005
142.9	0.0443242138992
143.	0.038764832194073326
143.1	0.03230325226836667
143.2	0.028113811573713333
143.3	0.027492078667159997
143.4	0.031996184859239996
143.5	0.03843003734693999
143.6	0.041360520259506664
143.7	0.036324336389739996
143.8	0.03260805795983333
143.9	0.027691016849609996
144.	0.030004314179796668
144.1	0.03625144512233333
144.2	0.03569866865500766
144.3	0.03833401382426666
144.4	0.033543624198293334
144.5	0.032610166781688994
144.6	0.0368741698248
144.7	0.030892967882329998
144.8	0.03320287892368333
144.9	0.03496470694902666
145.	0.034615101735186664
145.1	0.038647565483866664
145.2	0.035761184346236666
145.3	0.03586618915609333
145.4	0.03618102554760333
145.5	0.03439470746098666
145.6	0.03351541872912667
145.7	0.03268019017276
145.8	0.03845178071349666
145.9	0.04454314060329333
146.	0.04438980451864
146.1	0.03511589617906333
146.2	0.02895596218788333
146.3	0.031789890726276665
146.4	0.037047733677489994
146.5	0.048485335286623334
146.6	0.04754614874368333
146.7	0.039145394372118336
146.8	0.03592023135946666
146.9	0.02944666863573066
147.	0.035644405503023335
147.1	0.04404831915591667
147.2	0.04762834288212334
147.3	0.050006996145999995
147.4	0.03853660897855166
147.5	0.03400839921016333
147.6	0.03672545126836666
147.7	0.03931844627027333
147.8	0.04798629018912
147.9	0.046958746443573327
148.	0.04183241338339333
148.1	0.04011869110803666
148.2	0.03995824540733332
148.3	0.0424602368495
148.4	0.04332934886605
148.5	0.04308101423867666
148.6	0.04036078126878
148.7	0.04197367482147
148.8	0.046504979059846664
148.9	0.048722201197626665
149.	0.04709300592309999
149.1	0.037535350258819995
149.2	0.03719610177018
149.3	0.042092803726393326
149.4	0.04694537790101466
149.5	0.0549262186231
149.6	0.04728108863225767
149.7	0.040782344945633334
149.8	0.040178473552166666
149.9	0.036636626728554667
150.	0.04361263687546666
150.1	0.04795672774465333
150.2	0.051695559454111334
150.3	0.05237668278729999
150.4	0.04043592858284333
150.5	0.03589107132995667
150.6	0.03661464704404999
150.7	0.043283137725996665
150.8	0.05381578092916667
150.9	0.05149467103075667
151.	0.04396592023265333
151.1	0.03888946025022333
151.2	0.03835469547812333
151.3	0.04048191427287
151.4	0.04442851077586666
151.5	0.047907647522773336
151.6	0.04607377735816666
151.7	0.04454056133531667
151.8	0.04006488214389334
151.9	0.039204689202449995
152.	0.042586764781366665
152.1	0.042247211904400006
152.2	0.04545357506659667
152.3	0.04127100907822666
152.4	0.03985524284607067
152.5	0.046493644241800004
152.6	0.04250324297009733
152.7	0.04248476230005999
152.8	0.03947253640317666
152.9	0.03411756690669133
153.	0.041199573081
153.1	0.04471500977452867
153.2	0.04925230210328666
153.3	0.04621153055379999
153.4	0.033581182263426664
153.5	0.032017752121746665
153.6	0.034229154373466665
153.7	0.04418571978164
153.8	0.05288215263846666
153.9	0.04503699729095334
154.	0.035592661327589994
154.1	0.03175460723193
154.2	0.03526816786773
154.3	0.04087587721991
154.4	0.044078606944336664
154.5	0.044026321460009996
154.6	0.040687409854736664
154.7	0.0393461352764
154.8	0.034987621169096664
154.9	0.03447334242036666
155.	0.038056475668469994
155.1	0.04126721135078
155.2	0.0457168730342
155.3	0.037875295545946666
155.4	0.03495495491931
155.5	0.0384705985884
155.6	0.034990643106929994
155.7	0.040542314811933336
155.8	0.038647700740356665
155.9	0.03600639606701366
156.	0.04210338341466666
156.1	0.0380100483015388
156.2	0.03993180623185
156.3	0.037813491861666666
156.4	0.033902553993984334
156.5	0.04048446222523333
156.6	0.03621239429173333
156.7	0.039381762709096664
156.8	0.04447442762383333
156.9	0.03856532988092
157.	0.039222761651166664
157.1	0.034618309323269994
157.2	0.03289187059587667
157.3	0.03875705946383333
157.4	0.04153668351762999
157.5	0.045691279090189996
157.6	0.041782279384593335
157.7	0.03475223956386
157.8	0.03168862028749
157.9	0.03208411016109666
158.	0.040866622341879995
158.1	0.04919746042383
158.2	0.047104788457033336
158.3	0.034959111859476664
158.4	0.030449072476113337
158.5	0.03495845758014
158.6	0.04085423761630666
158.7	0.04875736360036666
158.8	0.041866829891809995
158.9	0.03650251630463666
159.	0.039657571825966666
159.1	0.03770908315852667
159.2	0.04227481250833333
159.3	0.03756595953618666
159.4	0.03762128012919
159.5	0.04693505451793334
159.6	0.03958265059427667
159.7	0.042497949307266664
159.8	0.0402648582763
159.9	0.033976985649452326
160.	0.04551850830633333
160.1	0.04108614559806333
160.2	0.04190471012738334
160.3	0.04508221399833333
160.4	0.03820511319083433
160.5	0.046489747469599996
160.6	0.04092386780111333
160.7	0.03933172084086334
160.8	0.0457225121213
160.9	0.03632170263304666
161.	0.0453437770198
161.1	0.049070242235166664
161.2	0.04352814810687333
161.3	0.0460394269486
161.4	0.035246596417873324
161.5	0.03734789193838333
161.6	0.045990488300266655
161.7	0.04834269239915333
161.8	0.05334889257813333
161.9	0.04258800428147
162.	0.03731285243483666
162.1	0.04055298796323334
162.2	0.039307503754333326
162.3	0.047463024828399994
162.4	0.052818025249833325
162.5	0.05085244113566667
162.6	0.04483021481763333
162.7	0.037072734227299994
162.8	0.03675459215903333
162.9	0.04488607579989999
163.	0.0565899002077
163.1	0.05559486908866666
163.2	0.04659928773606667
163.3	0.03990402994853333
163.4	0.039926746123466667
163.5	0.04843813890516666
163.6	0.04805601986347333
163.7	0.05159402747084667
163.8	0.053685718421533336
163.9	0.045227341069660004
164.	0.04890417193386666
164.1	0.04191307753082
164.2	0.040478959570366665
164.3	0.05437890968023333
164.4	0.05209286393765333
164.5	0.05657243530603333
164.6	0.04917560373723333
164.7	0.03914114300496666
164.8	0.04928390614276666
164.9	0.04432923061118667
165.	0.0561236404131
165.1	0.0613316628202
165.2	0.04337596975185666
165.3	0.0498386030359
165.4	0.043765636640706665
165.5	0.04827379713303
165.6	0.06233886384083333
165.7	0.046905351465898665
165.8	0.05029906838973333
165.9	0.047563664346099994
166.	0.04943057458810666
166.1	0.06563524475643334
166.2	0.04569443482893666
166.3	0.04668039365793333
166.4	0.0531838207146
166.5	0.048195111237227334
166.6	0.06568211826723333
166.7	0.05330107862835
166.8	0.04714512443740666
166.9	0.05543050945386666
167.	0.04695345920476
167.1	0.05861161515063333
167.2	0.0524214790599
167.3	0.049943535642860006
167.4	0.06488693596269998
167.5	0.05097393811066332
167.6	0.05385792291756667
167.7	0.052884800934466666
167.8	0.04336350468048
167.9	0.0597704848058
168.	0.059602888009503335
168.1	0.06193749976712333
168.2	0.06063476979143333
168.3	0.043420564611993326
168.4	0.048040479271066666
168.5	0.0498795179595
168.6	0.061595432340073336
168.7	0.0750786830627
168.8	0.05644780134816666
168.9	0.047569216893733335
169.	0.04628893156133333
169.1	0.0495236766987
169.2	0.06434902244583332
169.3	0.0653239083314
169.4	0.06405430763246667
169.5	0.05902341400276666
169.6	0.0507530024347
169.7	0.0503368904245
169.8	0.04948631993283334
169.9	0.06121349555733333
170.	0.07470100837076667
170.1	0.06854318388959998
170.2	0.05370929826503333
170.3	0.04472985988996667
170.4	0.047795013528133326
170.5	0.05742779222186667
170.6	0.0701756520548
170.7	0.07185558623776667
170.8	0.06116629959823333
170.9	0.0538465647336
171.	0.0451490158831
171.1	0.048476017580399995
171.2	0.06301819622156665
171.3	0.07446784289709998
171.4	0.07706264864463333
171.5	0.055135244589366667
171.6	0.04482008372996666
171.7	0.0509900424373
171.8	0.053602459807033334
171.9	0.07399395262473332
172.	0.07605528099213334
172.1	0.0643611857371
172.2	0.060508560298266664
172.3	0.0436360934987
172.4	0.05038145734103333
172.5	0.06412334930783332
172.6	0.07376066273006666
172.7	0.0850658687077
172.8	0.05691905946723667
172.9	0.04836442944073333
173.	0.0576083225693
173.1	0.05199607369203333
173.2	0.07431234869303333
173.3	0.07403560246469999
173.4	0.06787606515290667
173.5	0.0720308684983
173.6	0.04680359572032333
173.7	0.05051953013323333
173.8	0.05672960091293333
173.9	0.06927648724747333
174.	0.0965355405975
174.1	0.06271411268949333
174.2	0.04828820922003333
174.3	0.0538357311613
174.4	0.04735246892023
174.5	0.08122396955633332
174.6	0.07904294868934666
174.7	0.06986672572781999
174.8	0.0724145965183
174.9	0.04577575885890667
175.	0.061751614785633326
175.1	0.06308999316593333
175.2	0.06703773879125999
175.3	0.09780153504566666
175.4	0.06272105408644998
175.5	0.059340631189966665
175.6	0.0675769446156
175.7	0.048508566936166675
175.8	0.0752196786422
175.9	0.06930775197065332
176.	0.07683857010371332
176.1	0.08899840293536665
176.2	0.049742020834730005
176.3	0.058188354794666663
176.4	0.05005997892203333
176.5	0.06584509012487
176.6	0.11807076225756666
176.7	0.07232743917546999
176.8	0.055097722564
176.9	0.05951388648336667
177.	0.053214678918366676
177.1	0.0967483552914
177.2	0.07818914994735333
177.3	0.07754556846677665
177.4	0.08818985580066666
177.5	0.0546776477141
177.6	0.08491304027669999
177.7	0.05961134846093333
177.8	0.05620869838770333
177.9	0.1192117136612
178.	0.07891782709233333
178.1	0.07609679470296667
178.2	0.0765118972945
178.3	0.054359618710199994
178.4	0.09325741296899999
178.5	0.06954985471134667
178.6	0.10474322507043667
178.7	0.128261576196
178.8	0.0635605422952
178.9	0.0942120193117
179.	0.05072770230804
179.1	0.07381756731906666
179.2	0.21023612040999998
179.3	0.13654110685513332
179.4	0.0786048432573
179.5	0.07609635987516666
179.6	0.146952507696
179.7	0.2867115268834333
179.8	0.1669316063899
179.9	0.3661696542019866
180.	2.453548802414433