# O+CO(0,0) elastic diff. cross section
# E = 0.14 eV
# angle, CS (1e-16 cm^2)
0.1	137729.75838556665
0.2	132687.85398856667
0.3	124724.33055196668
0.4	114445.8749265
0.5	102603.89595873334
0.6	90013.11579026666
0.7	77467.5501361
0.8	65664.71153083333
0.9	55147.13707113333
1.	46267.336897166664
1.1	39178.52715846666
1.2	33849.69142273333
1.3	30100.224489403336
1.4	27647.139315179993
1.5	26156.84056790333
1.6	25293.824201906667
1.7	24760.15821216
1.8	24321.865628463333
1.9	23820.90248361
2.	23173.834394719997
2.1	22360.18125751667
2.2	21404.479186166667
2.3	20356.33184511333
2.4	19272.182505293335
2.5	18201.451665546665
2.6	17178.339018186663
2.7	16219.273505733334
2.8	15324.950049247334
2.9	14485.264655137335
3.	13685.293590006331
3.1	12910.701736882666
3.2	12151.483299347667
3.3	11403.573710968667
3.4	10668.468488709666
3.5	9951.422776452999
3.6	9259.020051014999
3.7	8596.88556042
3.8	7968.126051407334
3.9	7372.780821684668
4.	6808.2579926769995
4.1	6270.480092641334
4.2	5755.323434582333
4.3	5259.921471617
4.4	4783.496682618
4.5	4327.549117185667
4.6	3895.4129247183337
4.7	3491.3483497096663
4.8	3119.432415066333
4.9	2782.5324524909997
5.	2481.5978675863335
5.1	2215.407566464
5.2	1980.7922948073337
5.3	1773.2423403176665
5.4	1587.7350229570002
5.5	1419.5859696526663
5.6	1265.1442444729998
5.7	1122.204482404
5.8	990.0829518346668
5.9	869.3803959829999
6.	761.5161328089999
6.1	668.1541276503333
6.2	590.6484300186
6.3	529.6151265789999
6.4	484.6986935047999
6.5	454.5530458735
6.6	437.01257386486657
6.7	429.3948203063333
6.8	428.85938222100003
6.9	432.74815337166666
7.	438.8474442746666
7.1	445.53743120099995
7.2	451.8222243346666
7.3	457.25837805666663
7.4	461.8162596169999
7.5	465.7150729116666
7.6	469.2687673113333
7.7	472.7689732353666
7.8	476.416281832
7.9	480.29675798853333
8.	484.3900312462
8.1	488.59073860826663
8.2	492.72682309346675
8.3	496.5648680869
8.4	499.80171499123327
8.5	502.05006535556663
8.6	502.8309714820667
8.7	501.5864929738333
8.8	497.7212065254333
8.9	490.67301134243337
9.	480.0041406792999
9.1	465.49524236676666
9.2	447.2212451326
9.3	425.5888930532667
9.4	401.32232302153335
9.5	375.39348725849993
9.6	348.90613553419996
9.7	322.9525936175
9.8	298.46913470436664
9.9	276.11672401136667
10.	256.20906098853334
10.1	238.70028681733334
10.2	223.23269975063332
10.3	209.2330821356333
10.4	196.0373829016333
10.5	183.01932930650003
10.6	169.69969464133334
10.7	155.81879201639998
10.8	141.36363196716667
10.9	126.5508456046
11.	111.77472525226668
11.1	97.53491071209999
11.2	84.35959323066666
11.3	72.73786095996667
11.4	63.07004301023333
11.5	55.63917050313333
11.6	50.6015344405
11.7	47.990970958
11.8	47.730485040766666
11.9	49.6459592444
12.	53.47922662449999
12.1	58.90065331146667
12.2	65.5235396741
12.3	72.92339538293332
12.4	80.66425938436666
12.5	88.33203306696666
12.6	95.57198938856666
12.7	102.12510645116666
12.8	107.85646470543334
12.9	112.7691549681
13.	116.999051751
13.1	120.78905443327
13.2	124.44528931594999
13.3	128.28143929696
13.4	132.56001080958998
13.5	137.44037397755332
13.6	142.94258404352996
13.7	148.93345684390664
13.8	155.13761283011002
13.9	161.17193330780333
14.	166.5978783438933
14.1	170.98311498972663
14.2	173.96241454457999
14.3	175.28803323335666
14.4	174.8617137594767
14.5	172.74366857196333
14.6	169.13784370282002
14.7	164.35671535830332
14.8	158.77214948996
14.9	152.76089657183667
15.	146.65376894778666
15.1	140.6964164160933
15.2	135.02713681198665
15.3	129.67384299120667
15.4	124.56881781795666
15.5	119.57690430878
15.6	114.53085534635332
15.7	109.26702228445001
15.8	103.65540376146666
15.9	97.62001162341
16.	91.14801783024001
16.1	84.28860277787666
16.2	77.14426382165
16.3	69.85818803037
16.4	62.60105231528334
16.5	55.55949024370666
16.6	48.92689300892
16.7	42.89573180692666
16.8	37.64968932616
16.9	33.35386649109999
17.	30.142205067419997
17.1	28.102767711696664
17.2	27.263161335133333
17.3	27.57961798215
17.4	28.93358716998667
17.5	31.138902166660003
17.6	33.960730008453325
17.7	37.144981564616664
17.8	40.454245799316666
17.9	43.70429299039667
18.	46.794329648369995
18.1	49.72478841276999
18.2	52.598456915923336
18.3	55.60380092243333
18.4	58.98277123665333
18.5	62.98844978833333
18.6	67.83991376911999
18.7	73.682240392911
18.8	80.55853789259334
18.9	88.39852229122398
19.	97.02499910129967
19.1	106.17633908915232
19.2	115.54032925291332
19.3	124.793142550477
19.4	133.63684502972933
19.5	141.82978984531167
19.6	149.20611692699134
19.7	155.68290281400866
19.8	161.25576554953798
19.9	165.9854834669133
20.	169.97916251514
20.1	173.36962071473334
20.2	176.29607975674332
20.3	178.8882272601933
20.4	181.25455687648767
20.5	183.47489635940667
20.6	185.59639248326766
20.7	187.63200840695498
20.8	189.56075395913604
20.9	191.32927186165264
21.	192.85486000029897
21.1	194.03034691289298
21.2	194.73133071824935
21.3	194.82609247934263
21.4	194.188036260691
21.5	192.7098913231486
21.6	190.31828194760197
21.7	186.98678396269432
21.8	182.74538076741933
21.9	177.68439433348698
22.	171.95152049610067
22.1	165.741489752663
22.2	159.27898054487633
22.3	152.79655270942567
22.4	146.510338909089
22.5	140.59683540696366
22.6	135.17422311826567
22.7	130.2911608342303
22.8	125.92496507023398
22.9	121.9896727228693
23.	118.35290889985868
23.1	114.859035091526
23.2	111.355006337531
23.3	107.71492845855633
23.4	103.85957253010697
23.5	99.76802977293165
23.6	95.480098081156
23.7	91.089604833264
23.8	86.73037237979032
23.9	82.55763438628466
24.	78.72821647720433
24.1	75.38264052623433
24.2	72.63157970295799
24.3	70.54798271729265
24.4	69.16497114535366
24.5	68.47856624905066
24.6	68.45363207995766
24.7	69.03123195030867
24.8	70.13586139526366
24.9	71.68160722492433
25.	73.57698517785234
25.1	75.728813097748
25.2	78.04581420235732
25.3	80.44263646471501
25.4	82.84464552307134
25.5	85.19331914633565
25.6	87.451517055755
25.7	89.60750287508365
25.8	91.676493310492
25.9	93.69876046964266
26.	95.733878296654
26.1	97.85146027520267
26.2	100.11950707053332
26.3	102.59208544937434
26.4	105.29834633669566
26.5	108.23478437210964
26.6	111.362155688151
26.7	114.60769973140333
26.8	117.87240886376499
26.9	121.04223409752265
27.	124.00146938694033
27.1	126.64623532944
27.2	128.89603232240665
27.3	130.70172658112335
27.4	132.04898056146334
27.5	132.95691230038665
27.6	133.4725230064
27.7	133.66204072774332
27.8	133.60069860891332
27.9	133.36255755892
28.	133.01180612468332
28.1	132.59658183698997
28.2	132.14584643494334
28.3	131.66931320053334
28.4	131.15996275711
28.5	130.59836568594332
28.6	129.95789359029664
28.7	129.20994384061333
28.8	128.32849129147
28.9	127.29355209081666
29.	126.09342947878665
29.1	124.72584450890999
29.2	123.19819154572667
29.3	121.52718432994
29.4	119.73808978004332
29.5	117.86362518315002
29.6	115.94247454036332
29.7	114.01731311331
29.8	112.13224900088666
29.9	110.32970181917666
30.	108.64691507191768
30.1	107.11248965913933
30.2	105.74346898578366
30.3	104.54354561743233
30.4	103.50286289778231
30.5	102.59965451737
30.6	101.80363977138333
30.7	101.08074051913333
30.8	100.39838933653
30.9	99.73053152939667
31.	99.06143443145334
31.1	98.38761361124332
31.2	97.71753166805333
31.3	97.06914948745668
31.4	96.46582103252332
31.5	95.93133203237001
31.6	95.48502456299434
31.7	95.13789639476933
31.8	94.89033310351468
31.9	94.73177842594703
32.	94.64225502296735
32.1	94.59529951259732
32.2	94.56164331731567
32.3	94.51289515047333
32.4	94.42456494754664
32.5	94.27798032869333
32.6	94.06092748206666
32.7	93.76713088166667
32.8	93.39490885728668
32.9	92.94546254030332
33.	92.42125898031999
33.1	91.82486779268335
33.2	91.15843902384
33.3	90.42381458832665
33.4	89.62309387262667
33.5	88.75936350534434
33.6	87.83727282420867
33.7	86.86319169928899
33.8	85.84480938622099
33.9	84.79019181434833
34.	83.70647330540267
34.1	82.59848100921333
34.2	81.46764775466666
34.3	80.31154600192
34.4	79.12427255933666
34.5	77.89774775652333
34.6	76.62379494838332
34.7	75.29667661581999
34.8	73.91562362961332
34.9	72.48683926036666
35.	71.02450916912667
35.1	69.55050215494667
35.2	68.09268035900999
35.3	66.68200865793
35.4	65.34890586342667
35.5	64.11945923253666
35.6	63.01218512511333
35.7	62.03594209303
35.8	61.18939771061666
35.9	60.46215592883
36.	59.837328534433325
36.1	59.295052088906665
36.2	58.81627263895001
36.3	58.386084357736664
36.4	57.99602234773667
36.5	57.64494668187332
36.6	57.3384585866
36.7	57.087089814303326
36.8	56.90373466003334
36.9	56.80090192402333
37.	56.78833370561001
37.1	56.87138611276999
37.2	57.05034010326333
37.3	57.32057132971
37.4	57.673318280200654
37.5	58.096693436854665
37.6	58.57659975838334
37.7	59.097329873033324
37.8	59.641796955780336
37.9	60.19151915454667
38.	60.72660019633666
38.1	61.225980705599994
38.2	61.668167659240005
38.3	62.03250220637
38.4	62.30084103854
38.5	62.45935718682
38.6	62.500062692136666
38.7	62.421651040203336
38.8	62.229358723766666
38.9	61.933732328707336
39.	61.54841753795667
39.1	61.087305708992666
39.2	60.561530870903326
39.3	59.97686843278533
39.4	59.332032911326664
39.5	58.618217056461
39.6	57.819991874565666
39.7	56.917442299897324
39.8	55.88919504927166
39.9	54.71584405058267
40.	53.383219777724335
40.1	51.88498779984
40.2	50.224186482042
40.3	48.413497451866995
40.4	46.47425058771533
40.5	44.434362075721
40.6	42.32555845153367
40.7	40.180329374307
40.8	38.02906668978834
40.9	35.897788621680334
41.	33.806728503290664
41.1	31.769909129773332
41.2	29.795654153882666
41.3	27.887836303663327
41.4	26.04755488457667
41.5	24.274890775518998
41.6	22.570413128497663
41.7	20.93620174009333
41.8	19.376282731237332
41.9	17.896522863130667
42.	16.504155537438997
42.1	15.207188764150333
42.2	14.013952596886
42.3	12.93297770355333
42.4	11.973273211869998
42.5	11.144921834241
42.6	10.459773438636333
42.7	9.931933683236998
42.8	9.577739932705
42.9	9.415001141846332
43.	9.46143775429
43.1	9.732457408369665
43.2	10.238594909963334
43.3	10.983081481244668
43.4	11.960050383727665
43.5	13.153816138480998
43.6	14.539491265795334
43.7	16.084961210138665
43.8	17.753975956196
43.9	19.509892615975666
44.	21.319466261250998
44.1	23.156066678633668
44.2	25.001800696782997
44.3	26.848220793101333
44.4	28.69555736277666
44.5	30.550670355074665
44.6	32.42412398570233
44.7	34.326907490158334
44.8	36.26733824946366
44.9	38.24859763217667
45.	40.267191495352996
45.1	42.31243614296899
45.2	44.366888996783
45.3	46.40750664101866
45.4	48.40724239976933
45.5	50.33679497342866
45.6	52.16627653597267
45.7	53.86665938427666
45.8	55.41095663269566
45.9	56.775169207588995
46.	57.93907157882133
46.1	58.886906900817664
46.2	59.60802465354466
46.3	60.097435699523004
46.4	60.356200663234986
46.5	60.391527114986
46.6	60.216443693119665
46.7	59.84895153704233
46.8	59.31062234676233
46.9	58.624706500738995
47.	57.813915993571335
47.1	56.89813462985666
47.2	55.892362139270666
47.3	54.80520494989899
47.4	53.63817763663333
47.5	52.38597901327
47.6	51.037768924236
47.7	49.579317825705004
47.8	47.99575774856167
47.9	46.27455674747899
48.	44.408290746452664
48.1	42.39680828951366
48.2	40.24847389524933
48.3	37.98032000656333
48.4	35.61711052873966
48.5	33.189489039240335
48.6	30.731520424636333
48.7	28.278011184578332
48.8	25.861998211436998
48.9	23.512730595587
49.	21.254350381713333
49.1	19.105333273887666
49.2	17.07861056715733
49.3	15.182187879450996
49.4	13.420024229846664
49.5	11.792942963754001
49.6	10.29940598827
49.7	8.936074952550333
49.8	7.698181010224332
49.9	6.5798023378509995
50.	5.574185844503665
50.1	4.674237801834334
50.2	3.873251621954333
50.3	3.1658553238716665
50.4	2.5490692676576665
50.5	2.0232909702389996
50.6	1.5929883864963332
50.7	1.2668970957853332
50.8	1.0575801490703332
50.9	0.9803105780043332
51.	1.051356048248333
51.1	1.2858591965493333
51.2	1.695593219288667
51.3	2.2869132425736667
51.4	3.0592115693463335
51.5	4.004120695279333
51.6	5.105602902377667
51.7	6.340937094717667
51.8	7.682483676698665
51.9	9.099997768207999
52.	10.563187194561333
52.1	12.044185261035333
52.2	13.519632047725665
52.3	14.972126288365665
52.4	16.390910139770998
52.5	17.771763761114
52.6	19.116196303815
52.7	20.430107002723332
52.8	21.722141710627668
52.9	23.001980667644006
53.	24.278764836717002
53.1	25.559810435257337
53.2	26.849689193083996
53.3	28.149681999025
53.4	29.457560601905232
53.5	30.767625178964664
53.6	32.070926721598994
53.7	33.355626496778
53.8	34.60747857565933
53.9	35.810451245821
54.	36.947516191181336
54.1	38.00162302547366
54.2	38.956841211919325
54.3	39.799599634288995
54.4	40.519900350947
54.5	41.112343905435
54.6	41.576793468356
54.7	41.91853207378166
54.8	42.147830389441
54.9	42.27893151151643
55.	42.32855670151933
55.1	42.314121129341
55.2	42.251902759945
55.3	42.155418281199
55.4	42.034224596831265
55.5	41.89329038726871
55.6	41.732985223961734
55.7	41.54963393910833
55.8	41.336501162388664
55.9	41.08502007311699
56.	40.786067363906994
56.1	40.43111116580366
56.2	40.01311042635314
56.3	39.527108563936096
56.4	38.97052584032073
56.5	38.34320136525123
56.6	37.64725989594556
56.7	36.88687984564417
56.8	36.06802191304317
56.9	35.198150728420266
57.	34.28595406593969
57.1	33.3410432472221
57.2	32.373609019274895
57.3	31.3940105481874
57.4	30.412289163320697
57.5	29.437618993333835
57.6	28.4777287635755
57.7	27.538348178257795
57.8	26.622744865647796
57.9	25.731421378199165
58.	24.86203491463853
58.1	24.009585019161097
58.2	23.166887390909295
58.3	22.325317284572066
58.4	21.47576756110903
58.5	20.609729563014668
58.6	19.720376069371998
58.7	18.803511144928834
58.8	17.858256858544532
58.9	16.887373777424997
59.	15.897158850408099
59.1	14.896924284090566
59.2	13.8981240959362
59.3	12.913249232392065
59.4	11.954646390274599
59.5	11.033422539236867
59.6	10.158574896058932
59.7	9.336439487774234
59.8	8.570490790557733
59.9	7.8614637485316665
60.	7.207721132775767
60.1	6.605763544745633
60.2	6.050780220036367
60.3	5.5371630208079
60.4	5.0589445147325325
60.5	4.610161343570232
60.6	4.185173861923067
60.7	3.7789835955805664
60.8	3.3875788188901
60.9	3.0083096482799
61.	2.6402572067656
61.1	2.284529061949333
61.2	1.9443968255153332
61.3	1.6251988210893331
61.4	1.3339619447563333
61.5	1.0787463112144666
61.6	0.8677727433337
61.7	0.7084430157471
61.8	0.6063936173621333
61.9	0.5647276895473332
62.	0.5835451660423
62.1	0.6598430967596667
62.2	0.7877970102563332
62.3	0.9593728100466665
62.4	1.1651693112626664
62.5	1.3953628709083334
62.6	1.6406212648449998
62.7	1.892872192172333
62.8	2.1458463386703333
62.9	2.3953572070923332
63.	2.6393212112019997
63.1	2.8775549482046667
63.2	3.1114081963670004
63.3	3.3433002685896662
63.4	3.576225631704333
63.5	3.813285305423
63.6	4.057286845248333
63.7	4.310440449714666
63.8	4.5741637442666665
63.9	4.8489941311296665
64.	5.134595935968333
64.1	5.429840637988666
64.2	5.732933147143333
64.3	6.041556297713333
64.4	6.353009949281333
64.5	6.664329874626
64.6	6.9723833158329995
64.7	7.273949957033666
64.8	7.5658058333073335
64.9	7.844830507774
65.	8.108153182935666
65.1	8.353341780626
65.2	8.578623079165666
65.3	8.783105989574999
65.4	8.966968734124
65.5	9.131567941564999
65.6	9.279435297595
65.7	9.414144433548667
65.8	9.540053589389998
65.9	9.661952873295
66.	9.78466295258
66.1	9.912640299709333
66.2	10.049640747574667
66.3	10.198479207806333
66.4	10.360902842432
66.5	10.537573245862998
66.6	10.728135829829998
66.7	10.931345624522331
66.8	11.145219500212999
66.9	11.367193826252334
67.	11.594279883874002
67.1	11.823221888188332
67.2	12.05066964880633
67.3	12.273376965661
67.4	12.488427763483
67.5	12.693477378198667
67.6	12.886980913254664
67.7	13.068369351405332
67.8	13.238131382716666
67.9	13.397766763495998
68.	13.549594740737664
68.1	13.696425319069998
68.2	13.841126781054998
68.3	13.986144292023667
68.4	14.133036908660666
68.5	14.282101119760334
68.6	14.432137950830333
68.7	14.580399853220998
68.8	14.722727050368
68.9	14.853855526800666
69.	14.967855008010668
69.1	15.058638653163332
69.2	15.120478796864333
69.3	15.148465322479
69.4	15.138854082126333
69.5	15.089270078177332
69.6	14.998751146951665
69.7	14.867639655298333
69.8	14.697349339610668
69.9	14.490049352416998
70.	14.248315903129667
70.1	13.974802517759999
70.2	13.671972893753335
70.3	13.341926782994998
70.4	12.986331624771001
70.5	12.606453928458336
70.6	12.203268127771667
70.7	11.777609841317998
70.8	11.330337127509999
70.9	10.862467757021665
71.	10.375271329422333
71.1	9.870309354204
71.2	9.349430548641
71.3	8.814739067602666
71.4	8.268557735963
71.5	7.713405862581
71.6	7.152003025106
71.7	6.587299009694666
71.8	6.022519300746667
71.9	5.461208326088332
72.	4.907251095302333
72.1	4.364858214766999
72.2	3.838508053248667
72.3	3.3328503103996665
72.4	2.8525842462616664
72.5	2.402329757080333
72.6	1.9865090699673333
72.7	1.6092515071569997
72.8	1.274325477361
72.9	0.9850933828249999
73.	0.7444792311519999
73.1	0.5549372362663333
73.2	0.4184129263773333
73.3	0.33629503204799993
73.4	0.3093643463126666
73.5	0.33775210644133324
73.6	0.42092302606999993
73.7	0.5576958916143333
73.8	0.7463081121423333
73.9	0.9845215756893333
74.	1.2697581385106667
74.1	1.599246503948
74.2	1.970159769376
74.3	2.3797249143646666
74.4	2.825291079127333
74.5	3.3043508681636666
74.6	3.8145161050236664
74.7	4.353454892706333
74.8	4.918799828055
74.9	5.508038094757667
75.	6.118393942041
75.1	6.746713924093667
75.2	7.389365978914666
75.3	8.042164882222998
75.4	8.700337857354999
75.5	9.358543661275998
75.6	10.010954893440333
75.7	10.651405961382
75.8	11.273598711725665
75.9	11.871346158625665
76.	12.438824889695
76.1	12.970801602795664
76.2	13.462800977592
76.3	13.911191230240334
76.4	14.313178743775667
76.5	14.666720830860331
76.6	14.970381719880665
76.7	15.223167174518332
76.8	15.424375048176334
76.9	15.573492007396332
77.	15.670152539545668
77.1	15.714159020787331
77.2	15.705545781753333
77.3	15.644660007080335
77.4	15.532230496861
77.5	15.369401925059666
77.6	15.157724944576334
77.7	14.899107271766333
77.8	14.595743200069998
77.9	14.250045172770001
78.	13.864599380037333
78.1	13.442158565972
78.2	12.985672250856666
78.3	12.498341547589
78.4	11.983676782190665
78.5	11.445533994458334
78.6	10.888111708913998
78.7	10.315900414034665
78.8	9.733590497922332
78.9	9.145955829791331
79.	8.557736263011
79.1	7.973541293577666
79.2	7.397789409814
79.3	6.834685850491
79.4	6.288229319709
79.5	5.7622295035299995
79.6	5.260314655973
79.7	4.785912772934666
79.8	4.342199505118666
79.9	3.932017873839
80.	3.557785293556333
80.1	3.2214091392523327
80.2	2.9242314226449992
80.3	2.6670163617946665
80.4	2.4499839163086667
80.5	2.2728810184393335
80.6	2.135073633092333
80.7	2.0356393177066665
80.8	1.9734423272469999
80.9	1.947180387033
81.	1.9554015149886665
81.1	1.9964976812389996
81.2	2.068687106403667
81.3	2.169997383967333
81.4	2.2982577778273336
81.5	2.451102839162333
81.6	2.625983489347333
81.7	2.8201783188733334
81.8	3.0307984037713336
81.9	3.2547832678449997
82.	3.4888920772686665
82.1	3.7297001954543334
82.2	3.9736142906966667
82.3	4.216917622028333
82.4	4.455850815170333
82.5	4.686723933541334
82.6	4.90604574299
82.7	5.110648935154
82.8	5.297788244144666
82.9	5.465192906128
83.	5.611064916183334
83.1	5.734027463142334
83.2	5.8330402186376675
83.3	5.907306320767998
83.4	5.956197537312333
83.5	5.979218660789333
83.6	5.976021134245333
83.7	5.946462284270334
83.8	5.890694093224333
83.9	5.809257533508333
84.	5.703157115232
84.1	5.5738955824786665
84.2	5.423458880814666
84.3	5.254253588456999
84.4	5.069009577999666
84.5	4.870667032931
84.6	4.662267759882999
84.7	4.446866388426666
84.8	4.227469375094667
84.9	4.007001360508999
85.	3.7882919315286667
85.1	3.5740729167566667
85.2	3.366977360531666
85.3	3.1695353005249993
85.4	2.984166516016666
85.5	2.813174390987667
85.6	2.6587463438629997
85.7	2.5229643624276665
85.8	2.4078247193563334
85.9	2.3152605724686666
86.	2.2471569146616663
86.1	2.2053459763689998
86.2	2.1915735532183334
86.3	2.2074325039456664
86.4	2.254267411008533
86.5	2.3330620297325333
86.6	2.4443265585369334
86.7	2.5880034391509996
86.8	2.7634078778029996
86.9	2.969213245052
87.	3.2034835401506663
87.1	3.4637471750093334
87.2	3.747100241610333
87.3	4.050324309432666
87.4	4.370003886216333
87.5	4.702631344814
87.6	5.044691213919666
87.7	5.392719985184333
87.8	5.743341059852999
87.9	6.0932767428200005
88.	6.439340475078
88.1	6.778413314720333
88.2	7.107409617182
88.3	7.423238224292334
88.4	7.722767094033
88.5	8.002800577942
88.6	8.260078669332666
88.7	8.491305800772
88.8	8.693212924566
88.9	8.862651074481667
89.	8.996708419388
89.1	9.092837403973334
89.2	9.148975337674667
89.3	9.163641711070332
89.4	9.135998809315
89.5	9.065868221867
89.6	8.953703295669
89.7	8.800524779110667
89.8	8.607832314771999
89.9	8.377507031210332
90.	8.111719995484
90.1	7.812858211328001
90.2	7.483475223820332
90.3	7.1262684481530005
90.4	6.744081124033666
90.5	6.339923904177668
90.6	5.9170095790043336
90.7	5.478793967133333
90.8	5.029016030074333
90.9	4.571730377678667
91.	4.111325402828333
91.1	3.652520554912333
91.2	3.2003372001996664
91.3	2.7600395737733328
91.4	2.3370456701136666
91.5	1.9368122527593332
91.6	1.5647027148999997
91.7	1.225850221227
91.8	0.9250303487263333
91.9	0.6665566309153332
92.	0.45420893756833325
92.1	0.291199145159
92.2	0.18017229214599997
92.3	0.12323582290803332
92.4	0.12200587194243331
92.5	0.17765853743833332
92.6	0.290975696429
92.7	0.46237836455933334
92.8	0.6919446988110001
92.9	0.9794132407693332
93.	1.3241740321816666
93.1	1.725250577559333
93.2	2.1812747367093333
93.3	2.6904554336279998
93.4	3.250541591018333
93.5	3.858780631799333
93.6	4.5118762784360005
93.7	5.205952549412
93.8	5.936533583431666
93.9	6.698549879089667
94.	7.486379741323333
94.1	8.293929991544333
94.2	9.114753088729666
94.3	9.942190320584332
94.4	10.769524656286332
94.5	11.590124009006331
94.6	12.397557084071332
94.7	13.185669588536665
94.8	13.948617075098335
94.9	14.680859960242334
95.	15.377133903244331
95.1	16.03241280787833
95.2	16.641881268307333
95.3	17.200928668854765
95.4	17.70516988060433
95.5	18.150489791358766
95.6	18.5331029942234
95.7	18.849617409077297
95.8	19.097091856557665
95.9	19.273081847349232
96.	19.375673356610534
96.1	19.403509044985498
96.2	19.355813543594532
96.3	19.232423254152067
96.4	19.033822041587765
96.5	18.761178698031966
96.6	18.416377184227766
96.7	18.002028341562863
96.8	17.521453151332068
96.9	16.9786326367962
97.	16.378126854316733
97.1	15.724972948584433
97.2	15.024577614645333
97.3	14.282620745865632
97.4	13.504983928523567
97.5	12.697710536332298
97.6	11.866995413215431
97.7	11.019194047706634
97.8	10.160836075211833
97.9	9.298627331327967
98.	8.439428597851567
98.1	7.590206326001967
98.2	6.757958734849032
98.3	5.949627255532933
98.4	5.172006369012366
98.5	4.4316636731541665
98.6	3.7348771133964
98.7	3.0875895174644334
98.8	2.4953742661978
98.9	1.9634023001087
99.	1.4964009805182332
99.1	1.0985995238115331
99.2	0.7736624191570335
99.3	0.5246191486252
99.4	0.3538032422809333
99.5	0.26281445926203334
99.6	0.2525141741475333
99.7	0.32305679120146663
99.8	0.4739513073129667
99.9	0.7041396246403
100.	1.0120742065766
100.1	1.3957784701504
100.2	1.8528787545554333
100.3	2.3806052222275333
100.4	2.9757681243612337
100.5	3.634722828194733
100.6	4.3533398567833
100.7	5.126994214158566
100.8	5.950582227617566
100.9	6.818566039063599
101.	7.725038298831933
101.1	8.663794917762566
101.2	9.628403283849433
101.3	10.612257137519032
101.4	11.608615927520967
101.5	12.6106336502902
101.6	13.611387446261633
101.7	14.603917777778735
101.8	15.581289238608166
101.9	16.536674763566936
102.	17.463458180993698
102.1	18.35534317306013
102.2	19.206453001860663
102.3	20.011406076717897
102.4	20.765357465235926
102.5	21.464004345490697
102.6	22.103561841029396
102.7	22.680722203747028
102.8	23.192613055963633
102.9	23.636768678716997
103.	24.011122816921333
103.1	24.314023948177635
103.2	24.544266762922305
103.3	24.7011288561522
103.4	24.784400613191895
103.5	24.794399041173797
103.6	24.731961719707968
103.7	24.5984231936502
103.8	24.395580949220804
103.9	24.125660057709702
104.	23.791284117187352
104.1	23.39545589980118
104.2	22.941545665249496
104.3	22.433280374918258
104.4	21.874724718864258
104.5	21.270245824268258
104.6	20.62445753897996
104.7	19.94214603816703
104.8	19.228184344398358
104.9	18.48744730982242
105.	17.724739399539963
105.1	16.94474492765703
105.2	16.152004999021734
105.3	15.350918883222931
105.4	14.545761794088833
105.5	13.740707688775498
105.6	12.939845595897967
105.7	12.147180982006034
105.8	11.366618708330101
105.9	10.601929596263975
106.	9.856706875819864
106.1	9.134320685661804
106.2	8.437877999901687
106.3	7.770192431010127
106.4	7.133764503241303
106.5	6.5307696306918395
106.6	5.963049330628147
106.7	5.432101676893133
106.8	4.939069378473157
106.9	4.484727211383493
107.	4.069473555440227
107.1	3.6933323179532
107.2	3.3559708932270667
107.3	3.0567370652070665
107.4	2.7947136703490334
107.5	2.5687856130264
107.6	2.3777107382208333
107.7	2.220185041163733
107.8	2.0948940258230664
107.9	2.0005453019721333
108.	1.9358817671552901
108.1	1.8996787533380166
108.2	1.8907312713645699
108.3	1.907838360179433
108.4	1.9497905522921002
108.5	2.0153641657569334
108.6	2.103323416072733
108.7	2.212429106127633
108.8	2.3414515061273
108.9	2.4891851217063996
109.	2.6544640408097333
109.1	2.8361778163412663
109.2	3.033288703451163
109.3	3.2448510665427404
109.4	3.4700328294019327
109.5	3.7081373003372162
109.6	3.958622178991649
109.7	4.221111701217156
109.8	4.49539815487399
109.9	4.781430470333853
110.	5.07928990586112
110.1	5.3891553489459465
110.2	5.711262706094166
110.3	6.045863683448667
110.4	6.393188769952966
110.5	6.753417646144233
110.6	7.126658125731433
110.7	7.512932793491133
110.8	7.9121713235338
110.9	8.324206309630465
111.	8.748771178410667
111.1	9.1854999051734
111.2	9.63392918213
111.3	10.093503876235866
111.4	10.563585848980866
111.5	11.043464707850042
111.6	11.532367387471112
111.7	12.029462357922394
111.8	12.53385435057622
111.9	13.044567038364647
112.	13.560513875294363
112.1	14.08046058036275
112.2	14.602985586012233
112.3	15.126446240861167
112.4	15.648958101330098
112.5	16.168392284509167
112.6	16.682392181791098
112.7	17.188406890066567
112.8	17.683735632580532
112.9	18.165576097068435
113.	18.631070339075233
113.1	19.077344345278632
113.2	19.501540634988064
113.3	19.900846233623298
113.4	20.272519950161964
113.5	20.613922580181132
113.6	20.922551560795632
113.7	21.196078508872233
113.8	21.432385150847338
113.9	21.629591577788766
114.	21.786071290534498
114.1	21.90045019372947
114.2	21.971590847324734
114.3	21.998567623253138
114.4	21.980641512114765
114.5	21.917244050786
114.6	21.807977779122268
114.7	21.65263622029493
114.8	21.451240843432135
114.9	21.20408742857427
115.	20.911791247128665
115.1	20.575320438450934
115.2	20.196009938727897
115.3	19.7755534115508
115.4	19.315976273689664
115.5	18.819597364651166
115.6	18.288988717310097
115.7	17.726941699226934
115.8	17.1364439732274
115.9	16.52066658412123
116.	15.882955774182898
116.1	15.2268214779425
116.2	14.555914794561668
116.3	13.873990035010033
116.4	13.184852137910902
116.5	12.492295621826699
116.6	11.8000449529762
116.7	11.111706899063133
116.8	10.430742715946298
116.9	9.760462573049633
117.	9.104038094147866
117.1	8.464523301021831
117.2	7.844871408098067
117.3	7.247935816138433
117.4	6.676448126851065
117.5	6.1329727689972
117.6	5.6198448561126995
117.7	5.139103059440499
117.8	4.692430991944667
117.9	4.281118357315499
118.	3.906047629797767
118.1	3.5677050328718334
118.2	3.266208268405567
118.3	3.0013397790845664
118.4	2.772574420627267
118.5	2.579094176311
118.6	2.419788688528833
118.7	2.2932468628048666
118.8	2.1977494572532663
118.9	2.1312738283303334
119.	2.0915193830133996
119.1	2.075956569399133
119.2	2.081895223698867
119.3	2.1065620307855664
119.4	2.1471737270886666
119.5	2.200993548285333
119.6	2.2653631109559997
119.7	2.3377090150977
119.8	2.4155307877262997
119.9	2.4963820886883665
120.	2.5778587286064334
120.1	2.6576045110013333
120.2	2.7333400167002333
120.3	2.8029120561986667
120.4	2.864354942071933
120.5	2.9159510216886995
120.6	2.9562781837784664
120.7	2.9842361631533
120.8	2.9990500513948
120.9	3.0002563353626663
121.	2.9876817984654993
121.1	2.9614271208871337
121.2	2.9218645293609997
121.3	2.8696531800193332
121.4	2.8057689375770996
121.5	2.7315391038374663
121.6	2.6486694243181663
121.7	2.5592514257739665
121.8	2.4657426196617998
121.9	2.3709189728096334
122.	2.2778061747586333
122.1	2.189601428330467
122.2	2.1095991820105
122.3	2.0411319468734335
122.4	1.9875318780715334
122.5	1.9521119159229665
122.6	1.9381591518336665
122.7	1.9489296061436332
122.8	1.9876337968276332
122.9	2.0574061710069333
123.	2.1612573811724998
123.1	2.3020145425415333
123.2	2.4822589884507664
123.3	2.7042722298238666
123.4	2.96999845628
123.5	3.281026781088333
123.6	3.638590214586
123.7	4.043573081316
123.8	4.496515999401334
123.9	4.997608484540333
124.	5.546663469922667
124.1	6.143074251187
124.2	6.785760658711666
124.3	7.473115698795635
124.4	8.2029651525703
124.5	8.972550332276032
124.6	9.778539112348232
124.7	10.617064044909666
124.8	11.483780727670332
124.9	12.373936230166734
125.	13.282437147123467
125.1	14.2039095783806
125.2	15.132747957909665
125.3	16.063154562647
125.4	16.989175110343332
125.5	17.904737012484667
125.6	18.803695343791667
125.7	19.679888083539666
125.8	20.527198000130333
125.9	21.339615203349332
126.	22.11129310371867
126.1	22.836591795465
126.2	23.51010637472833
126.3	24.126682313022332
126.4	24.681424259993335
126.5	25.169707169623667
126.6	25.587198597741335
126.7	25.929898363494335
126.8	26.194197263372992
126.9	26.376951468564002
127.	26.475565060606662
127.1	26.48807097450366
127.2	26.41320090316733
127.3	26.250437192983668
127.4	26.00004353281433
127.5	25.663075107224664
127.6	25.241371750265003
127.7	24.737538829948996
127.8	24.154920069741664
127.9	23.497564798552666
128.	22.770190099228333
128.1	21.978136894086326
128.2	21.127318765189333
128.3	20.224163343997997
128.4	19.275547997223665
128.5	18.288733500909
128.6	17.271300591428336
128.7	16.231094112499
128.8	15.176177805384999
128.9	14.114799993145667
129.	13.055367269145332
129.1	12.006420723434665
129.2	10.976607989848
129.3	9.974644819670665
129.4	9.009261839245665
129.5	8.089135041479999
129.6	7.222801577323333
129.7	6.418564781619667
129.8	5.684393597175667
129.9	5.027821582084666
130.	4.455849818294666
130.1	3.9748568446183326
130.2	3.5905177724323334
130.3	3.307734348241333
130.4	3.130577897293666
130.5	3.0622474819879995
130.6	3.1050457180333333
130.7	3.2603740406236668
130.8	3.5287475922566665
130.9	3.9098274975429996
131.	4.402465653175334
131.1	5.004755058622999
131.2	5.714077867638332
131.3	6.527144165419999
131.4	7.44001692298
131.5	8.448122096178333
131.6	9.546246545805
131.7	10.728529399076333
131.8	11.988453931444997
131.9	13.318846760320334
132.	14.711889384762003
132.1	16.159144589256996
132.2	17.65159784644733
132.3	19.17971236338333
132.4	20.733496173290668
132.5	22.302580506185667
132.6	23.876309947748997
132.7	25.443845749764996
132.8	26.99428334255467
132.9	28.516783283507998
133.	30.000711814612334
133.1	31.43578371564633
133.2	32.81219737355166
133.3	34.12075103389233
133.4	35.35293072177767
133.5	36.50096426910133
133.6	37.557841458394996
133.7	38.51730614839799
133.8	39.37383082723299
133.9	40.12258613267333
134.	40.759416938337
134.1	41.280832939443
134.2	41.68401641353766
134.3	41.966844524829995
134.4	42.12791973064199
134.5	42.16660048081066
134.6	42.08302572505733
134.7	41.878129962188
134.8	41.553649389442
134.9	41.11212260322367
135.	40.556890103496
135.1	39.892095143869994
135.2	39.12268482496066
135.3	38.25440599670233
135.4	37.29378723963733
135.5	36.248097337508
135.6	35.12527300734166
135.7	33.93381390005266
135.8	32.68264974216234
135.9	31.380991035585666
136.	30.038179002337664
136.1	28.663551036892333
136.2	27.26633446882366
136.3	25.855574770702336
136.4	24.440096278473334
136.5	23.028486268643995
136.6	21.629088861922334
136.7	20.249994839246998
136.8	18.899016996517
136.9	17.583646874441666
137.	16.31099554545633
137.1	15.087726446566998
137.2	13.919990406464999
137.3	12.813371491605333
137.4	11.772847792553664
137.5	10.802765497836
137.6	9.906819696564
137.7	9.088033175423332
137.8	8.348725965883332
137.9	7.690473241159666
138.	7.114055855977334
138.1	6.619414135874667
138.2	6.205619220711332
138.3	5.870875842055332
138.4	5.612565605173
138.5	5.4273317795219995
138.6	5.311197477604999
138.7	5.259701536034333
138.8	5.268032639378999
138.9	5.331143391923333
139.	5.443831841369667
139.1	5.600786719883999
139.2	5.796601855270333
139.3	6.025772201781334
139.4	6.282686855375667
139.5	6.561632647789001
139.6	6.856816321942333
139.7	7.162405896817999
139.8	7.472585148819666
139.9	7.781611360974333
140.	8.083866786051665
140.1	8.373898389684665
140.2	8.646446838769998
140.3	8.896472015752334
140.4	9.119186206155332
140.5	9.310105920781666
140.6	9.465128801166
140.7	9.580634384950333
140.8	9.653598948554666
140.9	9.681707871685333
141.	9.663446203374999
141.1	9.598150418509666
141.2	9.486011288944997
141.3	9.328027500752999
141.4	9.125919438551666
141.5	8.882019717083667
141.6	8.599159654439667
141.7	8.280568426922999
141.8	7.929795101373333
141.9	7.550655285233999
142.	7.1471964186726655
142.1	6.723671065067666
142.2	6.284507163604332
142.3	5.834267902176666
142.4	5.377600117089667
142.5	4.919176602433667
142.6	4.463642052699
142.7	4.015572965484
142.8	3.5794583591716664
142.9	3.159701678167334
143.	2.7606368606736664
143.1	2.3865457015253333
143.2	2.041661378011333
143.3	1.730145255055
143.4	1.4560303648313333
143.5	1.2231335175743334
143.6	1.034946365382
143.7	0.8945214716769999
143.8	0.8043708945486665
143.9	0.7663916265103332
144.	0.7818254863630001
144.1	0.8512528130679999
144.2	0.9746120277133332
144.3	1.1512328795266664
144.4	1.3798710284086666
144.5	1.6587352796819999
144.6	1.985504830124
144.7	2.3573401751376664
144.8	2.7708957490246666
144.9	3.2223435051759997
145.	3.707414207216666
145.1	4.221458110048999
145.2	4.759520745590333
145.3	5.316424743232999
145.4	5.886846653125666
145.5	6.465379298669665
145.6	7.046574801852
145.7	7.624969639577333
145.8	8.195098919141998
145.9	8.751510653781665
146.	9.288791034911998
146.1	9.801608471794
146.2	10.284778510790998
146.3	10.733345406462334
146.4	11.142671017384332
146.5	11.508519335138333
146.6	11.827125928555333
146.7	12.095245461200998
146.8	12.310175907763668
146.9	12.46976342697
147.	12.572395455688333
147.1	12.616990520394333
147.2	12.602991470681667
147.3	12.530365157463667
147.4	12.399607387317333
147.5	12.211748742
147.6	11.968355605270332
147.7	11.671521784357
147.8	11.323848944679
147.9	10.928417580009999
148.	10.488753099248333
148.1	10.008792768946666
148.2	9.49285826090233
148.3	8.945635723863667
148.4	8.372161566742331
148.5	7.777808760136666
148.6	7.168266553466666
148.7	6.549506710114334
148.8	5.927731624155332
148.9	5.309303298841333
149.	4.700656031743667
149.1	4.108198644869667
149.2	3.5382134428553336
149.3	2.996758583792
149.4	2.489578621803333
149.5	2.0220254669199997
149.6	1.5989898441606667
149.7	1.2248422248196666
149.8	0.9033823663416666
149.9	0.637797719812
150.	0.43063233893566666
150.1	0.283768743209
150.2	0.19842486224366668
150.3	0.17516659172523333
150.4	0.213934025941
150.5	0.31407689582566667
150.6	0.4743930449413334
150.7	0.6931636042993332
150.8	0.9681800768793335
150.9	1.2967614266546665
151.	1.675762627429
151.1	2.101578922654667
151.2	2.5701514148126665
151.3	3.0769791618159994
151.4	3.6171409536669996
151.5	4.185327166624333
151.6	4.775879604023333
151.7	5.382835978488
151.8	5.9999761524893325
151.9	6.6208692515893315
152.	7.238923506380332
152.1	7.847443013706333
152.2	8.439696453551667
152.3	9.009001534395333
152.4	9.548825691666
152.5	10.052899192653332
152.6	10.515332677344999
152.7	10.930728704212664
152.8	11.294277054079666
152.9	11.601826546975
153.	11.849931199113998
153.1	12.0358742162
153.2	12.157677845320999
153.3	12.214109041089332
153.4	12.204689591648332
153.5	12.129715183626999
153.6	11.990282205035331
153.7	11.788315779952335
153.8	11.526589408502
153.9	11.208726788992667
154.	10.839179974208331
154.1	10.423183861846999
154.2	9.966693235074999
154.3	9.476313032761666
154.4	8.959233630769667
154.5	8.423180106291666
154.6	7.876378490382333
154.7	7.327534733493334
154.8	6.785815901569333
154.9	6.260820118074001
155.	5.7625231501459995
155.1	5.301195080219333
155.2	4.887288613690666
155.3	4.531308730040999
155.4	4.243678959580333
155.5	4.034620651706333
155.6	3.914057676706
155.7	3.8915511452726665
155.8	3.9762593219390006
155.9	4.176909906180001
156.	4.501767853494666
156.1	4.958583286155333
156.2	5.554510495341333
156.3	6.295998616824666
156.4	7.188664287769999
156.5	8.237163363437332
156.6	9.445080392634999
156.7	10.814850437916334
156.8	12.347719246508667
156.9	14.043737463246332
157.	15.901775876520334
157.1	17.919544479185998
157.2	20.09359987072333
157.3	22.419332762524327
157.4	24.89093778822
157.5	27.501378051121996
157.6	30.24236342074366
157.7	33.10436214032167
157.8	36.076659350987335
157.9	39.147465270564
158.	42.304063232634995
158.1	45.53297745234867
158.2	48.820135555467665
158.3	52.15100319488033
158.4	55.51067696233267
158.5	58.88393463553966
158.6	62.255254703607655
158.7	65.608826153842
158.8	68.92857191393699
158.9	72.19820446794634
159.	75.40132162826166
159.1	78.52153764852234
159.2	81.54263399635167
159.3	84.44870861747299
159.4	87.224304250264
159.5	89.85450467998267
159.6	92.32499999946867
159.7	94.62213393537031
159.8	96.73295398239199
159.9	98.64528574625565
160.	100.347845966273
160.1	101.830396143087
160.2	103.08392427221699
160.3	104.10083048150634
160.4	104.87508706705265
160.5	105.40234645472367
160.6	105.67998122835067
160.7	105.70705551929032
160.8	105.48424225450432
160.9	105.01371153559032
161.	104.299018576086
161.1	103.34501448486066
161.2	102.15779149567834
161.3	100.74465991926465
161.4	99.11414168733799
161.5	97.27595886442865
161.6	95.24099684046632
161.7	93.02123053316367
161.8	90.62961483532031
161.9	88.07995335478569
162.	85.38676781032633
162.1	82.56519134638566
162.2	79.63090190191666
162.3	76.600098719822
162.4	73.489510109788
162.5	70.31640842147833
162.6	67.09860281686167
162.7	63.85438369631399
162.8	60.602403801798665
162.9	57.36149680848866
163.	54.15045001737833
163.1	50.987758866642004
163.2	47.891394240936
163.3	44.878608211576655
163.4	41.96579178024033
163.5	39.16838340375233
163.6	36.500814142314
163.7	33.97646824550467
163.8	31.607638734420664
163.9	29.405465544514
164.	27.379856018763327
164.1	25.539399770505998
164.2	23.891297839115
164.3	22.441326876982334
164.4	21.193852342759996
164.5	20.151892383193665
164.6	19.317220142737998
164.7	18.69048113220333
164.8	18.27129765019867
164.9	18.058335721615663
165.	18.049320700183667
165.1	18.241002443713334
165.2	18.62908542493933
165.3	19.208149038438332
165.4	19.97158590994433
165.5	20.911580716648334
165.6	22.019140798030996
165.7	23.28417634528367
165.8	24.69561641419333
165.9	26.24154083304233
166.	27.90930882914533
166.1	29.685672138069997
166.2	31.55687075216467
166.3	33.508719540688
166.4	35.526700173519004
166.5	37.59607294674033
166.6	39.70201714133267
166.7	41.82979846217333
166.8	43.96495126054033
166.9	46.09345532471466
167.	48.201884742127994
167.1	50.277510603333994
167.2	52.30834896224766
167.3	54.283157619668
167.4	56.19139633897533
167.5	58.02317185031832
167.6	59.76918965802433
167.7	61.420729407694
167.8	62.96965136462333
167.9	64.40843146540332
168.	65.73021461804998
168.1	66.92887258539798
168.2	67.999054508699
168.3	68.936223692315
168.4	69.73668132043434
168.5	70.39758348494598
168.6	70.91696012822233
168.7	71.293742451225
168.8	71.52779976799832
168.9	71.61997981649566
169.	71.57214075600834
169.1	71.387160748594
169.2	71.06891311916266
169.3	70.62220120184433
169.4	70.05265516735899
169.5	69.36660092120634
169.6	68.57091610437334
169.7	67.67288899621732
169.8	66.68009273687066
169.9	65.600281218143
170.	64.44130651502833
170.1	63.21105309614133
170.2	61.917382738133
170.3	60.56808612344766
170.4	59.17084129585166
170.5	57.73318332588867
170.6	56.26249154068266
170.7	54.765999160017
170.8	53.250825175453
170.9	51.724021353626
171.	50.19262079948667
171.1	48.663671173511666
171.2	47.14423711468767
171.3	45.641362830053325
171.4	44.161995513385335
171.5	42.71288037777366
171.6	41.300445344635996
171.7	39.930695377921325
171.8	38.60913233143033
171.9	37.34070730401099
172.	36.12980190287633
172.1	34.980226264104665
172.2	33.895218341098996
172.3	32.87743227830734
172.4	31.928912710991668
172.5	31.05106337518233
172.6	30.244628196564
172.7	29.509706884893333
172.8	28.845822712248
172.9	28.252047982841
173.	27.727175972439998
173.1	27.269912035703
173.2	26.879046678298
173.3	26.553573652758335
173.4	26.292727509333332
173.5	26.095934875829002
173.6	25.96269641963
173.7	25.892435019362665
173.8	25.88435407783533
173.9	25.937345047547996
174.	26.049966178538668
174.1	26.22049036313266
174.2	26.446996470417332
174.3	26.72746363985333
174.4	27.059827091969666
174.5	27.44196815294733
174.6	27.87163637128133
174.7	28.346329803234998
174.8	28.86318114388566
174.9	29.418904275845666
175.	30.009844233615333
175.1	30.632145661928334
175.2	31.282018324447996
175.3	31.956044312066997
175.4	32.65145155710366
175.5	33.36627971286
175.6	34.09938866483266
175.7	34.85030096547399
175.8	35.618915620334334
175.9	36.40516782239333
176.	37.208725322955004
176.1	38.028801072080995
176.2	38.864125689036996
176.3	39.713072593677666
176.4	40.573878731806
176.5	41.44487095203333
176.6	42.32460385556966
176.7	43.21184236851899
176.8	44.105374403645996
176.9	45.00370031929501
177.	45.90469690689366
177.1	46.805376783731
177.2	47.701849371493665
177.3	48.58953852332033
177.4	49.463637440575674
177.5	50.319705295261656
177.6	51.15425570168532
177.7	51.965173595955335
177.8	52.75183178861633
177.9	53.514854704807995
178.	54.25557475104466
178.1	54.975318413721666
178.2	55.674716619034
178.3	56.35323751338453
178.4	57.00908488658096
178.5	57.6395043828743
178.6	58.241419351552125
178.7	58.81221301561466
178.8	59.350415600456
178.9	59.856064344135234
179.	60.33058270403133
179.1	60.77615446768833
179.2	61.194715024383996
179.3	61.586805168292656
179.4	61.950596290087
179.5	62.28137843251133
179.6	62.571704644730325
179.7	62.812228930904
179.8	62.99310013600933
179.9	63.10562621481132
180.	63.143842433958994