# O+CO(0,0) elastic diff. cross section
# E = 0.01 eV
# angle, CS (1e-16 cm^2)
0.1	213569.88265386666
0.2	208293.0863179333
0.3	199769.59990486669
0.4	188386.7506188333
0.5	174649.62632613332
0.6	159147.6969384333
0.7	142516.8974001333
0.8	125400.23871910002
0.9	108410.02961633333
1.	92094.52542666666
1.1	76911.30869513332
1.2	63209.00755303333
1.3	51218.15027693333
1.4	41051.12212673333
1.5	32710.416485899994
1.6	26103.72877143333
1.7	21063.98272856667
1.8	17372.136057766664
1.9	14780.59246233333
2.	13035.233005733333
2.1	11894.433806966666
2.2	11143.90778904
2.3	10606.736077126665
2.4	10148.480064583333
2.5	9677.734812656667
2.6	9142.856707813333
2.7	8525.846709669999
2.8	7834.4851700733325
2.9	7093.800992273333
3.	6337.8360554033325
3.1	5602.46409646
3.2	4919.77536588
3.3	4314.278543873334
3.4	3800.930184346666
3.5	3384.8031731133333
3.6	3062.06456927
3.7	2821.85579362
3.8	2648.651968386667
3.9	2524.7129362333335
4.	2432.31209567
4.1	2355.5245524383336
4.2	2281.4573299313333
4.3	2200.8978696283334
4.4	2108.4327486093334
4.5	2002.1406684353333
4.6	1882.9907878863335
4.7	1754.081483854333
4.8	1619.8403862983332
4.9	1485.2802730066664
5.	1355.373656998
5.1	1234.5774837573333
5.2	1126.51270183
5.3	1033.7842317443333
5.4	957.915889782
5.5	899.3714365249999
5.6	857.6353303893334
5.7	831.332629714
5.8	818.374424538
5.9	816.1212093876667
6.	821.5604309776666
6.1	831.4955537803332
6.2	842.7426266926666
6.3	852.3273246299998
6.4	857.671923938
6.5	856.758841516
6.6	848.2562149483334
6.7	831.5921296623334
6.8	806.9676340353333
6.9	775.3042676396667
7.	738.128708581
7.1	697.4043182969999
7.2	655.3257500293332
7.3	614.0974210956666
7.4	575.7188196976665
7.5	541.798978641
7.6	513.4190611786667
7.7	491.05631522999994
7.8	474.5754186886666
7.9	463.285411802
8.	456.05299926699996
8.1	451.4569271113333
8.2	447.96411413833334
8.3	444.1066683736666
8.4	438.6399322799999
8.5	430.6650307109333
8.6	419.7045118986
8.7	405.7258427179
8.8	389.1139185346666
8.9	370.59956743256663
9.	351.1555841082666
9.1	331.8746423779
9.2	313.8442859902
9.3	298.0331345180333
9.4	285.19975936
9.5	275.83186887803333
9.6	270.11908608793334
9.7	267.9583229058666
9.8	268.9871017245333
9.9	272.6375607955333
10.	278.20253299393335
10.1	284.9050351096333
10.2	291.9635862752
10.3	298.6476817640333
10.4	304.32008705709995
10.5	308.46497264133336
10.6	310.7029156483
10.7	310.79518432009996
10.8	308.6403641384667
10.9	304.2662927495666
11.	297.81958594746663
11.1	289.5539936874333
11.2	279.8177028555333
11.3	269.03877337393334
11.4	257.7073699911667
11.5	246.35345457586666
11.6	235.51914229706665
11.7	225.72589997983334
11.8	217.4379882092
11.9	211.02477973673334
12.	206.72557585113333
12.1	204.62107497559998
12.2	204.61558152653333
12.3	206.43333234846665
12.4	209.6310219643
12.5	213.6268814170333
12.6	217.74473534753332
12.7	221.26959195413332
12.8	223.5097714022
12.9	223.85956974833334
13.	221.8561342494333
13.1	217.22464615769996
13.2	209.90702419783332
13.3	200.07104064673334
13.4	188.09877710386667
13.5	174.5554924681333
13.6	160.14197783123333
13.7	145.63510390536663
13.8	131.82235140403333
13.9	119.43655132646666
14.	109.09682953833334
14.1	101.26090706373333
14.2	96.19258005016667
14.3	93.94656525959999
14.4	94.37114553506666
14.5	97.12738071493334
14.6	101.72223366106667
14.7	107.55192598689999
14.8	113.95125649776665
14.9	120.2445015161
15.	125.79382951483333
15.1	130.04181774296666
15.2	132.5455411321
15.3	133.00068705793333
15.4	131.25511224313334
15.5	127.31209953343333
15.6	121.32422339739999
15.7	113.57916192263333
15.8	104.47900496816665
15.9	94.51463957236666
16.	84.23670268186666
16.1	74.22444472629999
16.2	65.05370821263332
16.3	57.26514035426666
16.4	51.33375070243333
16.5	47.640989143133325
16.6	46.450625585133324
16.7	47.88980955686666
16.8	51.9367154693
16.9	58.41607980086667
17.	67.0036671373
17.1	77.24024515476665
17.2	88.55501804306667
17.3	100.2977099978
17.4	111.77768031576667
17.5	122.30768359460001
17.6	131.24926340783333
17.7	138.05637806229998
17.8	142.31377277786666
17.9	143.76686995753332
18.	142.34054330959998
18.1	138.14502534103332
18.2	131.46828642956666
18.3	122.75540500919999
18.4	112.57659643453333
18.5	101.58655925249998
18.6	90.47852623629998
18.7	79.93679903916666
18.8	70.59156498136667
18.9	62.97945078476667
19.	57.512610574899995
19.1	54.45825699633333
19.2	53.929529677266665
19.3	55.88756745596667
19.4	60.153716723533336
19.5	66.43005662229999
19.6	74.32591363736665
19.7	83.38780153683332
19.8	93.13025256123332
19.9	103.06526741676666
20.	112.728547806
20.1	121.70121544086666
20.2	129.626292385
20.3	136.21975212939998
20.4	141.27639627216666
20.5	144.67113438806666
20.6	146.3564320972
20.7	146.35675201886664
20.8	144.7607679793
20.9	141.71201920973334
21.	137.39852719036665
21.1	132.0417600618
21.2	125.8852271847
21.3	119.1829369912
21.4	112.18795863523334
21.5	105.14138299136665
21.6	98.2620611474
21.7	91.73758182009999
21.8	85.71700421413334
21.9	80.305864148
22.	75.56390112133333
22.1	71.50580613279999
22.2	68.10507139163333
22.3	65.30075339613333
22.4	63.00667068033332
22.5	61.122283976199995
22.6	59.544288244166665
22.7	58.17781740496665
22.8	56.946148650400005
22.9	55.7979051028
23.	54.7109885456
23.1	53.692806726899995
23.2	52.77675704843333
23.3	52.015344808799995
23.4	51.47069996526666
23.5	51.20356405493334
23.6	51.2620095746
23.7	51.671202670633335
23.8	52.425418724
23.9	53.48328016996667
24.	54.76683465613333
24.1	56.1646710375
24.2	57.53883041059999
24.3	58.7348607639
24.4	59.594033342399996
24.5	59.96652226923332
24.6	59.72426731193333
24.7	58.77229697633332
24.8	57.0574727497
24.9	54.57389844256666
25.	51.3645842833
25.1	47.519321919166664
25.2	43.16907266896667
25.3	38.477461924766665
25.4	33.63018170783333
25.5	28.82321727158
25.6	24.25083090068
25.7	20.094166627323332
25.8	16.511202131946664
25.9	13.628592615903333
26.	11.535751478546667
26.1	10.28131779373
26.2	9.871989675752
26.3	10.273567886349998
26.4	11.413960499013331
26.5	13.187845418053332
26.6	15.462666068993332
26.7	18.085636380079997
26.8	20.891443026276665
26.9	23.71034574023
27.	26.37638316858
27.1	28.735389137973332
27.2	30.65251350260333
27.3	32.01892811001667
27.4	32.757389797260004
27.5	32.82633794939333
27.6	32.22223273854
27.7	30.979898181546663
27.8	29.170724362303332
27.9	26.898703652376668
28.	24.294419656229998
28.1	21.507263475336664
28.2	18.696304861943332
28.3	16.020379272263334
28.4	13.628049383006664
28.5	11.64814739373
28.6	10.18159295554
28.7	9.295107371602667
28.8	9.017311205010566
28.9	9.337509852326665
29.	10.207256250466667
29.1	11.544552241686667
29.2	13.240332790616666
29.3	15.166692154220001
29.4	17.186176897126664
29.5	19.161400430599997
29.6	20.96423350416333
29.7	22.483892961016668
29.8	23.633377759746665
29.9	24.353871236196667
30.	24.616922186363333
30.1	24.42441335164
30.2	23.80650414159
30.3	22.817878311096667
30.4	21.532725521199996
30.5	20.03893333423
30.6	18.43196472291333
30.7	16.808852754436664
30.8	15.262669995856664
30.9	13.877738750604
31.	12.725752902248331
31.1	11.862894449106332
31.2	11.327956024161667
31.3	11.141429008256667
31.4	11.305485361015998
31.5	11.80476663877
31.6	12.607890126853334
31.7	13.669582941016666
31.8	14.933354216809999
31.9	16.334608688906663
32.	17.80409017816
32.1	19.271521663236662
32.2	20.669283182549997
32.3	21.935945095206666
32.4	23.019458342660002
32.5	23.879801045176666
32.6	24.490896354776666
32.7	24.841651947786666
32.8	24.93602606492
32.9	24.792094900206667
33.	24.44017520108
33.1	23.920136202786665
33.2	23.278107731376664
33.3	22.56284804686333
33.4	21.822068772266665
33.5	21.099020387736665
33.6	20.42961857819333
33.7	19.84034076953333
33.8	19.347048197233335
33.9	18.954799230566667
34.	18.65862371473333
34.1	18.445135948986668
34.2	18.29478544336
34.3	18.184488231726665
34.4	18.090353277026665
34.5	17.990221253439998
34.6	17.865766077623334
34.7	17.703968847656665
34.8	17.497852178716663
34.9	17.24645095375
35.	16.954082837423332
35.1	16.62905834097333
35.2	16.28202705647
35.3	15.924187745176667
35.4	15.565592416549999
35.5	15.21374916864
35.6	14.872679646306665
35.7	14.542521638196664
35.8	14.219694544446664
35.9	13.897574776776667
36.	13.567568461636668
36.1	13.22042708951
36.2	12.847632205036668
36.3	12.442678865256667
36.4	12.002112209933331
36.5	11.526212184476666
36.6	11.019271475703334
36.7	10.489463556693332
36.8	9.948344266293333
36.9	9.410065872433332
37.	8.890403527923333
37.1	8.405699405529997
37.2	7.971821016866667
37.3	7.6032107371999995
37.4	7.31207810215
37.5	7.1077601428133335
37.6	6.996252495609999
37.7	6.979898641215667
37.8	7.0572180248138325
37.9	7.222855742792999
38.	7.467644984851667
38.1	7.778785290942
38.2	8.140151126496665
38.3	8.532752645823333
38.4	8.935370973236667
38.5	9.32538239921
38.6	9.679769684256666
38.7	9.976295938226666
38.8	10.194790393559998
38.9	10.318469800366666
39.	10.33519838629
39.1	10.238577204076666
39.2	10.02875311693
39.3	9.712850087956667
39.4	9.304950594923334
39.5	8.825590908033334
39.6	8.30077715702
39.7	7.760574955893333
39.8	7.237368660493333
39.9	6.763921982833333
40.	6.371395224586665
40.1	6.087482639913333
40.2	5.93482487682
40.3	5.929826480989999
40.4	6.08196940801
40.5	6.39366442578
40.6	6.86062853318
40.7	7.4727240948433336
40.8	8.215150298493334
40.9	9.069845035913334
41.	10.016939231119999
41.1	11.036107903726666
41.2	12.107682565973334
41.3	13.213425381783333
41.4	14.336912406366666
41.5	15.463525296306665
41.6	16.58010160633666
41.7	17.67433682233333
41.8	18.734061298076668
41.9	19.746528680616667
42.	20.697847854693332
42.1	21.57266892138
42.2	22.354198495653335
42.3	23.024575646609996
42.4	23.5655931314
42.5	23.959705363686666
42.6	24.191230273303333
42.7	24.24763084498
42.8	24.12075567521
42.9	23.80792614718333
43.	23.312778516846667
43.1	22.645798400926665
43.2	21.824517972303333
43.3	20.873377549999997
43.4	19.823278806836665
43.5	18.710873415083334
43.6	17.577637262523332
43.7	16.468776966603333
43.8	15.432004588133333
43.9	14.51620179445
44.	13.76998048243
44.1	13.240137192366664
44.2	12.969996843489998
44.3	12.99764932215
44.4	13.354100390073334
44.5	14.061384524883332
44.6	15.130718241113332
44.7	16.56080352687667
44.8	18.336417020473334
44.9	20.42743633343333
45.	22.78845626206
45.1	25.35913177801
45.2	28.065350869536662
45.3	30.821289906743335
45.4	33.53234074106
45.5	36.098827551406664
45.6	38.42035914117999
45.7	40.40059618333667
45.8	41.95215986073
45.9	43.00137452180667
46.	43.492526835919996
46.1	43.391339736413336
46.2	42.68740097643334
46.3	41.395350646126666
46.4	39.55471445429333
46.5	37.228363066166665
46.6	34.499674236636665
46.7	31.468565504559997
46.8	28.24664288667666
46.9	24.951768764166665
47.	21.70238539855
47.1	18.61193709031
47.2	15.783714362576667
47.3	13.306400660746664
47.4	11.250540932033331
47.5	9.666078564513334
47.6	8.581029669603332
47.7	8.00128856688
47.8	7.911491645793333
47.9	8.276813070389998
48.	9.045527703393333
48.1	10.15215480112
48.2	11.520989294933333
48.3	13.069833234416665
48.4	14.713754771859998
48.5	16.36872223791333
48.6	17.954983071033332
48.7	19.400079123096663
48.8	20.641409763986665
48.9	21.62827199419
49.	22.323323170196662
49.1	22.703428314139998
49.2	22.759871880523335
49.3	22.49793457553333
49.4	21.935859987839997
49.5	21.10326306998333
49.6	20.03906155456
49.7	18.789039927533334
49.8	17.403180701056666
49.9	15.932916297393334
50.	14.428464001556666
50.1	12.936404005013333
50.2	11.497645504973335
50.3	10.145898442193333
50.4	8.906730468536667
50.5	7.797243136453333
50.6	6.826352090126666
50.7	5.995607777609999
50.8	5.300450523163333
50.9	4.7317608803899995
51.	4.27754628956
51.1	3.9246001643233335
51.2	3.6599801027999996
51.3	3.47217685843
51.4	3.35188246208
51.5	3.2923107125966666
51.6	3.2890715974233338
51.7	3.3396481874133332
51.8	3.442565463616667
51.9	3.5963713317966666
52.	3.7985677930966664
52.1	4.04463327505
52.2	4.3272654285200005
52.3	4.635948730886666
52.4	4.956915822076667
52.5	5.2735294868019995
52.6	5.567068029393999
52.7	5.817855016394
52.8	6.006639139148334
52.9	6.116104587103
53.	6.132378960651666
53.1	6.046405168794999
53.2	5.855055355320266
53.3	5.5618868591542325
53.4	5.177469794921433
53.5	4.719249760536266
53.6	4.210944058019667
53.7	3.6815025829166665
53.8	3.1636927584373327
53.9	2.692389969377333
54.	2.302670194108
54.1	2.027810061092333
54.2	1.897302105004
54.3	1.93499064057
54.4	2.157427529022333
54.5	2.5725380931166666
54.6	3.1786760731033334
54.7	3.9641329054333334
54.8	4.907150479336666
54.9	5.976467422523332
55.	7.13240647674
55.1	8.328484554763332
55.2	9.513498076653335
55.3	10.634005315336665
55.4	11.63709660985
55.5	12.473314916316667
55.6	13.099566130663334
55.7	13.481843846293334
55.8	13.597589288993333
55.9	13.437515955386667
56.	13.00675079641
56.1	12.325179192896666
56.2	11.426927711173335
56.3	10.358973689829998
56.4	9.178930087656665
56.5	7.952113042190001
56.6	6.748053379606667
56.7	5.63665725469
56.8	4.68425129217
56.9	3.9497612418733334
57.	3.481268829693333
57.1	3.313169275703333
57.2	3.4641134644199996
57.3	3.9358669565
57.4	4.713156977326666
57.5	5.764512971896666
57.6	7.044041325949999
57.7	8.494015302056667
57.8	10.048111419796665
57.9	11.635086770176665
58.	13.182670240813332
58.1	14.621435152066667
58.2	15.888430836662666
58.3	16.930374505604
58.4	17.706239637131667
58.5	18.189119772250997
58.6	18.367293405905997
58.7	18.244463133115996
58.8	17.839187280739665
58.9	17.183562517385667
59.	16.321249780354666
59.1	15.304962476763665
59.2	14.193555191661
59.3	13.048863475109664
59.4	11.932451351898333
59.5	10.90242370791633
59.6	10.010456198336998
59.7	9.299186038725665
59.8	8.800092927747665
59.9	8.531980119246999
60.	8.500140987087
60.1	8.696266156318
60.2	9.099110693363667
60.3	9.675900872747665
60.4	10.384417341644
60.5	11.175648519789998
60.6	11.996867862337332
60.7	12.794954607195999
60.8	13.519753263461
60.9	14.127255407243666
61.	14.582390545788998
61.1	14.861231933735334
61.2	14.952457907734665
61.3	14.857957690436333
61.4	14.592529434656335
61.5	14.182683119276664
61.6	13.66462659266
61.7	13.081574148216664
61.8	12.480568328396666
61.9	11.909042780516666
62.	11.411373724683333
62.1	11.025668244633334
62.2	10.781019143676668
62.3	10.695420139833333
62.4	10.774484799949999
62.5	11.011052096913334
62.6	11.38569583551
62.7	11.868089740873332
62.8	12.419119861256664
62.9	12.993585598986666
63.	13.543293654243335
63.1	14.0203277061
63.2	14.380271638733335
63.3	14.585175055883333
63.4	14.606074960052334
63.5	14.424924047137333
63.6	14.035820615734332
63.7	13.445483810266
63.8	12.672967030062669
63.9	11.748648416629333
64.	10.712577585067999
64.1	9.612290190586
64.2	8.500225394563333
64.3	7.430895526227333
64.4	6.457962649278
64.5	5.631374285175
64.6	4.994701452588999
64.7	4.582807772912666
64.8	4.419959868255333
64.9	4.518467616092333
65.	4.877918732394333
65.1	5.485046117056666
65.2	6.314238771075333
65.3	7.328678285947165
65.4	8.4820534847419
65.5	9.720776655508333
65.6	10.986597220411166
65.7	12.219484243114168
65.8	13.360629756401503
65.9	14.355412406257528
66.	15.156157091649046
66.1	15.724532410025379
66.2	16.03344438418187
66.3	16.068311861109734
66.4	15.8276448909539
66.5	15.322890138853033
66.6	14.577553996131998
66.7	13.625661048344767
66.8	12.509649238554466
66.9	11.277839893662334
67.	9.981647755715999
67.1	8.672711074385331
67.2	7.400123522575999
67.3	6.207938183465334
67.4	5.133090248400333
67.5	4.203851489640333
67.6	3.4388889455493334
67.7	2.8469559747133335
67.8	2.4271994771926666
67.9	2.1700260527483333
68.	2.0584351420936664
68.1	2.0697010702156664
68.2	2.1772698492353335
68.3	2.352731171807333
68.4	2.5677309231673338
68.5	2.795703656942667
68.6	3.0133260737293335
68.7	3.20161942345
68.8	3.34665850684
68.9	3.439875153593333
69.	3.4779724723633336
69.1	3.462490927633333
69.2	3.3990870033166667
69.3	3.296599006293333
69.4	3.1659821324366666
69.5	3.019196449343333
69.6	2.8681275380466666
69.7	2.72361106319
69.8	2.594620552246666
69.9	2.4876632429766667
70.	2.4064130291166665
70.1	2.35159319973
70.2	2.3211055819966666
70.3	2.310387477893333
70.4	2.3129639521599996
70.5	2.321151053216666
70.6	2.32685590095
70.7	2.322412749653333
70.8	2.3013906428033333
70.9	2.259308604896667
71.	2.1941988469266667
71.1	2.10696737826
71.2	2.001514596453333
71.3	1.8845953618866667
71.4	1.765417820413333
71.5	1.655001466581
71.6	1.5653359592903335
71.7	1.5084011343553332
71.8	1.495123624728333
71.9	1.5343548306003332
72.	1.6319574345476664
72.1	1.7900825883213334
72.2	2.0067073837823335
72.3	2.2754830873873333
72.4	2.5859203902859997
72.5	2.923910683906
72.6	3.272554538759
72.7	3.6132426593906666
72.8	3.9269129541173333
72.9	4.195391924401333
73.	4.4027206667886665
73.1	4.536365988309999
73.2	4.588225301746333
73.3	4.555349216658667
73.4	4.440326613848333
73.5	4.251301607633333
73.6	4.001618075269999
73.7	3.7091132768933335
73.8	3.3951055978033335
73.9	3.08314105217
74.	2.7975777586399997
74.1	2.5620964858366664
74.2	2.3982283922833334
74.3	2.323988501073333
74.4	2.3526958459566663
74.5	2.492049434183333
74.6	2.7435141612366665
74.7	3.102053588256666
74.8	3.5562280196033336
74.9	4.088657462836666
75.	4.676830562136667
75.1	5.294223090733333
75.2	5.911673591013334
75.3	6.4989497239533325
75.4	7.026427274873332
75.5	7.466795023193333
75.6	7.796693321793333
75.7	7.998192785213334
75.8	8.060022489666666
75.9	7.978465012033333
76.	7.757848779689999
76.1	7.410586604659999
76.2	6.956732587606666
76.3	6.423056993096666
76.4	5.841668909463333
76.5	5.248247711866666
76.6	4.679974351973333
76.7	4.173279843406666
76.8	3.7615485277199996
76.9	3.4729255242566666
77.	3.328379427593333
77.1	3.3401617845499993
77.2	3.510784053923333
77.3	3.83260154413
77.4	4.288054175323333
77.5	4.850568656069999
77.6	5.48607929871
77.7	6.155079069006666
77.8	6.81507239873
77.9	7.423270209473333
78.	7.939348182341666
78.1	8.328083226897332
78.2	8.561690848420332
78.3	8.621706960456667
78.4	8.500289801632999
78.5	8.200858227187332
78.6	7.738028370555
78.7	7.136857832321665
78.8	6.431451545750333
78.9	5.6630230686409995
79.	4.877536695679333
79.1	4.123077723251333
79.2	3.4471095995239995
79.3	2.893777591753333
79.4	2.50140983336
79.5	2.3003496104399996
79.6	2.3112293587033332
79.7	2.5437691007133334
79.8	2.996151981036667
79.9	3.65499899035
80.	4.4959354463266665
80.1	5.484714496193334
80.2	6.57883863303
80.3	7.729599465296667
80.4	8.884438994416666
80.5	9.989522543989999
80.6	10.99240430778
80.7	11.844661345033332
80.8	12.504370937406666
80.9	12.93830982382
81.	13.123762288226667
81.1	13.049837722203332
81.2	12.718217302346666
81.3	12.143273749989998
81.4	11.35153731189
81.5	10.380514191226666
81.6	9.2768992058
81.7	8.094260502533333
81.8	6.8903083561799985
81.9	5.7238898332399994
82.	4.651873820586667
82.1	3.726104274153333
82.2	2.9906017537499996
82.3	2.4791833785220003
82.4	2.213649234719
82.5	2.2026500266936666
82.6	2.4413084532166667
82.7	2.9116183855766664
82.8	3.583595049316667
82.9	4.4171000240666665
83.	5.364220885150001
83.1	6.372050199736667
83.2	7.385685076343333
83.3	8.351258237113333
83.4	9.21881515054
83.5	9.944868429366666
83.6	10.49448866851
83.7	10.842827477593334
83.8	10.976010361286665
83.9	10.89138077898
84.	10.597118715553332
84.1	10.111294382406665
84.2	9.460447851353333
84.3	8.677806944076666
84.4	7.801267867677
84.5	6.871266070285
84.6	5.928659481777332
84.7	5.012734149956333
84.8	4.1594250663659995
84.9	3.399824599742666
85.	2.75902923656
85.1	2.2553538404172664
85.2	1.8999226013648998
85.3	1.6966280664225
85.4	1.6424345409791932
85.5	1.7279898064458667
85.6	1.9384993462263664
85.7	2.254809811994666
85.8	2.654642978107333
85.9	3.113917686520667
86.	3.6080951883693335
86.1	4.113482928622333
86.2	4.608433446346666
86.3	5.074379030216667
86.4	5.496649448693333
86.5	5.865029745769999
86.6	6.174027828173333
86.7	6.422837143053333
86.8	6.614997561986666
86.9	6.757776682163333
87.	6.86131282524
87.1	6.937578522706666
87.2	6.999237602396667
87.3	7.0584786122033325
87.4	7.125910996906667
87.5	7.209607417773334
87.6	7.3143657050833335
87.7	7.44124766773
87.8	7.58743052745
87.9	7.746381852473332
88.	7.908342705676667
88.1	8.061078662563332
88.2	8.190836703826665
88.3	8.28342974568
88.4	8.325361213386666
88.5	8.304900372023333
88.6	8.213025119266668
88.7	8.044161880076667
88.8	7.796670712203333
88.9	7.47304584694
89.	7.079825479719998
89.1	6.627227494146666
89.2	6.128547957053334
89.3	5.5993750597366665
89.4	5.05668163866
89.5	4.517864024846666
89.6	3.999793877383333
89.7	3.517943512293333
89.8	3.085635102816667
89.9	2.713451309816
90.	2.4088307932529998
90.1	2.1758579783899332
90.2	2.0152435287666
90.3	1.9244810505056664
90.4	1.898157131134
90.5	1.9283860831599997
90.6	2.0053376120033333
90.7	2.117824728723333
90.8	2.253920111016667
90.9	2.401571259846666
91.	2.5491877112709997
91.1	2.686176845824667
91.2	2.803408228737333
91.3	2.8935898005456666
91.4	2.951542645196666
91.5	2.9743646194707662
91.6	2.9614770097528336
91.7	2.914552752455
91.8	2.837329698679
91.9	2.735317881027666
92.	2.6154155491226665
92.1	2.4854545166166666
92.2	2.3537006011933332
92.3	2.22833905241
92.4	2.1169772534633333
92.5	2.0261971387599997
92.6	1.9611873517966667
92.7	1.9254800881833334
92.8	1.920810041099
92.9	1.94710341331
93.	2.0025943841076668
93.1	2.084055724635
93.2	2.1871205366658
93.3	2.306664402264
93.4	2.4372124513816003
93.5	2.57333456101
93.6	2.709994288921666
93.7	2.842822991425
93.8	2.9682992478659997
93.9	3.083824250619333
94.	3.1876950366963333
94.1	3.2789880829799998
94.2	3.3573746919600005
94.3	3.42289581637
94.4	3.4757269036133334
94.5	3.515962782606666
94.6	3.5434487768066667
94.7	3.5576776887899997
94.8	3.557763925943333
94.9	3.54249684831
95.	3.510466469246666
95.1	3.460246881666667
95.2	3.390616962656666
95.3	3.30079449911
95.4	3.19065904083
95.5	3.06094039413
95.6	2.9133533405266663
95.7	2.7506643470966665
95.8	2.5766820848466665
95.9	2.3961698418433333
96.	2.214683834123333
96.1	2.03834653102
96.2	1.8735681313366666
96.3	1.7267321249326666
96.4	1.6038624688863332
96.5	1.5102904283296665
96.6	1.4503387771549998
96.7	1.4270400402776666
96.8	1.4419039818123331
96.9	1.4947477404876666
97.	1.58359994755
97.1	1.7046878184266667
97.2	1.8525135087966667
97.3	2.02002285415
97.4	2.1988658602399997
97.5	2.3797439195633334
97.6	2.5528337283733333
97.7	2.708272428036667
97.8	2.836682898493333
97.9	2.9297128355166664
98.	2.9805568081899994
98.1	2.9844275399699995
98.2	2.93894179572
98.3	2.8443879977299997
98.4	2.70384735816
98.5	2.5231479569766666
98.6	2.3106415462266665
98.7	2.0768053145566663
98.8	1.8336844758733335
98.9	1.59420518088
99.	1.37139958155
99.1	1.1775946010133334
99.2	1.0236219250336664
99.3	0.9181080907096666
99.4	0.8668998780506666
99.5	0.8726715857816665
99.6	0.9347477830483333
99.7	1.0491588359473332
99.8	1.2089283423466668
99.9	1.40457322092
100.	1.6247802821766666
100.1	1.8572092088966667
100.2	2.08936223
100.3	2.309456186366666
100.4	2.50723344792
100.5	2.6746540118899995
100.6	2.8064213781866667
100.7	2.9003083691300002
100.8	2.95726460692
100.9	2.9813034692533336
101.	2.9791816646266662
101.1	2.9598979576366666
101.2	2.934048176896667
101.3	2.9130809480399997
101.4	2.9085024540853333
101.5	2.931079094616333
101.6	2.990084599030667
101.7	3.092633511049333
101.8	3.2431366331306664
101.9	3.442906609646
102.	3.6899338599016662
102.1	3.9788449397333334
102.2	4.3010473633
102.3	4.645057075793333
102.4	4.996997160866666
102.5	5.341248980986666
102.6	5.661229789849999
102.7	5.94026400068
102.8	6.162508935329999
102.9	6.313890344306666
103.	6.382998735966667
103.1	6.361895140943333
103.2	6.24677495943
103.3	6.038441545026666
103.4	5.742547583456666
103.5	5.369572309476666
103.6	4.934516042383333
103.7	4.45630991403
103.8	3.9569571373666665
103.9	3.4604414915666664
104.	2.9914573851233333
104.1	2.5740322585566666
104.2	2.2301245752199996
104.3	1.9782877846866669
104.4	1.8324913557300002
104.5	1.8011837059766664
104.6	1.8866686606166665
104.7	2.0848476654063335
104.8	2.385355696816333
104.9	2.7720915096043335
105.	3.2241147465899997
105.1	3.716855852039033
105.2	4.223561928449866
105.3	4.716884583664999
105.4	5.170505840624
105.5	5.560696082493667
105.6	5.867703818419333
105.7	6.076890116511999
105.8	6.17953957731
105.9	6.1733029754799995
106.	6.06225216268
106.1	5.8565534335799985
106.2	5.571789379143333
106.3	5.227979669263332
106.4	4.848367040426666
106.5	4.458045327723333
106.6	4.082511488023333
106.7	3.7462234812133333
106.8	3.4712412257366663
106.9	3.2760194856599996
107.	3.174410447211333
107.1	3.1749208689470003
107.2	3.2802549043786664
107.3	3.487159701425
107.4	3.7865771913686666
107.5	4.164092423663333
107.6	4.600656572079999
107.7	5.073551436859999
107.8	5.55755198383
107.9	6.0262343246466665
108.	6.453368775719999
108.1	6.814331576163333
108.2	7.087464950483332
108.3	7.255314000319999
108.4	7.305670946153333
108.5	7.232362990283333
108.6	7.0357298431199995
108.7	6.722750794156665
108.8	6.306798822803334
108.9	5.807019951369999
109.	5.24735876588
109.1	4.655274339716667
109.2	4.06021299705
109.3	3.491923629333334
109.4	2.9787158563666667
109.5	2.5457696615166663
109.6	2.2136060989263333
109.7	1.996821704138
109.8	1.9031744406206665
109.9	1.933087190103333
110.	2.0796074191799994
110.1	2.328830757343333
110.2	2.6607642098333333
110.3	3.050574163563333
110.4	3.4701376936166666
110.5	3.889795078541
110.6	4.280188480918667
110.7	4.614067358269333
110.8	4.867945488337333
110.9	5.023506920522666
111.	5.068677435269667
111.1	4.9983024207646665
111.2	4.814399361305333
111.3	4.525981172637334
111.4	4.148473321619333
111.5	3.7027712368933337
111.6	3.214003574660666
111.7	2.710080587208666
111.8	2.220114796211
111.9	1.772803526468
112.	1.3948601250183332
112.1	1.10957366989
112.2	0.9355666063079999
112.3	0.8858070127425999
112.4	0.9669180039369999
112.5	1.178811894466
112.6	1.5146617763933332
112.7	1.9612085373366668
112.8	2.49938734873
112.9	3.1052444839833333
113.	3.751103145203333
113.1	4.4069259759533335
113.2	5.041812378226666
113.3	5.625560998416667
113.4	6.130222259926666
113.5	6.531563133963333
113.6	6.810367000233333
113.7	6.953495941116666
113.8	6.95465147158
113.9	6.814782619433332
114.	6.542107216656666
114.1	6.151732637833334
114.2	5.664885051513334
114.3	5.107780196339999
114.4	4.5101921438899994
114.5	3.9037976978633333
114.6	3.320391235483333
114.7	2.79007632734
114.8	2.339545129193333
114.9	1.9905535774933334
115.	1.7586897035666667
115.1	1.6525144392066669
115.2	1.6731302968566664
115.3	1.8142050126299998
115.4	2.062446797823333
115.5	2.3984976284333333
115.6	2.7981833809833327
115.7	3.234036731983333
115.8	3.6769922794933336
115.9	4.09814443308
116.	4.470457689550001
116.1	4.77032571127
116.2	4.978889257703333
116.3	5.083042078416666
116.4	5.076076594523333
116.5	4.9579456506033335
116.6	4.735140912943333
116.7	4.42021093207
116.8	4.030961112833333
116.9	3.58939290032
117.	3.1204499008966664
117.1	2.6506443376433335
117.2	2.2066384832066666
117.3	1.8138530797533332
117.4	1.4951689701933333
117.5	1.2697800105933332
117.6	1.1522455604433333
117.7	1.1517801041996665
117.8	1.2718063511496664
117.9	1.5097868479966667
118.	1.857337941509
118.1	2.3006189730803333
118.2	2.8209789534466663
118.3	3.3958327441626666
118.4	3.999729110761
118.5	4.6055641545873325
118.6	5.185885930698666
118.7	5.714229976528999
118.8	6.166421542079334
118.9	6.521779075664999
119.	6.764155476335333
119.1	6.882759135609334
119.2	6.872706007493666
119.3	6.735266732750667
119.4	6.4777887491033335
119.5	6.113291553524666
119.6	5.659752756237666
119.7	5.139121949223333
119.8	4.57611724981
119.9	3.9968742165566664
120.	3.4275273670699997
120.1	2.8928097373233332
120.2	2.4147552091833333
120.3	2.011581587103333
120.4	1.6968200452266666
120.5	1.4787395155296665
120.6	1.3600941949686665
120.7	1.3382002598413332
120.8	1.4053258734036667
120.9	1.549358402797333
121.	1.7546959615666666
121.1	2.0032981510933334
121.2	2.27582392216
121.3	2.5527830477666664
121.4	2.81563152842
121.5	3.0477496419733336
121.6	3.235253268453333
121.7	3.3676033279866666
121.8	3.437993359646666
121.9	3.443510200326666
122.	3.3850763306299996
122.1	3.2671939291
122.2	3.097519505576667
122.3	2.886303959216667
122.4	2.64573609269
122.5	2.38922829752
122.6	2.1306817457933334
122.7	1.8837654975733333
122.8	1.6612399836599998
122.9	1.4743508209496667
123.	1.3323142341836667
123.1	1.2419107444383333
123.2	1.207199364603
123.3	1.2293603242186666
123.4	1.306670252579
123.5	1.4346096542366666
123.6	1.6060982850099998
123.7	1.81184959005
123.8	2.0408306879766664
123.9	2.2808095723936663
124.	2.5189664684079998
124.1	2.742541952201333
124.2	2.939490925901
124.3	3.099109287377666
124.4	3.2125995755786665
124.5	3.2735433537470002
124.6	3.27825181451
124.7	3.225972053874666
124.8	3.118934435711666
124.9	2.9622359917922667
125.	2.7635652040324663
125.1	2.5327839736230664
125.2	2.2813922061654996
125.3	2.021908367446333
125.4	1.7672048540163332
125.5	1.5298395525776667
125.6	1.3214242902923332
125.7	1.1520670776829998
125.8	1.0299184989443333
125.9	0.9608439639363333
126.	0.9482336463346668
126.1	0.9929517370406666
126.2	1.0934170732886666
126.3	1.245799083369333
126.4	1.4443069380833333
126.5	1.6815461915933332
126.6	1.9489161154133332
126.7	2.2370221989
126.8	2.53608149756
126.9	2.8363030812699996
127.	3.1282311059866665
127.1	3.4030433362299997
127.2	3.6528026831933333
127.3	3.8706630268566657
127.4	4.051032962656667
127.5	4.18970204915
127.6	4.283933715213333
127.7	4.332527463593332
127.8	4.335850762286666
127.9	4.295838508406666
128.	4.21595567069
128.1	4.10111713037
128.2	3.957558227943333
128.3	3.79265034449
128.4	3.614658099523333
128.5	3.4324383539133336
128.6	3.255085907653333
128.7	3.091536155370333
128.8	2.9501404607570003
128.9	2.8382350125749998
129.	2.7617278033475996
129.1	2.7247305665249333
129.2	2.729262594282333
129.3	2.7750511077423328
129.4	2.859448271303333
129.5	2.977478287146667
129.6	3.1220197634399995
129.7	3.2841193935799997
129.8	3.4534237062299997
129.9	3.61870706886
130.	3.7684670136666663
130.1	3.891552922593333
130.2	3.977791564886666
130.3	4.018573085233333
130.4	4.007363693326666
130.5	3.9401161742666666
130.6	3.815555909623333
130.7	3.6353277442299996
130.8	3.4039970958833337
130.9	3.1289065669109997
131.	2.819896467955666
131.1	2.4889037410816663
131.2	2.149458572266333
131.3	1.816101470179
131.4	1.5037458453609998
131.5	1.2270123243296664
131.6	0.9995613877593668
131.7	0.8334506315678
131.8	0.738542167571
131.9	0.7219844868433333
132.	0.7877915003796666
132.1	0.936539370318
132.2	1.1651990158293333
132.3	1.4671186610443334
132.4	1.8321663396096666
132.5	2.247036782663333
132.6	2.6957205798133335
132.7	3.1601260165199996
132.8	3.62083578998
132.9	4.057972263553333
133.	4.4521365453333335
133.1	4.785379087073332
133.2	5.042153381866667
133.3	5.21020039457
133.4	5.2813102336633335
133.5	5.251909786486666
133.6	5.123430904559999
133.7	4.9024232898
133.8	4.600389222456666
133.9	4.233333082433333
134.	3.821036321133333
134.1	3.3860869398333335
134.2	2.95271024823
134.3	2.54546326672
134.4	2.1878672261966665
134.5	1.9010600463866667
134.6	1.7025526106516669
134.7	1.60516870889
134.8	1.6162387874906667
134.9	1.7371027193023334
135.	1.9629577316366666
135.1	2.28306580702
135.2	2.68131192906
135.3	3.1370821881933333
135.4	3.6264106135166667
135.5	4.123327059549999
135.6	4.60132661676
135.7	5.03487448997
135.8	5.40085931942
135.9	5.6799123040633335
136.	5.857518657629999
136.1	5.924861031973333
136.2	5.879350543679999
136.3	5.7248188148766666
136.4	5.47136288194
136.5	5.134852914163333
136.6	4.736129542113333
136.7	4.299932522243333
136.8	3.8536149438333327
136.9	3.42570687176
137.	3.0443990232166662
137.1	2.736020722016667
137.2	2.5235869733779994
137.3	2.4254871235649667
137.4	2.454382316866733
137.5	2.6163709678256666
137.6	2.9104708861399997
137.7	3.32845372376
137.8	3.855052320446666
137.9	4.468544661253333
138.	5.141700008433333
138.1	5.843053962139999
138.2	6.538460533816666
138.3	7.1928517372766665
138.4	7.77211979397
138.5	8.245024962373334
138.6	8.585024372706666
138.7	8.771915088776666
138.8	8.793188710369998
138.9	8.645005586116666
139.	8.332714096259998
139.1	7.870863921373332
139.2	7.282690629613333
139.3	6.599080665403333
139.4	5.857058859263333
139.5	5.097872580911
139.6	4.364775210583333
139.7	3.700634430183
139.8	3.1455059866773336
139.9	2.7343196557986666
140.	2.4948204036201997
140.1	2.4458942527303997
140.2	2.5963859248946664
140.3	2.9444854861186665
140.4	3.4777260731276667
140.5	4.173596837183666
140.6	5.000737180533333
140.7	5.920642809489999
140.8	6.889783446236667
140.9	7.862008150376667
141.	8.791098451863334
141.1	9.633322604296666
141.2	10.349846310113334
141.3	10.90886571852
141.4	11.287346333133332
141.5	11.472275272706668
141.6	11.461362449376667
141.7	11.263156887929998
141.8	10.896575850189999
141.9	10.389874999899998
142.	9.779116098103334
142.1	9.106213441616667
142.2	8.416660510343332
142.3	7.757053391413333
142.4	7.172537076543333
142.5	6.70430448218
142.6	6.387276001403333
142.7	6.2480797237033325
142.8	6.303439433563334
142.9	6.5590595505366664
143.	7.009073848736667
143.1	7.636098790656666
143.2	8.411903484753333
143.3	9.298677668323332
143.4	10.250847958866666
143.5	11.217362323236667
143.6	12.144334857646665
143.7	12.977919215816666
143.8	13.667261021273333
143.9	14.167368890336665
144.	14.441741528546666
144.1	14.464595586273333
144.2	14.222555858503334
144.3	13.71569560527
144.4	12.957849178666665
144.5	11.97615997398
144.6	10.80987157637
144.7	9.508415981283333
144.8	8.128896798896667
144.9	6.733104289219999
145.	5.384230052023334
145.1	4.143469874566666
145.2	3.0667120144199993
145.3	2.2015043343233334
145.4	1.5844774320766666
145.5	1.23937336674
145.6	1.1757927359221334
145.7	1.388729314881
145.8	1.858914243593333
145.9	2.55394401966
146.	3.4301214026866664
146.1	4.43489851744
146.2	5.509779211526666
146.3	6.593514702176666
146.4	7.62541367165
146.5	8.54858548847
146.6	9.31294275466
146.7	9.877805977436665
146.8	10.213977485303333
146.9	10.30518210405
147.	10.148806765769999
147.1	9.755908266466667
147.2	9.150495990766666
147.3	8.368132860423334
147.4	7.45393147915
147.5	6.4600520762533336
147.6	5.442833232856666
147.7	4.459704569216666
147.8	3.566041851173333
147.9	2.8121288353300002
148.	2.240386344214
148.1	1.8830175166817666
148.2	1.7601991598293334
148.3	1.878923180303
148.4	2.232560063133333
148.5	2.801179513356667
148.6	3.552623245863333
148.7	4.444283401253333
148.8	5.4254993513133325
148.9	6.440448093398
149.	7.431371424454
149.1	8.341958924552666
149.2	9.1206914620266
149.3	9.723946954478672
149.4	10.118679320269333
149.5	10.284502957136999
149.6	10.215047833670667
149.7	9.918492631782334
149.8	9.417232780246668
149.9	8.74669347876
150.	7.953351322443333
150.1	7.092078179576667
150.2	6.222964008389999
150.3	5.407808284813333
150.4	4.70649034697
150.5	4.17343589366
150.6	3.8543897799899995
150.7	3.7836848673546664
150.8	3.9821646833453332
150.9	4.455876491000666
151.	5.19560405757
151.1	6.1772592266699995
151.2	7.3631016190433325
151.3	8.703709452486667
151.4	10.140584180836665
151.5	11.609239416793333
151.6	13.042601778980002
151.7	14.374538575913334
151.8	15.543324669050001
151.9	16.494867955846665
152.	17.1855287663
152.1	17.58439182306333
152.2	17.67487882834333
152.3	17.455623632346665
152.4	16.94056870493
152.5	16.15827966694667
152.6	15.150512398559998
152.7	13.970103242983331
152.8	12.678285670483334
152.9	11.34156514985
153.	10.02830669887
153.1	8.805205584346666
153.2	7.7338200182
153.3	6.8673447733033335
153.4	6.247796014986666
153.5	5.903760250263333
153.6	5.84883448466
153.7	6.0808512450266665
153.8	6.581942372313333
153.9	7.319451192846666
154.	8.247656073169999
154.1	9.310222039043333
154.2	10.44325390435
154.3	11.578787053463332
154.4	12.64852332304
154.5	13.58760159347
154.6	14.338187369940002
154.7	14.852673632616664
154.8	15.096306459046666
154.9	15.049082274805333
155.	14.706807036864667
155.1	14.081258345711333
155.2	13.199445981880666
155.3	12.102020908323
155.4	10.840933619845
155.5	9.476486413500666
155.6	8.07395786231
155.7	6.699999482363333
155.8	5.419013239986667
155.9	4.289714097189999
156.	3.362065142013333
156.1	2.6747457015799996
156.2	2.2532775084233334
156.3	2.108893172192333
156.4	2.2381877140086663
156.5	2.62355046458
156.6	3.234333641603334
156.7	4.02867742662
156.8	4.955880890506667
156.9	5.959184703566665
157.	6.978815773396667
157.1	7.95513592837
157.2	8.831736317773334
157.3	9.558325878343334
157.4	10.093275372153332
157.5	10.405697339773333
157.6	10.47696593161
157.7	10.301607979493333
157.8	9.887526775703332
157.9	9.255551671389998
158.	8.438338564639999
158.1	7.47867732962
158.2	6.427290924599999
158.3	5.340235996703333
158.4	4.276035031886666
158.5	3.29268435864
158.6	2.44468968198
158.7	1.78028066156
158.8	1.3389480494213333
158.9	1.149431183375
159.	1.2282607463736666
159.1	1.5789326728452666
159.2	2.1917553744375198
159.3	3.0443759195655664
159.4	4.102953568943
159.5	5.3239134275746665
159.6	6.656181190365334
159.7	8.043774106776667
159.8	9.428605065509998
159.9	10.753347275633333
160.	11.964206914626667
160.1	13.013460163396665
160.2	13.86162838397
160.3	14.479189366543332
160.4	14.847751648106666
160.5	14.960650704099999
160.6	14.822958084526665
160.7	14.450925221846664
160.8	13.87091091712
160.9	13.117864122473332
161.	12.23345080635
161.1	11.263925161886664
161.2	10.25785138943
161.3	9.263783273086666
161.4	8.32800548461
161.5	7.492433745606666
161.6	6.792761331773333
161.7	6.256927458529999
161.8	5.903969197866666
161.9	5.743302969589999
162.	5.774464474873334
162.1	5.987317358643333
162.2	6.3627211953466665
162.3	6.873629064949999
162.4	7.4865647507899995
162.5	8.16341040321
162.6	8.863418513566666
162.7	9.545348453656665
162.8	10.169618834849999
162.9	10.700363523393332
163.	11.107281983696666
163.1	11.367183965836666
163.2	11.465144161843334
163.3	11.395203584966666
163.4	11.160579866150002
163.5	10.773376818283333
163.6	10.253812640786666
163.7	9.629014072410001
163.8	8.931448744766668
163.9	8.19708825647
164.	7.4634087386133325
164.1	6.7673430366266665
164.2	6.14329873572
164.3	5.621349308393333
164.4	5.22569238002
164.5	4.97345067663
164.6	4.873869158329999
164.7	4.927937875746666
164.8	5.1284459797499995
164.9	5.460449699709999
165.	5.902117341059999
165.1	6.425898403163332
165.2	6.999952284826667
165.3	7.589764754753333
165.4	8.159877024986667
165.5	8.67565217285
165.6	9.105005936613333
165.7	9.420032701233332
165.8	9.598462093463333
165.9	9.624886625793332
166.	9.4917062355
166.1	9.199741706226668
166.2	8.758476474133332
166.3	8.185895996943332
166.4	7.507906454816666
166.5	6.757330555093334
166.6	5.972497689023332
166.7	5.195468127029999
166.8	4.469955191143333
166.9	3.8390336863466663
167.	3.342745128036667
167.1	3.0157280904966663
167.2	2.8850130038266664
167.3	2.96812300474
167.4	3.2716147137299996
167.5	3.7901746459066663
167.6	4.506358927270333
167.7	5.391027628512667
167.8	6.404482758061333
167.9	7.498273838256666
168.	8.617590441463333
168.1	9.704120527619999
168.2	10.699220036577
168.3	11.547215489409
168.4	12.198649072263331
168.5	12.613275616283333
168.6	12.762632884426667
168.7	12.632029587966667
168.8	12.221827787366667
168.9	11.54793546176
169.	10.641468410176667
169.1	9.547585559239998
169.2	8.323545595576666
169.3	7.03607332283
169.4	5.75815937277
169.5	4.565445476816667
169.6	3.5323685115366663
169.7	2.728249505733333
169.8	2.2135186596333334
169.9	2.0362643818902333
170.	2.229283790516333
170.1	2.8077945331066667
170.2	3.7679436713733327
170.3	5.08621924937
170.4	6.719834538963333
170.5	8.608114411873332
170.6	10.674868573523334
170.7	12.831688546733332
170.8	14.982055761946665
170.9	17.026098845849997
171.	18.86579170292333
171.1	20.410343247116664
171.2	21.58149801423
171.3	22.318447819653333
171.4	22.582051335480003
171.5	22.358073521246666
171.6	21.65919177942
171.7	20.525570623496666
171.8	19.02387996049
171.9	17.244720420636664
172.	15.298517417526664
172.1	13.310047276270002
172.2	11.411856372590002
172.3	9.736920029673332
172.4	8.41095461474
172.5	7.5448377121066645
172.6	7.227603100936666
172.7	7.520457517253332
172.8	8.45221538091
172.9	10.016468939503334
173.	12.170710041046668
173.1	14.837503210256667
173.2	17.907686208319998
173.3	21.245452486066668
173.4	24.695058159139997
173.5	28.088801478289998
173.6	31.255850729316663
173.7	34.03145057323667
173.8	36.26601842946666
173.9	37.83365103813333
174.	38.63959453143333
174.1	38.62628565839667
174.2	37.77764290373666
174.3	36.121369485883335
174.4	33.72912109983666
174.5	30.71448570967333
174.6	27.228817261280003
174.7	23.45505711804333
174.8	19.599764177586664
174.9	15.883655289566665
175.	12.53103024536
175.1	9.758518666059999
175.2	7.763637711713333
175.3	6.713687366376668
175.4	6.735531338403334
175.5	7.906813200623333
175.6	10.249135978786665
175.7	13.723685935926667
175.8	18.22970548471333
175.9	23.60611496672
176.	29.636449297200002
176.1	36.057116312359994
176.2	42.568804834966656
176.3	48.85068043027999
176.4	54.57681646172433
176.5	59.43413020050566
176.6	63.14094225261432
176.7	65.46516623934
176.8	66.24107688583
176.9	65.38360814948
177.	62.89920444171
177.1	58.89238817508
177.2	53.56741111634
177.3	47.224615072726664
177.4	40.25142402938
177.5	33.10820569259333
177.6	26.30955372983333
177.7	20.401830420986666
177.8	15.938051861826667
177.9	13.451376430723332
178.	13.428558884885668
178.1	16.284750140363332
178.2	22.340955979386667
178.3	31.80532257822333
178.4	44.75920458488666
178.5	61.14870879116334
178.6	80.78211247156
178.7	103.33325059359233
178.8	128.35067008681733
178.9	155.272079671201
179.	183.443394411444
179.1	212.1414948491953
179.2	240.5996963819686
179.3	268.0348561144583
179.4	293.67502857217534
179.5	316.7866122020023
179.6	336.69999747390733
179.7	352.83282579376765
179.8	364.7100876156213
179.9	371.980420567391
180.	374.42810796459696