# O+CO(0,0) elastic diff. cross section
# E = 1.75 eV
# angle, CS (1e-16 cm^2)
0.1	4.380787713128667e6
0.2	621762.2905973333
0.3	453011.9537016667
0.4	200829.226178
0.5	128005.26045846667
0.6	60944.48511496
0.7	57195.486716386666
0.8	27556.100736033335
0.9	25403.75921551
1.	17179.30362607333
1.1	17176.914117356668
1.2	10362.90812764
1.3	11031.03565667
1.4	11027.67406073333
1.5	10596.427658453333
1.6	7870.793828473334
1.7	5560.958390346666
1.8	6002.911989826666
1.9	4265.8171975529995
2.	3659.040590274333
2.1	2168.5919104456666
2.2	2836.275022486667
2.3	3039.274235837
2.4	2333.7918941099997
2.5	1734.416471987
2.6	1372.400206763
2.7	2192.044455022333
2.8	2145.4487181883333
2.9	1874.5335524679997
3.	1304.016243558233
3.1	1223.482530154933
3.2	1772.3758979113336
3.3	1678.1068586693002
3.4	1572.2321024927664
3.5	1077.5766439311499
3.6	836.8135973131334
3.7	1021.4518533398666
3.8	882.6951481708999
3.9	898.8035936152634
4.	735.9722254652266
4.1	630.297074822
4.2	731.0420054618667
4.3	567.6513485131
4.4	458.59867803711336
4.5	304.844290278416
4.6	231.7278598062467
4.7	361.8236295767333
4.8	388.8436512889333
4.9	394.08248369150994
5.	301.59715566717665
5.1	199.38148481457
5.2	191.48598205206667
5.3	173.6092571031
5.4	186.1493545351333
5.5	158.02164771115665
5.6	148.0934936896
5.7	179.8581139014
5.8	186.93335658393335
5.9	189.08810757886664
6.	128.8015069841333
6.1	73.45264661966667
6.2	69.03859731053333
6.3	77.66524479566667
6.4	109.25610021303333
6.5	109.9851454301
6.6	85.63985035553333
6.7	76.45631348513332
6.8	60.763764277033324
6.9	51.923330220266664
7.	45.86131420663333
7.1	31.984319653420002
7.2	37.37710138574333
7.3	43.54481843880333
7.4	45.36200387180333
7.5	45.24019919568666
7.6	31.432296662455332
7.7	24.29693370322167
7.8	17.30426089856
7.9	14.832484536556665
8.	19.420668607897667
8.1	18.198206452061335
8.2	21.529281923076667
8.3	19.923340464701333
8.4	16.89365134611933
8.5	16.409180147395332
8.6	10.374178095879998
8.7	6.5182536758800005
8.8	5.093587926026666
8.9	5.227610377028666
9.	7.880004335397732
9.1	9.226764816722666
9.2	6.716360341485999
9.3	5.965935808813764
9.4	5.959243362579999
9.5	4.561825954226666
9.6	4.814285157702999
9.7	3.1544313862579996
9.8	2.9667833329400004
9.9	4.363824809336666
10.	4.28564446765
10.1	3.8292375209933334
10.2	4.377987135543333
10.3	5.725742435826666
10.4	5.913687316003333
10.5	6.114687979766666
10.6	3.5313546259086666
10.7	2.5757640691
10.8	4.2789274458349995
10.9	3.7674661146909996
11.	4.304434872136666
11.1	3.478502623916667
11.2	2.714129297664
11.3	4.208015243696666
11.4	4.240362807443333
11.5	3.0846162993079997
11.6	2.4658833730599996
11.7	1.6784837610340002
11.8	1.0914872415589998
11.9	2.0401349213866666
12.	1.579467828617
12.1	2.028794394799333
12.2	3.111962325643333
12.3	1.7800896445893333
12.4	1.4102848202936666
12.5	1.0269716908329998
12.6	0.9130076118676667
12.7	1.8014703301886668
12.8	1.7324875484466669
12.9	1.0388950417603333
13.	1.4808051209163333
13.1	2.327529588757
13.2	2.03895720932
13.3	2.2555952224966664
13.4	1.5330415109283333
13.5	1.006314567252
13.6	1.6730593178433335
13.7	1.0870470461483333
13.8	1.0198249848363332
13.9	1.649569135793
14.	1.8259854481720001
14.1	1.6344525148653335
14.2	1.486127721586333
14.3	1.0913096300826666
14.4	1.5010468448779997
14.5	2.6496840185733337
14.6	2.193147508919333
14.7	2.137308786355667
14.8	2.4065475505966667
14.9	2.292286326473333
15.	2.85075474872
15.1	2.8789458617133334
15.2	2.435467436861333
15.3	2.3765308564533334
15.4	2.3891284148633334
15.5	1.9077349537453332
15.6	2.4037560455183336
15.7	2.9328554845866663
15.8	2.486468310833333
15.9	2.491654405043333
16.	1.965604441580333
16.1	1.8775731843183334
16.2	2.58327045722
16.3	2.4189132512133336
16.4	1.8380815243693331
16.5	1.8135457012779999
16.6	1.899954570772
16.7	1.8852271371299998
16.8	2.31090129976
16.9	2.004424142888
17.	1.9102918774486668
17.1	2.2962067550266667
17.2	1.8329623932706665
17.3	1.8368436397346666
17.4	2.1485469038216665
17.5	2.098080783753333
17.6	1.9595897515733331
17.7	1.726162404295333
17.8	1.3192041336283333
17.9	1.438753918171
18.	1.7489505116189998
18.1	1.2502464941326665
18.2	1.1831824285583332
18.3	1.2264920632293332
18.4	1.123370417854633
18.5	1.3687243247729999
18.6	1.2925935997063331
18.7	1.2630704487616664
18.8	1.4754695050943334
18.9	1.4692336712416667
19.	1.1262415387349998
19.1	1.1985000821869998
19.2	1.3757004832026667
19.3	1.3646622169943332
19.4	1.448883096553
19.5	1.0384116258296665
19.6	0.939333846605
19.7	1.2174962091476669
19.8	1.221308562398
19.9	1.12099310541
20.	0.9802377327973334
20.1	0.8637552457383333
20.2	0.8450739793976667
20.3	0.9898255157386666
20.4	0.8442424948412333
20.5	0.8875857308746333
20.6	1.0346765492196666
20.7	0.8115491302260001
20.8	0.8340242714043333
20.9	0.881810907046
21.	0.9984264690666667
21.1	1.1779304436543332
21.2	1.0606426286919999
21.3	0.7801200815987333
21.4	0.8330961631369999
21.5	1.0533923850833333
21.6	0.9410253372786667
21.7	0.8954944878413333
21.8	0.6588754420706666
21.9	0.5317821439503333
22.	0.745372996059
22.1	0.624019955662
22.2	0.5163583291241
22.3	0.6257131545703333
22.4	0.6517786301686667
22.5	0.5437757088016
22.6	0.5716872806916666
22.7	0.5254181303109999
22.8	0.579135062458
22.9	0.791137640299
23.	0.48851965354733334
23.1	0.35936790774466665
23.2	0.5334995365173333
23.3	0.5177058936346666
23.4	0.5192651150703333
23.5	0.4909857780986666
23.6	0.367498891552
23.7	0.40309890473916665
23.8	0.5199583322793999
23.9	0.27742595210366666
24.	0.3048546490126666
24.1	0.5127655264459999
24.2	0.348301174148
24.3	0.31906454631336667
24.4	0.2838621556843667
24.5	0.24310465770636663
24.6	0.40850829154766666
24.7	0.4297652542406666
24.8	0.2038345168206333
24.9	0.2520280707243999
25.	0.40620428097783334
25.1	0.2624419818793333
25.2	0.3457782923606666
25.3	0.3847362246283333
25.4	0.3136968466146667
25.5	0.4097125440096667
25.6	0.29074458781799994
25.7	0.1714847844943333
25.8	0.326138641784
25.9	0.3712548003963666
26.	0.14688176356186666
26.1	0.16083617566638
26.2	0.2218908138186
26.3	0.21707465480583332
26.4	0.3621352657122333
26.5	0.2378318279384333
26.6	0.1873377352115
26.7	0.3848878856795
26.8	0.36725433816575326
26.9	0.2417683026375
27.	0.30415670165966663
27.1	0.33775314001733336
27.2	0.2697204245318
27.3	0.3188461875865
27.4	0.20431104694276664
27.5	0.2340724050943333
27.6	0.44122939592266663
27.7	0.30785602078033336
27.8	0.21348367364549997
27.9	0.35005489192899997
28.	0.44321748181033327
28.1	0.4578499432246666
28.2	0.4687638654423333
28.3	0.34754285319053335
28.4	0.37784991980013327
28.5	0.5418090154016666
28.6	0.359802443382
28.7	0.28439880431346665
28.8	0.37723466534656663
28.9	0.32039363118086
29.	0.29212567583519333
29.1	0.3017805120549333
29.2	0.29350297960536664
29.3	0.427997905096
29.4	0.5647734962569999
29.5	0.39822824523466666
29.6	0.4222125994211666
29.7	0.6135391735763333
29.8	0.566389538961
29.9	0.5613775854423333
30.	0.531192277735
30.1	0.4524387715498999
30.2	0.5084075287222667
30.3	0.509700171211
30.4	0.3467048907493333
30.5	0.40733843361933336
30.6	0.5493742739787
30.7	0.4174001502299667
30.8	0.43193268792692663
30.9	0.5181915103565
31.	0.5509153227102666
31.1	0.6960875314439999
31.2	0.7041500285873333
31.3	0.6171388924516665
31.4	0.7260950258073332
31.5	0.803604645002
31.6	0.633568004985
31.7	0.6440497281369999
31.8	0.7009563773653333
31.9	0.587893009494
32.	0.5852348203439999
32.1	0.532121137058
32.2	0.5203287124063334
32.3	0.7053367939626667
32.4	0.7505979935426668
32.5	0.6239675805066667
32.6	0.7249772847856
32.7	0.8704127384818665
32.8	0.8048801121226666
32.9	0.837166284607
33.	0.8173347877069999
33.1	0.7552397823016667
33.2	0.8090222870393333
33.3	0.7062595277413333
33.4	0.5865689772593333
33.5	0.7114708307863333
33.6	0.7757792310573333
33.7	0.6135252852663333
33.8	0.6149571543203333
33.9	0.6894666303093333
34.	0.7212540370393332
34.1	0.8342545467223333
34.2	0.7691838568026667
34.3	0.6977497734409999
34.4	0.8153716016701333
34.5	0.8097386784952666
34.6	0.6649309786376667
34.7	0.6905172621440001
34.8	0.7168189232463332
34.9	0.588226751101
35.	0.5498939189039332
35.1	0.4765958951370667
35.2	0.46497830220799996
35.3	0.6082140882286666
35.4	0.5723134717613333
35.5	0.47659019939233327
35.6	0.5795403947326667
35.7	0.6681690959965333
35.8	0.6181123891966667
35.9	0.6636932346703333
36.	0.6702525491996667
36.1	0.6135444613311
36.2	0.6363888325254666
36.3	0.5234769562387667
36.4	0.4389523751631333
36.5	0.5184132530628666
36.6	0.4786530567637667
36.7	0.3322894913929
36.8	0.3488508469555667
36.9	0.3991331869894373
37.	0.37652383511136667
37.1	0.44150821385686667
37.2	0.43548738253686664
37.3	0.44978026855706665
37.4	0.5730386392926
37.5	0.5403525412269666
37.6	0.4710864798280666
37.7	0.5542337499240999
37.8	0.5750447257433333
37.9	0.44571005246836665
38.	0.4063191097705666
38.1	0.3757671801492333
38.2	0.3406570707333333
38.3	0.3841073296164
38.4	0.3001319564291666
38.5	0.25291252939034997
38.6	0.37484993283029994
38.7	0.40837953855069997
38.8	0.3442851354687
38.9	0.4097069265579667
39.	0.4817460152484
39.1	0.4538832653156
39.2	0.4709689342572333
39.3	0.4207541998088
39.4	0.4020818229866333
39.5	0.48760308158166665
39.6	0.4220708970513334
39.7	0.301379479919
39.8	0.33675833233249997
39.9	0.3692702060036666
40.	0.29733269499866666
40.1	0.3108886757706667
40.2	0.32094453512733334
40.3	0.3053494171826666
40.4	0.3664419490974667
40.5	0.3376514793582666
40.6	0.3280648040156666
40.7	0.4460065190909999
40.8	0.4673065737483333
40.9	0.3682150935823333
41.	0.37796569706099997
41.1	0.4110297789346667
41.2	0.360612036367
41.3	0.37046444764933334
41.4	0.33392705956166663
41.5	0.286774641239
41.6	0.32362763595666666
41.7	0.28623366395266664
41.8	0.23932830603166666
41.9	0.333262139197
42.	0.39590598308333336
42.1	0.31206763672500004
42.2	0.3054663191356667
42.3	0.3365338563936666
42.4	0.33309732645600004
42.5	0.3769294670263333
42.6	0.34538939103499994
42.7	0.29510113095900004
42.8	0.3311259290083333
42.9	0.31492364579366666
43.	0.225374188189
43.1	0.26240031560666666
43.2	0.32864356311233334
43.3	0.2667358995753333
43.4	0.23499957562566665
43.5	0.21553409302499998
43.6	0.21284826180366667
43.7	0.28154199974899996
43.8	0.2850507357136667
43.9	0.23105999950066664
44.	0.2625316170473333
44.1	0.2946587199919
44.2	0.21972868805186666
44.3	0.22341547650113336
44.4	0.26729050841933333
44.5	0.23628786723733333
44.6	0.21792707890566665
44.7	0.17385300011716667
44.8	0.13281324816236664
44.9	0.17226898889056666
45.	0.19650858271533334
45.1	0.13904398172533333
45.2	0.15260435786833332
45.3	0.19896395415139995
45.4	0.15015188775573332
45.5	0.15178469873899997
45.6	0.18630262007543333
45.7	0.18667762639436664
45.8	0.19803276053586666
45.9	0.18199822104628
46.	0.13758709271766134
46.1	0.15951483770730998
46.2	0.19147258941978998
46.3	0.1216399838171
46.4	0.11049470481073333
46.5	0.14937363903946665
46.6	0.11533224207497668
46.7	0.09600263837524332
46.8	0.09986688393557
46.9	0.1011693608972333
47.	0.13000490664186667
47.1	0.14940517940337333
47.2	0.10823469418455667
47.3	0.13463593950016664
47.4	0.2012052815689
47.5	0.15658203778823332
47.6	0.13263894154013334
47.7	0.16270954307059998
47.8	0.16159338191626665
47.9	0.15225176343116664
48.	0.14095454752949999
48.1	0.10444280898736666
48.2	0.10936384486683333
48.3	0.14197386868397
48.4	0.0907501295683
48.5	0.09199369074679999
48.6	0.16037856049029997
48.7	0.14754644133033332
48.8	0.1229187546745
48.9	0.14634468093086667
49.	0.16699457016910002
49.1	0.18780499771133333
49.2	0.2200010199246667
49.3	0.19051568261066665
49.4	0.18297826640866668
49.5	0.21873740110766665
49.6	0.167625295845
49.7	0.143105928587
49.8	0.19661186886766663
49.9	0.19545734703933332
50.	0.144340969806
50.1	0.13917315953646664
50.2	0.14337087457109998
50.3	0.156540173604
50.4	0.20955213521666666
50.5	0.19913198918933334
50.6	0.20146294162033332
50.7	0.25686688928133333
50.8	0.23322070764766667
50.9	0.19375056179933337
51.	0.250113340079
51.1	0.29572359666566667
51.2	0.2544604451603333
51.3	0.23221196034999997
51.4	0.20678005699466664
51.5	0.1888331437834
51.6	0.22510167865953334
51.7	0.20946926106096667
51.8	0.18500249144906666
51.9	0.22611830986893333
52.	0.22640646079263332
52.1	0.16280680956766666
52.2	0.19192642138280003
52.3	0.2647042945705
52.4	0.26300699008566664
52.5	0.2677416686026666
52.6	0.2582036568596666
52.7	0.23316317724766666
52.8	0.2523724972653333
52.9	0.25444805779376667
53.	0.22058308268563334
53.1	0.23875523135226664
53.2	0.25076067747086667
53.3	0.16495377508029999
53.4	0.14183913908943332
53.5	0.19181143979416665
53.6	0.1912373177687
53.7	0.1891489875752
53.8	0.20075416129753335
53.9	0.19053224948359998
54.	0.19161953897333334
54.1	0.2070211550511333
54.2	0.1823323651216333
54.3	0.20344409462329996
54.4	0.2524456382264
54.5	0.19217910619726666
54.6	0.13793246560609998
54.7	0.1653958569473
54.8	0.1701448427206
54.9	0.14159297626396666
55.	0.14819666055683334
55.1	0.14635522685253335
55.2	0.13009200586746666
55.3	0.1392793550232
55.4	0.10886893831873332
55.5	0.10712568438648332
55.6	0.16694878799749996
55.7	0.1601285915709
55.8	0.10860863544776667
55.9	0.12387672784546666
56.	0.14478261598803333
56.1	0.10696396744966666
56.2	0.10988365607713332
56.3	0.1240114850368
56.4	0.10773046549933332
56.5	0.10871690843756666
56.6	0.08693920217769999
56.7	0.06320429209317
56.8	0.09509307264949665
56.9	0.11516366393707334
57.	0.07387322526067566
57.1	0.08567210608716333
57.2	0.12510644749812
57.3	0.08766424982832667
57.4	0.06950168089212333
57.5	0.09139421443247667
57.6	0.09329107521704334
57.7	0.08979024388778667
57.8	0.08533579978374334
57.9	0.061295740328073334
58.	0.06981359215747333
58.1	0.09796577465189
58.2	0.061617142245426665
58.3	0.06119909173952766
58.4	0.11642682671157434
58.5	0.11007055126768966
58.6	0.07670706808139834
58.7	0.08502748026527998
58.8	0.09357916870273666
58.9	0.08527618392471667
59.	0.09734178031690333
59.1	0.08614813710107333
59.2	0.08176515978261334
59.3	0.10597308221009667
59.4	0.07850306467856333
59.5	0.05750121889492334
59.6	0.10210313928466333
59.7	0.12968066568565198
59.8	0.10774654977221133
59.9	0.11626567184914066
60.	0.12869213376064964
60.1	0.10980219395324332
60.2	0.11930504070220332
60.3	0.12602402176863334
60.4	0.12976910711513
60.5	0.14947435745603999
60.6	0.13155535851414335
60.7	0.08869466092407666
60.8	0.10230795156934333
60.9	0.13657880135200332
61.	0.12162567902002333
61.1	0.13206883765153565
61.2	0.15687666405057266
61.3	0.14463280025116199
61.4	0.1382707136016007
61.5	0.14401898314477765
61.6	0.156874892660118
61.7	0.18767349854052998
61.8	0.19993339904556665
61.9	0.15492641289098333
62.	0.13683851687678
62.1	0.15544586344300665
62.2	0.13777929921319332
62.3	0.13510132792943
62.4	0.15882186918910668
62.5	0.15910812787692333
62.6	0.14194458161065665
62.7	0.13638199158776065
62.8	0.13454289816616732
62.9	0.15784048367238332
63.	0.19854030616109
63.1	0.18427917425499998
63.2	0.1667012217085
63.3	0.17469241600485666
63.4	0.15509999819006332
63.5	0.13434002278110665
63.6	0.15276064837508666
63.7	0.16627776714306666
63.8	0.14573065975676663
63.9	0.13229294063827002
64.	0.11209489453173
64.1	0.10771358834372666
64.2	0.13758279172997334
64.3	0.1403181164817
64.4	0.13449420983277
64.5	0.15247953299946332
64.6	0.14885084115628333
64.7	0.11170209539107331
64.8	0.11687102058510668
64.9	0.1442454806637
65.	0.1382611740954
65.1	0.13099587972619997
65.2	0.11180014146056667
65.3	0.09102273031979999
65.4	0.09575032887096666
65.5	0.09657782987160002
65.6	0.08263385071149999
65.7	0.0995141313571
65.8	0.12022255978476666
65.9	0.08596154314753332
66.	0.0723960048166
66.1	0.09504937960069999
66.2	0.09805841649466665
66.3	0.09568733069053333
66.4	0.09759516404626667
66.5	0.08637765941673332
66.6	0.0744259616097
66.7	0.07449201429749999
66.8	0.05575429565203333
66.9	0.059272193787566665
67.	0.0874189001156
67.1	0.06912318459679999
67.2	0.047456592446833326
67.3	0.06505472718916666
67.4	0.0727719618334
67.5	0.05472431459833333
67.6	0.06327800366166667
67.7	0.07514958162053333
67.8	0.0637970146431
67.9	0.06181156279629999
68.	0.049489876667633326
68.1	0.0445985862091
68.2	0.06478851132229999
68.3	0.06284060191456665
68.4	0.036485332039633334
68.5	0.04634208333204333
68.6	0.06834159827859
68.7	0.045268135573683324
68.8	0.04105523890003333
68.9	0.06182313693865666
69.	0.0587279289579
69.1	0.05101424186636333
69.2	0.053741789301309996
69.3	0.05553357764960666
69.4	0.0619982367595
69.5	0.0731519014483
69.6	0.05645462997496667
69.7	0.053767850630399995
69.8	0.07624354080856666
69.9	0.0657619240593
70.	0.055223773414033325
70.1	0.0763316314826
70.2	0.08208248616129998
70.3	0.05600413524683333
70.4	0.05602188261673333
70.5	0.07102373927143332
70.6	0.06948112237359999
70.7	0.07761792595703332
70.8	0.08054055688833332
70.9	0.07958871912979999
71.	0.0889378172889
71.1	0.0912621372622
71.2	0.08411607223366666
71.3	0.10483531663243334
71.4	0.13250605488366665
71.5	0.111730087022
71.6	0.09613911060686667
71.7	0.10679840269463332
71.8	0.10192041712629998
71.9	0.0922171470922
72.	0.10425715743866666
72.1	0.11507314942773333
72.2	0.10582900620119998
72.3	0.10445848572963334
72.4	0.10134175785840001
72.5	0.10817556864683334
72.6	0.1355673167264
72.7	0.1447665228383
72.8	0.1411110922497333
72.9	0.14920102924509998
73.	0.14875614879466664
73.1	0.12243664257256666
73.2	0.12708331048823332
73.3	0.15478610965699996
73.4	0.14694542426243332
73.5	0.13253319315149997
73.6	0.1322803344379
73.7	0.12743832178623332
73.8	0.11887900186863332
73.9	0.12854019638783332
74.	0.1404131365282333
74.1	0.1502253462125333
74.2	0.16091678119166666
74.3	0.140499111694
74.4	0.12625528989543333
74.5	0.14515117556799997
74.6	0.15246706696033333
74.7	0.1386072859481
74.8	0.14694337801176666
74.9	0.15613715942166664
75.	0.12643242521876666
75.1	0.11516061493249999
75.2	0.13059852935633331
75.3	0.13733266474866668
75.4	0.14318395379013332
75.5	0.14875310862693333
75.6	0.14222563872799998
75.7	0.13590189529949998
75.8	0.13630356215599998
75.9	0.11889302636953332
76.	0.12122374983093334
76.1	0.14388126986666666
76.2	0.12502308924966665
76.3	0.09671796634043331
76.4	0.10458758372183333
76.5	0.11101256531796666
76.6	0.09414204673666667
76.7	0.10460570047806667
76.8	0.12642757439733332
76.9	0.12387084392166665
77.	0.12174195577066667
77.1	0.11367210078669998
77.2	0.10645120353526667
77.3	0.11736876574796665
77.4	0.12120129137286667
77.5	0.10206290456096664
77.6	0.10270847596183333
77.7	0.11294903475046665
77.8	0.08351649031576666
77.9	0.06961616932403332
78.	0.08973802168726666
78.1	0.09144035889229998
78.2	0.08037305625266666
78.3	0.08774392503436665
78.4	0.09201998579493333
78.5	0.08085209676563332
78.6	0.081212289268
78.7	0.07704609852469999
78.8	0.07893586186929999
78.9	0.09490645131443333
79.	0.08591691634796667
79.1	0.06821273317416666
79.2	0.0776663913842
79.3	0.08498879915596666
79.4	0.0638768672903
79.5	0.06771150558456666
79.6	0.08988478500443334
79.7	0.08341476817226667
79.8	0.07310630236346667
79.9	0.06987344879516666
80.	0.0635336155375
80.1	0.05903527114926666
80.2	0.060589937701433325
80.3	0.054679814954533335
80.4	0.057094326520999994
80.5	0.06831721321213333
80.6	0.054143821927966664
80.7	0.04726738896643333
80.8	0.0641871035331
80.9	0.07156989675893334
81.	0.06801779119063334
81.1	0.07811254266253333
81.2	0.08463678479569998
81.3	0.0682653709828
81.4	0.0595773467578
81.5	0.05621133177036667
81.6	0.055517354744466674
81.7	0.06237167455603333
81.8	0.06164013323183333
81.9	0.0562576653892
82.	0.0579257061747
82.1	0.060654432820899995
82.2	0.05185706998013666
82.3	0.05934469691652999
82.4	0.07846083604573334
82.5	0.080589960099
82.6	0.07628826264574666
82.7	0.0703015999618
82.8	0.06446324631549999
82.9	0.06163464535393333
83.	0.0669570639784
83.1	0.07180258155225666
83.2	0.07779688436889333
83.3	0.0847121300255
83.4	0.07634223042977334
83.5	0.07162618620723167
83.6	0.07668344293606666
83.7	0.0845923644711
83.8	0.09266414547856666
83.9	0.09782710665892
84.	0.09452362182351666
84.1	0.08263498242424999
84.2	0.07592076780146667
84.3	0.06881499076985666
84.4	0.07343671688939665
84.5	0.0886686834223
84.6	0.09335276294586667
84.7	0.09322972021007665
84.8	0.09533407305609999
84.9	0.09793756432463332
85.	0.09832719917841999
85.1	0.11050824743543333
85.2	0.12371805087556666
85.3	0.1273222856762
85.4	0.125273693682
85.5	0.10707680626016665
85.6	0.09238045766858
85.7	0.09484573805996666
85.8	0.09971618835763332
85.9	0.09780099428356333
86.	0.10674678080756667
86.1	0.11750993991126668
86.2	0.10601897872259998
86.3	0.1014216783644
86.4	0.11118726493823333
86.5	0.12187852249166667
86.6	0.13171065109949998
86.7	0.13589146755256665
86.8	0.128438044713
86.9	0.11858347922456665
87.	0.11544309030700001
87.1	0.10443477128300001
87.2	0.10887895826406668
87.3	0.13027413418769998
87.4	0.13030275822850002
87.5	0.11932936618526666
87.6	0.12221688822176666
87.7	0.12433793562136666
87.8	0.113092500319
87.9	0.12013939220663333
88.	0.13475551869813332
88.1	0.13139735317329998
88.2	0.12303502756306667
88.3	0.10925553880966667
88.4	0.09827195836663333
88.5	0.10182402165586665
88.6	0.10934397584569999
88.7	0.10659420735103332
88.8	0.11604254395659999
88.9	0.13102783846906665
89.	0.11620869557983333
89.1	0.1069321700425
89.2	0.12240563996599998
89.3	0.1303233257056
89.4	0.12408311327173334
89.5	0.12570812752233332
89.6	0.12308192447236666
89.7	0.10416634380306666
89.8	0.09491796841523333
89.9	0.09007031321589999
90.	0.09091696210923333
90.1	0.10220676584373334
90.2	0.10297551647576667
90.3	0.0940691142345
90.4	0.0965248771426
90.5	0.10107690077166666
90.6	0.08734143579216666
90.7	0.0905668248588
90.8	0.1088029859762
90.9	0.1031493871721
91.	0.08943998379056667
91.1	0.08834890851279999
91.2	0.08832805400486667
91.3	0.08191648381396666
91.4	0.0860779382648
91.5	0.09104475129916667
91.6	0.09263812361773334
91.7	0.09630178338726667
91.8	0.08590454009356666
91.9	0.07659575524046666
92.	0.0819732963876
92.1	0.08497489889516666
92.2	0.07527136016479999
92.3	0.07530243827346667
92.4	0.0794452095189
92.5	0.06449001614439999
92.6	0.056472811702933334
92.7	0.06128685223946667
92.8	0.06315551832606667
92.9	0.06231311636283333
93.	0.06623666652636667
93.1	0.06875365855533333
93.2	0.06631794514963332
93.3	0.06785706710856666
93.4	0.06419817626459999
93.5	0.06564511168936998
93.6	0.07288070464613333
93.7	0.0688116978578
93.8	0.060299745275120005
93.9	0.059781739600116665
94.	0.06172082539448333
94.1	0.05392412722906667
94.2	0.05337143527728333
94.3	0.05779728646433333
94.4	0.05586158218652333
94.5	0.053977484519853326
94.6	0.05052248076840666
94.7	0.04844616000800332
94.8	0.04797565781532333
94.9	0.04977999140076332
95.	0.04741884817144666
95.1	0.046553101817849996
95.2	0.04955185718192666
95.3	0.046104727134999995
95.4	0.046507852641692334
95.5	0.049250610556206664
95.6	0.05027939695025999
95.7	0.04940490400012
95.8	0.04977661842404667
95.9	0.05053891108977
96.	0.04971906696470667
96.1	0.05315475584514666
96.2	0.052112567845756665
96.3	0.05323232291500166
96.4	0.055865189141066654
96.5	0.05078181996551333
96.6	0.044694862169476664
96.7	0.0440022341553
96.8	0.046203261023166665
96.9	0.04202266582619666
97.	0.04141347924615332
97.1	0.04162883197653666
97.2	0.040127189047566666
97.3	0.04246481709856666
97.4	0.04176574948071
97.5	0.044300869217916664
97.6	0.052342831655000005
97.7	0.0578066434487
97.8	0.05205562670662667
97.9	0.05068485586749
98.	0.0559601017732
98.1	0.050694182377933335
98.2	0.05001365230377
98.3	0.0571231101025
98.4	0.05895274286636666
98.5	0.05321643539156666
98.6	0.051723117886566666
98.7	0.05195010273583334
98.8	0.04916027447703333
98.9	0.05365115264846666
99.	0.054997285506433326
99.1	0.056330518031666665
99.2	0.05967380469939999
99.3	0.0525528835951
99.4	0.04107288308946667
99.5	0.04338544061353333
99.6	0.051951503309833336
99.7	0.04540933758573333
99.8	0.04731729722503333
99.9	0.059565309954799986
100.	0.05753793573156666
100.1	0.051452764027533335
100.2	0.05723731848289999
100.3	0.06660002005893333
100.4	0.06820114471326666
100.5	0.07261133434523333
100.6	0.0711736114948
100.7	0.06341362168986667
100.8	0.0599558038001
100.9	0.0517423484812
101.	0.047779970901033336
101.1	0.05663836348736667
101.2	0.06333142207959999
101.3	0.055065616118933326
101.4	0.055668257637166665
101.5	0.06345397195296666
101.6	0.052842458312066666
101.7	0.048552597555333324
101.8	0.06180583385976666
101.9	0.06778964696853333
102.	0.05883952500336666
102.1	0.05597539509413333
102.2	0.05612397833133333
102.3	0.049744805926
102.4	0.05224899282646667
102.5	0.05733327627809999
102.6	0.06418150237126666
102.7	0.07379315955413333
102.8	0.0735190527805
102.9	0.06358550843403334
103.	0.06253498100816665
103.1	0.06820967654006667
103.2	0.05944601976846667
103.3	0.058562873433600005
103.4	0.06785048891829999
103.5	0.05955084780376666
103.6	0.04381708806963334
103.7	0.04399797196983333
103.8	0.04997355983309999
103.9	0.046609549560099994
104.	0.0544062231798
104.1	0.06686452104903333
104.2	0.06767310622526665
104.3	0.0640378853299
104.4	0.05802646436106666
104.5	0.0543579019986
104.6	0.05698280638693333
104.7	0.06201982616403334
104.8	0.057305481083
104.9	0.05666256150086666
105.	0.061727741404399995
105.1	0.05190080262213333
105.2	0.04537065422626666
105.3	0.05574211259779999
105.4	0.06511612917816667
105.5	0.061672756609099995
105.6	0.06363694248573333
105.7	0.06560186432413333
105.8	0.051109515797500005
105.9	0.041602784555366666
106.	0.043003695409666656
106.1	0.046253085820866666
106.2	0.0480713313441
106.3	0.05176081475323333
106.4	0.05292561565613333
106.5	0.0513932654008
106.6	0.05368678564933333
106.7	0.051426610052800005
106.8	0.05591022446576667
106.9	0.06754768488623333
107.	0.06815900009869999
107.1	0.058018841613819996
107.2	0.05241733729596666
107.3	0.050266914841233336
107.4	0.039258792973319995
107.5	0.039008640909686663
107.6	0.04968520941013333
107.7	0.053176922062333334
107.8	0.05156896983603666
107.9	0.05171364867177333
108.	0.051084372131499994
108.1	0.04532078702755333
108.2	0.04749493405342667
108.3	0.05253800643091666
108.4	0.05430244825883333
108.5	0.053894230761566665
108.6	0.04690262565227333
108.7	0.04064306438834333
108.8	0.0396471692357
108.9	0.043946050707100004
109.	0.04698671676552666
109.1	0.05598902422773666
109.2	0.06688104218443333
109.3	0.06317227831644333
109.4	0.05557711497302399
109.5	0.05230078373595333
109.6	0.050914872896466665
109.7	0.04672477072965667
109.8	0.048159545722043326
109.9	0.051328132491599995
110.	0.045255428293410005
110.1	0.04018537910266
110.2	0.03792889985292
110.3	0.03930805394005667
110.4	0.043406596945880005
110.5	0.051956772702483334
110.6	0.05964134412358666
110.7	0.05994360306754666
110.8	0.05697721597673
110.9	0.04844484118219333
111.	0.0445957200389
111.1	0.047211108767616666
111.2	0.051052322992413336
111.3	0.054261414569963334
111.4	0.05775970615614666
111.5	0.060658628446633334
111.6	0.05455114691545333
111.7	0.05174135226924809
111.8	0.05518948044632
111.9	0.05864758383795
112.	0.06050912990152566
112.1	0.060361255627493324
112.2	0.0566552682216
112.3	0.04434738575744666
112.4	0.03673758722560667
112.5	0.03558273624667667
112.6	0.03782466075287
112.7	0.04403146512952333
112.8	0.0512190656931
112.9	0.05730490925634333
113.	0.056379564728296666
113.1	0.05506234155659666
113.2	0.05369206310474334
113.3	0.056162902708000007
113.4	0.06233258668843
113.5	0.06322169191179333
113.6	0.061219489853683334
113.7	0.05695246101846666
113.8	0.05293563743869334
113.9	0.046848541147971996
114.	0.04768115149088133
114.1	0.05604451597803334
114.2	0.06001693667138667
114.3	0.06207285294467183
114.4	0.060622635020349994
114.5	0.05412100802663333
114.6	0.042193571212805994
114.7	0.03713356193603
114.8	0.03947865337203333
114.9	0.03953014849946333
115.	0.04192181232331667
115.1	0.043948603763766664
115.2	0.04493407087575
115.3	0.043348137389309996
115.4	0.04455994963889999
115.5	0.04970023037666333
115.6	0.05650894350551999
115.7	0.06489266825151332
115.8	0.06403258223996333
115.9	0.059480494680606656
116.	0.05464449344906333
116.1	0.04873247066846666
116.2	0.044150521587252
116.3	0.04672366561972666
116.4	0.054727789207499995
116.5	0.05452039284743
116.6	0.054461805969342005
116.7	0.054478751042133323
116.8	0.0481681181823
116.9	0.04072361613922
117.	0.04063901449189333
117.1	0.044961015568100005
117.2	0.04171429547168999
117.3	0.03942545969856333
117.4	0.03721113533815666
117.5	0.033488346855973336
117.6	0.03267978692313333
117.7	0.03567691317361334
117.8	0.044022674107159994
117.9	0.05330581514287
118.	0.061806116420900004
118.1	0.060344427741949994
118.2	0.05583367102417666
118.3	0.05363949336076666
118.4	0.04720714744358667
118.5	0.04419205104913333
118.6	0.047873133165233325
118.7	0.0517762544274
118.8	0.04660832298525667
118.9	0.04433807826963333
119.	0.04514075763026666
119.1	0.03776074349194
119.2	0.033864967889963335
119.3	0.03765146501193667
119.4	0.041269334549999995
119.5	0.03637283964478333
119.6	0.03214424684812334
119.7	0.02921240933396667
119.8	0.023776814885976667
119.9	0.024191805803766665
120.	0.02715852827478
120.1	0.03385705681527333
120.2	0.04150669754263333
120.3	0.04579199899426667
120.4	0.043437497960529994
120.5	0.04050844048270333
120.6	0.0412742028205
120.7	0.03591911130219667
120.8	0.03510248119357333
120.9	0.03962177704986666
121.	0.03784609018273333
121.1	0.029910862772256665
121.2	0.027637812853966666
121.3	0.029043482909933332
121.4	0.021716703504246666
121.5	0.021083980513903332
121.6	0.027739815608166664
121.7	0.0290483741695
121.8	0.024330735983846666
121.9	0.02052806490501
122.	0.018270059379056666
122.1	0.012688448358803334
122.2	0.013127730082666666
122.3	0.015403230779333333
122.4	0.01900276127073333
122.5	0.025020838432966666
122.6	0.02683591637213333
122.7	0.02657192201728667
122.8	0.027230332407933336
122.9	0.02964735302553333
123.	0.026433647469056666
123.1	0.027895569689876668
123.2	0.0333841883406
123.3	0.028595527213066664
123.4	0.022612131860556665
123.5	0.023129107736166665
123.6	0.023803883113816666
123.7	0.01653815999698333
123.8	0.01652759634896333
123.9	0.022596402833066666
124.	0.0200187646075
124.1	0.016024054621366666
124.2	0.013963002370653333
124.3	0.012312966872266665
124.4	0.008229777945433333
124.5	0.008954100674126667
124.6	0.011584794015793334
124.7	0.01255097463098
124.8	0.016502010595399998
124.9	0.016474765266596667
125.	0.01683354932591
125.1	0.018829632049619998
125.2	0.020036819930923332
125.3	0.01904316941893667
125.4	0.021780023947696667
125.5	0.026402983370766662
125.6	0.019813634330183336
125.7	0.015550413633346666
125.8	0.0173775669029
125.9	0.015414913726359
126.	0.009328929606883333
126.1	0.009970064651753333
126.2	0.01482160588822
126.3	0.010353896130040001
126.4	0.00807462158741
126.5	0.008619259321613334
126.6	0.00681038851371
126.7	0.004567096126996666
126.8	0.005255864422959999
126.9	0.007190658045149999
127.	0.005185443657803332
127.1	0.006325389310099999
127.2	0.0059266153825433335
127.3	0.00648197999116
127.4	0.009643324370286333
127.5	0.009903602144836666
127.6	0.01104719499352
127.7	0.014673310688803332
127.8	0.0180412112542
127.9	0.012876330459019997
128.	0.012226841066586665
128.1	0.017558624600249997
128.2	0.015432242772776664
128.3	0.012283683027941333
128.4	0.014170125155263332
128.5	0.016616271390173333
128.6	0.011023458841223334
128.7	0.009688300024253334
128.8	0.012267855667170001
128.9	0.00940368020838
129.	0.008597238724403333
129.1	0.009980226775993334
129.2	0.010773222357213334
129.3	0.007231839919819999
129.4	0.006400322170223333
129.5	0.006716317260638333
129.6	0.006677396205700334
129.7	0.01007354901456
129.8	0.010061244627486665
129.9	0.012680440693099999
130.	0.017638497550433334
130.1	0.019274307929066665
130.2	0.01532521852704
130.3	0.015656730209473328
130.4	0.02072716537208
130.5	0.01610720124488
130.6	0.01355883994612
130.7	0.016620640384013334
130.8	0.01594429166308333
130.9	0.010049566226516666
131.	0.010077648029563332
131.1	0.014008633273193332
131.2	0.00936591231634
131.3	0.00931645008822
131.4	0.013301965398466665
131.5	0.012503210536143334
131.6	0.0073639408569699995
131.7	0.005281309775233334
131.8	0.006382136739323333
131.9	0.004300762912656666
132.	0.00614506852057
132.1	0.007360896301323333
132.2	0.009950458759156667
132.3	0.014101459261953333
132.4	0.01332845191086333
132.5	0.011018156701396666
132.6	0.0122096821822
132.7	0.016821407179233333
132.8	0.013787630969703334
132.9	0.014608180238046668
133.	0.020849903065633335
133.1	0.018447582561733334
133.2	0.014427924735586664
133.3	0.01789902065695
133.4	0.022367042692713335
133.5	0.016485014214269997
133.6	0.017923892907446663
133.7	0.02559426227793333
133.8	0.021154447515066666
133.9	0.013433195638016666
134.	0.012589207955606665
134.1	0.01352799497717
134.2	0.006985154133656667
134.3	0.0070209980439233325
134.4	0.012431676772376667
134.5	0.013025303425383331
134.6	0.014356153821169998
134.7	0.015250023724153332
134.8	0.015480303420443334
134.9	0.013419616181166667
135.	0.014282543280289998
135.1	0.014382905366866665
135.2	0.014980124953233332
135.3	0.019053276310333333
135.4	0.016596973918566665
135.5	0.0160020566289
135.6	0.019774957977133332
135.7	0.020372422805166664
135.8	0.0146670441248
135.9	0.0168795896573
136.	0.024746807827433333
136.1	0.018004316533666666
136.2	0.01237068849776
136.3	0.016078303838873334
136.4	0.015399625905453332
136.5	0.006573835844816666
136.6	0.008285330646596666
136.7	0.017169156301099997
136.8	0.012752153759043334
136.9	0.01157199110077
137.	0.017698401555229996
137.1	0.016566491548533333
137.2	0.007665583306836666
137.3	0.0080773964867
137.4	0.01426282619628
137.5	0.010417114227603334
137.6	0.010450913412403333
137.7	0.0151833756417
137.8	0.0175862523516
137.9	0.0165570135554
138.	0.017096021971133333
138.1	0.019531550696926664
138.2	0.020093762434966665
138.3	0.023921528073933333
138.4	0.022426331679933333
138.5	0.0206894148856
138.6	0.02175904910834333
138.7	0.01867670858901333
138.8	0.014640681487546667
138.9	0.016180935818536666
139.	0.020965594164693336
139.1	0.015588556014033333
139.2	0.015756473754699997
139.3	0.022547960804550002
139.4	0.016893517356063332
139.5	0.00728135686028
139.6	0.009732032632963333
139.7	0.015343524826023332
139.8	0.006434451638986666
139.9	0.006202487557656665
140.	0.017303296805213333
140.1	0.01609570305118
140.2	0.01006269539772
140.3	0.014286995365113334
140.4	0.019442972218653334
140.5	0.010987087661789999
140.6	0.011396258199666666
140.7	0.020192063949033334
140.8	0.017437289730533333
140.9	0.01242552210931
141.	0.01587617465852
141.1	0.02049281392388333
141.2	0.015025307284513331
141.3	0.015673624829789998
141.4	0.021602371506499997
141.5	0.022328743735333334
141.6	0.022191918799966667
141.7	0.020605721044466667
141.8	0.01906043089811333
141.9	0.015466737309003333
142.	0.014923096028926667
142.1	0.013098197585476666
142.2	0.012996699504606666
142.3	0.017982237587633336
142.4	0.016621733453033333
142.5	0.015802265162283332
142.6	0.01796769604877667
142.7	0.017917218060666668
142.8	0.01154824978683
142.9	0.01334078594117
143.	0.021849620724666664
143.1	0.016784129280446668
143.2	0.014073196317263332
143.3	0.022050625377266667
143.4	0.025520801804
143.5	0.017172486986666666
143.6	0.019031264580846665
143.7	0.029402061869133335
143.8	0.023720263865933334
143.9	0.019384725422106668
144.	0.0250197396239
144.1	0.024255086777233332
144.2	0.012401006082699999
144.3	0.012569152340676668
144.4	0.02082570595496
144.5	0.014091663369513334
144.6	0.011770416838020001
144.7	0.02057835053733
144.8	0.02347694009133333
144.9	0.014233911722263334
145.	0.012066920386673334
145.1	0.016096294721496665
145.2	0.009649661288663333
145.3	0.007764573123983334
145.4	0.012720737171206666
145.5	0.016359504777343332
145.6	0.015335613865986666
145.7	0.017853390635636665
145.8	0.0212890273796
145.9	0.01710639522833333
146.	0.017054878207166668
146.1	0.01830969026633333
146.2	0.020517895106799997
146.3	0.021839623519333332
146.4	0.02190194205136666
146.5	0.0221482110161
146.6	0.022437061386733334
146.7	0.025381678127766663
146.8	0.021267777823233334
146.9	0.021669199481866665
147.	0.028072760642866665
147.1	0.027968842103333336
147.2	0.02272464661283333
147.3	0.021470124129299998
147.4	0.02332748285073333
147.5	0.013814119835433333
147.6	0.011452126978746667
147.7	0.019358790956200002
147.8	0.019681656567066667
147.9	0.017029718691006668
148.	0.0238373227411
148.1	0.030687907059733333
148.2	0.018496940743066667
148.3	0.013127607062963332
148.4	0.020072369123933332
148.5	0.017219608845399997
148.6	0.010766571385250001
148.7	0.018087682442766664
148.8	0.029779358201166665
148.9	0.023803040113966667
149.	0.022833371243240003
149.1	0.029731790436399997
149.2	0.024319600578566664
149.3	0.015496278851153332
149.4	0.019384202953133332
149.5	0.0268108468471
149.6	0.019177962069766664
149.7	0.01952748448523333
149.8	0.0287887205832
149.9	0.026923688131633334
150.	0.020157155295766664
150.1	0.021785074401933335
150.2	0.027672134706599995
150.3	0.022353383810966663
150.4	0.021978993936666663
150.5	0.0256572342038
150.6	0.02247470177606667
150.7	0.018870570825933332
150.8	0.019712260333333332
150.9	0.023586538726833334
151.	0.021741943718933333
151.1	0.025870519832066664
151.2	0.03146692473763333
151.3	0.032162289469199995
151.4	0.030916447238099998
151.5	0.02617330590013333
151.6	0.024206395460033336
151.7	0.022401864423966664
151.8	0.02404678918143333
151.9	0.023875910912466665
152.	0.027820562375933333
152.1	0.03641218870126667
152.2	0.0345620099671
152.3	0.03022356172013333
152.4	0.02756094833103333
152.5	0.02502457639403333
152.6	0.016175467333899997
152.7	0.0158046673913
152.8	0.024585666300966664
152.9	0.02288615257233333
153.	0.023651929800939997
153.1	0.03141610692349334
153.2	0.03334454584063
153.3	0.020742635037386666
153.4	0.0182014338688
153.5	0.026626187927233334
153.6	0.020268770665266667
153.7	0.01640353539029
153.8	0.025849508795866664
153.9	0.03296022078856666
154.	0.02496434401776
154.1	0.026388118076633334
154.2	0.036394468564933335
154.3	0.0288420975547
154.4	0.02445240454617667
154.5	0.0337158028428
154.6	0.037924497016199994
154.7	0.02597405700628333
154.8	0.0264035136058
154.9	0.0372863460987
155.	0.029436217447233334
155.1	0.023510285427326666
155.2	0.032080679987799995
155.3	0.038739107947566666
155.4	0.030210581907799995
155.5	0.02975989669413333
155.6	0.035558082808866666
155.7	0.0241058474352
155.8	0.016331891928133335
155.9	0.021059053986599997
156.	0.0253869975275
156.1	0.0204869379158
156.2	0.026899321378599995
156.3	0.039641577844699995
156.4	0.034406913965366666
156.5	0.027272538468733332
156.6	0.02529237904856666
156.7	0.023948341280166666
156.8	0.017017418350366666
156.9	0.0190663237952
157.	0.029001293647933333
157.1	0.031998529611933335
157.2	0.037412808239733336
157.3	0.039792637982366666
157.4	0.03767369463773333
157.5	0.0293385709693
157.6	0.024802763032833332
157.7	0.025056212778533333
157.8	0.023901149858
157.9	0.029100828808500002
158.	0.031979061436066665
158.1	0.03727254347803333
158.2	0.039785995501999995
158.3	0.0360090811614
158.4	0.028913386099466663
158.5	0.024551893291066666
158.6	0.027576879800366664
158.7	0.0223076092498
158.8	0.02270767360973333
158.9	0.029763277706766667
159.	0.0318688442351
159.1	0.028226721868766666
159.2	0.028187285140866665
159.3	0.03260917204553333
159.4	0.023449260182799997
159.5	0.022880589598966664
159.6	0.03216577727683333
159.7	0.031453193403699994
159.8	0.0235414129274
159.9	0.026883884518666665
160.	0.0364355645228
160.1	0.025295107022966667
160.2	0.021998610800833332
160.3	0.03360713486833333
160.4	0.03541758927893333
160.5	0.027340804979863333
160.6	0.03012142695793333
160.7	0.03752204591293333
160.8	0.022136584589899998
160.9	0.017124188910673334
161.	0.028464618906166667
161.1	0.027786088645600004
161.2	0.019414100446263332
161.3	0.029011008871733333
161.4	0.044227769048499996
161.5	0.02978124302033333
161.6	0.02106868492109
161.7	0.02834924924983
161.8	0.023764405358709998
161.9	0.01098565283362
162.	0.017241917066316663
162.1	0.03385864086823333
162.2	0.027317138520466664
162.3	0.029057679099276663
162.4	0.041487780382133334
162.5	0.0351451183962
162.6	0.017386725133346666
162.7	0.017818879413899997
162.8	0.028838110624966665
162.9	0.018399382822066664
163.	0.020354203360473333
163.1	0.0389473852909
163.2	0.044015349352333324
163.3	0.034683129788866666
163.4	0.03328590288646666
163.5	0.036828108075000004
163.6	0.02013230655193333
163.7	0.015723820389799997
163.8	0.02602756129923333
163.9	0.02809771893376667
164.	0.0248742969791
164.1	0.03292970219813333
164.2	0.043847990614099996
164.3	0.029647945442566666
164.4	0.02105968897883333
164.5	0.02325319704779333
164.6	0.020309583127229996
164.7	0.01396523885844
164.8	0.01726160520322
164.9	0.02925392097974333
165.	0.026552517992583333
165.1	0.028932144607593333
165.2	0.031767700346466664
165.3	0.026023732168036665
165.4	0.01830522941913
165.5	0.017234472741756664
165.6	0.023454574041619998
165.7	0.018733325806566666
165.8	0.022178746524799998
165.9	0.028473468655399993
166.	0.031608211061166666
166.1	0.03081507497273333
166.2	0.026335251279666662
166.3	0.027535789211933337
166.4	0.02424166553733333
166.5	0.0273369209578
166.6	0.026051371904233334
166.7	0.025928188010499998
166.8	0.03035246063083333
166.9	0.030032390214799996
167.	0.031592926545466665
167.1	0.02805946650743333
167.2	0.0296152530717
167.3	0.025461733437366664
167.4	0.025882483401299995
167.5	0.029990939971933334
167.6	0.023332985680033336
167.7	0.021726806224933337
167.8	0.02366597855446667
167.9	0.028793371835196663
168.	0.019773764714613333
168.1	0.018382530462196664
168.2	0.028028297289343335
168.3	0.024796160666276663
168.4	0.021911308418870002
168.5	0.022037681606676664
168.6	0.025965836202066665
168.7	0.01576835577230333
168.8	0.015921659330683333
168.9	0.025951669281286664
169.	0.019203712875093332
169.1	0.01772262754076333
169.2	0.026721847498816665
169.3	0.035732031878526666
169.4	0.020265875140216664
169.5	0.015936578123899998
169.6	0.02727496197613333
169.7	0.019698518431466666
169.8	0.013795442292999999
169.9	0.0209407847645
170.	0.034101091485699994
170.1	0.025539591841466664
170.2	0.0285377379622
170.3	0.041417378535966665
170.4	0.0272861591815
170.5	0.01629168949411
170.6	0.023415894509133332
170.7	0.03383172778396667
170.8	0.017268063759433332
170.9	0.020636931418866668
171.	0.04477201777673333
171.1	0.038823721749233334
171.2	0.02676062618313333
171.3	0.028197643106199995
171.4	0.03355229944413333
171.5	0.011434319897206665
171.6	0.009952296336306666
171.7	0.029449052019056666
171.8	0.021831855332596663
171.9	0.018519548358596667
172.	0.03407679562411333
172.1	0.04568136933568
172.2	0.01700441029259
172.3	0.008956380091063332
172.4	0.026796578696293333
172.5	0.014807095094406664
172.6	0.004254571082006666
172.7	0.017980508646009998
172.8	0.039903776422639994
172.9	0.02524673285350333
173.	0.02568124820467
173.1	0.04124039744614333
173.2	0.020175155370436668
173.3	0.003846563454516667
173.4	0.014113299306993331
173.5	0.03026279068825666
173.6	0.008978114731573334
173.7	0.016598179490813332
173.8	0.05143525774663333
173.9	0.04260039015143333
174.	0.024389337776181665
174.1	0.0260798779775
174.2	0.037335615332106664
174.3	0.010020461643920332
174.4	0.009611812762897666
174.5	0.03746185144031
174.6	0.029952488878999997
174.7	0.027086060090080997
174.8	0.04418637694816666
174.9	0.057329626429666665
175.	0.016950825850376664
175.1	0.007425229892546667
175.2	0.03284456153127623
175.3	0.01711996138631433
175.4	0.0033075484944189997
175.5	0.019410740982816664
175.6	0.051367174853496664
175.7	0.03045684683685
175.8	0.027685154015466663
175.9	0.046111643498353325
176.	0.020050262983763334
176.1	0.0037854003692819665
176.2	0.014808688343283334
176.3	0.037070681216403334
176.4	0.00709715331725
176.5	0.018516251369066664
176.6	0.06460973146855
176.7	0.04775465173323666
176.8	0.02147560401655333
176.9	0.019439543772266664
177.	0.043000399377950665
177.1	0.007245094523826665
177.2	0.0071476632770999995
177.3	0.04733525030160666
177.4	0.04026487942313333
177.5	0.04524373406087
177.6	0.06273935782903334
177.7	0.08366095917046665
177.8	0.02250185287769333
177.9	0.016124330139772
178.	0.06159235464519332
178.1	0.03462109930775333
178.2	0.017251227913476667
178.3	0.03369693665576667
178.4	0.09863223802396666
178.5	0.05820498344490999
178.6	0.04471378404742
178.7	0.06974968386206666
178.8	0.023076800794955336
178.9	0.021343433601916668
179.	0.02578057975701333
179.1	0.08374466818786999
179.2	0.019140604901506666
179.3	0.07496605574913333
179.4	0.2121994596553
179.5	0.1479270333817
179.6	0.11400861223773331
179.7	0.05146118877450999
179.8	0.34994018405483335
179.9	0.3220854055008333
180.	1.2455698133711666