# O+CO(0,0) elastic diff. cross section
# E = 0.00015 eV
# angle, CS (1e-16 cm^2)
0.1	18760.486430313333
0.2	18748.751207321664
0.3	18729.20621269333
0.4	18701.87199109033
0.5	18666.777262937998
0.6	18623.958882811334
0.7	18573.461785524334
0.8	18515.338920839997
0.9	18449.651176417996
1.	18376.467289088665
1.1	18295.863745167662
1.2	18207.924669310665
1.3	18112.74170245933
1.4	18010.41386916033
1.5	17901.047434129334
1.6	17784.755748793334
1.7	17661.659087552332
1.8	17531.884474626666
1.9	17395.565501143665
2.	17252.84213342933
2.1	17103.860512206666
2.2	16948.772743587
2.3	16787.736682041
2.4	16620.91570525
2.5	16448.478482307997
2.6	16270.598734258332
2.7	16087.454988830666
2.8	15899.230328514666
2.9	15706.112133287332
3.	15508.291818086334
3.1	15305.964565339333
3.2	15099.32905335
3.3	14888.587180728
3.4	14673.943787372998
3.5	14455.606372533002
3.6	14233.784810460333
3.7	14008.691064005001
3.8	13780.538896620332
3.9	13549.543583434668
4.	13315.921621639334
4.1	13079.890440926669
4.2	12841.668113969332
4.3	12601.473068187335
4.4	12359.523798437667
4.5	12116.038581649998
4.6	11871.235193558667
4.7	11625.330628256
4.8	11378.540820756
4.9	11131.080373028999
5.	10883.162284086666
5.1	10634.997684572332
5.2	10386.795575804
5.3	10138.762574335666
5.4	9891.102661847333
5.5	9644.016941144999
5.6	9397.703398331
5.7	9152.356671701333
5.8	8908.167827546
5.9	8665.324143149333
6.	8424.008897765667
6.1	8184.401171005001
6.2	7946.675649515333
6.3	7711.002442303665
6.4	7477.546904367333
6.5	7246.469469427332
6.6	7017.925491448665
6.7	6792.065095810667
6.8	6569.033039483999
6.9	6348.968581083667
7.	6132.005360322667
7.1	5918.271287734666
7.2	5707.888443690334
7.3	5500.972987924
7.4	5297.635078899
7.5	5097.978803148333
7.6	4902.102114887333
7.7	4710.096785701667
7.8	4522.048364214333
7.9	4338.036145938666
8.	4158.133153174666
8.1	3982.4061245343332
8.2	3810.915514788333
8.3	3643.7155040979997
8.4	3480.854017046
8.5	3322.3727511116667
8.6	3168.307214535
8.7	3018.686773333
8.8	2873.5347073166668
8.9	2732.868274937
9.	2596.698786713667
9.1	2465.0316870239994
9.2	2337.866644073667
9.3	2215.197647706
9.4	2097.0131148659993
9.5	1983.2960024426666
9.6	1874.0239271570001
9.7	1769.1692922456664
9.8	1668.699420661
9.9	1572.5766944026666
10.	1480.7586997406665
10.1	1393.19837796
10.2	1309.8441813373333
10.3	1230.6402339429999
10.4	1155.5264970233331
10.5	1084.4389385013333
10.6	1017.3097063953333
10.7	954.067305616
10.8	894.6367779843333
10.9	838.9398849506666
11.	786.895292759
11.1	738.4187596536667
11.2	693.4233247799999
11.3	651.8194984343332
11.4	613.5154532993333
11.5	578.4172163129999
11.6	546.4288608263333
11.7	517.4526987019999
11.8	491.3894720226666
11.9	468.1385440643333
12.	447.59808921239994
12.1	429.6652814941
12.2	414.2364814106666
12.3	401.20742076550005
12.4	390.47338518107335
12.5	381.929394019666
12.6	375.47037741385964
12.7	370.99135014453
12.8	368.38758209229997
12.9	367.55476501
13.	368.3891753777333
13.1	370.78783309806664
13.2	374.64865581566664
13.3	379.87060864899996
13.4	386.3538491346667
13.5	393.999867196
13.6	402.71161996533334
13.7	412.39366129166666
13.8	422.9522657886667
13.9	434.295547284
14.	446.3335715433333
14.1	458.97846316133337
14.2	472.1445065173333
14.3	485.7482407146666
14.4	499.708548421
14.5	513.9467385656667
14.6	528.3866228273333
14.7	542.9545858983333
14.8	557.5796494856666
14.9	572.1935300503333
15.	586.7306902906666
15.1	601.1283843703334
15.2	615.3266969389999
15.3	629.2685759696666
15.4	642.8998594689999
15.5	656.1692961219999
15.6	669.0285599436667
15.7	681.4322590403333
15.8	693.337938527
15.9	704.7060777563333
16.	715.500081954
16.1	725.6862683776667
16.2	735.2338471373333
16.3	744.1148968153334
16.4	752.3043350406666
16.5	759.7798841803333
16.6	766.522032285
16.7	772.5139894959999
16.8	777.7416400513332
16.9	782.193490123
17.	785.8606116113333
17.1	788.7365821659998
17.2	790.817421547
17.3	792.1015246036666
17.4	792.589591035
17.5	792.2845521356667
17.6	791.1914947759999
17.7	789.3175827863333
17.8	786.6719759916666
17.9	783.2657470936666
18.	779.11179662
18.1	774.2247661879999
18.2	768.6209502203333
18.3	762.3182064453667
18.4	755.3358652671333
18.5	747.6946383423333
18.6	739.4165264667665
18.7	730.5247270583333
18.8	721.0435413946
18.9	710.9982818458999
19.	700.4151792527333
19.1	689.3212906901333
19.2	677.7444077986667
19.3	665.7129658177332
19.4	653.2559536033666
19.5	640.4028246804332
19.6	627.1834096201667
19.7	613.6278298039666
19.8	599.7664128015667
19.9	585.6296094963
20.	571.2479130591666
20.1	556.6517799917667
20.2	541.8715532700332
20.3	526.9373878222999
20.4	511.87917833560005
20.5	496.72648961806664
20.6	481.50848951476667
20.7	466.25388455653325
20.8	450.9908583577333
20.9	435.7470128785333
21.	420.54931262099996
21.1	405.4240318065333
21.2	390.39670458216665
21.3	375.49207833226666
21.4	360.7340700984667
21.5	346.1457261640333
21.6	331.7491848061667
21.7	317.5656422444
21.8	303.6153217850666
21.9	289.91744616119996
22.	276.4902130653
22.1	263.3507738517333
22.2	250.5152153981333
22.3	237.99854508276667
22.4	225.81467885646663
22.5	213.97643235476667
22.6	202.49551501293334
22.7	191.38252712026662
22.8	180.64695975913332
22.9	170.29719756063332
23.	160.34052420686663
23.1	150.78313060483333
23.2	141.6301256448333
23.3	132.88554946783333
23.4	124.55238914353333
23.5	116.63259667016666
23.6	109.12710919569999
23.7	102.03587136253333
23.8	95.35785967083332
23.9	89.09110875156667
24.	83.23273944489999
24.1	77.77898856866666
24.2	72.72524026476665
24.3	68.0660588114
24.4	63.79522278013333
24.5	59.905760427766666
24.6	56.38998619813333
24.7	53.23953822136667
24.8	50.4454166903
24.9	47.99802299746666
25.	45.887199513133325
25.1	44.10226989003333
25.2	42.63207978113999
25.3	41.46503784940333
25.4	40.589156965516665
25.5	39.992095476546666
25.6	39.66119844026
25.7	39.58353871668999
25.8	39.74595781421
25.9	40.135106388553325
26.	40.73748429603333
26.1	41.53948010693333
26.2	42.5274099853
26.3	43.6875558493
26.4	45.006202724366666
26.5	46.469675210666665
26.6	48.064372986366664
26.7	49.77680527366667
26.8	51.59362419923333
26.9	53.50165698393333
27.	55.487936901199994
27.1	57.539732948766655
27.2	59.644578181533326
27.3	61.79029665899999
27.4	63.965028964666665
27.5	66.15725625963333
27.6	68.35582283693333
27.7	70.54995714866666
27.8	72.72929127973333
27.9	74.88387885313333
28.	77.00421134606667
28.1	79.08123281063332
28.2	81.1063529928
28.3	83.07145884693333
28.4	84.9689244455
28.5	86.7916193007
28.6	88.53291509573333
28.7	90.18669085363334
28.8	91.74733655266667
28.9	93.20975521716667
29.	94.56936350909999
29.1	95.82209084776667
29.2	96.96437709646666
29.3	97.99316884446667
29.4	98.90591433533332
29.5	99.70055707419331
29.6	100.37552816361332
29.7	100.92973741928
29.8	101.36256330938332
29.9	101.67384177611332
30.	101.86385399236333
30.1	101.93331310881332
30.2	101.88335005244666
30.3	101.71549843596667
30.4	101.43167863717
30.5	101.03418111456332
30.6	100.52564901796332
30.7	99.90906016354667
30.8	99.18770843559334
30.9	98.36518467665667
31.	97.44535713897332
31.1	96.43235155575333
31.2	95.33053090201334
31.3	94.14447490731666
31.4	92.87895938596333
31.5	91.53893544798332
31.6	90.12950865342333
31.7	88.65591817537
31.8	87.12351602544
31.9	85.53774640759333
32.	83.90412525735333
32.1	82.22822001834
32.2	80.51562971703
32.3	78.77196538541
32.4	77.00283088079334
32.5	75.21380415746
32.6	73.41041902985998
32.7	71.59814747849666
32.8	69.78238253444333
32.9	67.96842178839998
33.	66.16145155536333
33.1	64.36653173667666
33.2	62.588581403723325
33.3	60.83236513843
33.4	59.102480156309994
33.5	57.40334423303
33.6	55.739184460173334
33.7	54.114026843586664
33.8	52.53168676569667
33.9	50.99576031936667
34.	49.509616526903336
34.1	48.07639044975
34.2	46.698977194276665
34.3	45.38002681501
34.4	44.12194011506333
34.5	42.926865339626666
34.6	41.796695757263336
34.7	40.733068119643335
34.8	39.737361989433325
34.9	38.81069992240666
35.	37.953948488399995
35.1	37.16772011292333
35.2	36.45237571933333
35.3	35.80802814959
35.4	35.23454633905
35.5	34.73156021976666
35.6	34.29846632411666
35.7	33.93443405936
35.8	33.63841262248333
35.9	33.40913852244999
36.	33.24514367630333
36.1	33.14476404419
36.2	33.10614876721333
36.3	33.12726977107666
36.4	33.20593179789333
36.5	33.33978282705333
36.6	33.526324846723334
36.7	33.76292493561667
36.8	34.04682661568333
36.9	34.37516143504
37.	34.744960740733326
37.1	35.15316760202666
37.2	35.59664884211
37.3	36.07220714074
37.4	36.57659316578333
37.5	37.10651769666333
37.6	37.658663699689995
37.7	38.22969831826333
37.8	38.81628474072333
37.9	39.415093909570004
38.	40.02281603709333
38.1	40.63617189314999
38.2	41.25192383231033
38.3	41.86688652879799
38.4	42.477937388570666
38.5	43.082026609993
38.6	43.67618686507599
38.7	44.25754257614767
38.8	44.82331876283067
38.9	45.370849436953996
39.	45.897585524419995
39.1	46.401102294675994
39.2	46.87910627978233
39.3	47.329441668600325
39.4	47.75009616048567
39.5	48.13920626784733
39.6	48.49506205649233
39.7	48.81611131575133
39.8	49.10096315190632
39.9	49.348391000046334
40.	49.557335051810995
40.1	49.726904097881004
40.2	49.856376786576334
40.3	49.94520230015367
40.4	49.99300045483367
40.5	49.999561229216
40.6	49.964843729947326
40.7	49.888974604236
40.8	49.77224590874199
40.9	49.61511245073999
41.	49.418188611917
41.1	49.18224467343866
41.2	48.90820265817499
41.3	48.597131708190666
41.4	48.25024301719066
41.5	47.86888433925933
41.6	47.45453409521833
41.7	47.00879509903999
41.8	46.533387929312
41.9	46.030143969188
42.	45.500998140886324
42.1	44.94798136097333
42.2	44.373212742194326
42.3	43.77889157068433
42.4	43.167289084462325
42.5	42.540740082368664
42.6	41.901634391448994
42.7	41.252408220882664
42.8	40.59553543102433
42.9	39.93351874651666
43.	39.268880941083665
43.1	38.604156022828995
43.2	37.94188044753967
43.3	37.28458438789733
43.4	36.63478308565766
43.5	35.99496831309833
43.6	35.36759997046633
43.7	34.75509784435566
43.8	34.159833551713334
43.9	33.58412269384333
44.	33.03021724258
44.1	32.50029818187666
44.2	31.996468425053337
44.3	31.520746028029997
44.4	31.07505771804
44.5	30.66123275510666
44.6	30.280997143310003
44.7	29.93596820751
44.8	29.627649549253334
44.9	29.35742639569333
45.	29.126561352063334
45.1	28.936190569346667
45.2	28.78732033473333
45.3	28.680824093796666
45.4	28.617439909486666
45.5	28.59776836361
45.6	28.622270903726665
45.7	28.69126863787333
45.8	28.804941577150004
45.9	28.96332832668333
46.	29.166326221306665
46.1	29.413691904086665
46.2	29.705042341613336
46.3	30.03985627124333
46.4	30.41747607195333
46.5	30.837110050893333
46.6	31.297835135803332
46.7	31.79859996207
46.8	32.33822834292
46.9	32.91542310895666
47.	33.52877030391333
47.1	34.176743720279994
47.2	34.857709759766664
47.3	35.569932601346665
47.4	36.311579658983334
47.5	37.08072731102666
47.6	37.87536688158333
47.7	38.69341085447333
47.8	39.53269929936
47.9	40.391006489136664
48.	41.26604768716666
48.1	42.15548608309333
48.2	43.056939854999996
48.3	43.96798933552
48.4	44.88618426046999
48.5	45.809051076383334
48.6	46.734100284923336
48.7	47.658833803616666
48.8	48.58075231559333
48.9	49.49736259388334
49.	50.406184768623326
49.1	51.304759528009996
49.2	52.19065521642666
49.3	53.06147482506666
49.4	53.91486284258333
49.5	54.748511949770005
49.6	55.56016954360332
49.7	56.34764406543333
49.8	57.10881111794333
49.9	57.84161935548667
50.	58.544096131513335
50.1	59.21435288318333
50.2	59.85059024403
50.3	60.451102868756664
50.4	61.01428395736666
50.5	61.538629467723325
50.6	62.02274200275666
50.7	62.46533436892333
50.8	62.86523279261333
50.9	63.22137978445667
51.	63.532836655113336
51.1	63.798785664579995
51.2	64.0185318106
51.3	64.19150424814332
51.4	64.31725734016332
51.5	64.39547133794
51.6	64.42595268815667
51.7	64.40863397702
51.8	64.34357350213665
51.9	64.23095448473666
52.	64.07108392263666
52.1	63.86439109160666
52.2	63.61142569733667
52.3	63.31285569426667
52.4	62.9694647691
52.5	62.58214950695999
52.6	62.151916246656675
52.7	61.679877638520004
52.8	61.16724891226666
52.9	60.61534387500333
53.	60.025570644463315
53.1	59.399427140923336
53.2	58.738496344223336
53.3	58.044441336396666
53.4	57.31900014445666
53.5	56.563980400030005
53.6	55.78125383309666
53.7	54.97275061510666
53.8	54.140453572316666
53.9	53.286392286479995
54.	52.41263709722
54.1	51.52129303013667
54.2	50.61449366535
54.3	49.69439496644
54.4	48.763169086333335
54.5	47.82299817123
54.6	46.87606817939333
54.7	45.92456273332333
54.8	44.970657020649995
54.9	44.01651176749333
55.	43.06426729396
55.1	42.11603767529999
55.2	41.173905020666666
55.3	40.23991388802
55.4	39.31606584959333
55.5	38.40431422342667
55.6	37.50655898494
55.7	36.62464187244667
55.8	35.76034169982
55.9	34.915369888209995
56.	34.09136622891667
56.1	33.289894888
56.2	32.51244066271333
56.3	31.760405498726662
56.4	31.035105277389995
56.5	30.337766879006665
56.6	29.669525530436665
56.7	29.03142244158
56.8	28.42440273603666
56.9	27.849313679666665
57.	27.306903210393333
57.1	26.797818770779998
57.2	26.322606445059996
57.3	25.881710400329997
57.4	25.47547263156
57.5	25.10413300895
57.6	24.76782962432
57.7	24.466599434469998
57.8	24.200379195703334
57.9	23.969006685916668
58.	23.77222220719
58.1	23.60967036272
58.2	23.48090210036333
58.3	23.385377014633335
58.4	23.322465898066667
58.5	23.2914535323
58.6	23.291541708713332
58.7	23.321852467283335
58.8	23.381431542426668
58.9	23.46925200365333
59.	23.584218078629995
59.1	23.72516914499333
59.2	23.890883878296666
59.3	24.080084541546668
59.4	24.291441402729994
59.5	24.52357726506333
59.6	24.77507209635
59.7	25.044467741419997
59.8	25.330272703566667
59.9	25.630966979296666
60.	25.945006931176664
60.1	26.270830183713333
60.2	26.606860527539997
60.3	26.9515128158
60.4	27.303197838873334
60.5	27.660327161876666
60.6	28.021317910969998
60.7	28.38459749371667
60.8	28.748608240096665
60.9	29.111811949586667
61.	29.472694332506666
61.1	29.829769331383325
61.2	30.181583310883333
61.3	30.52671910417333
61.4	30.86379990438666
61.5	31.191492990723333
61.6	31.508513278520002
61.7	31.813626684076667
61.8	32.10565329574333
61.9	32.38347034189333
62.	32.646014949793326
62.1	32.89228668738666
62.2	33.12134988223333
62.3	33.3323357125
62.4	33.52444406549999
62.5	33.69694515923333
62.6	33.84918092476667
62.7	33.9805661469
62.8	34.09058936106666
62.9	34.178813507
63.	34.24487633783333
63.1	34.2884905864
63.2	34.30944389049999
63.3	34.307598478433334
63.4	34.2828906191
63.5	34.23532983976666
63.6	34.16499791656666
63.7	34.072047642633336
63.8	33.956701379799995
63.9	33.81924940066666
64.	33.66004802843334
64.1	33.479517581733326
64.2	33.278140133166666
64.3	33.056457091
64.4	32.815066612466666
64.5	32.55462085913334
64.6	32.2758231056
64.7	31.979424710199996
64.8	31.6662219612
64.9	31.337052808299994
65.	30.992793492433336
65.1	30.634355084833334
65.2	30.26267994893333
65.3	29.878738136
65.4	29.4835237292
65.5	29.078051146366665
65.6	28.663351416366666
65.7	28.240468440466664
65.8	27.810455252299995
65.9	27.374370288599998
66.	26.933273683499998
66.1	26.488223598833333
66.2	26.04027260263333
66.3	25.590464107966667
66.4	25.139828883700005
66.5	24.689381648866664
66.6	24.240117761666667
66.7	23.79301001343333
66.8	23.34900553903333
66.9	22.9090228523
67.	22.473949016933332
67.1	22.04463696123333
67.2	21.6219029454
67.3	21.206524189133333
67.4	20.799236667166667
67.5	20.400733078666665
67.6	20.011660997666667
67.7	19.632621209233328
67.8	19.2641662361
67.9	18.906799060866668
68.	18.56097204603333
68.1	18.227086055599997
68.2	17.90548977973333
68.3	17.596479264433334
68.4	17.3002976463
68.5	17.017135093066663
68.6	16.747128948833335
68.7	16.490364082299998
68.8	16.246873437033333
68.9	16.016638779566666
69.	15.799591642933331
69.1	15.595614461636666
69.2	15.404541892076667
69.3	15.226162314833333
69.4	15.060219511413333
69.5	14.90641450942
69.6	14.764407589826664
69.7	14.633820446723334
69.8	14.514238493593334
69.9	14.405213306096666
70.	14.30626519222
70.1	14.216885881016665
70.2	14.136541319449998
70.3	14.064674566853334
70.4	14.00070877681
70.5	13.944050255236665
70.6	13.894091583369999
70.7	13.850214794443332
70.8	13.811794592116664
70.9	13.778201599436665
71.	13.74880562534
71.1	13.722978938443333
71.2	13.700099533906666
71.3	13.679554383699998
71.4	13.660742656243333
71.5	13.643078895346665
71.6	13.62599614485
71.7	13.608949009489999
71.8	13.591416638403333
71.9	13.572905621903333
72.	13.552952789679999
72.1	13.531127899743334
72.2	13.507036209003333
72.3	13.48032091392
72.4	13.450665453336665
72.5	13.417795663463332
72.6	13.381481777153333
72.7	13.341540258613332
72.8	13.297835467006667
72.9	13.250281141226665
73.	13.198841699916665
73.1	13.14353335027
73.2	13.084425001580001
73.3	13.021638977799999
73.4	12.955351525613333
73.5	12.885793115653332
73.6	12.813248532469999
73.7	12.738056753446665
73.8	12.660610613939998
73.9	12.581356258900001
74.	12.500792381173333
74.1	12.419469247063333
74.2	12.337987511363332
74.3	12.256996823776667
74.4	12.17719422971
74.5	12.099322369833333
74.6	12.024167481883334
74.7	11.952557210796664
74.8	11.885358232093333
74.9	11.823473695346665
75.	11.767840494873333
75.1	11.719426374733333
75.2	11.679226876973333
75.3	11.648262141250001
75.4	11.627573565413332
75.5	11.618220337006665
75.6	11.62127584575
75.7	11.6378239877
75.8	11.66895537257
75.9	11.715763445649998
76.	11.77934053573
76.1	11.86077384217
76.2	11.961141373023333
76.3	12.081507846653333
76.4	12.222920570916665
76.5	12.386405311743331
76.6	12.572962165206665
76.7	12.78356144631
76.8	13.019139607296665
76.9	13.280595199870001
77.	13.56878489383
77.1	13.884519565489999
77.2	14.22856047002
77.3	14.601615509126667
77.4	15.004335608216667
77.5	15.437311215323334
77.6	15.901068933346668
77.7	16.396068298986666
77.8	16.92269871845
77.9	17.48127657268333
78.	18.072042501669998
78.1	18.69515887931
78.2	19.350707487736663
78.3	20.03868740134333
78.4	20.759013088506666
78.5	21.511512740086665
78.6	22.29592683137333
78.7	23.11190692543333
78.8	23.95901472328333
78.9	24.836721367223333
79.	25.744407001706666
79.1	26.681360596479998
79.2	27.646780035093332
79.3	28.639772471246665
79.4	29.659354955863336
79.5	30.704455335
79.6	31.773913419563332
79.7	32.86648242628
79.8	33.980830688939996
79.9	35.11554363739133
80.	36.26912604200599
80.1	37.44000451996
80.2	38.62653029884266
80.3	39.82698223212033
80.4	41.039570062304335
80.5	42.26243792151067
80.6	43.493668066295655
80.7	44.731284836718665
80.8	45.973258828214995
80.9	47.217511273866
81.	48.46191861774734
81.1	49.704317276605664
81.2	50.94250857344767
81.3	52.17426383258732
81.4	53.397329625268995
81.5	54.609433151014
81.6	55.80828773927067
81.7	56.99159846277834
81.8	58.157067843266994
81.9	59.302401637961
82.	60.42531468930633
82.1	61.523536824097334
82.2	62.59481878697899
82.3	63.63693819137266
82.4	64.64770547009533
82.5	65.62496981558934
82.6	66.56662508523333
82.7	67.470615663175
82.8	68.33494225726766
82.9	69.15766761797333
83.	69.93692216128333
83.1	70.67090948166333
83.2	71.35791173613333
83.3	71.99629488915
83.4	72.58451379692333
83.5	73.12111712246
83.6	73.60475206085
83.7	74.03416886531332
83.8	74.40822515846666
83.9	74.72589001635
84.	74.98624781054666
84.1	75.18850179798
84.2	75.33197744930999
84.3	75.41612549863666
84.4	75.44052471134665
84.5	75.40488435415666
84.6	75.30904636525668
84.7	75.15298721147333
84.8	74.93681942523665
84.9	74.66079281767666
85.	74.3252953633
85.1	73.93085374367666
85.2	73.47813355646667
85.3	72.96793917964332
85.4	72.40121328960333
85.5	71.77903603695
85.6	71.10262387011332
85.7	70.37332801835998
85.8	69.59263262604333
85.9	68.76215254679666
86.	67.88363079602999
86.1	66.9589356712
86.2	65.99005753983333
86.3	64.97910530316665
86.4	63.9283025433
86.5	62.83998335999999
86.6	61.71658790493332
86.7	60.560657625333334
86.8	59.374830224166665
86.9	58.1618343491
87.	56.92448402223333
87.1	55.66567282106667
87.2	54.38836782706666
87.3	53.095603350333334
87.4	51.790474451600005
87.5	50.47613026866666
87.6	49.155767169099995
87.7	47.83262174253333
87.8	46.50996364736666
87.9	45.191088332433324
88.	43.879309649233335
88.1	42.57795236913333
88.2	41.2903446303
88.3	40.0198103264
88.4	38.76966145819999
88.5	37.543190466966664
88.6	36.3436625664
88.7	35.17430809456667
88.8	34.03831490206666
88.9	32.93882079666666
89.	31.87890606316667
89.1	30.861586076
89.2	29.889804024199996
89.3	28.966423766033333
89.4	28.09422283176666
89.5	27.275885591899996
89.6	26.513996608499998
89.7	25.811034185666664
89.8	25.1693641368
89.9	24.591233783266667
90.	24.0787662012
90.1	23.633954729833334
90.2	23.25865775686666
90.3	22.9545937937
90.4	22.723336853566668
90.5	22.566312144933335
90.6	22.484792091266662
90.7	22.479892688099998
90.8	22.552570207066665
90.9	22.703618255866665
91.	22.93366520256666
91.1	23.243171971
91.2	23.63243021423333
91.3	24.10156087093333
91.4	24.65051310953333
91.5	25.279063663733332
91.6	25.986816561666664
91.7	26.773203250566667
91.8	27.637483117666665
91.9	28.578744406666665
92.	29.595905529199996
92.1	30.687716767999994
92.2	31.852762369599994
92.3	33.08946302163333
92.4	34.3960787101
92.5	35.77071195003333
92.6	37.21131138326666
92.7	38.7156757347
92.8	40.2814581188
92.9	41.90617068626666
93.	43.58718960076667
93.1	45.32176033446666
93.2	47.10700326973333
93.3	48.93991959459999
93.4	50.81739747863333
93.5	52.73621851433333
93.6	54.69306440956667
93.7	56.68452391559999
93.8	58.707099973999995
93.9	60.75721706676666
94.	62.831228751566655
94.1	64.92542536533333
94.2	67.0360418762
94.3	69.15926587023333
94.4	71.29124564586667
94.5	73.42809840913333
94.6	75.56591853573332
94.7	77.70078589486667
94.8	79.8287742055
94.9	81.9459594089
95.	84.0484280397
95.1	86.13228557186666
95.2	88.19366472266667
95.3	90.22873369639998
95.4	92.23370434343333
95.5	94.20484022346666
95.6	96.13846454543332
95.7	98.03096797330001
95.8	99.87881627446666
95.9	101.67855779416665
96.	103.42683074286666
96.1	105.12037027086666
96.2	106.75601532443332
96.3	108.33071525906666
96.4	109.84153619826668
96.5	111.28566712656666
96.6	112.6604256954
96.7	113.96326373626665
96.8	115.19177246363331
96.9	116.34368735886666
97.	117.41689272263335
97.1	118.40942588779998
97.2	119.31948108156666
97.3	120.1454129283
97.4	120.8857395894
97.5	121.53914552979998
97.6	122.10448390466667
97.7	122.58077856799999
97.8	122.96722569073331
97.9	123.26319499379998
98.	123.4682305871
98.1	123.58205141890001
98.2	123.60455133346666
98.3	123.53579873639998
98.4	123.37603587393332
98.5	123.12567772316666
98.6	122.78531050400001
98.7	122.35568980996666
98.8	121.83773836946666
98.9	121.23254344210001
99.	120.5413538551
99.1	119.76557669169998
99.2	118.9067736378
99.3	117.96665699799999
99.4	116.94708539126665
99.5	115.85005913746667
99.6	114.6777153457
99.7	113.4323227207
99.8	112.11627609383333
99.9	110.73209070299998
100.	109.28239622259998
100.1	107.76993057213332
100.2	106.1975335086
100.3	104.56814002426665
100.4	102.8847735646
100.5	101.15053908156666
100.6	99.36861594403332
100.7	97.54225071476665
100.8	95.67474982266666
100.9	93.7694721342
101.	91.82982145553333
101.1	89.85923897453333
101.2	87.86119566433332
101.3	85.83918466386666
101.4	83.79671365763333
101.5	81.73729726926666
101.6	79.6644494876
101.7	77.58167614376666
101.8	75.49246745389999
101.9	73.40029065089999
102.	71.30858271396666
102.1	69.22074322073333
102.2	67.1401273294
102.3	65.0700389159
102.4	63.01372387546667
102.5	60.97436360219999
102.6	58.95506867006666
102.7	56.95887271536666
102.8	54.988726546433334
102.9	53.047492486333326
103.	51.13793896166666
103.1	49.26273534976667
103.2	47.42444709376666
103.3	45.625531096433335
103.4	43.868331400366664
103.5	42.15507516456667
103.6	40.487868943466665
103.7	38.868695276299995
103.8	37.29940959166667
103.9	35.78173743356666
104.	34.317272012299995
104.1	32.90747208396667
104.2	31.553660161699998
104.3	30.257021059533333
104.4	29.018600770666666
104.5	27.83930567976666
104.6	26.71990210893333
104.7	25.661016195566663
104.8	24.663134099799997
104.9	23.726602538966663
105.	22.851629643966664
105.1	22.038286134099998
105.2	21.286506804406663
105.3	20.596092318609998
105.4	19.966711302363333
105.5	19.397902727626665
105.6	18.889078580913335
105.7	18.43952680564
105.8	18.04841451006
105.9	17.71479142963
106.	17.437593634056665
106.1	17.215647466583334
106.2	17.04767370537
106.3	16.932291933256664
106.4	16.868025104266668
106.5	16.853304293566666
106.6	16.88647361739333
106.7	16.965795309129998
106.8	17.08945493819333
106.9	17.25556675678333
107.	17.462179160446667
107.1	17.70728024760667
107.2	17.98880346383333
107.3	18.304633315166665
107.4	18.652611136833332
107.5	19.030540901033334
107.6	19.436195050133335
107.7	19.867320339966668
107.8	20.321643678466664
107.9	20.796877945166663
108.	21.290727777466664
108.1	21.800895308966666
108.2	22.3250858463
108.3	22.861013471
108.4	23.406406552266663
108.5	23.959013159033333
108.6	24.51660635703333
108.7	25.076989380133334
108.8	25.638000663599996
108.9	26.19751872753333
109.	26.75346690076666
109.1	27.30381787393333
109.2	27.846598072400003
109.3	28.379891839966664
109.4	28.9018454244
109.5	29.4106707571
109.6	29.9046490195
109.7	30.38213398873333
109.8	30.84155515773333
109.9	31.281420622966664
110.	31.700319735833332
110.1	32.09692551313333
110.2	32.46999680343333
110.3	32.81838020603333
110.4	33.14101174113333
110.5	33.43691826886666
110.6	33.70521865726666
110.7	33.94512469823333
110.8	34.15594177296666
110.9	34.33706926703333
111.	34.48800073783333
111.1	34.608323836333334
111.2	34.697719986766664
111.3	34.7559638272
111.4	34.78292241608333
111.5	34.778554209566664
111.6	34.74290781438333
111.7	34.67612052306333
111.8	34.57841663766666
111.9	34.45010558926333
112.	34.29157985977333
112.1	34.10331271584667
112.2	33.885855761066665
112.3	33.63983631703333
112.4	33.36595464098333
112.5	33.06498099053333
112.6	32.73775254470333
112.7	32.385170191116664
112.8	32.008195190416664
112.9	31.607845727449998
113.	31.18519336075
113.1	30.74135938062
113.2	30.277511086926665
113.3	29.794857997846663
113.4	29.294648000623333
113.5	28.778163455290002
113.6	28.246717262439994
113.7	27.701648907216665
113.8	27.144320488626665
113.9	26.57611274715
114.	25.998421100390004
114.1	25.412651697226668
114.2	24.820217502253332
114.3	24.222534419123335
114.4	23.621017464523334
114.5	23.017077001233336
114.6	22.412115040489997
114.7	21.807521622976665
114.8	21.20467128682333
114.9	20.60491963145333
115.	20.009599985339996
115.1	19.42002018565
115.2	18.837459476790002
115.3	18.263165534833334
115.4	17.69835162465
115.5	17.14419389534333
115.6	16.60182881955
115.7	16.072350782376667
115.8	15.55680982331
115.9	15.056209536473332
116.	14.57150513176
116.1	14.103601660993334
116.2	13.65335241016
116.3	13.221557461783334
116.4	12.808962426836667
116.5	12.416257349079999
116.6	12.044075780803334
116.7	11.69299403134
116.8	11.363530586689999
116.9	11.056145700133332
117.	10.771241151799998
117.1	10.509160175766667
117.2	10.2701875516
117.3	10.05454985832
117.4	9.862415886689998
117.5	9.693897206753334
117.6	9.549048886073333
117.7	9.427870354583334
117.8	9.330306410356666
117.9	9.25624836238
118.	9.205535303226664
118.1	9.177955507339998
118.2	9.173247947006665
118.3	9.191103921296667
118.4	9.231168790099334
118.5	9.293043806907
118.6	9.376288042849334
118.7	9.480420395072667
118.8	9.604921671980332
118.9	9.749236747302334
119.	9.912776775875667
119.1	10.09492146327
119.2	10.295021381114333
119.3	10.512400320682332
119.4	10.746357676718333
119.5	10.996170853780999
119.6	11.26109768712
119.7	11.540378870796665
119.8	11.833240384783332
119.9	12.138895914443333
120.	12.45654925385
120.1	12.78539668698
120.2	13.12462933898
120.3	13.473435490636664
120.4	13.831002849839999
120.5	14.196520773483332
120.6	14.569182433659998
120.7	14.948186922029999
120.8	15.332741287523334
120.9	15.722062501043332
121.	16.115379343256667
121.1	16.511934210173333
121.2	16.910984832346664
121.3	17.311805903999996
121.4	17.713690617866664
121.5	18.115952103466668
121.6	18.5179247651
121.7	18.918965517066667
121.8	19.3184549151
121.9	19.71579818063333
122.	20.11042611793333
122.1	20.501795922466666
122.2	20.889391879766663
122.3	21.27272595543333
122.4	21.651338275233332
122.5	22.024797496999998
122.6	22.3927010743
122.7	22.754675413966666
122.8	23.11037592816667
122.9	23.459486984199998
123.	23.801721752733332
123.1	24.1368219587
123.2	24.4645575366
123.3	24.784726193866664
123.4	25.097152886066667
123.5	25.40168920693333
123.6	25.698212697866666
123.7	25.9866260812
123.8	26.266856421
123.9	26.538854216899995
124.	26.8025924349
124.1	27.058065481566665
124.2	27.305288124666664
124.3	27.544294367699997
124.4	27.77513628206666
124.5	27.997882803400003
124.6	28.212618496999998
124.7	28.41944229783333
124.8	28.618466231566664
124.9	28.809814121166667
125.	28.9936202854
125.1	29.170028234373337
125.2	29.33918936811333
125.3	29.501261682779997
125.4	29.65640849092
125.5	29.804797160206668
125.6	29.94659787592666
125.7	30.081982432403336
125.8	30.211123058160002
125.9	30.334191279089996
126.	30.45135682434
126.1	30.56278657916667
126.2	30.66864358863667
126.3	30.769086115906667
126.4	30.86426675897667
126.5	30.954331628173335
126.6	31.03941958915333
126.7	31.11966157176667
126.8	31.195179949539998
126.9	31.266087990216665
127.	31.332489380049996
127.1	31.394477823053336
127.2	31.452136716429997
127.3	31.50553890334
127.4	31.554746503103335
127.5	31.599810819573328
127.6	31.640772327316668
127.7	31.677660735470003
127.8	31.710495128180003
127.9	31.739284181269998
128.	31.76402645323333
128.1	31.784710749093335
128.2	31.801316555499998
128.3	31.813814544846668
128.4	31.822167145246667
128.5	31.826329174826668
128.6	31.826248536236665
128.7	31.82186696882667
128.8	31.813120854879998
128.9	31.799942075753336
129.	31.78225891493333
129.1	31.75999700288
129.2	31.733080300140003
129.3	31.701432114166664
129.4	31.66497614453
129.5	31.62363755303
129.6	31.57734405307
129.7	31.52602701303333
129.8	31.46962257000333
129.9	31.408072747
130.	31.341326570289997
130.1	31.269341180386665
130.2	31.192082932196662
130.3	31.10952847924
130.4	31.0216658366
130.5	30.928495417546664
130.6	30.830031039263332
130.7	30.72630089203333
130.8	30.617348468399996
130.9	30.503233445796667
131.	30.38403252031333
131.1	30.259840185176664
131.2	30.130769451189998
131.3	29.996952504756667
131.4	29.858541299289996
131.5	29.715708077053336
131.6	29.56864581774333
131.7	29.41756861073
131.8	29.26271194848667
131.9	29.104332938086664
132.	28.94271042902333
132.1	28.778145055110002
132.2	28.610959188786666
132.3	28.44149680639333
132.4	28.270123263843335
132.5	28.09722498113
132.6	27.9232090358
132.7	27.74850266537333
132.8	27.573552678466662
132.9	27.398824775883334
133.	27.22480278156333
133.1	27.051987785926663
133.2	26.880897201879996
133.3	26.71206373639
133.4	26.54603427921333
133.5	26.383368711356667
133.6	26.224638636643334
133.7	26.07042603871333
133.8	25.921321867433335
133.9	25.77792455862333
134.	25.64083849000666
134.1	25.510672379216665
134.2	25.388037626883335
134.3	25.273546610599997
134.4	25.167810934136668
134.5	25.071439637299996
134.6	24.985037371666664
134.7	24.909202548043332
134.8	24.844525460866667
134.9	24.791586396016662
135.	24.750953727076663
135.1	24.723182007616664
135.2	24.708810063513333
135.3	24.70835909409
135.4	24.722330785863335
135.5	24.75120544710333
135.6	24.795440168426666
135.7	24.855467016303336
135.8	24.931691265116662
135.9	25.024489674816664
136.	25.134208819526663
136.1	25.261163473603332
136.2	25.405635060823332
136.3	25.567870172753334
136.4	25.74807916151
136.5	25.94643481294
136.6	26.16307110488667
136.7	26.398082055999996
136.8	26.651520669816666
136.9	26.92339797852667
137.	27.21368219093
137.1	27.522297948753334
137.2	27.8491256944
137.3	28.19400115452
137.4	28.556714941586666
137.5	28.937012277166662
137.6	29.334592838553334
137.7	29.74911073097333
137.8	30.18017458765
137.9	30.62734779826333
138.	31.09014886751
138.1	31.568051903703335
138.2	32.06048723798333
138.3	32.56684217376
138.4	33.086461866116665
138.5	33.61865032929666
138.6	34.16267157208
138.7	34.71775085835
138.8	35.283076090816664
138.9	35.85779931568
139.	36.44103834473667
139.1	37.03187849204333
139.2	37.62937442106333
139.3	38.23255209836
139.4	38.840410849369995
139.5	39.451925511339994
139.6	40.06604867873333
139.7	40.68171303501667
139.8	41.29783376485334
139.9	41.913311043246665
140.	42.52703259051667
140.1	43.13787629043666
140.2	43.74471286538666
140.3	44.34640859612333
140.4	44.94182808494333
140.5	45.52983705149333
140.6	46.10930515518332
140.7	46.67910883512332
140.8	47.23813415900999
140.9	47.78527967823334
141.	48.31945927292
141.1	48.83960498623666
141.2	49.344669836256664
141.3	49.83363059676666
141.4	50.30549054231999
141.5	50.759282145213334
141.6	51.194069719393326
141.7	51.60895200325667
141.8	52.00306467236667
141.9	52.37558277412667
142.	52.72572308026999
142.1	53.05274634469333
142.2	53.35595946509
142.3	53.63471753685333
142.4	53.88842579654667
142.5	54.116541445210004
142.6	54.31857534920333
142.7	54.494093607960004
142.8	54.64271899051333
142.9	54.76413222692666
143.	54.85807315820333
143.1	54.92434173497666
143.2	54.96279886340666
143.3	54.97336709446667
143.4	54.95603115507333
143.5	54.910838313279996
143.6	54.83789858323
143.7	54.73738476185333
143.8	54.60953229829333
143.9	54.45463899602001
144.	54.273064547
144.1	54.065229895516666
144.2	53.831616437979996
144.3	53.5727650534
144.4	53.28927497045667
144.5	52.98180247287
144.6	52.65105944264332
144.7	52.29781174892
144.8	51.922877480356675
144.9	51.52712503169667
145.	51.11147104152
145.1	50.6768781928
145.2	50.224352877609995
145.3	49.75494273056667
145.4	49.26973404176332
145.5	48.769849053016664
145.6	48.25644314156333
145.7	47.73070190306332
145.8	47.1938381393
145.9	46.64708875884
146.	46.091711596323336
146.1	45.52898216268333
146.2	44.960190333246665
146.3	44.386636981453336
146.4	43.809630568373336
146.5	43.230483696423335
146.6	42.65050963990333
146.7	42.07101885465
146.8	41.49331548514999
146.9	40.918693872696664
147.	40.34843507564333
147.1	39.78380341301333
147.2	39.22604303944333
147.3	38.67637456080333
147.4	38.13599170478667
147.5	37.60605804575
147.6	37.087703806696666
147.7	36.582022734883324
147.8	36.090069068826665
147.9	35.612854601319995
148.	35.15134584841333
148.1	34.70646133247333
148.2	34.279068987286664
148.3	33.869983693036666
148.4	33.479964948926664
148.5	33.10971468969666
148.6	32.7598752538
148.7	32.431027508659994
148.8	32.12368913955666
148.9	31.838313107039994
149.	31.57528627850333
149.1	31.33492823812
149.2	31.117490279073337
149.3	30.923154582206667
149.4	30.752033583696665
149.5	30.604169534413334
149.6	30.479534253219995
149.7	30.378029075489998
149.8	30.29948499794333
149.9	30.243663020053333
150.	30.21025468226333
150.1	30.198882799616662
150.2	30.209102390583332
150.3	30.240401798289998
150.4	30.292204002516662
150.5	30.36386811913666
150.6	30.454691083939995
150.7	30.563909516666662
150.8	30.69070176074
150.9	30.83419009395
151.	30.993443104336666
151.1	31.167478225446672
151.2	31.35526442464333
151.3	31.55572503710667
151.4	31.767740738776666
151.5	31.990152650196666
151.6	32.22176556281
151.7	32.46135127983
151.8	32.70765206225
151.9	32.95938417093333
152.	33.21524149523333
152.1	33.473899258623334
152.2	33.734017790639996
152.3	33.994246355449995
152.4	34.25322702626333
152.5	34.509598594859995
152.6	34.762000505589995
152.7	35.00907680305
152.8	35.24948008176
152.9	35.48187542774333
153.	35.704944340189996
153.1	35.917388622476665
153.2	36.117934231423334
153.3	36.30533507385666
153.4	36.47837673961333
153.5	36.63588016035666
153.6	36.77670518354333
153.7	36.899754051273334
153.8	37.003974773749995
153.9	37.08836438798333
154.	37.151972091219996
154.1	37.19390224094333
154.2	37.213317211623334
154.3	37.20944010011
154.4	37.18155727153333
154.5	37.12902073745
154.6	37.051250359799994
154.7	36.947735872946666
154.8	36.81803871781
154.9	36.66179368271666
155.	36.478710344456665
155.1	36.26857430593999
155.2	36.031248225743326
155.3	35.766672635363335
155.4	35.474866542226664
155.5	35.155927814866665
155.6	34.81003334891333
155.7	34.437439012759995
155.8	34.038479371609995
155.9	33.61356719067
156.	33.16319271729
156.1	32.68792274400333
156.2	32.18839945361667
156.3	31.665339049256666
156.4	31.11953017232333
156.5	30.55183211184333
156.6	29.963172809933333
156.7	29.354546667729995
156.8	28.727012157666667
156.9	28.081689247853333
157.	27.419756645546663
157.1	26.74244886605
157.2	26.05105313573333
157.3	25.346906136376667
157.4	24.631390600086664
157.5	23.90593176357
157.6	23.17199369148
157.7	22.431075478413334
157.8	21.684707340436663
157.9	20.934446606316662
158.	20.18187361968333
158.1	19.42858756332
158.2	18.67620221736
158.3	17.926341662893332
158.4	17.18063594323333
158.5	16.440716694819997
158.6	15.708212760406667
158.7	14.984745796383333
158.8	14.271925887433333
158.9	13.571347180406665
159.	12.884583550419999
159.1	12.213184311156667
159.2	11.558669982516665
159.3	10.922528127069999
159.4	10.30620926812
159.5	9.711122901036667
159.6	9.138633609943334
159.7	8.590057300633333
159.8	8.066657562086666
159.9	7.569642166193333
160.	7.100159717306667
160.1	6.659296461586665
160.2	6.248073265443333
160.3	5.867442773263332
160.4	5.518286752736666
160.5	5.201413636429999
160.6	4.917556267529999
160.7	4.66736985707
160.8	4.451430159433333
160.9	4.270231872389999
161.	4.124187267276666
161.1	4.013625054226667
161.2	3.938789486873333
161.3	3.8998397102016664
161.4	3.896849354493333
161.5	3.929806377763333
161.6	3.9986131582846665
161.7	4.103086838194333
161.8	4.242959918285666
161.9	4.417881103669
162.	4.627416398988666
162.1	4.871050451328
162.2	5.148188138195334
162.3	5.458156397243333
162.4	5.800206293738666
162.5	6.173515320997
162.6	6.577189928473
162.7	7.010268271336334
162.8	7.471723174809999
162.9	7.960465306109267
163.	8.475346545551332
163.1	9.015163548636899
163.2	9.578661489776934
163.3	10.164537977773332
163.4	10.771447133100999
163.5	11.398003815637333
163.6	12.042787992080001
163.7	12.704349231303333
163.8	13.381211314764332
163.9	14.071876950498002
164.	14.774832576729333
164.1	15.488553242625997
164.2	16.21150755207233
164.3	16.94216265732633
164.4	17.678989287634998
164.5	18.420466799442
164.6	19.165088233551664
164.7	19.911365364446667
164.8	20.657833727926665
164.9	21.403057611996665
165.	22.145634996546665
165.1	22.88420242772333
165.2	23.617439812043333
165.3	24.34407511667
165.4	25.062888961069994
165.5	25.77271908697333
165.6	26.472464692286664
165.7	27.161090616263337
165.8	27.83763136256667
165.9	28.50119494787667
166.	29.150966563753332
166.1	29.786212039713327
166.2	30.406281097026667
166.3	31.010610381286668
166.4	31.598726264726665
166.5	32.17024740769333
166.6	32.724887070803334
166.7	33.26245516887333
166.8	33.782860059276665
166.9	34.28611005726667
167.	34.772314672179995
167.1	35.24168555846
167.2	35.69453717683333
167.3	36.131287161623334
167.4	36.55245638998666
167.5	36.958668751793326
167.6	37.35065061671
167.7	37.72922999904
167.8	38.09533541889667
167.9	38.44999446100333
168.	38.794332032456666
168.1	39.12956832140333
168.2	39.457016460169996
168.3	39.778079896339996
168.4	40.09424947666333
168.5	40.40710024923333
168.6	40.71828799142
168.7	41.029545466183336
168.8	41.34267842337333
168.9	41.6595613435
169.	41.98213294238666
169.1	42.31239144230666
169.2	42.65238962252666
169.3	43.004229655483336
169.4	43.370057750486666
169.5	43.752058605576664
169.6	44.15244969061334
169.7	44.57347537022666
169.8	45.01740088048
169.9	45.486506177956656
170.	45.983079672
170.1	46.50941185661
170.2	47.06778886309333
170.3	47.66048593846333
170.4	48.28976087906666
170.5	48.957847425906664
170.6	49.66694864417666
170.7	50.41923030218334
170.8	51.21681426647667
170.9	52.06177193276
171.	52.95611770431666
171.1	53.90180254186332
171.2	54.900707599003326
171.3	55.954637956973336
171.4	57.06531648311666
171.5	58.234377820873334
171.6	59.46336253415332
171.7	60.75371142140333
171.8	62.10676001104
171.9	63.52373325741
172.	65.00574045166
172.1	66.55377036145998
172.2	68.16868661106999
172.3	69.85122332223332
172.4	71.60198101987999
172.5	73.42142282107
172.6	75.30987091637999
172.7	77.26750335560666
172.8	79.29435114810333
172.9	81.39029568372999
173.	83.55506648934666
173.1	85.78823932461667
173.2	88.08923462352666
173.3	90.45731629039332
173.4	92.89159085534334
173.5	95.39100699368333
173.6	97.95435540924998
173.7	100.58026909160999
173.8	103.26722394289999
173.9	106.01353977721
174.	108.81738169342333
174.1	111.67676182034
174.2	114.58954142955668
174.3	117.55343341774332
174.4	120.56600515208333
174.5	123.62468167321333
174.6	126.72674925349332
174.7	129.86935930067997
174.8	133.04953260328332
174.9	136.26416390512333
175.	139.5100268046433
175.1	142.78377896537665
175.2	146.08196763150335
175.3	149.40103542987333
175.4	152.73732645509332
175.5	156.08709261717667
175.6	159.44650024397666
175.7	162.81163691924334
175.8	166.17851854616998
175.9	169.54309661755332
176.	172.90126567603
176.1	176.24887095365332
176.2	179.58171616515665
176.3	182.89557144498002
176.4	186.18618140537333
176.5	189.44927330079332
176.6	192.68056527681665
176.7	195.8757746878233
176.8	199.03062646244
176.9	202.1408614985233
177.	205.20224506796666
177.1	208.2105752134633
177.2	211.16169111413333
177.3	214.05148140568662
177.4	216.87589243157336
177.5	219.63093640954003
177.6	222.31269948983999
177.7	224.91734969350665
177.8	227.44114470260664
177.9	229.8804394950833
178.	232.23169379685
178.1	234.49147933943667
178.2	236.65648690292335
178.3	238.72353313141997
178.4	240.68956710032663
178.5	242.55167662416
178.6	244.30709428490667
178.7	245.95320317551665
178.8	247.48754233350667
178.9	248.90781186160999
179.	250.21187771840664
179.1	251.39777616800666
179.2	252.46371787977333
179.3	253.4080916676133
179.4	254.22946785829333
179.5	254.9266012858033
179.6	255.49843389714
179.7	255.94409697102998
179.8	256.2629129382966
179.9	256.45439680227
180.	256.51825715784