# O+CO(0,0) elastic diff. cross section
# E = 0.039 eV
# angle, CS (1e-16 cm^2)
0.1	51664.89154833334
0.2	50848.50526563333
0.3	49515.68389143333
0.4	47706.83139173333
0.5	45475.93238063333
0.6	42888.14879893333
0.7	40016.97027563333
0.8	36941.076093866664
0.9	33741.07905196666
1.	30496.322977833333
1.1	27281.896405966665
1.2	24166.005915066668
1.3	21207.825456566665
1.4	18455.9048213
1.5	15947.183678766665
1.6	13706.620003066666
1.7	11747.405755199998
1.8	10071.710729836666
1.9	8671.869419013332
2.	7531.906959870001
2.1	6629.289486893334
2.2	5936.781636613332
2.3	5424.299084946667
2.4	5060.655845746667
2.5	4815.123223613666
2.6	4658.738117701667
2.7	4565.321023155
2.8	4512.186805122667
2.9	4480.552518596667
3.	4455.6648858633325
3.1	4426.684540576666
3.2	4386.374217223333
3.3	4330.643524713333
3.4	4258.0039821499995
3.5	4168.98512126
3.6	4065.556423509999
3.7	3950.591560523333
3.8	3827.4018056766663
3.9	3699.3555160599994
4.	3569.591079943333
4.1	3440.8223598743334
4.2	3315.228916023
4.3	3194.4184406916665
4.4	3079.4459434416667
4.5	2970.8731882263332
4.6	2868.852448600667
4.7	2773.2204645816664
4.8	2683.591154449
4.9	2599.438748476
5.	2520.1661936516666
5.1	2445.156614500333
5.2	2373.8080720906664
5.3	2305.5536977473334
5.4	2239.8704340773334
5.5	2176.2801164526663
5.6	2114.3465574603333
5.7	2053.67178259
5.8	1993.8937568233332
5.9	1934.686991553
6.	1875.7664687276667
6.1	1816.894478578
6.2	1757.8893206753332
6.3	1698.634411768667
6.4	1639.0861912416663
6.5	1579.2792991383333
6.6	1519.327783811
6.7	1459.4215226186666
6.8	1399.8175478996666
6.9	1340.826501319
7.	1282.7949361126
7.1	1226.0846029525333
7.2	1171.0501575178666
7.3	1118.016895297
7.4	1067.2601445548332
7.5	1018.9878361983001
7.6	973.3275339934668
7.7	930.3188733810666
7.8	889.9119509780332
7.9	851.9717620629665
8.	816.2883348129333
8.1	782.5917908137667
8.2	750.5712028569999
8.3	719.8958498046666
8.4	690.2373040761665
8.5	661.2907431162333
8.6	632.7939548301999
8.7	604.5427030907333
8.8	576.4014173416333
8.9	548.3085467011666
9.	520.2763433024666
9.1	492.3852771925
9.2	464.7736994997666
9.3	437.62372733086664
9.4	411.1445929930667
9.5	385.5548594872
9.6	361.06494156249994
9.7	337.86128570539995
9.8	316.09336338139997
9.9	295.8643402570666
10.	277.2259288649333
10.1	260.1775477333
10.2	244.66953285063335
10.3	230.60981240626666
10.4	217.87319287523337
10.5	206.31223554473334
10.6	195.7686393667333
10.7	186.08408944719997
10.8	177.10967069716665
10.9	168.71316400356665
11.	160.7838114919333
11.1	153.2344277865
11.2	146.0010147178
11.3	139.04027929069997
11.4	132.32563606859998
11.5	125.84238020553335
11.6	119.58273984996666
11.7	113.54145934446667
11.8	107.71243870876665
11.9	102.08677823303333
12.	96.65237191426664
12.1	91.39498411899999
12.2	86.30055350356668
12.3	81.3583168125
12.4	76.56424742886665
12.5	71.92426763966667
12.6	67.4567207264
12.7	63.193673712733336
12.8	59.18075266496667
12.9	55.475374456666664
13.	52.1434140743
13.1	49.25451665536667
13.2	46.87641172663332
13.3	45.06869974243333
13.4	43.87664830313333
13.5	43.32555240416667
13.6	43.41617962826667
13.7	44.12174175836667
13.8	45.386717057666665
13.9	47.12770341753333
14.	49.2363243246
14.1	51.584050245533334
14.2	54.028650058833335
14.3	56.42186156556666
14.4	58.61777567036666
14.5	60.48137166713333
14.6	61.896624448699995
14.7	62.77362874143333
14.8	63.05424827343333
14.9	62.7158942978
15.	61.773161255666665
15.1	60.27718913096667
15.2	58.31277273016667
15.3	55.99338771006667
15.4	53.45444175443333
15.5	50.84517760116666
15.6	48.319744615699996
15.7	46.02801103043333
15.8	44.10670579366666
15.9	42.671455736
16.	41.81022178549999
16.1	41.578541350433326
16.2	41.99685942356667
16.3	43.050087304866665
16.4	44.68937550083332
16.5	46.835937531266666
16.6	49.38662514033334
16.7	52.22084284426667
16.8	55.20830906526666
16.9	58.21712793133334
17.	61.12163274496667
17.1	63.80949841553333
17.2	66.18769189769999
17.3	68.18693012146667
17.4	69.7644351084
17.5	70.904905639
17.6	71.6197533038
17.7	71.9447679194
17.8	71.9364744669
17.9	71.66751450243333
18.	71.22142554363333
18.1	70.68720137019999
18.2	70.15399626773333
18.3	69.70629125836666
18.4	69.41977630953333
18.5	69.35812656883333
18.6	69.57077030443332
18.7	70.09166848413332
18.8	70.93905684406667
18.9	72.11604527543334
19.	73.61192920523332
19.1	75.4040441003
19.2	77.459986603
19.3	79.74003186666667
19.4	82.19959340353333
19.5	84.79159563533332
19.6	87.4686568747
19.7	90.1850085694
19.8	92.89810289986667
19.9	95.56988363816666
20.	98.16771380063335
20.1	100.66496804153333
20.2	103.04130844833334
20.3	105.28267022776666
20.4	107.38098964726665
20.5	109.33371121846668
20.6	111.14311501893333
20.7	112.81550834043333
20.8	114.36032837186664
20.9	115.78920392263332
21.	117.1150237641
21.1	118.3510565009
21.2	119.51016171806666
21.3	120.60412445906667
21.4	121.64313526523333
21.5	122.63542670436667
21.6	123.58706556442334
21.7	124.50188871786665
21.8	125.38156127397
21.9	126.22572889417667
22.	127.0322327437033
22.1	127.79735572406332
22.2	128.51607217703332
22.3	129.18227957424335
22.4	129.78899888735666
22.5	130.32853917573
22.6	130.79263031699998
22.7	131.17253456759664
22.8	131.45915203922334
22.9	131.64313663689666
23.	131.7150375582833
23.1	131.66547735572334
23.2	131.48537153030998
23.3	131.16618756156666
23.4	130.70023417717334
23.5	130.08096551183667
23.6	129.30328037621663
23.7	128.36379471762334
23.8	127.26106565180334
23.9	125.99574811938
24.	124.57066980327332
24.1	122.99081584438
24.2	121.26322135726
24.3	119.39677606929332
24.4	117.40195093727665
24.5	115.29046092432668
24.6	113.07488099492664
24.7	110.76823384335
24.8	108.38356808296666
24.9	105.93354493207335
25.	103.43005018322734
25.1	100.88384678989732
25.2	98.30428195826835
25.3	95.69906127172797
25.4	93.07410103387934
25.5	90.433468443937
25.6	87.77941714323131
25.7	85.112522755837
25.8	82.43191907526565
25.9	79.73563041221865
26.	77.02098946475333
26.1	74.28512322696332
26.2	71.52548252887334
26.3	68.74038448712332
26.4	65.92953231424666
26.5	63.09447435598333
26.6	60.23896454506
26.7	57.36919010950332
26.8	54.49383940873333
26.9	51.62399290172334
27.	48.77283280586
27.1	45.95518099719666
27.2	43.18688890187333
27.3	40.484116210956664
27.4	37.862545927443996
27.5	35.33659042405366
27.6	32.91864602647566
27.7	30.618451794999334
27.8	28.442601641202003
27.9	26.394248247209994
28.	24.47302331372666
28.1	22.675182665963334
28.2	20.99396807478
28.3	19.420161716716667
28.4	17.94279531994667
28.5	16.549965308473332
28.6	15.229698428683335
28.7	13.970809813063333
28.8	12.763697198583332
28.9	11.601020716499999
29.	10.478226640176665
29.1	9.393884851646668
29.2	8.34982257814
29.3	7.351050166953333
29.4	6.405487386683333
29.5	5.523510189673333
29.6	4.717347453016666
29.7	4.00036454089
29.8	3.3862754059233326
29.9	2.88832734323
30.	2.518502535843333
30.1	2.2867783856883332
30.2	2.20048457009
30.3	2.2637890915392664
30.4	2.4773386036748666
30.5	2.838070314102
30.6	3.339204109552
30.7	3.9704145643199995
30.8	4.71817354452
30.9	5.566245598436667
31.	6.496310633346667
31.1	7.488681926196667
31.2	8.523082675866666
31.3	9.57944139576
31.4	10.638665683796667
31.5	11.683355393676665
31.6	12.698419903663332
31.7	13.671569838943334
31.8	14.593660884353334
31.9	15.458875756066664
32.	16.264739412563333
32.1	17.01197159219333
32.2	17.704189178976662
32.3	18.347478225910002
32.4	18.94986130971
32.5	19.520690004726667
32.6	20.069994550769998
32.7	20.60782329926333
32.8	21.14360342168333
32.9	21.68555191383
33.	22.240162423996665
33.1	22.811789176239998
33.2	23.40234451832666
33.3	24.011121607533333
33.4	24.63474859994333
33.5	25.26727551883667
33.6	25.90038978630667
33.7	26.523751248769997
33.8	27.12543246557667
33.9	27.69244516620333
34.	28.21132929058667
34.1	28.668777151489994
34.2	29.052262305679996
34.3	29.350641025273333
34.4	29.554694148689997
34.5	29.657578821606666
34.6	29.65516336553333
34.7	29.546224228196664
34.8	29.332491482919995
34.9	29.01853827472
35.	28.61151939174666
35.1	28.120774073533333
35.2	27.557317468420003
35.3	26.93325303782
35.4	26.261143955993333
35.5	25.55338461749667
35.6	24.82161338854
35.7	24.076204646726666
35.8	23.325872134613334
35.9	22.577407170763337
36.	21.835565004253333
36.1	21.103101411616667
36.2	20.380950452193332
36.3	19.66852403984
36.4	18.96410548225333
36.5	18.265303040606664
36.6	17.56952630048
36.7	16.87444788928
36.8	16.17841573106
36.9	15.480786260886667
37.	14.78215629117
37.1	14.084479859596664
37.2	13.391065648289999
37.3	12.706459703766665
37.4	12.036226528933334
37.5	11.386648595026665
37.6	10.7643695159
37.7	10.176009289126668
37.8	9.627781049036665
37.9	9.125137761393333
38.	8.672474408849999
38.1	8.27290675651
38.2	7.928142104220001
38.3	7.638450915706667
38.4	7.402741272823333
38.5	7.218731136026666
38.6	7.083206788189999
38.7	6.9923499567
38.8	6.942111275873334
38.9	6.9286042518
39.	6.9484919562066665
39.1	6.999338467926666
39.2	7.079898684223332
39.3	7.1903235185300005
39.4	7.332262563066665
39.5	7.508852774026666
39.6	7.724589269856667
39.7	7.985082451506668
39.8	8.296713807773333
39.9	8.666210365936667
40.	9.100164200676666
40.1	9.60452818229
40.2	10.184121802539998
40.3	10.842181176613332
40.4	11.57998508985
40.5	12.396584340693334
40.6	13.28865493662
40.7	14.25048741184
40.8	15.274115285483333
40.9	16.349576180803332
41.	17.465290114143333
41.1	18.608531633
41.2	19.76596641804
41.3	20.924219091439998
41.4	22.070437528830002
41.5	23.192819978886664
41.6	24.28107457832333
41.7	25.326786056176665
41.8	26.323671069489997
41.9	27.267711126466665
42.	28.15715984937666
42.1	28.992428838596666
42.2	29.775863141016664
42.3	30.511422925189997
42.4	31.204292177339997
42.5	31.860437951159998
42.6	32.48614493870333
42.7	33.087549993016665
42.8	33.67019991017333
42.9	34.23865348399333
43.	34.79614581451333
43.1	35.34432929257666
43.2	35.883101783554665
43.3	36.41052844150333
43.4	36.92285942356
43.5	37.41464163702
43.6	37.87891863208666
43.7	38.307508941660004
43.8	38.691349685549994
43.9	39.02088922716333
44.	39.286510246936665
44.1	39.47896291874666
44.2	39.589787136856664
44.3	39.61170298217333
44.4	39.538949986426665
44.5	39.367558181886665
44.6	39.09553738103333
44.7	38.72297542178
44.8	38.25204101132999
44.9	37.68689201793333
45.	37.03349522865
45.1	36.29936840732667
45.2	35.49325960058
45.3	34.62478178752667
45.4	33.70402297899
45.5	32.74115260623
45.6	31.746044534280003
45.7	30.72793534175
45.8	29.69513383047
45.9	28.654794270643993
46.	27.612761932027666
46.1	26.573495264092998
46.2	25.54006493732266
46.3	24.514226066423337
46.4	23.496556491193335
46.5	22.48665111773733
46.6	21.483360105015997
46.7	20.485057150266663
46.8	19.489923283263334
46.9	18.496231396806664
47.	17.502617183999998
47.1	16.50832317125333
47.2	15.51340408705
47.3	14.518883830850001
47.4	13.526856749689998
47.5	12.54052871145333
47.6	11.564196494793332
47.7	10.603167170886666
47.8	9.66362229356
47.9	8.752434672809999
48.	7.876948105256667
48.1	7.044732500133333
48.2	6.263328208216665
48.3	5.539993913193333
48.4	4.881472108192333
48.5	4.2937849433199995
48.6	3.7820711612569995
48.7	3.3504720626173325
48.8	3.0020711621156666
48.9	2.7388886442433327
49.	2.5619281739349997
49.1	2.4712703264676663
49.2	2.4662041154966667
49.3	2.545386014051333
49.4	2.707014612368
49.5	2.949008695919333
49.6	3.269177037308
49.7	3.6653694855636663
49.8	4.135600856280332
49.9	4.678141485946
50.	5.291570903590333
50.1	5.974793686409001
50.2	6.727019014655
50.3	7.547707576233333
50.4	8.436491186426666
50.5	9.393071723466665
50.6	10.417106726119998
50.7	11.508089273754333
50.8	12.665229627516334
50.9	13.887345613294332
51.	15.172767945162999
51.1	16.519265685498667
51.2	17.923995870767996
51.3	19.383480047369666
51.4	20.893609098843665
51.5	22.449676339106325
51.6	24.046437438042332
51.7	25.678194378227335
51.8	27.338899376141995
51.9	29.022273599580334
52.	30.721934651110335
52.1	32.43152623485733
52.2	34.144843244158
52.3	35.855945738102996
52.4	37.55925593594133
52.5	39.24963341202433
52.6	40.922425082730996
52.7	42.57348821035433
52.8	44.19918641866633
52.9	45.79636044394165
53.	47.362276906069
53.1	48.894559657222665
53.2	50.391109105093335
53.3	51.85001531037899
53.4	53.269470561072
53.5	54.647686597426
53.6	55.98282077464667
53.7	57.2729143169672
53.8	58.515844591784294
53.9	59.70929214620356
54.	60.85072221971599
54.1	61.937379712481665
54.2	62.96629612919867
54.3	63.934306934546655
54.4	64.83807792252033
54.5	65.67413959435532
54.6	66.43892902274966
54.7	67.12883915427899
54.8	67.74027582923
54.9	68.26972290577933
55.	68.71381570731234
55.1	69.069422534591
55.2	69.333733251876
55.3	69.50435303217667
55.4	69.57939833240667
55.5	69.55759120546566
55.6	69.43834724772
55.7	69.22185197802233
55.8	68.90912028597367
55.9	68.50203388516333
56.	68.00335241526899
56.1	67.41669495891466
56.2	66.746490182204
56.3	65.997894977039
56.4	65.17668326495533
56.5	64.28910836934533
56.6	63.341743991209
56.7	62.34131018804433
56.8	61.294491821024664
56.9	60.20775759328766
57.	59.087188089913994
57.1	57.93832106505779
57.2	56.76602168874172
57.3	55.574384523597
57.4	54.366672749202664
57.5	53.14529856649267
57.6	51.911846908846
57.7	50.66714255844633
57.8	49.411358639217994
57.9	48.14416226576866
58.	46.86489101106433
58.1	45.57275188556899
58.2	44.26703286726166
58.3	42.94731577549467
58.4	41.61367858902666
58.5	40.26687527806099
58.6	38.90848190086933
58.7	37.54099917785733
58.8	36.16790392188333
58.9	34.793644536671664
59.	33.42357908878666
59.1	32.063858053459334
59.2	30.721257441383333
59.3	29.40297138642267
59.4	28.116376123695332
59.5	26.868779375047996
59.6	25.667170293963665
59.7	24.517985174246
59.8	23.426903073036332
59.9	22.398683390894334
60.	21.437054448625332
60.1	20.54465842717633
60.2	19.723053992278334
60.3	18.97277382694133
60.4	18.293430478589666
60.5	17.683860689798333
60.6	17.142295979017334
60.7	16.666545839197664
60.8	16.254179617672
60.9	15.90269392002833
61.	15.60965414637933
61.1	15.372801341270332
61.2	15.190118687051667
61.3	15.059855416972667
61.4	14.980509393727667
61.5	14.950772814798334
61.6	14.969448243512332
61.7	15.035344234145668
61.8	15.147161107082667
61.9	15.303377879109668
62.	15.502150974630334
62.1	15.741234205297333
62.2	16.017927719536335
62.3	16.329061342117996
62.4	16.67101511265033
62.5	17.039777072999
62.6	17.431035622562664
62.7	17.840301222254
62.8	18.263050033842664
62.9	18.694880354637668
63.	19.131671549542332
63.1	19.56973466322433
63.2	20.005944052974666
63.3	20.437840222558
63.4	20.863695527454
63.5	21.282536495528
63.6	21.694119057157998
63.7	22.098855871534667
63.8	22.49769799914
63.9	22.891976219138
64.	23.283210124915335
64.1	23.672895554684334
64.2	24.062282748142664
64.3	24.452158716798
64.4	24.84264757379633
64.5	25.233041940396326
64.6	25.621677049218
64.7	26.00585687823333
64.8	26.381838714428667
64.9	26.744879151432002
65.	27.089340900364665
65.1	27.408856176060667
65.2	27.696539061259333
65.3	27.94523636058767
65.4	28.147804227385
65.5	28.297396400265
65.6	28.387749299609997
65.7	28.413449512181998
65.8	28.370170282014
65.9	28.254865425155664
66.	28.065911452831333
66.1	27.803191451685997
66.2	27.468117257261003
66.3	27.063589491575
66.4	26.593897962417998
66.5	26.064567606232664
66.6	25.482157492719665
66.7	24.854022324612004
66.8	24.188047307896333
66.9	23.492368213697333
67.	22.77508889308833
67.1	22.044008447150993
67.2	21.306369708972667
67.3	20.568639687982998
67.4	19.83633118684133
67.5	19.11387297104833
67.6	18.40453370341133
67.7	17.710402419891
67.8	17.032425710044997
67.9	16.370499078895335
68.	15.723607336207666
68.1	15.090006415586664
68.2	14.467436913500332
68.3	13.85335798734933
68.4	13.245189184957663
68.5	12.640547375342665
68.6	12.037466270981
68.7	11.434587072507
68.8	10.831310485571667
68.9	10.227902662128999
69.	9.625550367059667
69.1	9.026363691217998
69.2	8.433327733769666
69.3	7.850207654091333
69.4	7.281414155254666
69.5	6.731838635436667
69.6	6.2066687937379985
69.7	5.711196312243666
69.8	5.25062831292
69.9	4.829913619599999
70.	4.453593496986667
70.1	4.1256845948533325
70.2	3.8495994350466667
70.3	3.62810709907
70.4	3.46333398537
70.5	3.3568017820966665
70.6	3.3094973153733336
70.7	3.321966836963333
70.8	3.394425738376667
70.9	3.5268737177349996
71.	3.719205144135
71.1	3.9713047851346657
71.2	4.283120169679666
71.3	4.654703593807
71.4	5.086219042056333
71.5	5.577911963461333
71.6	6.130042739043333
71.7	6.742787626471667
71.8	7.416113762857666
71.9	8.149637249523
72.	8.942475243213332
72.1	9.793104172716665
72.2	10.699236567176666
72.3	11.657728448833332
72.4	12.66452780024333
72.5	13.714672320836666
72.6	14.802341662766667
72.7	15.920965765593332
72.8	17.063387029586664
72.9	18.222070146576662
73.	19.38934973091
73.1	20.557702737693333
73.2	21.720030271366667
73.3	22.869931969876664
73.4	24.001955833626667
73.5	25.111807204593333
73.6	26.196502557656665
73.7	27.254456733216664
73.8	28.285496023763333
73.9	29.290793887723332
74.	30.272730704529998
74.1	31.234683606713325
74.2	32.18075672083
74.3	33.11546584289666
74.4	34.043394436819995
74.5	34.968839701128665
74.6	35.89546819978033
74.7	36.82600015921
74.8	37.761940053242995
74.9	38.70336861335336
75.	39.64880808513633
75.1	40.59516862058267
75.2	41.53777933497167
75.3	42.470503071576665
75.4	43.38592948902
75.5	44.27563699659332
75.6	45.13051049162
75.7	45.94109898717333
75.8	46.69799520291667
75.9	47.39221811580666
76.	48.01557938999666
76.1	48.56101551403333
76.2	49.02286934292332
76.3	49.39710745597666
76.4	49.68146316206
76.5	49.87549895516333
76.6	49.98058648348666
76.7	49.999806472353335
76.8	49.93777523039
76.9	49.80040818507
77.	49.59463406810666
77.1	49.32807576895
77.2	49.00871530505667
77.3	48.64456078387333
77.4	48.24333261089001
77.5	47.812184584996665
77.6	47.357473049426666
77.7	46.88458406543732
77.8	46.39782490938566
77.9	45.900382265515994
78.	45.39434556122033
78.1	44.88079022791366
78.2	44.359912468031325
78.3	43.83120454974199
78.4	43.293657886454
78.5	42.745980211847
78.6	42.18681310852233
78.7	41.61493687592533
78.8	41.02945120229334
78.9	40.42992215390333
79.	39.816488499849996
79.1	39.18992314573333
79.2	38.551648314316665
79.3	37.90370590703667
79.4	37.24868705681
79.5	36.58962714585666
79.6	35.92987437449333
79.7	35.27294128072
79.8	34.62234938685667
79.9	33.98147732942667
80.	33.35342245962667
80.1	32.74088497053333
80.2	32.14608217649333
80.3	31.570698700293327
80.4	31.01587610347333
80.5	30.482243027663333
80.6	29.969984328379997
80.7	29.47894511536333
80.8	29.008763210893335
80.9	28.559021453286665
81.	28.129409645219997
81.1	27.719884901076668
81.2	27.330818778059996
81.3	26.963119941863333
81.4	26.618322227959997
81.5	26.29862977744
81.6	26.006913362536668
81.7	25.746654934126667
81.8	25.521840645219996
81.9	25.336805930535
82.	25.19603942874467
82.1	25.103955413242666
82.2	25.064646745579665
82.3	25.081632026780003
82.4	25.157611469629273
82.5	25.2942459942649
82.6	25.491973145281996
82.7	25.749871700156664
82.8	26.065584383636335
82.9	26.435305072713334
83.	26.853833452250004
83.1	27.314696459793332
83.2	27.81033225158666
83.3	28.33232902636333
83.4	28.87170804585333
83.5	29.419237746069996
83.6	29.965764066286667
83.7	30.50254111820667
83.8	31.021546124326665
83.9	31.515763178503327
84.	31.979421791826667
84.1	32.40817831685
84.2	32.79923109326
84.3	33.15136339787
84.4	33.464911860083326
84.5	33.741661746776664
84.6	33.98467424229
84.7	34.19805436181666
84.8	34.38667124822333
84.9	34.555845143616665
85.	34.71101714295666
85.1	34.857418811593334
85.2	34.99975880418
85.3	35.14194274026866
85.4	35.28684078716766
85.5	35.436114780077
85.6	35.59011339565433
85.7	35.74784008180386
85.8	35.9069943590607
85.9	36.064082999917
86.	36.21459368536533
86.1	36.35322032422067
86.2	36.47412645830467
86.3	36.571231265479994
86.4	36.63850173176667
86.5	36.67023459303667
86.6	36.66131270741333
86.7	36.607422428263334
86.8	36.50522126766667
86.9	36.35244838804999
87.	36.14797409707667
87.1	35.89178824638333
87.2	35.58493106210666
87.3	35.22937321823667
87.4	34.82785471930333
87.5	34.38369424853333
87.6	33.900581947806664
87.7	33.38236907780333
87.8	32.83286767645666
87.9	32.25567221901666
88.	31.654013492656663
88.1	31.030652551730004
88.2	30.387819870039998
88.3	29.727201826283334
88.4	29.04997362253333
88.5	28.356874821869997
88.6	27.648321062869996
88.7	26.924543314023328
88.8	26.185744391643333
88.9	25.432261469260002
89.	24.66472301165333
89.1	23.884188981336663
89.2	23.092264272029997
89.3	22.29117704387666
89.4	21.48381587687266
89.5	20.673722275733667
89.6	19.865037895935664
89.7	19.062408738433334
89.8	18.27085129908933
89.9	17.495588085392
90.	16.741861875088
90.1	16.014739463043597
90.2	15.318916343287135
90.3	14.6585337605663
90.4	14.037018849232
90.5	13.456957212899333
90.6	12.920005380280665
90.7	12.426848237343666
90.8	11.97720393146333
90.9	11.569876044936667
91.	11.202850201719999
91.1	10.873429865121667
91.2	10.5784040303
91.3	10.314237924459665
91.4	10.077276761346667
91.5	9.863952092342
91.6	9.670980350464667
91.7	9.495543763596666
91.8	9.335444861133666
91.9	9.189227239333
92.	9.056256994828331
92.1	8.936761189633666
92.2	8.831821781826665
92.3	8.743325548583332
92.4	8.67387256112
92.5	8.626647661909999
92.6	8.605261073869999
92.7	8.613565675393334
92.8	8.655459548083334
92.9	8.734683102066667
93.	8.854620366983333
93.1	9.01811389013
93.2	9.227302092227
93.3	9.483486913386667
93.4	9.787038168521335
93.5	10.137339274274666
93.6	10.532776988776
93.7	10.970775614336667
93.8	11.447873862147997
93.9	11.959840392129
94.	12.501822037761002
94.1	13.068517027840999
94.2	13.654364223981334
94.3	14.253738588532666
94.4	14.861142832780333
94.5	15.471385490416667
94.6	16.079736505750667
94.7	16.682052764218998
94.8	17.274867753970668
94.9	17.85544162158633
95.	18.421770152961667
95.1	18.972553540381334
95.2	19.507128052129666
95.3	20.025365778749
95.4	20.52754937233233
95.5	21.014230029420997
95.6	21.486077823964997
95.7	21.943733828146335
95.8	22.387673251837334
95.9	22.818088094720668
96.	23.234796580148
96.1	23.637184989239998
96.2	24.024185523005332
96.3	24.394291596690667
96.4	24.745609635043
96.5	25.075944117231334
96.6	25.382910456113002
96.7	25.664068416766668
96.8	25.917067308814
96.9	26.13979323111133
97.	26.330508285357002
97.1	26.487971954563665
97.2	26.611535770523332
97.3	26.701203939934004
97.4	26.75765468080933
97.5	26.782219523959334
97.6	26.776820602649995
97.7	26.743868806122364
97.8	26.68612841692113
97.9	26.60655628782827
98.	26.5081255658035
98.1	26.393645282464934
98.2	26.26558769418033
98.3	26.125935016280668
98.4	25.976056152393998
98.5	25.816622235328
98.6	25.64756738726233
98.7	25.46809823678833
98.8	25.276752599985663
98.9	25.071504557497
99.	24.849910162715332
99.1	24.60928539910533
99.2	24.346905944719
99.3	24.060216928783333
99.4	23.747040257492998
99.5	23.40576726978833
99.6	23.035525422851666
99.7	22.636309323157
99.8	22.209068584746
99.9	21.755747559337667
100.	21.279274770395666
100.1	20.783502717626668
100.2	20.27310143253
100.3	19.753411606369664
100.4	19.230265154374003
100.5	18.709782631140666
100.6	18.198157909366333
100.7	17.701440951160997
100.8	17.22532934383533
100.9	16.774978571722997
101.	16.354839810801998
101.1	15.968532440523667
101.2	15.618756557676331
101.3	15.307248654982667
101.4	15.034781397702
101.5	14.801206205130999
101.6	14.60553523110133
101.7	14.446057434990331
101.8	14.320481837961
101.9	14.226099841465665
102.	14.159957708238332
102.1	14.119030003132334
102.2	14.100384977534329
102.3	14.101333541039
102.4	14.119554558173665
102.5	14.153190672659331
102.6	14.200910610104
102.7	14.261935841227668
102.8	14.336031491913333
102.9	14.42346334560833
103.	14.52492459426033
103.1	14.641437552334667
103.2	14.774236780494665
103.3	14.924640908655668
103.4	15.093920873087331
103.5	15.283172277662667
103.6	15.493199175704998
103.7	15.724415777328
103.8	15.976771479032
103.9	16.249703247954333
104.	16.542117849884
104.1	16.852404767066332
104.2	17.178478982519664
104.3	17.517851192315664
104.4	17.867721512504332
104.5	18.225091441700332
104.6	18.586887779780664
104.7	18.950091443246997
104.8	19.311863697620332
104.9	19.669662285115333
105.	20.021340278477332
105.1	20.365221248368336
105.2	20.700145476932
105.3	21.02548344905133
105.4	21.34111465104533
105.5	21.647371717805
105.6	21.944952093184
105.7	22.23480148230833
105.8	22.51797534371513
105.9	22.795486357942032
106.	23.068147087158266
106.1	23.33641779430733
106.2	23.600269537567662
106.3	23.85907214838267
106.4	24.111515538488995
106.5	24.355571007209665
106.6	24.588496929575662
106.7	24.806890532759667
106.8	25.00678458508567
106.9	25.183784920322665
107.	25.333241999696
107.1	25.45044737222833
107.2	25.53084409782233
107.3	25.570239084641663
107.4	25.565004949349333
107.5	25.51225946920733
107.6	25.410011934788997
107.7	25.257267653383
107.8	25.054084364836
107.9	24.80157724871433
108.	24.501872324987332
108.1	24.158011177428666
108.2	23.77381284748333
108.3	23.353701275528667
108.4	22.902508637517332
108.5	22.425266227593998
108.6	21.92699508699133
108.7	21.412508363023335
108.8	20.886236415535667
108.9	20.35208405421833
109.	19.81332709771233
109.1	19.272552844567333
109.2	18.731646209643664
109.3	18.191820388978666
109.4	17.653688156971334
109.5	17.117367444603367
109.6	16.582612850978336
109.7	16.048963320931332
109.8	15.515895467294335
109.9	14.982971963222667
110.	14.449975077365666
110.1	13.917016717279
110.2	13.384618193253665
110.3	12.853755182557332
110.4	12.325865905679331
110.5	11.802823143360998
110.6	11.28687324320967
110.7	10.780547515240665
110.8	10.28655323678
110.9	9.807652762523333
111.	9.346539874366332
111.1	8.905722479001334
111.2	8.487420078158
111.3	8.093483160154
111.4	7.725339897808667
111.5	7.383973422793333
111.6	7.069930646346332
111.7	6.783361280007999
111.8	6.524083547398334
111.9	6.291671222340332
112.	6.085555200024
112.1	5.905131899209
112.2	5.749870445732332
112.3	5.619410806783333
112.4	5.5136457922736675
112.5	5.432781040928
112.6	5.377368664082667
112.7	5.348312010569666
112.8	5.346840913185667
112.9	5.374458660968999
113.	5.432863690993
113.1	5.523850517336999
113.2	5.649195634368667
113.3	5.810534992509332
113.4	6.009240124002998
113.5	6.246300078807334
113.6	6.522216035795333
113.7	6.8369148057419995
113.8	7.189686480861334
113.9	7.579150263522333
114.	8.003251077998666
114.1	8.459288001244
114.2	8.943973906276334
114.3	9.453524070657
114.4	9.983769932275333
114.5	10.530292758687333
114.6	11.08857080045033
114.7	11.654132602813998
114.8	12.222708605391997
114.9	12.790373025783333
115.	13.353668319214664
115.1	13.909705250008665
115.2	14.456232778458332
115.3	14.991673515774
115.4	15.515122357193999
115.5	16.026307972675
115.6	16.525518999128998
115.7	17.013498906644998
115.8	17.491315471335
115.9	17.960212446666333
116.	18.42145226960433
116.1	18.876159372525997
116.2	19.325173834363333
116.3	19.76892466593233
116.4	20.207330995090665
116.5	20.63973784781333
116.6	21.064891190263864
116.7	21.48095452728203
116.8	21.885566776138425
116.9	22.27593851222997
117.	22.648981171335734
117.1	23.00146155516967
117.2	23.330172162717666
117.3	23.63210659014067
117.4	23.904628597381663
117.5	24.145623493669664
117.6	24.353621269044
117.7	24.527882370965333
117.8	24.66843913446067
117.9	24.77608851381933
118.	24.85233479338133
118.1	24.899284200035332
118.2	24.91949660533233
118.3	24.915802582578664
118.4	24.891096762137
118.5	24.848120516562336
118.6	24.789248330502993
118.7	24.716292644522998
118.8	24.63034142973233
118.9	24.531641234152332
119.	24.419535994573
119.1	24.292468647976666
119.2	24.148048685542328
119.3	23.98318450854
119.4	23.79427504349933
119.5	23.577450856175332
119.6	23.328851268899996
119.7	23.044921012562995
119.8	22.722707970953
119.9	22.360142772424666
120.	21.95628144870867
120.1	21.511494117974998
120.2	21.02758557830933
120.3	20.507837642865
120.4	19.95696776437333
120.5	19.381003676434
120.6	18.787079077461332
120.7	18.183160444783667
120.8	17.57771954671533
120.9	16.979369819512666
121.	16.396487245344666
121.1	15.836837547568333
121.2	15.30723132802133
121.3	14.813227227825667
121.4	14.358900402917998
121.5	13.946689751761998
121.6	13.577332673919999
121.7	13.249890968624666
121.8	12.961866131903331
121.9	12.709397109348664
122.	12.487528820696667
122.1	12.29053577237833
122.2	12.112282038965335
122.3	11.946596984741667
122.4	11.787645408144332
122.5	11.630271337290665
122.6	11.470296435331665
122.7	11.304756766414002
122.8	11.132065354459002
122.9	10.952092309205998
123.	10.76615904913
123.1	10.576948040740998
123.2	10.388334224361998
123.3	10.205148647005666
123.4	10.032888528394666
123.5	9.877390853461
123.6	9.744488457179
123.7	9.639668351046332
123.8	9.567751702393332
123.9	9.532613445489332
124.	9.536957067761334
124.1	9.582156823262334
124.2	9.668175672057664
124.3	9.793562857896665
124.4	9.955530474687666
124.5	10.150103889513
124.6	10.372336745114334
124.7	10.616577685380332
124.8	10.876773126681332
124.9	11.146788489308332
125.	11.420729392747335
125.1	11.693244449213
125.2	11.959792434384335
125.3	12.216858695158999
125.4	12.462108546942666
125.5	12.694468947797
125.6	12.914133720241999
125.7	13.122491807722
125.8	13.321982283042665
125.9	13.515883852741332
126.	13.708050223957333
126.1	13.902605738477998
126.2	14.103617982922334
126.3	14.314765537853798
126.4	14.539019555615067
126.5	14.7783574202903
126.6	15.033525350222668
126.7	15.303864503812669
126.8	15.587212036403333
126.9	15.879884762919334
127.	16.17674878172
127.1	16.471373811968668
127.2	16.756266322246997
127.3	17.023171029100666
127.4	17.263426269164665
127.5	17.468355344221333
127.6	17.629673420598998
127.7	17.739888116773663
127.8	17.792671662598664
127.9	17.783183527833998
128.	17.70832468460233
128.1	17.56690810528833
128.2	17.35973453948833
128.3	17.08956782623533
128.4	16.76100968820967
128.5	16.380279787748
128.6	15.954912439866
128.7	15.493386422968669
128.8	15.004708469752668
128.9	14.497973982768332
129.	13.981930086362
129.1	13.464566179924333
129.2	12.952755666910331
129.3	12.451969571811
129.4	11.966078496759666
129.5	11.497254063095667
129.6	11.045974960997365
129.7	10.611136364349866
129.8	10.190255163481666
129.9	9.779757615945334
130.	9.375330993081665
130.1	8.972316918563331
130.2	8.566121605272999
130.3	8.152617252277333
130.4	7.728509526558666
130.5	7.291648280451666
130.6	6.841262307022333
130.7	6.378103779699
130.8	5.904493757271332
130.9	5.424266396068999
131.	4.9426159094769995
131.1	4.465856439799666
131.2	4.001110482284333
131.3	3.555945969258
131.4	3.1379853096429997
131.5	2.7545113770933334
131.6	2.4120955427483333
131.7	2.1162713493066665
131.8	1.871274418255
131.9	1.6798648651143333
132.	1.5432431487406668
132.1	1.461064246656
132.2	1.431548721925
132.3	1.451683039966333
132.4	1.5174958089863333
132.5	1.6243918239846666
132.6	1.767522198234333
132.7	1.9421666941783333
132.8	2.1441037469576663
132.9	2.3699446329333336
133.	2.617410690961
133.1	2.885536276782
133.2	3.1747849547280005
133.3	3.4870719773910004
133.4	3.8256920012020004
133.5	4.195156849682666
133.6	4.600953593667
133.7	5.049237933864
133.8	5.546481569447334
133.9	6.0990947168480005
134.	6.713046087584665
134.1	7.393502418594334
134.2	8.144508129092333
134.3	8.968722993061666
134.4	9.867232065256
134.5	10.839437728418334
134.6	11.883038920023333
134.7	12.994097633820333
134.8	14.167187958279332
134.9	15.395618469989
135.	16.671714970782332
135.1	17.987147525078665
135.2	19.333283650043
135.3	20.701548418079334
135.4	22.08377217295567
135.5	23.472507517333998
135.6	24.861299128928668
135.7	26.244892691365667
135.8	27.619372638989333
135.9	28.98222232982733
136.	30.332304482006336
136.1	31.669764019253
136.2	32.99585965294
136.3	34.31273436761666
136.4	35.623138272931996
136.5	36.93011985982733
136.6	38.236703414587666
136.7	39.545571096827665
136.8	40.858767917533335
136.9	42.17744659655633
137.	43.501667030190994
137.1	44.83026205275533
137.2	46.16077741725733
137.3	47.489489704472334
137.4	48.811501404325334
137.5	50.12090796146833
137.6	51.41102739195234
137.7	52.67467938435567
137.8	53.904497845448674
137.9	55.09325877856
138.	56.234204340779
138.1	57.321343968091995
138.2	58.349714609905995
138.3	59.31558429485899
138.4	60.21658637962233
138.5	61.05177571140099
138.6	61.821602389359334
138.7	62.52780355293433
138.8	63.17321845789633
138.9	63.76153667158532
139.	64.29699334626534
139.1	64.78402891322132
139.2	65.22693299581073
139.3	65.6294937004568
139.4	65.99467360425731
139.5	66.32433266575767
139.6	66.61901597605399
139.7	66.87782083082966
139.8	67.09835322132133
139.9	67.27677871149966
140.	67.40796713115367
140.1	67.48572482402399
140.2	67.503102751614
140.3	67.45276388644899
140.4	67.32738933862166
140.5	67.12009987915233
140.6	66.82486809161065
140.7	66.436896508999
140.8	65.95293873416666
140.9	65.37154368855866
141.	64.69320757060034
141.1	63.920423597837335
141.2	63.05762579309368
141.3	62.111029555245665
141.4	61.08837813346132
141.5	59.99860992609466
141.6	58.851466412270995
141.7	57.65706414090067
141.8	56.425456299440995
141.9	55.16620985552834
142.	53.888023048455
142.1	52.59840522269967
142.2	51.303436833457
142.3	50.00762219458199
142.4	48.71384155655634
142.5	47.423402814389505
142.6	46.13618691622467
142.7	44.85087536143065
142.8	43.56524330932266
142.9	42.276498136396995
143.	40.981640929300326
143.1	39.677827547373994
143.2	38.36270649096366
143.3	37.03471285386367
143.4	35.69330088490967
143.5	34.33910194594233
143.6	32.973999612361666
143.7	31.601119003215334
143.8	30.224732802510335
143.9	28.850091523358333
144.	27.483190070938328
144.1	26.130486318231
144.2	24.798590029545
144.3	23.493941917859665
144.4	22.222502848252
144.5	20.98947221290667
144.6	19.799052392917332
144.7	18.654273137036
144.8	17.556885830094
144.9	16.507333242178998
145.	15.504795711414667
145.1	14.54731010496
145.2	13.631953594921999
145.3	12.755080537784666
145.4	11.912597763584333
145.5	11.100261539454
145.6	10.313978464439
145.7	9.550092626260334
145.8	8.80564247001
145.9	8.078572903426334
146.	7.3678910444103325
146.1	6.673757503563667
146.2	5.997508966893001
146.3	5.341611852561333
146.4	4.709550724013666
146.5	4.105658721087666
146.6	3.5349003274363335
146.7	3.002619172946667
146.8	2.514265167694
146.9	2.0751160252166665
147.	1.6900081549836665
147.1	1.3630910295826668
147.2	1.0976175461573332
147.3	0.8957807179653333
147.4	0.7586043890966666
147.5	0.6858927122566333
147.6	0.6762400209925665
147.7	0.7270996145709999
147.8	0.8349069986213333
147.9	0.9952504180876668
148.	1.2030791951893332
148.1	1.4529385425136665
148.2	1.7392182384033332
148.3	2.0564018878856665
148.4	2.399303484128333
148.5	2.763278645091333
148.6	3.144399213341333
148.7	3.539581829771333
148.8	3.9466635488943327
148.9	4.3644204482266655
149.	4.792528359968
149.1	5.231468157864333
149.2	5.682381283344666
149.3	6.146884203387334
149.4	6.626853066717666
149.5	7.124191792239333
149.6	7.640598037619999
149.7	8.177341850836665
149.8	8.735071251288
149.9	9.313657520843666
150.	9.912090679806
150.1	10.528432599291332
150.2	11.159831640692666
150.3	11.802598837304332
150.4	12.452341688073334
150.5	13.10414787979
150.6	13.752807943146667
150.7	14.393063200384
150.8	15.019863567213331
150.9	15.628618947406999
151.	16.215428176773667
151.1	16.777270719477
151.2	17.312148527938668
151.3	17.81916850377533
151.4	18.298559657962
151.5	18.751623127857663
151.6	19.180617414733334
151.7	19.588585290924996
151.8	19.979132534197667
151.9	20.356171744844666
152.	20.723646788763666
152.1	21.085254745045333
152.2	21.444182523154666
152.3	21.802874532314334
152.4	22.16284596952183
152.5	22.524553548263263
152.6	22.887331978396094
152.7	23.24940044180166
152.8	23.607938938331664
152.9	23.959229974943334
153.	24.298856923854665
153.1	24.62194674618933
153.2	24.923441915905002
153.3	25.198384477176667
153.4	25.442194363714997
153.5	25.650924469483
153.6	25.821476470450328
153.7	25.951763967224664
153.8	26.040812982833334
153.9	26.08879397260933
154.	26.096984011088665
154.1	26.067662396810334
154.2	26.003947250367
154.3	25.909584468675664
154.4	25.788703385871997
154.5	25.645555470529665
154.6	25.48425324294233
154.7	25.308526274412003
154.8	25.121509682870666
154.9	24.92557808535833
155.	24.722234706747333
155.1	24.512061518003666
155.2	24.294732170162334
155.3	24.069085388047
155.4	23.833252670434664
155.5	23.584830852407997
155.6	23.321087519318
155.7	23.039185551489332
155.8	22.736412296344998
155.9	22.410399011387
156.	22.059317237235994
156.1	21.682040538494334
156.2	21.278262439853666
156.3	20.848564211058665
156.4	20.394429234222667
156.5	19.918203831851333
156.6	19.423007473263
156.7	18.912598055966
156.8	18.39120034879933
156.9	17.863307581369998
157.	17.333467500547663
157.1	16.80606493780133
157.2	16.28511302904733
157.3	15.774064699995998
157.4	15.275654912334334
157.5	14.791782508122667
157.6	14.323438368946
157.7	13.870684122571
157.8	13.432682896514999
157.9	13.007780773151334
158.	12.593634786334665
158.1	12.187380671171997
158.2	11.785831281254334
158.3	11.385694762162666
158.4	10.983800331693999
158.5	10.577318952316334
158.6	10.163966339762666
158.7	9.742176637057334
158.8	9.311236657243999
158.9	8.871372774718001
159.	8.423785201921334
159.1	7.970627366912667
159.2	7.514931234191001
159.3	7.060482498006666
159.4	6.611652442176333
159.5	6.173195739360666
159.6	5.750025411065666
159.7	5.346977486697
159.8	4.968578511654332
159.9	4.618828940387666
160.	4.301014619734667
160.1	4.017557071002999
160.2	3.7699111996738663
160.3	3.5585165051357337
160.4	3.3828049571222665
160.5	3.2412655943662667
160.6	3.131562732796333
160.7	3.0507016027139997
160.8	2.9952324202353333
160.9	2.9614814877390003
161.	2.9457960508496663
161.1	2.944788438328333
161.2	2.955564575835333
161.3	2.975922363714333
161.4	3.004506672535
161.5	3.0409098217386665
161.6	3.085709298241666
161.7	3.1404380204446665
161.8	3.2074864823586666
161.9	3.2899403980569994
162.	3.3913617464943333
162.1	3.5155251069503333
162.2	3.66612458938
162.3	3.8464692345949993
162.4	4.059186260701666
162.5	4.3059518037919995
162.6	4.587267759386333
162.7	4.902300992172334
162.8	5.248797650141333
162.9	5.623080804624999
163.	6.020134421236333
163.1	6.433771099848666
163.2	6.856875489296334
163.3	7.281710176049999
163.4	7.700266534215666
163.5	8.10463982277
163.6	8.487405958922665
163.7	8.841977023133
163.8	9.162913692723667
163.9	9.446175376335999
164.	9.689292652155332
164.1	9.891451427683332
164.2	10.053483712118666
164.3	10.177765647496333
164.4	10.268029108472666
164.5	10.329098385136
164.6	10.366567891496
164.7	10.386440232614
164.8	10.394746134118666
164.9	10.397168584579333
165.	10.398693053621333
165.1	10.403303884616665
165.2	10.413744060710666
165.3	10.431351700328
165.4	10.455982093560266
165.5	10.486019114554399
165.6	10.518474722853698
165.7	10.549170281018332
165.8	10.572988840577999
165.9	10.584183626481
166.	10.576724887440665
166.1	10.544665242221999
166.2	10.482502739391332
166.3	10.385521112565666
166.4	10.250088135672666
166.5	10.073895479788334
166.6	9.856126906247333
166.7	9.597545797953666
166.8	9.300497691079666
166.9	8.968828347429666
167.	8.607722711617
167.1	8.223474545009665
167.2	7.823200348461668
167.3	7.414514162853333
167.4	7.0051817975683335
167.5	6.6027738854398
167.6	6.2143368769529665
167.7	5.846099711125232
167.8	5.5032315639417995
167.9	5.189662946989767
168.	4.907978737018599
168.1	4.6593876991297325
168.2	4.443768972529299
168.3	4.259792051778599
168.4	4.105103215544499
168.5	3.9765682957844666
168.6	3.8705592484823663
168.7	3.7832702510620995
168.8	3.7110480260044665
168.9	3.6507207592214
169.	3.599910299181933
169.1	3.5573132281180997
169.2	3.5229378227582338
169.3	3.4982858017779996
169.4	3.486470028007333
169.5	3.4922619357946667
169.6	3.522065328618
169.7	3.583816273495
169.8	3.6868120286363326
169.9	3.841475181690333
170.	4.059062327543333
170.1	4.351329534736666
170.2	4.7301693772830005
170.3	5.207236275666333
170.4	5.793578132870666
170.5	6.499292626785
170.6	7.333225923497133
170.7	8.302729959182333
170.8	9.413491815587866
170.9	10.669445176607255
171.	12.0727695636621
171.1	13.623978238128199
171.2	15.3220906091835
171.3	17.164880015527366
171.4	19.149183183154634
171.5	21.271253807635997
171.6	23.527139838120764
171.7	25.913062357064167
171.8	28.425773580042563
171.9	31.062872485821234
172.	33.82305887407533
172.1	36.706310103461234
172.2	39.71396917311836
172.3	42.84873791315673
172.4	46.11457453842133
172.5	49.516500373161456
172.6	53.06032586062433
172.7	56.75231071802267
172.8	60.598777053094
172.9	64.60569717020934
173.	68.77827953763168
173.1	73.120576828036
173.2	77.63513908686633
173.3	82.32273289747799
173.4	87.182144027861
173.5	92.21007659503366
173.6	97.401156466348
173.7	102.74804070793199
173.8	108.24162869060834
173.9	113.8713643168758
174.	119.62561310793377
174.1	125.49209295270794
174.2	131.45833351559926
174.3	137.51213693902716
174.4	143.6420117696823
174.5	149.83755312777924
174.6	156.08974503651805
174.7	162.3911654138695
174.8	168.73608025739134
174.9	175.12042065530835
175.	181.54164395655044
175.1	187.99848819804265
175.2	194.49063614530567
175.3	201.0183114987271
175.4	207.58183449237947
175.5	214.18116685982005
175.6	220.81547676757572
175.7	227.48275275045629
175.8	234.17949205344533
175.9	240.90048336823568
176.	247.6386972032317
176.1	254.38528958058237
176.2	261.1297169715993
176.3	267.85995301857463
176.4	274.56279113826196
176.5	281.224212024829
176.6	287.82979168276165
176.7	294.36512406650763
176.8	300.8162326691506
176.9	307.1699473519093
177.	313.4142260254347
177.1	319.5384051551637
177.2	325.5333680201432
177.3	331.3916248253045
177.4	337.1073037886796
177.5	342.6760568778818
177.6	348.0948877967634
177.7	353.3619129468036
177.8	358.47606850654586
177.9	363.43677838975736
178.	368.24359886706327
178.1	372.89585611010045
178.2	377.392293057599
178.3	381.73074152146955
178.4	385.90783499019324
178.5	389.9187763498753
178.6	393.7571733518144
178.7	397.4149525452693
178.8	400.88235981765763
178.9	404.1480523546457
179.	407.19928294974534
179.1	410.02217324638536
179.2	412.602067728595
179.3	414.9239555585526
179.4	416.97294291375863
179.5	418.73475463062493
179.6	420.19624114261705
179.7	421.345865204703
179.8	422.174142927253
179.9	422.6740153137986
180.	422.84112969944397