# O+CO(0,0) elastic diff. cross section
# E = 0.0095 eV
# angle, CS (1e-16 cm^2)
0.1	225570.93828369997
0.2	220200.20326733333
0.3	211510.1707239666
0.4	199875.04351996668
0.5	185784.97646316668
0.6	169815.57703763334
0.7	152592.9709385333
0.8	134757.09229613334
0.9	116925.90981123334
1.	99663.11704026666
1.1	83451.42249383332
1.2	68673.01747633333
1.3	55598.135348699994
1.4	44381.91160006667
1.5	35069.07683486667
1.6	27605.425191333332
1.7	21854.547335966665
1.8	17618.0320025
1.9	14657.236308399999
2.	12714.797203066666
2.1	11534.281895366667
2.2	10876.718263533332
2.3	10533.162925836667
2.4	10332.907620499998
2.5	10147.348735556665
2.6	9889.911861776665
2.7	9512.704790386666
2.8	9000.752125259998
2.9	8364.738715526666
3.	7633.164913639999
3.1	6844.710906166665
3.2	6041.4429505299995
3.3	5263.29709528
3.4	4544.071327456666
3.5	3908.967418686667
3.6	3373.5661855099997
3.7	2944.005237193333
3.8	2618.0607574166665
3.9	2386.8126190166668
4.	2236.58851338
4.1	2150.9279279566663
4.2	2112.36941236
4.3	2103.9335088323332
4.4	2110.2393996856667
4.5	2118.2486113933332
4.6	2117.6697793559997
4.7	2101.083160123333
4.8	2063.8533886466666
4.9	2003.8968282036667
5.	1921.3596632556664
5.1	1818.2487711366666
5.2	1698.043050412
5.3	1565.3010264710001
5.4	1425.272768256
5.5	1283.5208177696663
5.6	1145.5553292873333
5.7	1016.4916141686665
5.8	900.7421394043333
5.9	801.7581260653333
6.	721.8369736303332
6.1	662.010078213
6.2	622.021120846
6.3	600.3980653656668
6.4	594.6138662593332
6.5	601.3224446109999
6.6	616.6490831653333
6.7	636.509090887
6.8	656.9261365063333
6.9	674.3223674086667
7.	685.7561824346665
7.1	689.089776455
7.2	683.0764759949999
7.3	667.3664224976666
7.4	642.4372948309999
7.5	609.4635744026666
7.6	570.1426528746666
7.7	526.4984748546666
7.8	480.6833328603334
7.9	434.7961350706667
8.	390.7314422533333
8.1	350.06847745766663
8.2	314.00387366633333
8.3	283.326829799
8.4	258.431164182
8.5	239.35587568566666
8.6	225.84442169399998
8.7	217.412959701
8.8	213.4190494934333
8.9	213.12441278523332
9.	215.7478619027667
9.1	220.50700066653332
9.2	226.64939117143334
9.3	233.47530194923334
9.4	240.35477762926666
9.5	246.74161588970003
9.6	252.18605294986665
9.7	256.34678917556664
9.8	259.0017254622333
9.9	260.0557196002333
10.	259.54304804566664
10.1	257.62221977243337
10.2	254.56136927693333
10.3	250.71357301446665
10.4	246.48290453506664
10.5	242.28361665203332
10.6	238.4962362847
10.7	235.4253215691333
10.8	233.2639669221333
10.9	232.06975089966664
11.	231.75571754819998
11.1	232.0982902431333
11.2	232.76195747889997
11.3	233.33842398346667
11.4	233.3959886326
11.5	232.5334687338333
11.6	230.43224822573336
11.7	226.90009890846665
11.8	221.90131009099997
11.9	215.56925227686668
12.	208.1995885293
12.1	200.22466150949998
12.2	192.1718264143
12.3	184.61038637596664
12.4	178.09308590759997
12.5	173.09868049619996
12.6	169.98187639233333
12.7	168.93597603536665
12.8	169.97201446553333
12.9	172.9162415097333
13.	177.42574201203334
13.1	183.02004351213333
13.2	189.12495998543332
13.3	195.12382831746666
13.4	200.41080447503333
13.5	204.44101262889995
13.6	206.77302089093337
13.7	207.10022825959996
13.8	205.26912413166667
13.9	201.28384277829997
14.	195.2978063858333
14.1	187.59438611406668
14.2	178.55930960716665
14.3	168.64795644276666
14.4	158.3507139615
14.5	148.15926547833334
14.6	138.53613652163332
14.7	129.8891377634
14.8	122.55162422333333
14.9	116.76883600473332
15.	112.69006918643333
15.1	110.36608813033332
15.2	109.75104004366666
15.3	110.7081454986
15.4	113.01856673343332
15.5	116.39303647733334
15.6	120.48599844276669
15.7	124.91210957973331
15.8	129.26494468663333
15.9	133.1376113691
16.	136.14473964806666
16.1	137.94499281766667
16.2	138.26291062349998
16.3	136.9086090361
16.4	133.79368912409998
16.5	128.94170575973334
16.6	122.49174933313333
16.7	114.69410676349999
16.8	105.89756776946668
16.9	96.52867510353333
17.	87.0640063219
17.1	77.99732843586666
17.2	69.80409180429999
17.3	62.906142383833334
17.4	57.63967008576666
17.5	54.229244540799996
17.6	52.770322873266664
17.7	53.221888396633325
17.8	55.4099676287
17.9	59.04177216806666
18.	63.72922975543333
18.1	69.01981141579998
18.2	74.431920248
18.3	79.4917475809
18.4	83.76845586573333
18.5	86.90481021443333
18.6	88.64091253883333
18.7	88.82942539536666
18.8	87.44151925249999
18.9	84.56364134083333
19.	80.38599504436667
19.1	75.18425934293333
19.2	69.29651453413334
19.3	63.09754766046666
19.4	56.972691572433334
19.5	51.29313392543333
19.6	46.39426481846667
19.7	42.55817399813333
19.8	40.00092310556666
19.9	38.86476232496666
20.	39.215078694
20.1	41.0415833473
20.2	44.26307698676667
20.3	48.7350697798
20.4	54.2595529961
20.5	60.59629577683333
20.6	67.47513950976665
20.7	74.60885513793333
20.8	81.70619348563332
20.9	88.48478377943333
21.	94.68352079756666
21.1	100.07403687576665
21.2	104.4707997645
21.3	107.7393338357
21.4	109.80205325956666
21.5	110.64124018203333
21.6	110.29880973516669
21.7	108.87267790390001
21.8	106.50977804516666
21.9	103.39603725856668
22.	99.74389705216666
22.1	95.77821159563332
22.2	91.7215489342
22.3	87.7800276265
22.4	84.13082345926667
22.5	80.91236957423332
22.6	78.21805313963333
22.7	76.09390046639999
22.8	74.54036986576666
22.9	73.5179759069
23.	72.95609274253333
23.1	72.76396986546666
23.2	72.84277732396666
23.3	73.0974050017
23.4	73.44678427916665
23.5	73.83167695479999
23.6	74.21916698576666
23.7	74.6034632976
23.8	75.00303479226667
23.9	75.45450522116666
24.	76.0040900565
24.1	76.69762055326666
24.2	77.57034348449999
24.3	78.63769453746666
24.4	79.88812082666666
24.5	81.27879042183334
24.6	82.7347040129
24.7	84.15135453646667
24.8	85.40070732583332
24.9	86.33993729316667
25.	86.82209574383333
25.1	86.7077123749
25.2	85.87628004503333
25.3	84.2366199783
25.4	81.73526994856665
25.5	78.36225477643333
25.6	74.15385815636667
25.7	69.19228638843333
25.8	63.6023689505
25.9	57.54565431086667
26.	51.21241595146666
26.1	44.81217605368667
26.2	38.56338410991
26.3	32.68286356462
26.4	27.37557516846333
26.5	22.825157208376666
26.6	19.18560598011333
26.7	16.57436801623
26.8	15.067037603476665
26.9	14.69379284671
27.	15.437659791366665
27.1	17.23466162228
27.2	19.975880820876668
27.3	23.511427746659997
27.4	27.6562618854
27.5	32.19774721502
27.6	36.90473992664
27.7	41.53790867484666
27.8	45.860882426446665
27.9	49.651720029299995
28.	52.71411200990666
28.1	54.88767225434
28.2	56.056666876656664
28.3	56.15656806940999
28.4	55.177915541616656
28.5	53.16711500270334
28.6	50.22399380012
28.7	46.49615453289333
28.8	42.170400195309995
28.9	37.461728495879996
29.	32.60058741357334
29.1	27.819229528159997
29.2	23.338083987656667
29.3	19.353072737786665
29.4	16.024729431636665
29.5	13.469840314783333
29.6	11.756128456813332
29.7	10.900263943593332
29.8	10.869225019826667
29.9	11.584782274016668
30.	12.93065249803
30.1	14.76169024355
30.2	16.914367447856666
30.3	19.217742283033335
30.4	21.504137883826665
30.5	23.618833259736665
30.6	25.428200174993336
30.7	26.825884757849998
30.8	27.736812837909998
30.9	28.118975579186667
31.	27.963111227189998
31.1	27.290527914133328
31.2	26.14940441256333
31.3	24.60995840248667
31.4	22.758887653126667
31.5	20.69347444942
31.6	18.515705717996667
31.7	16.326709396626665
31.8	14.221749753356665
31.9	12.285966950909
32.	10.590993204952666
32.1	9.192530950978666
32.2	8.128936967192999
32.3	7.420818405591
32.4	7.0716096640693324
32.5	7.069060855077
32.6	7.387528337623333
32.7	7.990916059420333
32.8	8.836075757185666
32.9	9.876438359411667
33.	11.065623138797665
33.1	12.360760314693332
33.2	13.725271187456666
33.3	15.130880158146667
33.4	16.558685541263333
33.5	17.99918866180333
33.6	19.45126843829
33.7	20.920184280166666
33.8	22.41478483053
33.9	23.94418430962333
34.	25.514232754240002
34.1	27.124143493353333
34.2	28.76364530350333
34.3	30.41099547424333
34.4	32.03212458864667
34.5	33.58108884198333
34.6	35.001889017206665
34.7	36.23158719529333
34.8	37.204524819696665
34.9	37.85733118771333
35.	38.13432128124666
35.1	37.99282552184666
35.2	37.40797791996667
35.3	36.376515812273325
35.4	34.919212414406665
35.5	33.08166720710666
35.6	30.93330959671667
35.7	28.564616578186673
35.8	26.082692020006665
35.9	23.6054903038
36.	21.255078234726668
36.1	19.150406707106665
36.2	17.40010128382
36.3	16.095776329986663
36.4	15.306332402563331
36.5	15.07361675108
36.6	15.409720538910001
36.7	16.296064179856664
36.8	17.684295193886665
36.9	19.49890190567833
37.	21.64134031009633
37.1	23.995387319349
37.2	26.433375440013336
37.3	28.82293288602267
37.4	31.033847872626996
37.5	32.944692998276665
37.6	34.448880624196995
37.7	35.459867940169666
37.8	35.91528614194333
37.9	35.779827793993334
38.	35.04678703033666
38.1	33.73820688808
38.2	31.903645839876663
38.3	29.617631139113332
38.4	26.975919726896667
38.5	24.090737731669996
38.6	21.085216020529998
38.7	18.087280121346666
38.8	15.22328573099
38.9	12.611713116813334
39.	10.35724207092
39.1	8.545521141636666
39.2	7.238918929476666
39.3	6.4735008472899995
39.4	6.257412980976666
39.5	6.570778264196666
39.6	7.36712336247
39.7	8.576262977629998
39.8	10.108478093496666
39.9	11.859742628786666
40.	13.717685363836665
40.1	15.567926281366667
40.2	17.300402603213332
40.3	18.815302010476664
40.4	20.028248955036666
40.5	20.87444268837
40.6	21.31151877606333
40.7	21.320993942086666
40.8	20.908250420063332
40.9	20.10111329674
41.	18.94716532862
41.1	17.510021732476666
41.2	15.864847004949997
41.3	14.093433059203335
41.4	12.27917094369
41.5	10.502237250573332
41.6	8.835283107433332
41.7	7.339862170556666
41.8	6.063769371539999
41.9	5.039390146443333
42.	4.28308650234
42.1	3.795577166942666
42.2	3.5632089632443997
42.3	3.5599689578566664
42.4	3.750053929990666
42.5	4.090795932103333
42.6	4.535739499376666
42.7	5.037675720413333
42.8	5.5514585317066665
42.9	6.036456557399999
43.	6.4585269129933325
43.1	6.791433224246667
43.2	7.01766668498
43.3	7.1286647314966665
43.4	7.124455659146666
43.5	7.0127882965233335
43.6	6.807832828796666
43.7	6.528561125136666
43.8	6.196931488383332
43.9	5.836012541036666
44.	5.468182962413334
44.1	5.113537183173333
44.2	4.788611543493333
44.3	4.505521086913333
44.4	4.271565141483332
44.5	4.0893220328133335
44.6	3.9572123684166667
44.7	3.8704696235766667
44.8	3.822419847601666
44.9	3.8059427369893326
45.	3.814967168557433
45.1	3.8458477989901
45.2	3.898476638019166
45.3	3.9770044093306667
45.4	4.090079513256333
45.5	4.250554771776334
45.6	4.474660185896666
45.7	4.7806893871166665
45.8	5.187293861356666
45.9	5.711518165936667
46.	6.3667377071499995
46.1	7.160675636256666
46.2	8.093675696073333
46.3	9.157393345123333
46.4	10.334039409636667
46.5	11.596271206353332
46.6	12.907778773479999
46.7	14.224562378876666
46.8	15.49684592345
46.9	16.671523222266664
47.	17.69499400205
47.1	18.51621668569333
47.2	19.089787631756664
47.3	19.378852414363333
47.4	19.357663879636664
47.5	19.013623001546666
47.6	18.348670045016668
47.7	17.379932645863335
47.8	16.139581176856666
47.9	14.673887123549997
48.	13.041524244873333
48.1	11.31119252557
48.2	9.558679373046665
48.3	7.863499821603334
48.4	6.305276961393333
48.5	4.960035219136667
48.6	3.8965827143666667
48.7	3.173155171823333
48.8	2.8344833620446668
48.9	2.9094293222433336
49.	3.409314151747333
49.1	4.327032388876999
49.2	5.637015279609667
49.3	7.296068205992
49.4	9.245067010100666
49.5	11.411455210825332
49.6	13.712440963200665
49.7	16.058751356246333
49.8	18.358765008171332
49.9	20.52281482181533
50.	22.467434061525665
50.1	24.11931304770033
50.2	25.418742414098
50.3	26.32234267787566
50.4	26.804918200413002
50.5	26.86032452460333
50.6	26.501298354323332
50.7	25.75826487360333
50.8	24.677202798276667
50.9	23.31670841533333
51.	21.744451068013333
51.1	20.033250013763336
51.2	18.257023382476667
51.3	16.486862575813333
51.4	14.787469918793331
51.5	13.214165252736665
51.6	11.810621357406667
51.7	10.607432545706667
51.8	9.621560094833333
51.9	8.856637174413333
52.	8.30405922553
52.1	7.944737359396666
52.2	7.7513554188
52.3	7.690947927123332
52.4	7.72760709524
52.5	7.825132059653333
52.6	7.949451214669999
52.7	8.070676643853332
52.8	8.16468539772
52.9	8.214162506216667
53.	8.209081900806666
53.1	8.146640798313333
53.2	8.03069794661
53.3	7.870794427053333
53.4	7.680856138726666
53.5	7.477689072969999
53.6	7.279382152593333
53.7	7.103728485053333
53.8	6.966765549069999
53.9	6.88151957374
54.	6.857020753846666
54.1	6.897635496356667
54.2	7.002740945816666
54.3	7.166746660796667
54.4	7.379449295600001
54.5	7.626689003639999
54.6	7.891261354851332
54.7	8.154026081709
54.8	8.395144154640333
54.9	8.595367815408999
55.	8.737304625050665
55.1	8.806576733172868
55.2	8.792800870699832
55.3	8.690323309172044
55.4	8.49865729299925
55.5	8.222587952507332
55.6	7.871930725234667
55.7	7.460952670993999
55.8	7.007490159171
55.9	6.531819326146
56.	6.055355421357
56.1	5.599271751968333
56.2	5.18313680851
56.3	4.823668268206665
56.4	4.533694601026666
56.5	4.321399406346666
56.6	4.189901625583333
56.7	4.137198306559999
56.8	4.156468008073333
56.9	4.236704810356667
57.	4.363627755903333
57.1	4.520790569773333
57.2	4.690803325786667
57.3	4.856572253243333
57.4	5.002466262513334
57.5	5.115328404016666
57.6	5.1852661221666665
57.7	5.206174113506666
57.8	5.175965877
57.9	5.096512643546666
58.	4.973309437813334
58.1	4.814906025539999
58.2	4.632154328646666
58.3	4.437332921303334
58.4	4.243213298233333
58.5	4.0621319935099995
58.6	3.9051279190533332
58.7	3.7811963025566664
58.8	3.6967002657766663
58.9	3.6549693357166664
59.	3.6561018899566666
59.1	3.69697643601
59.2	3.771465279926667
59.3	3.8708339434233334
59.4	3.984300879616666
59.5	4.099724727529999
59.6	4.204380574413333
59.7	4.285782472376667
59.8	4.332506810986666
59.9	4.334970158839999
60.	4.2861159969900005
60.1	4.181967569964666
60.2	4.022009089989666
60.3	3.809364920337333
60.4	3.550756197119333
60.5	3.2562265009589995
60.6	2.938642280292666
60.7	2.6129890817601997
60.8	2.29550028251186
60.9	2.0026697111302
61.	1.7502118879675
61.1	1.5520421881105
61.2	1.4193527489453333
61.3	1.359857454896
61.4	1.377270373165333
61.5	1.4710667467510001
61.6	1.636554920047
61.7	1.8652628903643333
61.8	2.145616620153333
61.9	2.4638612586266664
62.	2.8051535817266666
62.1	3.154736678306666
62.2	3.499098155253333
62.3	3.8270121788566662
62.4	4.130373920863333
62.5	4.404751897243333
62.6	4.649607824066666
62.7	4.868162746463333
62.8	5.066919562986667
62.9	5.254882668013333
63.	5.442542352796666
63.1	5.64071231886
63.2	5.8593213007500005
63.3	6.106263339346666
63.4	6.386405579563334
63.5	6.700838370003333
63.6	7.046431471909999
63.7	7.415734467729999
63.8	7.797231453323333
63.9	8.17593231608
64.	8.534257667559999
64.1	8.853153731356667
64.2	9.113358553066666
64.3	9.296732527223332
64.4	9.387564525666665
64.5	9.373769381479999
64.6	9.247902193389999
64.7	9.007928618533333
64.8	8.657706615259999
64.9	8.207152601803331
65.	7.6720824608600005
65.1	7.073734257723332
65.2	6.437994247739999
65.3	5.794360352039999
65.4	5.174687669706667
65.5	4.611768880193333
65.6	4.137808793688999
65.7	3.782857071945667
65.8	3.573266427299333
65.9	3.530245422227666
66.	3.6685751475453334
66.1	3.995557177058
66.2	4.510255758287666
66.3	5.203089628673333
66.4	6.055817640081999
66.5	7.041947234934666
66.6	8.127575786248531
66.7	9.272652382719333
66.8	10.432622792673632
66.9	11.560394565665
67.	12.608534419210333
67.1	13.531588367771665
67.2	14.288398695672331
67.3	14.844282860399332
67.4	15.172939314993998
67.5	15.257954943595331
67.6	15.093808365934667
67.7	14.686291910544664
67.8	14.052310798958667
67.9	13.219058458038667
68.	12.222608759078001
68.1	11.106005970486331
68.2	9.916967971816334
68.3	8.705344880289665
68.4	7.520491444034333
68.5	6.408716049465999
68.6	5.410961695742666
68.7	4.560855604633667
68.8	3.883236001133
68.9	3.3932295425239998
69.	3.095913900976666
69.1	2.9865603303199997
69.2	3.051413762416667
69.3	3.268935785686666
69.4	3.6114108456866667
69.5	4.046799511413333
69.6	4.540715199029999
69.7	5.058402085193333
69.8	5.566601147503333
69.9	6.035206890086666
70.	6.4386375706133325
70.1	6.75686472268
70.2	6.976071606346666
70.3	7.0889332576666675
70.4	7.094531708366667
70.5	6.997937747496666
70.6	6.809504741816667
70.7	6.54393031978
70.8	6.219148277393332
70.9	5.85511620514
71.	5.472564527299999
71.1	5.091770373346667
71.2	4.731415408639999
71.3	4.407580788646666
71.4	4.132924993056666
71.5	3.9160815628766663
71.6	3.7613037554599993
71.7	3.6683718863399997
71.8	3.6327667458466664
71.9	3.6460991937999996
72.	3.69677226676
72.1	3.7708385076499997
72.2	3.8530025783666666
72.3	3.92770851904
72.4	3.980243309606666
72.5	3.99778464244
72.6	3.970321804796666
72.7	3.8913847417766663
72.8	3.758527734304667
72.9	3.573530190691666
73.	3.342296813625
73.1	3.0744614152683334
73.2	2.782721123880333
73.3	2.4819487056516665
73.4	2.1881483006169997
73.5	1.9173323759046668
73.6	1.6844039043960333
73.7	1.5021270385313665
73.8	1.3802618919487666
73.9	1.3249251624703167
74.	1.33821952964607
74.1	1.4181528003488666
74.2	1.5588446888048666
74.3	1.7509969873546667
74.4	1.9825836264146663
74.5	2.2397022944973335
74.6	2.507519945912333
74.7	2.7712411388706664
74.8	3.017030602758
74.9	3.2328290787363327
75.	3.40901323743
75.1	3.538865000983333
75.2	3.618831421916666
75.3	3.6485719826333334
75.4	3.630804544343333
75.5	3.5709732414233324
75.6	3.4767707709166666
75.7	3.3575534988166664
75.8	3.2236906425866665
75.9	3.0858887968366666
76.	2.95453072683
76.1	2.839063232833333
76.2	2.7474635669066663
76.3	2.685807884046666
76.4	2.6579589488899997
76.5	2.6653840885866664
76.6	2.70710834709
76.7	2.7798020167966664
76.8	2.8779961949799997
76.9	2.9944147061833335
77.	3.120405644253333
77.1	3.2464509799266663
77.2	3.3627283036566666
77.3	3.4596950801033337
77.4	3.5286631193633333
77.5	3.5623297124299995
77.6	3.5552324258666665
77.7	3.5040972309000002
77.8	3.40805464545
77.9	3.268705887996667
78.	3.0900304258299998
78.1	2.878137230136667
78.2	2.6408737562099995
78.3	2.3873181807266666
78.4	2.1271906654766664
78.5	1.8702272954099999
78.6	1.6255649033600001
78.7	1.401185543364
78.8	1.2034655731543333
78.9	1.0368662516299998
79.	0.9037910068343332
79.1	0.8046200688516667
79.2	0.7379173150086666
79.3	0.700788472548
79.4	0.6893558373646667
79.5	0.6993038284160665
79.6	0.7264431347936666
79.7	0.7672396153683333
79.8	0.819257649443
79.9	0.8814759391069998
80.	0.9544459617550001
80.1	1.0402781032853332
80.2	1.1424564619626665
80.3	1.265498822373
80.4	1.41449188555
80.5	1.5945422945
80.6	1.8101904839299998
80.7	2.06483652633
80.8	2.3602250192399996
80.9	2.6960301498600003
81.	3.0695731988166663
81.1	3.47569392527
81.2	3.906785607996666
81.3	4.35299204458
81.4	4.80255442087
81.5	5.242287308513333
81.6	5.658156516256668
81.7	6.03592722929
81.8	6.36184871007
81.9	6.623341519696666
82.	6.809654377736665
82.1	6.91246000812
82.2	6.926362277883333
82.3	6.849290367756666
82.4	6.68275950134
82.5	6.431981897793333
82.6	6.1058162129966655
82.7	5.716548950193333
82.8	5.279507321743333
82.9	4.812509922786667
83.	4.33516931269
83.1	3.8680689985699996
83.2	3.43184599122
83.3	3.0462184821233333
83.4	2.7290055389566668
83.5	2.4951912099933335
83.6	2.356088232203333
83.7	2.3186559197066665
83.8	2.3850222398266663
83.9	2.5522513414866665
84.	2.812385045733333
84.1	3.1527706217566664
84.2	3.5566685512766663
84.3	4.004114282286666
84.4	4.472988794709999
84.5	4.94023585153
84.6	5.383150726476666
84.7	5.780657369456667
84.8	6.114489363814333
84.9	6.3701950737066655
85.	6.537898885485333
85.1	6.612767598355667
85.2	6.5951524447453345
85.3	6.490401104759334
85.4	6.308358364609
85.5	6.0625966420948325
85.6	5.769436532483233
85.7	5.4468312463806665
85.8	5.113196276578733
85.9	4.7862664144199325
86.	4.482056552617667
86.1	4.213991363238667
86.2	3.99225320968
86.3	3.8233791494286664
86.4	3.7101183519639997
86.5	3.6515423949440002
86.6	3.6433841917959997
86.7	3.6785678862766664
86.8	3.747882636843333
86.9	3.8407480725533336
87.	3.9460181756066666
87.1	4.052772929913333
87.2	4.151052518993333
87.3	4.2324962842766665
87.4	4.29085717896
87.5	4.322371280426666
87.6	4.32597043002
87.7	4.30333383844
87.8	4.258781331783333
87.9	4.199016813159999
88.	4.132735616903333
88.1	4.07011394857
88.2	4.022202747593333
88.3	4.00025222631
88.4	4.014997052416667
88.5	4.0759355230433325
88.6	4.190638842429999
88.7	4.3641283457133335
88.8	4.59835871483
88.9	4.891843409983332
89.	5.239454274409999
89.1	5.6324203121666665
89.2	6.05854098343
89.3	6.50261730285
89.4	6.947090174913333
89.5	7.372860666606667
89.6	7.76025245049
89.7	8.090063741796666
89.8	8.344645998016667
89.9	8.508940622836667
90.	8.571403806153333
90.1	8.524753935846666
90.2	8.366485738303332
90.3	8.099109930933333
90.4	7.730095671923333
90.5	7.271514032073332
90.6	6.739402345833334
90.7	6.152889766356666
90.8	5.533141856363333
90.9	4.902195055953333
91.	4.281759251743333
91.1	3.6920678379000003
91.2	3.1508496011266667
91.3	2.6724860519966667
91.4	2.26740254578
91.5	1.9417231509823334
91.6	1.6971994162409998
91.7	1.5314036799546664
91.8	1.4381599522853332
91.9	1.408170981172
92.	1.42978980839
92.1	1.48987839273
92.2	1.5746947379433334
92.3	1.6707530178539998
92.4	1.7656077220823332
92.5	1.8485219255779999
92.6	1.9109903941596666
92.7	1.9470993830056664
92.8	1.9537157941994665
92.9	1.9305081509817335
93.	1.8798101670266665
93.1	1.8063443133127999
93.2	1.716827694227
93.3	1.619485874869
93.4	1.5235022878923332
93.5	1.438431758458
93.6	1.3736067644299998
93.7	1.3375644718233333
93.8	1.3375214349799998
93.9	1.3789211097333332
94.	1.4650768944286665
94.1	1.5969301366086666
94.2	1.7729382651366665
94.3	1.9891028202699998
94.4	2.23914064601
94.5	2.514794010196667
94.6	2.806267221813333
94.7	3.102768884713333
94.8	3.39313087149
94.9	3.6664681277499995
95.	3.9128382646933333
95.1	4.123857249806666
95.2	4.29322790277
95.3	4.417141658566667
95.4	4.494521191633333
95.5	4.5270816901233335
95.6	4.519201182383333
95.7	4.477604406393333
95.8	4.410879118953333
95.9	4.328857195076666
96.	4.241904122916667
96.1	4.160168461094333
96.2	4.092846680476999
96.3	4.047518121542334
96.4	4.029599555062999
96.5	4.041959472673666
96.6	4.0847195872499995
96.7	4.155256238848333
96.8	4.248398817269999
96.9	4.356807312796667
97.	4.471497985876667
97.1	4.582475969063333
97.2	4.679427125203333
97.3	4.752419043573333
97.4	4.792562624753334
97.5	4.792590884796667
97.6	4.747319703506666
97.7	4.653965354246666
97.8	4.512304797116666
97.9	4.324675922863333
98.	4.095825341429999
98.1	3.832620236313333
98.2	3.543647794623333
98.3	3.2387305444566667
98.4	2.92838857216
98.5	2.6232802140166664
98.6	2.333651705323333
98.7	2.068823778143333
98.8	1.8367396937499998
98.9	1.6435950144866667
99.	1.4935648394299998
99.1	1.3886394522166665
99.2	1.3285744876706664
99.3	1.3109568864146666
99.4	1.3313831075849998
99.5	1.3837413333643334
99.6	1.4605847690413332
99.7	1.5535787049529999
99.8	1.6539999057866663
99.9	1.7532633362449999
100.	1.8434484817948003
100.1	1.9177958776306667
100.2	1.9711442185886665
100.3	2.0002798520209994
100.4	2.0041737378376663
100.5	1.9840861541663335
100.6	1.9435264327369999
100.7	1.8880635441766664
100.8	1.8249929530633333
100.9	1.7628751956533333
101.	1.7109713439099998
101.1	1.6786090933833333
101.2	1.6745198500799998
101.3	1.7061911956259999
101.4	1.7792799667623331
101.5	1.8971286308616666
101.6	2.0604217078666665
101.7	2.2670100242566664
101.8	2.5119192227233333
101.9	2.78754606635
102.	3.0840327005
102.1	3.389796259583333
102.2	3.6921800698666667
102.3	3.978184092256666
102.4	4.235226825186666
102.5	4.451889008349999
102.6	4.61859118057
102.7	4.7281621916433325
102.8	4.77626363115
102.9	4.761645103783334
103.	4.686216525526666
103.1	4.554935284019999
103.2	4.375517393293333
103.3	4.15799198292
103.4	3.9141270490266664
103.5	3.6567609848733333
103.6	3.3990787937033335
103.7	3.1538740074233336
103.8	2.9328372537399994
103.9	2.7459102843766665
104.	2.6007403104506666
104.1	2.502263941541333
104.2	2.4524431693786664
104.3	2.450167973758333
104.4	2.4913315753966665
104.5	2.5690754594299996
104.6	2.6741924113766666
104.7	2.795667335073333
104.8	2.9213279633266667
104.9	3.0385711313333332
105.	3.1351254389099994
105.1	3.1998082117999993
105.2	3.2232339378166666
105.3	3.19843295024
105.4	3.1213430864099996
105.5	2.9911432515999996
105.6	2.81040601532
105.7	2.585056167496667
105.8	2.32413305429
105.9	2.0393658879366665
106.	1.74458240868
106.1	1.4549815724899997
106.2	1.1863096712746666
106.3	0.9539858556663333
106.4	0.772226934934
106.5	0.6532222421611333
106.6	0.6064071356428333
106.7	0.6378784330109999
106.8	0.7499870345499999
106.9	0.9411326832126666
107.	1.205773901014
107.1	1.5346534285836664
107.2	1.9152268322064334
107.3	2.3322701756343664
107.4	2.768632549547933
107.5	3.2060914312962767
107.6	3.626263743157923
107.7	4.011523299818906
107.8	4.345876071399233
107.9	4.615748118994732
108.	4.810646796747832
108.1	4.923663361297
108.2	4.951793925124
108.3	4.896065182250999
108.4	4.761461014619333
108.5	4.556655519920334
108.6	4.293566850046666
108.7	3.9867542498916664
108.8	3.652687649501667
108.9	3.3089249278669994
109.	2.973236392242667
109.1	2.66271894465
109.2	2.39294366879
109.3	2.1771799885366665
109.4	2.0257369643533334
109.5	1.9454576026966663
109.6	1.9393952476133332
109.7	2.0066923327733335
109.8	2.14267128992
109.9	2.3391357082299997
110.	2.5848675560266665
110.1	2.8662941823266666
110.2	3.168287757763333
110.3	3.475050644316666
110.4	3.77103367807
110.5	4.041831131763333
110.6	4.27499659482
110.7	4.46072829606
110.8	4.592380328483333
110.9	4.6667673508366665
111.	4.68424390523
111.1	4.64855456011
111.2	4.566466582736666
111.3	4.447211632083333
111.4	4.30177595086
111.5	4.142088760056666
111.6	3.980165264803333
111.7	3.8272633751033336
111.8	3.693111745043333
111.9	3.58526117359
112.	3.5086022321299994
112.1	3.4650799020833336
112.2	3.4536219458133335
112.3	3.47028275706
112.4	3.5085896522933333
112.5	3.5600650375266665
112.6	3.6148865528666665
112.7	3.662638893153333
112.8	3.6931060038466663
112.9	3.697050951163333
113.	3.666932870143333
113.1	3.597515655433333
113.2	3.48633091881
113.3	3.3339674976966664
113.4	3.1441706997066667
113.5	2.92374575878
113.6	2.6822709840233334
113.7	2.4316362482766665
113.8	2.1854313793599998
113.9	1.9582164182833335
114.	1.7647114530566665
114.1	1.6189477721833332
114.2	1.53342440333
114.3	1.51831471422
114.4	1.5807666418066666
114.5	1.7243372396999999
114.6	1.9485975354199998
114.7	2.248937119513333
114.8	2.6165894546333335
114.9	3.0388887022866666
115.	3.4997571718
115.1	3.980409730246667
115.2	4.460248288406666
115.3	4.917906576349999
115.4	5.332393743903333
115.5	5.684275812776666
115.6	5.956827579316666
115.7	6.137084987673333
115.8	6.216729810516666
115.9	6.19274492599
116.	6.067789453890001
116.1	5.85025802841
116.2	5.554006701633334
116.3	5.197748261896667
116.4	4.804140760029999
116.5	4.39861330607
116.6	4.007991275249999
116.7	3.6589976092933334
116.8	3.3767168177133327
116.9	3.1831127889566666
117.	3.0956902106666666
117.1	3.126382282343333
117.2	3.2807349039133333
117.3	3.55744044142
117.4	3.9482536238866666
117.5	4.438299464499999
117.6	5.0067598067366665
117.7	5.62790267712
117.8	6.27239849895
117.9	6.908850619
118.	7.50545548705
118.1	8.03170084423
118.2	8.46000870056
118.3	8.767233640226666
118.4	8.935935669756667
118.5	8.955359738606667
118.6	8.82207030907
118.7	8.540207910553331
118.8	8.121354406576666
118.9	7.584013680529999
119.	6.952733645693333
119.1	6.256913065436667
119.2	5.529351935536667
119.3	4.804616585733333
119.4	4.117299787872
119.5	3.5002617198536665
119.6	2.982939431203667
119.7	2.589810383712
119.8	2.3390896787956663
119.9	2.241730820476
120.	2.3007865092469997
120.1	2.5111693852526664
120.2	2.8598333910216667
120.3	3.326375255425666
120.4	3.884033465208333
120.5	4.501040115658332
120.6	5.1422604707433335
120.7	5.77103721526
120.8	6.351142499030001
120.9	6.8487320520666675
121.	7.234192727673333
121.1	7.483778289253334
121.2	7.58093816292
121.3	7.517259845816666
121.4	7.292966854423332
121.5	6.916939291833334
121.6	6.406251760393333
121.7	5.785251697343334
121.8	5.08422844424
121.9	4.337747714783333
122.	3.582746030665666
122.1	2.856493885775333
122.2	2.194543997918
122.3	1.628781582962333
122.4	1.1856871672426665
122.5	0.8849095207456666
122.6	0.7382277276586665
122.7	0.7489584284219999
122.8	0.9118383259726667
122.9	1.2133847475759998
123.	1.6327100261933332
123.1	2.142740277011667
123.2	2.711767199108666
123.3	3.305243992876666
123.4	3.8877242151469997
123.5	4.424835925880999
123.6	4.885182994307667
123.7	5.2420707738339996
123.8	5.474964059422
123.9	5.5706005889673325
124.	5.5237024146366664
124.1	5.337249188481332
124.2	5.022300643679666
124.3	4.597379146701333
124.4	4.087446027656333
124.5	3.5225264086429995
124.6	2.9360554904066665
124.7	2.3630338998016667
124.8	1.8380900516673333
124.9	1.3935530156249998
125.	1.0576397490549998
125.1	0.8528556164733333
125.2	0.7946969406263333
125.3	0.8907292502143332
125.4	1.1400954964046666
125.5	1.5334856680609996
125.6	2.053574062684333
125.7	2.6759043018113333
125.8	3.370176506794
125.9	4.101867431924666
126.	4.8340943075543334
126.1	5.529618043059667
126.2	6.152872379273333
126.3	6.6719032886730005
126.4	7.060107687280999
126.5	7.297672139107999
126.6	7.372630015954333
126.7	7.281478387182
126.8	7.029322268331332
126.9	6.629542011905333
127.	6.103007732886999
127.1	5.47689090881
127.2	4.783146030873667
127.3	4.056753045083
127.4	3.3338233206203336
127.5	2.649677452254666
127.6	2.037002222360333
127.7	1.524186825265333
127.8	1.133925668616333
127.9	0.8821577069973332
128.	0.7773915393508
128.1	0.8204427536516665
128.2	1.0045866073846668
128.3	1.3161064230966668
128.4	1.7351972692766666
128.5	2.237166628813333
128.6	2.7938596522066668
128.7	3.3752268299799995
128.8	3.950946821253333
128.9	4.492016814279999
129.	4.972227000589999
129.1	5.369444135166667
129.2	5.666641164646666
129.3	5.85262482248
129.4	5.922430099106667
129.5	5.87736871108
129.6	5.72473721085
129.7	5.477208294413334
129.8	5.1519453211999995
129.9	4.76949426915
130.	4.35251861927
130.1	3.92445042461
130.2	3.5081346515466665
130.3	3.1245435322999997
130.4	2.791633082843333
130.5	2.523405278053333
130.6	2.329227022736
130.7	2.2134416302633335
130.8	2.1752908541510667
130.9	2.209146633183
131.	2.3050327641893333
131.1	2.4493989290666667
131.2	2.62609407428
131.3	2.8174741556099994
131.4	3.00557159098
131.5	3.173250988276666
131.6	3.3052780532599995
131.7	3.3892358656733337
131.8	3.416234382093333
131.9	3.3813741780366664
132.	3.2839429053866667
132.1	3.1273413706933333
132.2	2.9187541461033337
132.3	2.6685958912
132.4	2.3897779660233334
132.5	2.0968496059866664
132.6	1.8050734034766667
132.7	1.5294959555266665
132.8	1.2840714998433331
132.9	1.0808896835276665
133.	0.9295490335936665
133.1	0.8367061149683332
133.2	0.8058177166609999
133.3	0.8370806196643332
133.4	0.9275613953203333
133.5	1.0714979407553333
133.6	1.2607455884326666
133.7	1.485333961205
133.8	1.734096447103
133.9	1.9953322566273333
134.	2.2574613991116665
134.1	2.5096353810166665
134.2	2.74227073004
134.3	2.9474782798600003
134.4	3.11936817346
134.5	3.254218395613333
134.6	3.350502946186666
134.7	3.4087841188666665
134.8	3.43148134856
134.9	3.422536330943333
135.	3.387000205563333
135.1	3.33057316861
135.2	3.259129632563333
135.3	3.178262743476667
135.4	3.0928805683899996
135.5	3.006882563643334
135.6	2.9229391589166664
135.7	2.8423897221433334
135.8	2.76526523928
135.9	2.6904323233466667
136.	2.6158453459466666
136.1	2.538884321216667
136.2	2.4567484465566665
136.3	2.3668696466766663
136.4	2.2673076911433334
136.5	2.157088883963333
136.6	2.0364541283566666
136.7	1.9069892281333334
136.8	1.77162016048
136.9	1.6344680050366667
137.	1.50057124558
137.1	1.3754961043536664
137.2	1.264867185278
137.3	1.1738598070389998
137.4	1.1067009980393334
137.5	1.066227498019
137.6	1.0535459510549998
137.7	1.067832907305
137.8	1.1063008469913334
137.9	1.1643421733569999
138.	1.2358472737496666
138.1	1.31367678623
138.2	1.3902536319699998
138.3	1.4582285583966668
138.4	1.5111649993033334
138.5	1.5441857352200001
138.6	1.55452542705
138.7	1.5419394311499999
138.8	1.5089297869733334
138.9	1.4607629429266666
139.	1.40526945152
139.1	1.3524321992939998
139.2	1.3137854338159998
139.3	1.3016607337286665
139.4	1.3283271916396666
139.5	1.405080785155
139.6	1.5413418548166666
139.7	1.7438197494633334
139.8	2.01580026425
139.9	2.3566049139466667
140.	2.7612619184466665
140.1	3.2204176581366664
140.2	3.7205049199499998
140.3	4.2441710965
140.4	4.770956156566666
140.5	5.278197141523334
140.6	5.742123571966666
140.7	6.139096849143333
140.8	6.446936884883333
140.9	6.646271178933333
141.	6.721835817749999
141.1	6.66365484859
141.2	6.468024660939999
141.3	6.138233828506667
141.4	5.684956688493333
141.5	5.126270963619667
141.6	4.487265943809334
141.7	3.7992278152636656
141.8	3.098411984497
141.9	2.424437649894
142.	1.818366019404
142.1	1.3205487531189999
142.2	0.9683555124736666
142.3	0.7939069513846666
142.4	0.8219502275296666
142.5	1.068016582628
142.6	1.5369936635076666
142.7	2.2222286034166663
142.8	3.1052517895996665
142.9	4.156176859683333
143.	5.334791733959333
143.1	6.592311027496999
143.2	7.873715115782333
143.3	9.120558828177666
143.4	10.27409655488
143.5	11.27854348346
143.6	12.084277120989999
143.7	12.650780752263332
143.8	12.949141563363334
143.9	12.963940294653334
144.	12.694404892503332
144.1	12.154745235536666
144.2	11.373636440573335
144.3	10.39287092715
144.4	9.265250643886667
144.5	8.051837142006665
144.6	6.818715503316666
144.7	5.633456160756666
144.8	4.561474898866667
144.9	3.662495192713333
145.	2.9873088108866668
145.1	2.5750113331866666
145.2	2.4508605976199997
145.3	2.624870227223333
145.4	3.0912096689933333
145.5	3.828439037013333
145.6	4.800563815489999
145.7	5.958853239903332
145.8	7.244328720146666
145.9	8.590796436223332
146.	9.928272316696667
146.1	11.186628781656667
146.2	12.299281401570001
146.3	13.206730276970001
146.4	13.859775582046668
146.5	14.222239272493333
146.6	14.27304520221
146.7	14.007537393543332
146.8	13.437950292369997
146.9	12.59298454551
147.	11.516485849506665
147.1	10.265271043063333
147.2	8.906192773113332
147.3	7.5125793413099995
147.4	6.160227068639999
147.5	4.92315593892
147.6	3.869362726933333
147.7	3.0568169325399994
147.8	2.52994184272
147.9	2.3168049304066667
148.	2.42720855946
148.1	2.8518246906633333
148.2	3.5624582088066665
148.3	4.513455923153332
148.4	5.64420643675
148.5	6.882604755906667
148.6	8.149289797703332
148.7	9.362407779889999
148.8	10.442614191226665
148.9	11.318005025913333
149.	11.928666312476667
149.1	12.230550259369998
149.2	12.198425569916667
149.3	11.827706107953334
149.4	11.135032242246666
149.5	10.157557968676667
149.6	8.950978785513666
149.7	7.586414603069665
149.8	6.146333319632999
149.9	4.719759412556666
150.	3.397054348051333
150.1	2.2645794534709998
150.2	1.3995561565263333
150.3	0.8654235928149998
150.4	0.7079611757707
150.5	0.9523965120926665
150.6	1.6016604839859998
150.7	2.635885310888333
150.8	4.0131719960693335
150.9	5.671584674286334
151.	7.532264567319666
151.1	9.503498571243666
151.2	11.485529378122665
151.3	13.375857271283333
151.4	15.074759495305333
151.5	16.490742000273332
151.6	17.54564048985233
151.7	18.179102759952332
151.8	18.352211605155667
151.9	18.050046094949998
152.	17.283027456339
152.1	16.086952498929666
152.2	14.521680504320667
152.3	12.668506415675665
152.4	10.626321294464665
152.5	8.506727290221999
152.6	6.428335473345333
152.7	4.510527323601666
152.8	2.867001021457
152.9	1.599448778612333
153.	0.791718641678
153.1	0.5048016818711814
153.2	0.7729524948613
153.3	1.6011979988833667
153.4	2.964418560701033
153.5	4.8080998398928
153.6	7.050758071278134
153.7	9.587941522580666
153.8	12.297612993867734
153.9	15.046629142377999
154.	17.697958523357002
154.1	20.11822713401167
154.2	22.185152238024664
154.3	23.794424933570667
154.4	24.86562993429633
154.5	25.34684591681267
154.6	25.217648089490332
154.7	24.49033115800966
154.8	23.20927904839933
154.9	21.448520230463334
155.	19.30761666039633
155.1	16.906132995103334
155.2	14.37701450998
155.3	11.859262133426665
155.4	9.490327955896666
155.5	7.398663087353334
155.6	5.696832297416667
155.7	4.475568649686666
155.8	3.7990799318566673
155.9	3.7018417405033333
156.	4.187024892936666
156.1	5.2266129199
156.2	6.763174080513332
156.3	8.713166482919998
156.4	10.971578604080001
156.5	13.417644019846666
156.6	15.921320778366667
156.7	18.35019396444333
156.8	20.576445157626665
156.9	22.483534506976667
157.	23.972259266509997
157.1	24.965885611333334
157.2	25.41409677125
157.3	25.295558040256665
157.4	24.61896584762666
157.5	23.42252132692
157.6	21.771845947233334
157.7	19.756434741936665
157.8	17.48481819637
157.9	15.078673434736666
158.	12.666185376709999
158.1	10.375005471763334
158.2	8.325186188256666
158.3	6.622480889463334
158.4	5.352389122576666
158.5	4.575295803166666
158.6	4.3229997095899995
158.7	4.596853968276666
158.8	5.3676521496700005
158.9	6.5772929442566666
159.	8.142150060373332
159.1	9.95796870928
159.2	11.906012898673334
159.3	13.860105632169999
159.4	15.694143138313331
159.5	17.289629258253335
159.6	18.54277018089333
159.7	19.370693831526665
159.8	19.71641117171
159.9	19.552215065506665
160.	18.881310881266664
160.1	17.737584793006665
160.2	16.183533018939997
160.3	14.306489855183333
160.4	12.213396534576667
160.5	10.024439795356667
160.6	7.8659531758700005
160.7	5.863011866456667
160.8	4.1321618673066665
160.9	2.774706666866667
161.	1.87093198044
161.1	1.4755851437279999
161.2	1.6148455726266664
161.3	2.2849319989
161.4	3.452396916616666
161.5	5.056064557626666
161.6	7.010480912439999
161.7	9.210667140923332
161.8	11.537904487026665
161.9	13.866231775290666
162.	16.06930695368967
162.1	18.02727225701713
162.2	19.63326793037343
162.3	20.79926098087533
162.4	21.460891576362332
162.5	21.581088603789
162.6	21.152265423181667
162.7	20.196974699794666
162.8	18.766974891264333
162.9	16.94073783453333
163.	14.81950405656
163.1	12.522066829683332
163.2	10.178534345773333
163.3	7.92337829888
163.4	5.888123273276666
163.5	4.194061459743333
163.6	2.9453886244399996
163.7	2.223147905956666
163.8	2.080336856173333
163.9	2.5384803452933333
164.	3.5858990930766668
164.1	5.177813731496666
164.2	7.23832195936
164.3	9.6641772891
164.4	12.33018882304
164.5	15.095959633516667
164.6	17.81359380826
164.7	20.33593557271
164.8	22.524863412436662
164.9	24.25915137326
165.	25.44143020301
165.1	26.003831908333332
165.2	25.91197953307
165.3	25.167084327149997
165.4	23.806028092796666
165.5	21.899431362193333
165.6	19.54782970281
165.7	16.876192616603333
165.8	14.027114836156665
165.9	11.153082417263331
166.	8.408261841773333
166.1	5.9402774347600005
166.2	3.8824309524000005
166.3	2.346779377383333
166.4	1.4184265946866665
166.5	1.1513067690456666
166.6	1.5656477030366667
166.7	2.647207243453333
166.8	4.348280713186666
166.9	6.5903875443099995
167.	9.268465045809998
167.1	12.256329774479997
167.2	15.413114412616665
167.3	18.590351487516667
167.4	21.639354897163333
167.5	24.418545538669996
167.6	26.800377369083336
167.7	28.677543655413334
167.8	29.968178517200002
167.9	30.61981459821333
168.	30.61191226803333
168.1	29.956837548796663
168.2	28.699233294673334
168.3	26.91379913233
168.4	24.701568143939998
168.5	22.18483972638667
168.6	19.50099562941
168.7	16.79548665562
168.8	14.21432750068
168.9	11.896473311086666
169.	9.96647057737
169.1	8.527774379253334
169.2	7.657102045884667
169.3	7.400149487240499
169.4	7.768931714213332
169.5	8.74092588509
169.6	10.260097643863332
169.7	12.239785010346665
169.8	14.567305182930001
169.9	17.11004550093333
170.	19.72270773454
170.1	22.25530154138666
170.2	24.5614339185
170.3	26.506420699316667
170.4	27.974755443686668
170.5	28.876510021429997
170.6	29.152307118966664
170.7	28.776593056299994
170.8	27.75904331766666
170.9	26.144045606709998
171.	24.008318158933335
171.1	21.456826838596662
171.2	18.61725645852667
171.3	15.63336442456
171.4	12.657594600163332
171.5	9.84335451685
171.6	7.33735991699
171.7	5.272429012276667
171.8	3.7610680390359996
171.9	2.890133910985333
172.	2.7167937029476663
172.1	3.2659290914595
172.2	4.529061115357999
172.3	6.4648004595733335
172.4	9.000763839211999
172.5	12.036840016673333
172.6	15.44964071448
172.7	19.097932659239998
172.8	22.828817124143335
172.9	26.48440219605334
173.	29.908700023209995
173.1	32.95447596752
173.2	35.489778550429996
173.3	37.40388823246
173.4	38.61243954655333
173.5	39.06149523749333
173.6	38.73038320634333
173.7	37.633147511716665
173.8	35.81851334578667
173.9	33.368322276239994
174.	30.39445686542
174.1	27.034341085816667
174.2	23.44517193319
174.3	19.7971047941
174.4	16.265676408469997
174.5	13.02380036828
174.6	10.233706835496665
174.7	8.039216869713332
174.8	6.558739715026666
174.9	5.87935718123
175.	6.052313025956666
175.1	7.09015886153
175.2	8.96572509472
175.3	11.612990736313332
175.4	14.929825630313333
175.5	18.782479367929998
175.6	23.011599467526665
175.7	27.439483324133334
175.8	31.87820883531333
175.9	36.13825083150333
176.	40.03717602568666
176.1	43.408017854069996
176.2	46.106962302816676
176.3	48.02002318094666
176.4	49.06844588922334
176.5	49.21264764662
176.6	48.45457440360667
176.7	46.838425828006656
176.8	44.44976599546334
176.9	41.41309602106333
177.	37.88801408965333
177.1	34.06412748613
177.2	30.154910424076665
177.3	26.390721567733337
177.4	23.011207316306667
177.5	20.257322622673332
177.6	18.363201708383333
177.7	17.54810774912
177.8	18.008684379613335
177.9	19.91172331335
178.	23.387651763926662
178.1	28.524930618670002
178.2	35.365539098166664
178.3	43.90170332966333
178.4	54.07400411475667
178.5	65.77097235096666
178.6	78.83024831471333
178.7	93.04134277840001
178.8	108.14999353046
178.9	123.86406066823665
179.	139.86084906097332
179.1	155.79568843322332
179.2	171.31154319038666
179.3	186.04936862749332
179.4	199.65888133264664
179.5	211.80937330197997
179.6	222.20017538712
179.7	230.57036929069332
179.8	236.7073606879
179.9	240.45395997821996
180.	241.71367105949994