# O+CO(0,0) elastic diff. cross section
# E = 0.019 eV
# angle, CS (1e-16 cm^2)
0.1	364640.0011807667
0.2	349094.7372985333
0.3	324556.7193334
0.4	292914.0325063
0.5	256498.96394866664
0.6	217831.17751263332
0.7	179354.76488746668
0.8	143203.84127053333
0.9	111025.1921837333
1.	83876.25712629998
1.1	62204.386493
1.2	45901.022124966665
1.3	34414.26332783333
1.4	26896.702204133333
1.5	22363.196006599996
1.6	19835.302658466666
1.7	18454.603526299998
1.8	17554.719278866665
1.9	16689.920800366664
2.	15625.382123066665
2.1	14299.218020493334
2.2	12768.92587021
2.3	11154.706978113332
2.4	9589.861522136665
2.5	8184.840063436667
2.6	7007.51401295
2.7	6078.632720079999
2.8	5378.863358516666
2.9	4862.54208554
3.	4473.264568246666
3.1	4157.423860569999
3.2	3873.334252335333
3.3	3595.2083585523333
3.4	3312.6077208573333
3.5	3026.835522552
3.6	2746.019847275333
3.7	2480.4277524413333
3.8	2239.0292965206663
3.9	2027.7043099016669
4.	1848.9367636266666
4.1	1702.4922184496668
4.2	1586.4639401079999
4.3	1498.1716109599997
4.4	1434.6235006003335
4.5	1392.5116089586666
4.6	1367.9149382456665
4.7	1355.9865059586666
4.8	1350.883261933
4.9	1346.0891781096666
5.	1335.1279404359998
5.1	1312.5164429039999
5.2	1274.7175263846666
5.3	1220.8336587733331
5.4	1152.8421151946666
5.5	1075.2855326449999
5.6	994.4656883366666
5.7	917.3067902836666
5.8	850.1283720096667
5.9	797.5815716543334
6.	761.9566848423334
6.1	742.9792177876667
6.2	738.1003870306665
6.3	743.1830630463334
6.4	753.4087858243333
6.5	764.200266151
6.6	771.9701034836667
6.7	774.5626969053334
6.8	771.3365608443333
6.9	762.9184685399998
7.	750.7297643013333
7.1	736.4245649843333
7.2	721.3830356583333
7.3	706.372845656
7.4	691.4382475496666
7.5	676.0136878786666
7.6	659.2031662513333
7.7	640.1306307286667
7.8	618.257749998
7.9	593.583552539
8.	566.6790779629999
8.1	538.558065976
8.2	510.42892070299996
8.3	483.4025580839999
8.4	458.2385507683333
8.5	435.197438334
8.6	414.03520218066666
8.7	394.1359732103333
8.8	374.7419252986666
8.9	355.2146116263333
9.	335.25562797599997
9.1	315.0273007153333
9.2	295.1419539803666
9.3	276.5233885582
9.4	260.1772087612333
9.5	246.92925546280003
9.6	237.1983861228
9.7	230.8601364964
9.8	227.2345748093333
9.9	225.20125319566662
10.	223.41429369463333
10.1	220.56842611093333
10.2	215.65702555996666
10.3	208.16738369803332
10.4	198.1746930587
10.5	186.31996055566665
10.6	173.68236188986668
10.7	161.57761762853332
10.8	151.32650557129998
10.9	144.0396433755
11.	140.4567541921
11.1	140.86350644433332
11.2	145.0907624958
11.3	152.58402003766665
11.4	162.5185988539
11.5	173.93086926716666
11.6	185.83789854553333
11.7	197.3259698027333
11.8	207.59992432806666
11.9	215.99705949623333
12.	221.97844734183332
12.1	225.11494573383334
12.2	225.08405802829998
12.3	221.68776201643334
12.4	214.89228244306665
12.5	204.88107213296666
12.6	192.10466402586667
12.7	177.3077075885
12.8	161.51551422493333
12.9	145.9695933616
13.	132.01245947963332
13.1	120.9339724162
13.2	113.80179769476668
13.3	111.30469006873332
13.4	113.6375692891
13.5	120.45144744596666
13.6	130.88027457869998
13.7	143.6429637785
13.8	157.2051632697
13.9	169.97465973393332
14.	180.49882731056664
14.1	187.6332916490333
14.2	190.6575756726
14.3	189.32429162846665
14.4	183.84097054949999
14.5	174.7951806725
14.6	163.04189305773332
14.7	149.5757215555
14.8	135.4094632201
14.9	121.47516949939998
15.	108.55646366189998
15.1	97.2529891265
15.2	87.97154776189998
15.3	80.93488960509998
15.4	76.19864138896666
15.5	73.66907664593333
15.6	73.11827362213333
15.7	74.1973264557
15.8	76.45140024123333
15.9	79.34167925746665
16.	82.2783601269
16.1	84.66610587929999
16.2	85.95960304666666
16.3	85.7231044633
16.4	83.68512875483333
16.5	79.77859152543333
16.6	74.15789569833333
16.7	67.18774466386665
16.8	59.4030482808
16.9	51.44434798289999
17.	43.977665971133334
17.1	37.6106663351
17.2	32.8178820018
17.3	29.88631305723333
17.4	28.889204723933332
17.5	29.69094206433333
17.6	31.980700676966666
17.7	35.32779394736666
17.8	39.24844953536667
17.9	43.27260235473333
18.	47.00034083356667
18.1	50.140557440100004
18.2	52.52841968873333
18.3	54.12256382666666
18.4	54.9864894834
18.5	55.26078366436667
18.6	55.13318611033333
18.7	54.812227788166666
18.8	54.507732027733326
18.9	54.41862200269999
19.	54.726038836499995
19.1	55.58838996113333
19.2	57.13493892816666
19.3	59.455835310633326
19.4	62.588618736499996
19.5	66.50353072883333
19.6	71.09170474573332
19.7	76.16090829109999
19.8	81.44272219746667
19.9	86.61298245053334
20.	91.32444837409999
20.1	95.24769182263334
20.2	98.11386653393333
20.3	99.75191701999998
20.4	100.11323799569999
20.5	99.2787548563
20.6	97.44647541753332
20.7	94.90112691539998
20.8	91.97080365233333
20.9	88.97793719183335
21.	86.19289536713333
21.1	83.7979463594
21.2	81.86733475626667
21.3	80.3662260836
21.4	79.16788031219998
21.5	78.08526106516666
21.6	76.91094922709999
21.7	75.45810139923333
21.8	73.59542452253334
21.9	71.27061613523333
22.	68.5191047667
22.1	65.45772165816666
22.2	62.26559381529999
22.3	59.156573432333325
22.4	56.34856352316666
22.5	54.03503158953333
22.6	52.36292444266667
22.7	51.419415814000004
22.8	51.2278755487
22.9	51.75161810816667
23.	52.90276522666666
23.1	54.55317230063333
23.2	56.54483253586666
23.3	58.698284349666665
23.4	60.818944189533326
23.5	62.70254349703333
23.6	64.14158797236666
23.7	64.93475014609999
23.8	64.90033191459999
23.9	63.893586964099995
24.	61.826134468566664
24.1	58.684358109533335
24.2	54.54296119863333
24.3	49.569989678499994
24.4	44.020681597733336
24.5	38.2192739758
24.6	32.53003612353333
24.7	27.320849121566667
24.8	22.92417436686667
24.9	19.600924220333333
25.	17.5124244031
25.1	16.704410996866663
25.2	17.105091831566668
25.3	18.537103044526667
25.4	20.741123667626667
25.5	23.407339763283332
25.6	26.210118764406666
25.7	28.84124780286333
25.8	31.0378278369
25.9	32.60218737137
26.	33.412696642533334
26.1	33.425822303766665
26.2	32.67090683306667
26.3	31.23982035723333
26.4	29.273764650666664
26.5	26.949173582333334
26.6	24.464007083933332
26.7	22.024985196566664
26.8	19.835667748866662
26.9	18.084923348633332
27.	16.935337200283332
27.1	16.511468102796666
27.2	16.888469160476667
27.3	18.08224885907333
27.4	20.042854026166665
27.5	22.65291231143333
27.6	25.732662373366665
27.7	29.052318700233332
27.8	32.35138003683333
27.9	35.36321343493333
28.	37.84210458886666
28.1	39.58922806753333
28.2	40.473855947299995
28.3	40.446665601999996
28.4	39.54315632203333
28.5	37.876733785166664
28.6	35.62267264516666
28.7	32.99559577146667
28.8	30.224035525509997
28.9	27.525897691923333
29.	25.088206355326665
29.1	23.05348836450333
29.2	21.513793833699996
29.3	20.511937127646668
29.4	20.04836466887
29.5	20.091325260266665
29.6	20.587837491496664
29.7	21.473294375223333
29.8	22.67828541543
29.9	24.132147612633332
30.	25.763655742233333
30.1	27.4999346237
30.2	29.264996637899998
30.3	30.9792400033
30.4	32.5608392211
30.5	33.92934005393333
30.6	35.01109681193333
30.7	35.745620632766666
30.8	36.0915728101
30.9	36.0311089329
31.	35.5715601636
31.1	34.7439622883
31.2	33.59859341313334
31.3	32.19831182826667
31.4	30.610953989533332
31.5	28.902249444833334
31.6	27.13058328647
31.7	25.344506708959997
31.8	23.58325126992333
31.9	21.879783799716666
32.	20.265310701253334
32.1	18.773752969279997
32.2	17.444667611773333
32.3	16.323412939563333
32.4	15.457985240256665
32.5	14.892758918690001
32.6	14.660161530753335
32.7	14.771924253893333
32.8	15.21182034828
32.9	15.931665648133333
33.	16.851824592336666
33.1	17.866649864613333
33.2	18.85435468478333
33.3	19.689970137846664
33.4	20.259451424643334
33.5	20.47278292632
33.6	20.274125254713333
33.7	19.647593257526665
33.8	18.618026413236667
33.9	17.246947024906664
34.	15.624631276786667
34.1	13.85971304792
34.2	12.067930311513333
34.3	10.36150874525
34.4	8.840319424086665
34.5	7.585452438373334
34.6	6.655336625476666
34.7	6.08411569649
34.8	5.881737087443334
34.9	6.035149759786667
35.	6.51012143843
35.1	7.25341649766
35.2	8.195342545836667
35.3	9.252893189016667
35.4	10.333818333333333
35.5	11.341903556483333
35.6	12.183536569573334
35.7	12.775320331486668
35.8	13.052129158426666
35.9	12.974683890823332
36.	12.535531729986666
36.1	11.762322373
36.2	10.717504288819999
36.3	9.494006141399998
36.4	8.207053682503332
36.5	6.9828995648
36.6	5.9457919747000005
36.7	5.2048642125599995
36.8	4.842710208393333
36.9	4.9071914111499995
37.	5.407530510323333
37.1	6.315075359803332
37.2	7.568389143606666
37.3	9.081678561053332
37.4	10.755130234113333
37.5	12.485561643739999
37.6	14.17592159337
37.7	15.742549969599999
37.8	17.119632437299998
37.9	18.26084283896
38.	19.138638146799998
38.1	19.741970906339997
38.2	20.07327208611333
38.3	20.14544490845
38.4	19.979353862596664
38.5	19.601976056516666
38.6	19.045092545716663
38.7	18.344206877079998
38.8	17.53732626379
38.9	16.663328319259996
39.	15.75982827013
39.1	14.860698584639998
39.2	13.993606636019999
39.3	13.178065522749336
39.4	12.424498733007667
39.5	11.734690535647667
39.6	11.103751415865334
39.7	10.523418649882666
39.8	9.986200228608666
39.9	9.489624000584666
40.	9.039732004002333
40.1	8.652999972731
40.2	8.356071413988001
40.3	8.183048542664666
40.4	8.170522116086
40.5	8.350970464561
40.6	8.745528551811
40.7	9.357343398299665
40.8	10.166740496166
40.9	11.129212243869667
41.	12.176832037558668
41.1	13.223163885200666
41.2	14.171171841225666
41.3	14.923139369236333
41.4	15.391276574820333
41.5	15.507582367927998
41.6	15.231654672984
41.7	14.555474267741332
41.8	13.504657583701999
41.9	12.136189129049999
42.	10.533111163078333
42.1	8.796990559309666
42.2	7.039156425646333
42.3	5.3717015380860005
42.4	3.8990960270663333
42.5	2.7110276483074665
42.6	1.8768230921204667
42.7	1.4415761061332
42.8	1.4239486159455332
42.9	1.8155331740609397
43.	2.5816571491903133
43.1	3.6635415781324996
43.2	4.9817636243514665
43.3	6.440977709687133
43.4	7.935805532841332
43.5	9.357705552287968
43.6	10.602491948971666
43.7	11.578019439145665
43.8	12.211418925365999
43.9	12.455194993194333
44.	12.291507230185333
44.1	11.734067398853998
44.2	10.827290911328333
44.3	9.642623613297332
44.4	8.272288164395
44.5	6.821012626907667
44.6	5.396568436812332
44.7	4.100112023829666
44.8	3.0173635164013337
44.9	2.2115563847486666
45.	1.7188655735076666
45.1	1.5467024951473332
45.2	1.6749033328779999
45.3	2.0594896843340003
45.4	2.6384009762643332
45.5	3.3384252022713334
45.6	4.082505490087334
45.7	4.796667639082667
45.8	5.415969796030333
45.9	5.8890783753393325
46.	6.181280169853332
46.1	6.275913379933333
46.2	6.174319802259999
46.3	5.894485066670001
46.4	5.468558063546666
46.5	4.939448161836666
46.6	4.356713040949999
46.7	3.7719859268433327
46.8	3.2342497053933332
46.9	2.7853330072799993
47.	2.4560554414566664
47.1	2.2634580914533333
47.2	2.2094992655866665
47.3	2.2814655986566668
47.4	2.454153542573
47.5	2.6936415795676667
47.6	2.962236863026333
47.7	3.2239835841956666
47.8	3.450001918614
47.9	3.622911440422
48.	3.7396895662920002
48.1	3.8125131380563326
48.2	3.867402001996
48.3	3.9407877158846665
48.4	4.074423275891
48.5	4.309287760591666
48.6	4.679288123190666
48.7	5.20559751911
48.8	5.892390486563333
48.9	6.724552107289999
49.	7.667678453169999
49.1	8.670387932719999
49.2	9.668671606466667
49.3	10.59176727621
49.4	11.368880312903332
49.5	11.936012186733333
49.6	12.242196100733333
49.7	12.254561252319998
49.8	11.96182303304
49.9	11.3759896992
50.	10.532252615073332
50.1	9.487162852843333
50.2	8.315282322453333
50.3	7.104539064823332
50.4	5.950532529499999
50.5	4.9500495649
50.6	4.1940862573599995
50.7	3.760734546126666
50.8	3.7083801505899996
50.9	4.069748783806666
51.	4.84739927326
51.1	6.011261207523333
51.2	7.498724778473333
51.3	9.217601420463334
51.4	11.051996606493333
51.5	12.870802825306665
51.6	14.5381794319
51.7	15.925091840660665
51.8	16.920786640758998
51.9	17.44301883970033
52.	17.445938386604
52.1	16.924776833279335
52.2	15.916820252576466
52.3	14.498563269325901
52.4	12.779354794376667
52.5	10.892213264013332
52.6	8.982761911727998
52.7	7.197382832219667
52.8	5.671701783339666
52.9	4.520402931676667
53.	3.829160135436667
53.1	3.6491966949899997
53.2	3.994691687723333
53.3	4.84297880902
53.4	6.137265148359999
53.5	7.791451075213332
53.6	9.69656118997
53.7	11.728288098913334
53.8	13.755182832246668
53.9	15.647070904436667
54.	17.28330724677
54.1	18.560492189913333
54.2	19.39925401326333
54.3	19.74967551779
54.4	19.59492782124
54.5	18.952703303343334
54.6	17.874135704603333
54.7	16.44006996386333
54.8	14.754789789696666
54.9	12.937599480270002
55.	11.112944283916665
55.1	9.399988958629999
55.2	7.902708590243333
55.3	6.701544699873333
55.4	5.847531225563333
55.5	5.359513362346666
55.6	5.224706240286666
55.7	5.402426328793333
55.8	5.830439689526665
55.9	6.433066525596667
56.	7.130004561836666
56.1	7.844806038493333
56.2	8.512061026943334
56.3	9.082577076533333
56.4	9.526158712273332
56.5	9.831928402820333
56.6	10.006442322611333
56.7	10.070097328071334
56.8	10.052472558900998
56.9	9.987290172445666
57.	9.907622731017998
57.1	9.841842141185
57.2	9.810628794713333
57.3	9.825174876875666
57.4	9.886554541894998
57.5	9.986118691888333
57.6	10.106713633101666
57.7	10.22451733406
57.8	10.311318824859999
57.9	10.33711238672
58.	10.272914204143333
58.1	10.09371600444
58.2	9.781459524536666
58.3	9.32785263616
58.4	8.736770766436667
58.5	8.025922778270001
58.6	7.227437542493332
58.7	6.387068837036667
58.8	5.561831751146666
58.9	4.816066068456666
59.	4.216146455316666
59.1	3.82428783526
59.2	3.6920836873733336
59.3	3.8545255282833333
59.4	4.325256472056667
59.5	5.09370227436
59.6	6.124512439069999
59.7	7.3594632975900005
59.8	8.72166849914
59.9	10.121658061326666
60.	11.464667942229998
60.1	12.658358303899998
60.2	13.620163299816667
60.3	14.283563123576664
60.4	14.602739161103333
60.5	14.555293555163333
60.6	14.142949104760001
60.7	13.390360022406664
60.8	12.34233191264
60.9	11.059854539076667
61.	9.615389795393334
61.1	8.087837343393332
61.2	6.5575377904500005
61.3	5.1015889329099995
61.4	3.7896656514293334
61.5	2.6804657146513335
61.6	1.8188619808896664
61.7	1.2338272133126664
61.8	0.9372030656339999
61.9	0.9233952902806666
62.	1.170075715711
62.1	1.639942981205
62.2	2.2835300491286663
62.3	3.042948723133
62.4	3.8563422510633334
62.5	4.662698099846667
62.6	5.406580338543333
62.7	6.0422995761100005
62.8	6.5370652627300005
62.9	6.87276501589
63.	7.0461783087633325
63.1	7.06763351658
63.2	6.958324830226666
63.3	6.746683179976666
63.4	6.464312160386666
63.5	6.142036343563332
63.6	5.80656082162
63.7	5.478118576929999
63.8	5.169310532133332
63.9	4.8851536221466665
64.	4.624177633426665
64.1	4.380279158203333
64.2	4.1449680503433335
64.3	3.90963323993
64.4	3.66750389333
64.5	3.415072859076666
64.6	3.152861297173333
64.7	2.8855149904100004
64.8	2.6213160744066664
64.9	2.371256844564333
65.	2.1478502264966663
65.1	1.9638467981443333
65.2	1.830998922118
65.3	1.7589699850383334
65.4	1.7544431563966667
65.5	1.8204499411066666
65.6	1.95592072536
65.7	2.1554589566699995
65.8	2.409353589571
65.9	2.70386253664
66.	3.0218122595843333
66.1	3.343554943593333
66.2	3.6482980459033336
66.3	3.9157705205266664
66.4	4.1281220375566665
66.5	4.271879045246667
66.6	4.339721817586666
66.7	4.331817301859999
66.8	4.256457117289999
66.9	4.129813851156666
67.	3.9747368046999996
67.1	3.818645086916667
67.2	3.690718133153333
67.3	3.6187048490410003
67.4	3.6257486637266667
67.5	3.7276406818961663
67.6	3.9308622620042333
67.7	4.231669813203666
67.8	4.6163274889
67.9	5.0624337597033335
68.	5.541143013929998
68.1	6.0199766872266665
68.2	6.465864827603333
68.3	6.84806256396
68.4	7.14064016138
68.5	7.3243353968
68.6	7.387663494446667
68.7	7.32728310025
68.8	7.147700467499999
68.9	6.8604479298333345
69.	6.482893758413333
69.1	6.036832276813333
69.2	5.546974415856667
69.3	5.0394212816233335
69.4	4.540168504393333
69.5	4.073666612026666
69.6	3.6614578066933334
69.7	3.3209225553433326
69.8	3.0641953672733333
69.9	2.8973388332366667
70.	2.819886930353333
70.1	2.8248715270933333
70.2	2.8994218322966665
70.3	3.0259726820233332
70.4	3.18403858788
70.5	3.352418011476667
70.6	3.511603409856667
70.7	3.6461064111866666
70.8	3.7463812171366664
70.9	3.8100539814599994
71.	3.842243096436667
71.1	3.8548759822
71.2	3.865053487293333
71.3	3.892658516273333
71.4	3.9575248655533337
71.5	4.076553490683333
71.6	4.261173361946666
71.7	4.515491066363333
71.8	4.835367553496667
71.9	5.208521556406667
72.	5.615612129316666
72.1	6.03212236629
72.2	6.430772816279999
72.3	6.784148166789999
72.4	7.067226371409999
72.5	7.259548307133333
72.6	7.346844293553333
72.7	7.322024188713333
72.8	7.185523562259999
72.9	6.945066475156667
73.	6.61494805121
73.1	6.214955874413333
73.2	5.769042412556666
73.3	5.303839268499999
73.4	4.847078086873333
73.5	4.42596201563
73.6	4.06552297518
73.7	3.7870069811
73.8	3.606351127639
73.9	3.5328457844233334
74.	3.5681048280999996
74.1	3.7054844468633332
74.2	3.930087145716666
74.3	4.219455332156667
74.4	4.544997073306666
74.5	4.874100766133332
74.6	5.17279749099
74.7	5.408736354509999
74.8	5.5541673921833326
74.9	5.5885945808866655
75.	5.500778247449999
75.1	5.289833057799999
75.2	4.965276677833333
75.3	4.546018554933333
75.4	4.058416193119999
75.5	3.5336449105866667
75.6	3.0047071061699997
75.7	2.5034366611979997
75.8	2.0578309364616665
75.9	1.689974127814
76.	1.4147163033366665
76.1	1.2391611433406666
76.2	1.1629111889369999
76.3	1.1789376383133332
76.4	1.274891698396
76.5	1.4346584917893335
76.6	1.639968469766
76.7	1.8719166188003333
76.8	2.1122858330066667
76.9	2.344617383476667
77.	2.5550104302666665
77.1	2.7326593265799994
77.2	2.870150973513333
77.3	2.963546726333333
77.4	3.0122685180833333
77.5	3.0188021285066666
77.6	2.9882268490799992
77.7	2.9275838674166668
77.8	2.845107113736667
77.9	2.749359124442
78.	2.6483371716289996
78.1	2.548635943519333
78.2	2.454765932399667
78.3	2.3687253952771665
78.4	2.28990442983811
78.5	2.2153620076784
78.6	2.1404646537079333
78.7	2.0598168464826667
78.8	1.9683589198783333
78.9	1.8624696804143333
79.	1.7408975467133332
79.1	1.6053608156476664
79.2	1.4607037661743334
79.3	1.314563649417
79.4	1.1765821611503333
79.5	1.0572692664183334
79.6	0.966683425704
79.7	0.9131202222206666
79.8	0.9019967993306666
79.9	0.9350846477109999
80.	1.0101861731663333
80.1	1.1212828567403332
80.2	1.2591173199616668
80.3	1.4121190008376667
80.4	1.5675502861363333
80.5	1.7127388583353333
80.6	1.8362702203280001
80.7	1.9290361966616667
80.8	1.985063694307
80.9	2.002076684476
81.	1.9817686897033333
81.1	1.9297810269466666
81.2	1.8553941041933335
81.3	1.77094737704
81.4	1.6910110829133331
81.5	1.6313422918890002
81.6	1.607670843562
81.7	1.634377606768
81.8	1.7231468257853333
81.9	1.881693264709
82.	2.1126795074389997
82.1	2.4129446799233336
82.2	2.773158844396667
82.3	3.17799432058
82.4	3.6068652319799996
82.5	4.03523151893
82.6	4.436398608003333
82.7	4.783677000866667
82.8	5.0527074149099995
82.9	5.223717325076667
83.	5.28346266037
83.1	5.226629045826666
83.2	5.056520076156667
83.3	4.784939544616666
83.4	4.431269116499999
83.5	4.020838265526667
83.6	3.5827646212566666
83.7	3.1474979922099995
83.8	2.7443229838499996
83.9	2.3990623492766665
84.	2.1321811709866663
84.1	1.9574305196600001
84.2	1.8811004385599999
84.3	1.9018874954666665
84.4	2.0113303584533333
84.5	2.1947321818733334
84.6	2.4324707662166665
84.7	2.701592576402
84.8	2.9775889310006667
84.9	3.2362562124276666
85.	3.455542720693
85.1	3.6172814662826664
85.2	3.708702334228333
85.3	3.7236124921699667
85.4	3.6631356186247332
85.5	3.535913207018
85.6	3.357698078324667
85.7	3.1503121394206666
85.8	2.9399953492376665
85.9	2.7552359954196666
86.	2.624236602726666
86.1	2.5722264572166664
86.2	2.618871833983333
86.3	2.77605052511
86.4	3.0462425201966665
86.5	3.4217417048666663
86.6	3.884816808846667
86.7	4.408851013353333
86.8	4.960380359153333
86.9	5.501845925436666
87.	5.99478877215
87.1	6.403162875433333
87.2	6.696428195626667
87.3	6.85211573098
87.4	6.857624134776666
87.5	6.711102306239999
87.6	6.421379332593333
87.7	6.00700613851
87.8	5.494557959776667
87.9	4.91640352516
88.	4.308171718753333
88.1	3.706141596726667
88.2	3.14475379679
88.3	2.6544000835999997
88.4	2.2596026915899996
88.5	1.9776539847906665
88.6	1.817754187466
88.7	1.780661358211333
88.8	1.8588511889733335
88.9	2.0371706906233333
89.	2.29395525646
89.1	2.6025599913866664
89.2	2.93323258021
89.3	3.2552276370199995
89.4	3.5390347024200004
89.5	3.758568399392333
89.6	3.893154690299
89.7	3.9291461649116664
89.8	3.861014994135666
89.9	3.691805821507667
90.	3.4328812621955667
90.1	3.1029560932020996
90.2	2.7264864569418994
90.3	2.331549351821333
90.4	1.9474062620480002
90.5	1.601984252945
90.6	1.319521378473
90.7	1.118607290225
90.8	1.010805317128
90.9	0.9999744238370001
91.	1.0823277377579998
91.1	1.2471805819453332
91.2	1.4782673020139998
91.3	1.755452811671
91.4	2.0566380386523333
91.5	2.3596597580889997
91.6	2.6440111928196663
91.7	2.8922529667919994
91.8	3.091035261899
91.9	3.231702219179333
92.	3.3104915798336667
92.1	3.328372250777666
92.2	3.2905792641090006
92.3	3.205911638679334
92.4	3.085857722054
92.5	2.9436087274056666
92.6	2.7930175222436664
92.7	2.647557851983333
92.8	2.5193390203683332
92.9	2.418231278921333
93.	2.3511558925913336
93.1	2.321589241319
93.2	2.3293211780089997
93.3	2.370493815185333
93.4	2.4379284024043333
93.5	2.521726114611666
93.6	2.610105054432
93.7	2.690412651803
93.8	2.750232345238333
93.9	2.7784886190356666
94.	2.7664478257333336
94.1	2.7085160078239996
94.2	2.602750427485333
94.3	2.4510284345409996
94.4	2.258853409309
94.5	2.0348186022823334
94.6	1.7897900731186667
94.7	1.535903400039
94.8	1.2854898826113332
94.9	1.0500529998403334
95.	0.8394040733493999
95.1	0.6610395968582333
95.2	0.5198062751542
95.3	0.41785976181723333
95.4	0.35488589374153334
95.5	0.3285242873909
95.6	0.3349168406794333
95.7	0.36929891819336663
95.8	0.4265575477006667
95.9	0.5016960805299999
96.	0.5901650857813332
96.1	0.6880415074166667
96.2	0.7920596679396665
96.3	0.8995166266286667
96.4	1.0080893264133333
96.5	1.115610822123
96.6	1.2198567409426666
96.7	1.3183902473113331
96.8	1.408503918649
96.9	1.4872807132476666
97.	1.5517754346306667
97.1	1.5992957656870002
97.2	1.627741869671333
97.3	1.6359496148219999
97.4	1.6239777125999997
97.5	1.5932848321396667
97.6	1.546758291418
97.7	1.488578376144
97.8	1.4239273818366667
97.9	1.3585753339363333
98.	1.298390899603
98.1	1.2488337342851332
98.2	1.2144829392843666
98.3	1.198646953866
98.4	1.2030859706463333
98.5	1.2278622683566667
98.6	1.2713197469436666
98.7	1.3301834347606665
98.8	1.3997635143643334
98.9	1.4742459961613332
99.	1.547052303799
99.1	1.6112512169123332
99.2	1.6600075351229997
99.3	1.6870516156396669
99.4	1.6871522234063332
99.5	1.6565719536836667
99.6	1.593480180055333
99.7	1.4982936492930001
99.8	1.373910407167
99.9	1.2258000120276666
100.	1.0619136816773334
100.1	0.8923840105509999
100.2	0.7289968025816667
100.3	0.5844380966056666
100.4	0.4713467743486667
100.5	0.40123444593799995
100.6	0.3833649213566666
100.7	0.42370955469333327
100.8	0.524106036435
100.9	0.6817420788723332
101.	0.8890598479526668
101.1	1.1341334794056666
101.2	1.4015158259306668
101.3	1.6734899289213332
101.4	1.9316052773113335
101.5	2.1583379508243334
101.6	2.338694174719333
101.7	2.4615818686556667
101.8	2.5208034084656665
101.9	2.515570057829333
102.	2.450496587016
102.1	2.335094512481333
102.2	2.1828357083876666
102.3	2.0098983166949997
102.4	1.8337301399636665
102.5	1.6715702434726665
102.6	1.5390591551706665
102.7	1.4490455655973333
102.8	1.4106675370126667
102.9	1.4287538222419998
103.	1.5035603005573333
103.1	1.6308310237596668
103.2	1.8021548140950001
103.3	2.0055771461316665
103.4	2.2264221152923334
103.5	2.4482784172206666
103.6	2.6541035373226665
103.7	2.827398909615333
103.8	2.9534036107526664
103.9	3.020244730130666
104.	3.019970428258333
104.1	2.9493803633006666
104.2	2.810562491626
104.3	2.611050320708
104.4	2.363534394202333
104.5	2.0850974194603333
104.6	1.7959918013706666
104.7	1.518035564889
104.8	1.2727589893056668
104.9	1.0794797046923332
105.	0.9535092609206666
105.1	0.9046928787173332
105.2	0.9364542595873334
105.3	1.0454620695453332
105.4	1.2219617533129998
105.5	1.4507366085003333
105.6	1.712587583826
105.7	1.9861629390026665
105.8	2.2499345220029996
105.9	2.484110526255
106.	2.6722941989923332
106.1	2.802739165149333
106.2	2.8691072126603334
106.3	2.870694829157
106.4	2.812152144628
106.5	2.7027654648346666
106.6	2.5554078526816664
106.7	2.385279409782333
106.8	2.208560665327
106.9	2.0410914401160003
107.	1.897167726455
107.1	1.7885251175716665
107.2	1.7235535514176665
107.3	1.7067680844670001
107.4	1.7385460280973333
107.5	1.8151321428003335
107.6	1.9289089512843332
107.7	2.068925513785
107.8	2.2216716467743334
107.9	2.3720726306230002
108.	2.504660717896333
108.1	2.6048554463249998
108.2	2.660258693766333
108.3	2.661848409809
108.4	2.6049436019526664
108.5	2.489818130514333
108.6	2.321865325671333
108.7	2.1112587977186665
108.8	1.8721123781923332
108.9	1.6212057055863334
109.	1.37640133888
109.1	1.1549242544826666
109.2	0.971697109857
109.3	0.8379205141166667
109.4	0.7600571753426666
109.5	0.7393271446573333
109.6	0.7717568084806665
109.7	0.8487568385823332
109.8	0.9581438007226666
109.9	1.0854744229256668
110.	1.2155354578893331
110.1	1.3338270111873332
110.2	1.427891351459
110.3	1.4883683935153331
110.4	1.5096977263416669
110.5	1.4904294059133332
110.6	1.4331464420966666
110.7	1.3440367965319997
110.8	1.2321790277113334
110.9	1.1086222505543333
111.	0.9853480334346667
111.1	0.8742006384506666
111.2	0.785864833115
111.3	0.728959893628
111.4	0.7093066686943332
111.5	0.729413201798
111.6	0.7882138175076667
111.7	0.881085977146
111.8	1.0001569375693333
111.9	1.1348964207126666
112.	1.2729708773053332
112.1	1.4013097227143334
112.2	1.5073063192629998
112.3	1.5800505964836664
112.4	1.611471433433
112.5	1.5972607596036665
112.6	1.5374618881326665
112.7	1.4366333226073333
112.8	1.3035441375883332
112.9	1.150412485772
113.	0.9917566480819998
113.1	0.8429790419763333
113.2	0.7188392645203333
113.3	0.6319866672503333
113.4	0.5917140120480333
113.5	0.6030634443458667
113.6	0.6663699172663333
113.7	0.7772731594229999
113.8	0.9271757438576668
113.9	1.104079178093
114.	1.2936973036723334
114.1	1.4807289107933332
114.2	1.6501688195526667
114.3	1.788546132205333
114.4	1.8849961532319999
114.5	1.932094676741333
114.6	1.9264066346486666
114.7	1.8687232190860001
114.8	1.7639814251596668
114.9	1.6208773711093332
115.	1.4512002526369998
115.1	1.2689281449743333
115.2	1.0891407303776668
115.3	0.9268176166656665
115.4	0.795603761225
115.5	0.7066343471976666
115.6	0.6675182002053333
115.7	0.6815788438156665
115.8	0.747442839021
115.9	0.8590440168963333
116.	1.0060788916996666
116.1	1.174904376518
116.2	1.3498178990733332
116.3	1.5146085200743333
116.4	1.6542236977320002
116.5	1.756368173601333
116.6	1.8128458626836665
116.7	1.820476257303
116.8	1.7814630005296666
116.9	1.703158552483
117.	1.5972458236703333
117.1	1.4784334168086666
117.2	1.3628236419943331
117.3	1.266151857831333
117.4	1.202106161827
117.5	1.1809174010989998
117.6	1.208365423738
117.7	1.2852869778716667
117.8	1.4076043427223333
117.9	1.5668322162126667
118.	1.7509720888176665
118.1	1.9456733782053333
118.2	2.1355301410069996
118.3	2.3053888376216665
118.4	2.4415615443646668
118.5	2.5328642486366664
118.6	2.5714258147119997
118.7	2.553235675035
118.8	2.478415129292
118.9	2.3512082990796666
119.	2.179696039694
119.1	1.9752422908479998
119.2	1.7516905247226664
119.3	1.524340560962333
119.4	1.308754119704
119.5	1.1194602447813333
119.6	0.9686562648776667
119.7	0.8650215912923334
119.8	0.8127746090719998
119.9	0.8111014596259999
120.	0.8540652732329999
120.1	0.9310637537483333
120.2	1.027844052454
120.3	1.1280128057076664
120.4	1.2149058598883333
120.5	1.2736185515513334
120.6	1.2929554720260001
120.7	1.267048028811
120.8	1.1964137812826665
120.9	1.0882923391323334
121.	0.9561810642046666
121.1	0.8185971035539998
121.2	0.6971945251473333
121.3	0.6144505244676666
121.4	0.5911897084469999
121.5	0.6442325484973332
121.6	0.7844320563669999
121.7	1.0153069593126667
121.8	1.332400699908
121.9	1.7234068928759998
122.	2.169017038375
122.1	2.644376612972
122.2	3.120988363398333
122.3	3.568879128357333
122.4	3.9588467077293332
122.5	4.264620723031333
122.6	4.464798902251666
122.7	4.544450673399
122.8	4.496307823601
122.9	4.3214842834826666
123.	4.029683710466999
123.1	3.638866911131
123.2	3.1743653983326663
123.3	2.6674471153806665
123.4	2.153369247134333
123.5	1.6689925485563333
123.6	1.250080094951333
123.7	0.9284556703166666
123.8	0.729244961878
123.9	0.6684562282440166
124.	0.7511660114436666
124.1	0.9705517946656667
124.2	1.3079536200676665
124.3	1.7340528587596666
124.4	2.2111373678126665
124.5	2.696292779885
124.6	3.1452380217769997
124.7	3.5164284389619995
124.8	3.774998416323333
124.9	3.8961174211166663
125.	3.867391000423333
125.1	3.6900445482819997
125.2	3.3787678104886667
125.3	2.9602519839706662
125.4	2.470597011642
125.5	1.9518845072376667
125.6	1.448287301022
125.7	1.0021130226864665
125.8	0.6501576325358667
125.9	0.4206836239043333
126.	0.3312498237031667
126.1	0.3875203425110666
126.2	0.583083381354
126.3	0.9002271825323334
126.4	1.3115567502079999
126.5	1.7822925941253331
126.6	2.2730691473086666
126.7	2.743040572164333
126.8	3.153099511222666
126.9	3.4690150258116668
127.	3.6642968613416667
127.1	3.7225946438126667
127.2	3.639445954991333
127.3	3.4232018985766666
127.4	3.094988912808333
127.5	2.687616272393666
127.6	2.243412090565
127.7	1.811064405458333
127.8	1.441650685888
127.9	1.1841465290593334
128.	1.0807967341350664
128.1	1.1627926519813332
128.2	1.4467142196899998
128.3	1.932154201146
128.4	2.600844543187667
128.5	3.4174582174489996
128.6	4.332080951267667
128.7	5.284158884740666
128.8	6.207556360997334
128.9	7.036227226331
129.	7.709931893869001
129.1	8.179430681781998
129.2	8.410650594163332
129.3	8.387446529650665
129.4	8.112739653095
129.5	7.607991761794667
129.6	6.911141200728
129.7	6.073263282650334
129.8	5.154312947443
129.9	4.218354261217333
130.	3.328682745228667
130.1	2.5432109586803335
130.2	1.9104272764806667
130.3	1.4661651403876665
130.4	1.2313461406666666
130.5	1.210792471642
130.6	1.3931456862393334
130.7	1.7518783770533333
130.8	2.2473397799779997
130.9	2.829730636417333
131.	3.4428531432793332
131.1	4.028427215702667
131.2	4.5307070193423336
131.3	4.901078188082666
131.4	5.102275975276333
131.5	5.111849063278666
131.6	4.9245134209106665
131.7	4.553102646249667
131.8	4.027927084814666
131.9	3.3944977477609997
132.	2.7097390818293334
132.1	2.036986967685
132.2	1.4402212787236666
132.3	0.9780924342053333
132.4	0.698349565513
132.5	0.6332533268636666
132.6	0.796458868116
132.7	1.1816951898646666
132.8	1.7633669420323335
132.9	2.498991014885666
133.	3.333182089137
133.1	4.202744613941333
133.2	5.0423320834453325
133.3	5.790106563961
133.4	6.392870007059999
133.5	6.810232323502333
133.6	7.017511258118334
133.7	7.007204778926333
133.8	6.789018019210332
133.9	6.388548061856666
134.	5.844821461207332
134.1	5.206938425327
134.2	4.530106855211667
134.3	3.871355673783333
134.4	3.285208323553667
134.5	2.819581430105333
134.6	2.5121552937400002
134.7	2.3874433827933332
134.8	2.4547650669366665
134.9	2.7072944779966663
135.	3.122312617306666
135.1	3.6627246671100004
135.2	4.279818013233333
135.3	4.91713154025
135.4	5.515191554806666
135.5	6.016757521586666
135.6	6.372128387166667
135.7	6.54400508855
135.8	6.51140174551
135.9	6.272155898139999
136.	5.84370719773
136.1	5.261984524713334
136.2	4.578444545649999
136.3	3.855514299466667
136.4	3.1608776751966663
136.5	2.5611837224133334
136.6	2.1158233977593333
136.7	1.8714106908509998
136.8	1.857516259035
136.9	2.084050522559
137.	2.540501435711333
137.1	3.197027508252666
137.2	4.007216746814399
137.3	4.912170094000433
137.4	5.845468800618367
137.5	6.7385445449622665
137.6	7.525985300061
137.7	8.150367883752667
137.8	8.566294422534332
137.9	8.743408308455999
138.	8.668261447966666
138.1	8.344988809108667
138.2	7.794813871774666
138.3	7.054460008116667
138.4	6.173582280835333
138.5	5.211367686599999
138.6	4.232485217423333
138.7	3.302603701443333
138.8	2.4837350306999997
138.9	1.82969875701
139.	1.3820331922233333
139.1	1.1666879715686664
139.2	1.191813473047
139.3	1.4469061008733333
139.4	1.90347285831
139.5	2.5172482412266666
139.6	3.2318429551433328
139.7	3.9835452995800003
139.8	4.706854162203333
139.9	5.3402196069866665
140.	5.831421422486667
140.1	6.142038576803333
140.2	6.25055403515
140.3	6.15378965961
140.4	5.866555133733333
140.5	5.419596825946667
140.6	4.85611905977
140.7	4.227296146503333
140.8	3.5872806579966667
140.9	2.988233603816666
141.	2.475857991623333
141.1	2.0858207527699997
141.2	1.8413178729766666
141.3	1.751895213193333
141.4	1.8135031953200003
141.5	2.009653092783333
141.6	2.31346551037
141.7	2.6903602147933334
141.8	3.1011271421799997
141.9	3.505133284876667
142.	3.8634495000133335
142.1	4.141715801179999
142.2	4.31259643706
142.3	4.357703507336667
142.4	4.268890178403333
142.5	4.048834988226666
142.6	3.71086236058
142.7	3.2779765502343325
142.8	2.7811305121173335
142.9	2.2568082514526666
143.	1.7440656914089998
143.1	1.2812435123953334
143.2	0.9026250681979999
143.3	0.6353512193179999
143.4	0.4969105901240667
143.5	0.4934908297565133
143.6	0.61940229591543
143.7	0.8576757220100333
143.8	1.1818024962361666
143.9	1.5584482689366665
144.	1.9508483249589998
144.1	2.3225059151273335
144.2	2.640776990768333
144.3	2.8799431170879997
144.4	3.0234460553046665
144.5	3.0650710352933332
144.6	3.0090028578599997
144.7	2.8688182551666666
144.8	2.66559881023
144.9	2.4254350769166666
145.	2.176635255596666
145.1	1.9469497698333333
145.2	1.7610825910933334
145.3	1.6386927294396667
145.4	1.5930090343673333
145.5	1.6301020444676668
145.6	1.7487890217943332
145.7	1.9410991672666666
145.8	2.1931972995299995
145.9	2.4866538008566668
146.	2.79995130589
146.1	3.1101280562699998
146.2	3.3944680119833333
146.3	3.6321542915666667
146.4	3.805803412156666
146.5	3.902794028523333
146.6	3.9162988593000003
146.7	3.845927370419999
146.8	3.697895150926666
146.9	3.48465834669
147.	3.2239901542866662
147.1	2.937529827073333
147.2	2.6488975424533328
147.3	2.3815319042433334
147.4	2.1564596782366667
147.5	1.990238341433
147.6	1.8933122683856667
147.7	1.8689886088476666
147.8	1.9131709971333333
147.9	2.0148964831866665
148.	2.157617121883333
148.1	2.3210690727866665
148.2	2.4834951768633333
148.3	2.6239446057033335
148.4	2.72437201899
148.5	2.77129797175
148.6	2.7568641643766663
148.7	2.679208201616666
148.8	2.54217693748
148.9	2.3544799950086666
149.	2.1284439308559997
149.1	1.8785564098693337
149.2	1.6199882708366666
149.3	1.3672543632833332
149.4	1.1331299585706331
149.5	0.9278882641790667
149.6	0.7588753303127797
149.7	0.6303984434413665
149.8	0.5438768932692
149.9	0.4981905738286666
150.	0.49016040983579995
150.1	0.5151015429549666
150.2	0.56740132601042
150.3	0.6410854615258665
150.4	0.7303440853286666
150.5	0.8299937276296667
150.6	0.935851073916
150.7	1.0449920933003334
150.8	1.155868396688
150.9	1.2682551102956667
151.	1.383014125767
151.1	1.5016748820736665
151.2	1.6258611188633332
151.3	1.7566229030933336
151.4	1.8937628361099998
151.5	2.0352664387033332
151.6	2.176952213273333
151.7	2.3124417900966665
151.8	2.433513626083333
151.9	2.5308484205766666
152.	2.59510887153
152.1	2.618232111663333
152.2	2.59476274227
152.3	2.5230287897999997
152.4	2.4059689136766664
152.5	2.2514576381699998
152.6	2.0720407762799997
152.7	1.8840747674233331
152.8	1.7063475039233333
152.9	1.5583303405156665
153.	1.4582599952136666
153.1	1.4212683632956669
153.2	1.4577669892556666
153.3	1.5722555162066665
153.4	1.7626681557899997
153.5	2.0203091412500003
153.6	2.33036686667
153.7	2.67294445778
153.8	3.0245062464966663
153.9	3.359616214593333
154.	3.6528345071999997
154.1	3.880638573206666
154.2	4.02324284908
154.3	4.066202073303334
154.4	4.00169624937
154.5	3.8294092073266666
154.6	3.5569281397466668
154.7	3.1996098619066666
154.8	2.7798828244666662
154.9	2.3259839376499998
155.	1.8701670785133333
155.1	1.4464652253566666
155.2	1.0881378129050001
155.3	0.824984009204
155.4	0.6807438806300332
155.5	0.670834282938
155.6	0.8006665471716667
155.7	1.0647626352636665
155.8	1.4468236186303332
155.9	1.9208128253736665
156.	2.4530054142378335
156.1	3.004840944793
156.2	3.5363128141776667
156.3	4.009554790135999
156.4	4.392253011907
156.5	4.660527901688
156.6	4.800992561373333
156.7	4.811792775613333
156.8	4.702553185439999
156.9	4.49327626993
157.	4.212348048493333
157.1	3.8938835289233333
157.2	3.574688674086666
157.3	3.2911236116066664
157.4	3.0761293802666665
157.5	2.956636899353333
157.6	2.9515224867953327
157.7	3.070218376892667
157.8	3.3120356762853334
157.9	3.666213897713334
158.	4.1126752945966665
158.1	4.623431258303333
158.2	5.16455893895
158.3	5.698636608783334
158.4	6.187495384669999
158.5	6.595114188496667
158.6	6.890457741096666
158.7	7.050038986036666
158.8	7.059983330966667
158.9	6.9173877939
159.	6.630807308109999
159.1	6.219764128103333
159.2	5.7132618951400005
159.3	5.14738668402
159.4	4.562182434926667
159.5	3.998083681786666
159.6	3.492259345556667
159.7	3.075253903643333
159.8	2.76829708158
159.9	2.58158773088
160.	2.5137474082199995
160.1	2.5524981875733332
160.2	2.676467580863333
160.3	2.857884203133333
160.4	3.0658227111799996
160.5	3.2696016489366664
160.6	3.441940363016
160.7	3.561538073914
160.8	3.614837021063333
160.9	3.596853247586666
161.	3.511081503026667
161.1	3.368585407173333
161.2	3.1864567129466668
161.3	2.9858624769500004
161.4	2.789898598596667
161.5	2.62144142177
161.6	2.5011483263833334
161.7	2.4457159926766665
161.8	2.4664709077166664
161.9	2.5683454802766663
162.	2.749284272433333
162.1	3.000123292163333
162.2	3.30498332461
162.3	3.6422078818766668
162.4	3.985851381493333
162.5	4.307681070086667
162.6	4.57959894292
162.7	4.776323964543334
162.8	4.878110503369999
162.9	4.873228508861
163.	4.759907207530333
163.1	4.547457395865
163.2	4.256343644504666
163.3	3.917076261031
163.4	3.5679254525349995
163.5	3.2516110903019997
163.6	3.011269350737667
163.7	2.8861182243566668
163.8	2.907315029273333
163.9	3.09450441185
164.	3.453488723793333
164.1	3.97532028555
164.2	4.636935160009999
164.3	5.403248309063334
164.4	6.230442435643333
164.5	7.070037734289999
164.6	7.873249762213334
164.7	8.59513809373
164.8	9.198115691713333
164.9	9.654511502266667
165.	9.94803118537
165.1	10.07411437813
165.2	10.039315513679998
165.3	9.859920928906666
165.4	9.56005057574
165.5	9.16948205458
165.6	8.72139082168
165.7	8.250141204433334
165.8	7.789206544323332
165.9	7.369257724846666
166.	7.016445080083333
166.1	6.750908837156667
166.2	6.5855802918999995
166.3	6.525367359953333
166.4	6.566839689969999
166.5	6.6985273741533335
166.6	6.90191513868
166.7	7.153149016999999
166.8	7.425380730876666
166.9	7.691569338983333
167.	7.927458635703333
167.1	8.114373300993334
167.2	8.24144662036
167.3	8.30692192464
167.4	8.318263704196667
167.5	8.290965805353
167.6	8.246134159776332
167.7	8.207120884333666
167.8	8.195660462657166
167.9	8.228073030273999
168.	8.312128366656333
168.1	8.445094943463332
168.2	8.613336954165666
168.3	8.793592293143334
168.4	8.955803845523333
168.5	9.067130321166665
168.6	9.09657470995
168.7	9.019571326493333
168.8	8.821882305519999
168.9	8.502267099373332
169.	8.073580907199998
169.1	7.5621932489066666
169.2	7.005853566833332
169.3	6.450327258309999
169.4	5.945253959613333
169.5	5.539726676423333
169.6	5.278058601166666
169.7	5.196111630399999
169.8	5.318433442816666
169.9	5.656318105876666
170.	6.206794627489999
170.1	6.9524762001
170.2	7.862176317095
170.3	8.892211027170998
170.4	9.988344204312334
170.5	11.088373809677998
170.6	12.125379537730668
170.7	13.031637710243333
170.8	13.743147909856
170.9	14.20460921306
171.	14.374546238263331
171.1	14.230142186056668
171.2	13.771220811926668
171.3	13.022766542256665
171.4	12.035410544826664
171.5	10.88345601071
171.6	9.660264654749998
171.7	8.471153393929999
171.8	7.424310494823333
171.9	6.62057612317
172.	6.14318203717
172.1	6.0486570068333325
172.2	6.360046625563332
172.3	7.063365082946666
172.4	8.107819686703333
172.5	9.40988109306
172.6	10.860785523013334
172.7	12.336625991626669
172.8	13.709883722969998
172.9	14.861111873346667
173.	15.689524872449997
173.1	16.121450451926666
173.2	16.11592415109
173.3	15.667088187323332
173.4	14.8034348827
173.5	13.584254576053333
173.6	12.093871862066665
173.7	10.434367035683334
173.8	8.717488721116666
173.9	7.05639325313
174.	5.557731027266667
174.1	4.314475994606666
174.2	3.3997918343699998
174.3	2.8621651364366665
174.4	2.7220150304333335
174.5	2.969997815376667
174.6	3.5672398171999995
174.7	4.447720871263
174.8	5.522964156371666
174.9	6.689043982204666
175.	7.835695959829666
175.1	8.857019220891999
175.2	9.662935758869667
175.3	10.190274067393332
175.4	10.412139733933333
175.5	10.344188668083333
175.6	10.046576174513334
175.7	9.620733358203331
175.8	9.200697821913334
175.9	8.939433224756666
176.	8.99131260091
176.1	9.492595077183333
176.2	10.542178883146665
176.3	12.185074633003332
176.4	14.400865688529999
176.5	17.09891686944
176.6	20.121325154876665
176.7	23.25368807688
176.8	26.242834193936666
176.9	28.81985224837333
177.	30.726183357533333
177.1	31.740271786413334
177.2	31.70231861638
177.3	30.53501056426333
177.4	28.258623767433328
177.5	24.999527148603327
177.6	20.991727868806663
177.7	16.571625781633333
177.8	12.166519736303332
177.9	8.277619339953333
178.	5.458381858659999
178.1	4.28896519914
178.2	5.347531154803333
178.3	9.179117228873332
178.4	16.262876611196667
178.5	26.978695192573333
178.6	41.57452852472666
178.7	60.13621910834
178.8	82.56197870616666
178.9	108.54404887598334
179.	137.56017277045333
179.1	168.87732014537733
179.2	201.56953645601462
179.3	234.55082094517869
179.4	266.6226308315306
179.5	296.5340831508556
179.6	323.0513670619333
179.7	345.0315081482054
179.8	361.49466429058526
179.9	371.6887636340143
180.	375.14062755597297