# O+CO(0,0) elastic diff. cross section
# E = 0.00059 eV
# angle, CS (1e-16 cm^2)
0.1	34869.21436616333
0.2	34800.612930183335
0.3	34686.53473514333
0.4	34527.364774626665
0.5	34323.6394403
0.6	34076.04394107
0.7	33785.409012179996
0.8	33452.70693288
0.9	33079.04687764666
1.	32665.66962825333
1.1	32213.941677903334
1.2	31725.348763489998
1.3	31201.488863049995
1.4	30644.06470069
1.5	30054.875802546667
1.6	29435.810150010002
1.7	28788.83547907666
1.8	28115.99027533
1.9	27419.37451686
2.	26701.140216853328
2.1	25963.481819650002
2.2	25208.6265035
2.3	24438.824443619997
2.4	23656.339088503333
2.5	22863.437501963333
2.6	22062.380822073334
2.7	21255.414887126666
2.8	20444.76107650333
2.9	19632.60741279
3.	18821.099969343333
3.1	18012.334624496667
3.2	17208.34920111333
3.3	16411.116027633332
3.4	15622.534952943332
3.5	14844.42684479
3.6	14078.52759762
3.7	13326.482672386666
3.8	12589.84218738
3.9	11870.05657551
4.	11168.472819473332
4.1	10486.331273246666
4.2	9824.763074086666
4.3	9184.788146046667
4.4	8567.313792642999
4.5	7973.133872326
4.6	7402.928547779
4.7	6857.264596877333
4.8	6336.596269604001
4.9	5841.266673124666
5.	5371.509664087333
5.1	4927.4522253333325
5.2	4509.117301203332
5.3	4116.427064674999
5.4	3749.206586670333
5.5	3407.1878773889994
5.6	3090.0142674316667
5.7	2797.2450958673335
5.8	2528.3606713486665
5.9	2282.767471852333
6.	2059.803548275333
6.1	1858.7440968236665
6.2	1678.8071654260002
6.3	1519.1594593956663
6.4	1378.922212304
6.5	1257.1770885123333
6.6	1152.9720846973332
6.7	1065.3273987763332
6.8	993.241235683
6.9	935.6955208953333
7.	891.6614939213333
7.1	860.1051556079999
7.2	839.9925447219999
7.3	830.2948210403333
7.4	829.9931339906667
7.5	838.083257762
7.6	853.57997578
7.7	875.521199283
7.8	902.9718069113333
7.9	935.0271940426667
8.	970.8165226686666
8.1	1009.5056646429999
8.2	1050.2998329686666
8.3	1092.4458977893332
8.4	1135.2343856236666
8.5	1178.0011621526667
8.6	1220.128800677
8.7	1261.0476399529998
8.8	1300.236536936
8.9	1337.2233211883333
9.	1371.5849593773332
9.1	1402.947439578
9.2	1430.9853862216664
9.3	1455.4214178779998
9.4	1476.025260897
9.5	1492.6126329906665
9.6	1505.0439116396667
9.7	1513.2226028649998
9.8	1517.0936265776666
9.9	1516.6414351966664
10.	1511.8879825549998
10.1	1502.8905604996667
10.2	1489.7395206286667
10.3	1472.5558988269997
10.4	1451.4889600789998
10.5	1426.7136810303332
10.6	1398.4281874586663
10.7	1366.851163562333
10.8	1332.2192495143331
10.9	1294.7844433
11.	1254.8115222279998
11.1	1212.5754989836666
11.2	1168.3591262283335
11.3	1122.450463165
11.4	1075.1405165226665
11.5	1026.7209676726666
11.6	977.4819965743333
11.7	927.7102123583333
11.8	877.6866994029999
11.9	827.6851866659999
12.	777.9703471426666
12.1	728.7962331676665
12.2	680.4048523143333
12.3	633.0248876109999
12.4	586.8705647200001
12.5	542.1406677643333
12.6	499.0177044586667
12.7	457.66722021166663
12.8	418.2372599963333
12.9	380.85797581066663
13.	345.6413766973333
13.1	312.68121750033333
13.2	282.05302172666666
13.3	253.814233184
13.4	228.0044903794667
13.5	204.6460170780333
13.6	183.74412185309998
13.7	165.28779898746666
13.8	149.2504226685
13.9	135.5905260607333
14.	124.25265655369999
14.1	115.16829826986665
14.2	108.25685276323334
14.3	103.42666874806665
14.4	100.57611168366665
14.5	99.59466407983332
14.6	100.36404749436667
14.7	102.75935735606666
14.8	106.6502019688
14.9	111.9018373239
15.	118.3762896788
15.1	125.93345822440001
15.2	134.43219057766666
15.3	143.7313242993
15.4	153.69068810746666
15.5	164.17205698843333
15.6	175.04005594089998
15.7	186.163007656
15.8	197.41372001153331
15.9	208.67020985419998
16.	219.81636013233333
16.1	230.74250805030002
16.2	241.34596249979998
16.3	251.53144962746666
16.4	261.21148595756665
16.5	270.3066790752333
16.6	278.74595639119997
16.7	286.46672305849995
16.8	293.4149505905
16.9	299.54519819496664
17.	304.8205692931666
17.1	309.2126060685333
17.2	312.7011252850333
17.3	315.2739989108667
17.4	316.9268834102
17.5	317.6629017797333
17.6	317.4922826477
17.7	316.43196089859
17.8	314.50514442710664
17.9	311.7408517131833
18.	308.17342495199
18.1	303.84202348482665
18.2	298.79010225037666
18.3	293.06487991079337
18.4	286.7168012041266
18.5	279.79899795044
18.6	272.36675297313
18.7	264.4769710060433
18.8	256.18766044917663
18.9	247.55742959087664
19.	238.64500066119334
19.1	229.50874480259336
19.2	220.20624076260998
19.3	210.79385979517332
19.4	201.32637896879334
19.5	191.85662475083566
19.6	182.4351484096333
19.7	173.1099344848493
19.8	163.9261432226333
19.9	154.92588759050565
20.	146.14804516162332
20.1	137.628104866142
20.2	129.39804833075766
20.3	121.48626523988233
20.4	113.91750191059499
20.5	106.71284202185166
20.6	99.88971822645067
20.7	93.46195315789933
20.8	87.43982818165333
20.9	81.83017805783
21.	76.63650955314667
21.1	71.85914193077333
21.2	67.49536712412
21.3	63.53962736138
21.4	59.98370792552333
21.5	56.81694272755
21.6	54.026430341823335
21.7	51.597258186169995
21.8	49.51273253346666
21.9	47.75461211823
22.	46.30334314676999
22.1	45.13829361465333
22.2	44.23798492818666
22.3	43.58031893941333
22.4	43.14279862836
22.5	42.90274079477334
22.6	42.837479272546666
22.7	42.92455732252666
22.8	43.141908020100004
22.9	43.46802161050333
23.	43.882098970033326
23.1	44.364190473099995
23.2	44.8953197292
23.3	45.45759181423333
23.4	46.03428578063333
23.5	46.6099313813
23.6	47.170370092300004
23.7	47.70280066019999
23.8	48.195809530966656
23.9	48.639386643499996
24.	49.02492718383333
24.1	49.345220001499996
24.2	49.59442348133334
24.3	49.76802974703333
24.4	49.862818142399995
24.5	49.8767989946
24.6	49.80914870936667
24.7	49.66013728356666
24.8	49.4310493413
24.9	49.12409981176667
25.	48.742345365333335
25.1	48.289592713666664
25.2	47.77030485723333
25.3	47.189506332133334
25.4	46.552688467533336
25.5	45.865715616266655
25.6	45.13473326336666
25.7	44.366078856133335
25.8	43.5661961283
25.9	42.74155361833333
26.	41.89856800333333
26.1	41.0435327899
26.2	40.182552819166666
26.3	39.32148496096666
26.4	38.46588528626667
26.5	37.6209629242
26.6	36.791540728033326
26.7	35.98202279446666
26.8	35.196368803633334
26.9	34.438075075166665
27.	33.71016216659999
27.1	33.0151687767
27.2	32.35515165835333
27.3	31.731691194226663
27.4	31.145902241429997
27.5	30.598449811789997
27.6	30.08956912299
27.7	29.619089528093333
27.8	29.18646181291333
27.9	28.790788337133336
28.	28.43085549072
28.1	28.105167935736663
28.2	27.81198411243333
28.3	27.54935249965333
28.4	27.315148137806663
28.5	27.107108946666663
28.6	26.922871396873333
28.7	26.760005126236667
28.8	26.61604612702333
28.9	26.488528168846663
29.	26.375012162263335
29.1	26.273113210056664
29.2	26.180525137829996
29.3	26.09504233877
29.4	26.014578812116667
29.5	25.937184318393335
29.6	25.861057618033332
29.7	25.784556799303335
29.8	25.70620674274
29.9	25.62470380515333
30.	25.538917838946663
30.1	25.447891696390002
30.2	25.35083839216
30.3	25.247136124556665
30.4	25.13632137318
30.5	25.01808030844
30.6	24.892238759846666
30.7	24.758750997666667
30.8	24.6176875865
30.9	24.469222570366668
31.	24.313620244366668
31.1	24.151221760733335
31.2	23.98243180703333
31.3	23.807705581166665
31.4	23.627536269666667
31.5	23.442443219233333
31.6	23.252960968766665
31.7	23.059629287266667
31.8	22.8629843394
31.9	22.663551073966666
32.	22.4618369074
32.1	22.25832674586667
32.2	22.053479366566666
32.3	21.847725151733332
32.4	21.641465146506665
32.5	21.43507138712667
32.6	21.228888426193333
32.7	21.02323596134
32.8	20.818412455853334
32.9	20.61469962539333
33.	20.412367651453334
33.1	20.211680971906667
33.2	20.012904491466667
33.3	19.81631005043333
33.4	19.62218298654333
33.5	19.43082862658
33.6	19.24257854676
33.7	19.057796446343332
33.8	18.876883487913332
33.9	18.700282966746666
34.	18.528484184986667
34.1	18.36202542057333
34.2	18.20149589578333
34.3	18.047536668313334
34.4	17.900840385846664
34.5	17.762149864
34.6	17.632255467089998
34.7	17.51199129115
34.8	17.40223016847333
34.9	17.303877532126666
35.	17.21786419803
35.1	17.14513813966333
35.2	17.086655348033332
35.3	17.043369884269996
35.4	17.01622324652
35.5	17.00613318503
35.6	17.013982109283333
35.7	17.040605239486666
35.8	17.086778661049998
35.9	17.15320744394333
36.	17.240513990876664
36.1	17.34922677796
36.2	17.479769647443334
36.3	17.632451808823333
36.4	17.80745869554
36.5	18.004843816396665
36.6	18.224521729926668
36.7	18.466262255673332
36.8	18.72968602361
36.9	19.014261445866666
37.	19.31930317896
37.1	19.64397212561333
37.2	19.987277007403332
37.3	20.348077521329998
37.4	20.72508907096
37.5	21.11688904773333
37.6	21.5219246149
37.7	21.938521931366665
37.8	22.364896731966667
37.9	22.799166166866662
38.	23.239361783766668
38.1	23.683443525599998
38.2	24.129314600599997
38.3	24.574837072999998
38.4	25.017848011066665
38.5	25.456176023966666
38.6	25.887658011933333
38.7	26.31015595146667
38.8	26.721573536866664
38.9	27.119872498966664
39.	27.503088426466668
39.1	27.869345919666664
39.2	28.216872913333333
39.3	28.544014015466665
39.4	28.84924271953333
39.5	29.1311723587
39.6	29.3885656878
39.7	29.620342991766666
39.8	29.825588636866662
39.9	30.003555999499998
40.	30.1536707247
40.1	30.275532286266667
40.2	30.368913840199998
40.3	30.433760381599996
40.4	30.47018523583333
40.5	30.478464933499996
40.6	30.459032536499997
40.7	30.4124695021
40.8	30.339496187066665
40.9	30.240961110199997
41.	30.117829106299997
41.1	29.97116851713333
41.2	29.802137575366665
41.3	29.611970148233333
41.4	29.401961013966663
41.5	29.1734508495
41.6	28.927811112066667
41.7	28.66642899756667
41.8	28.390692658333336
41.9	28.101976859666667
42.	27.80162924903333
42.1	27.49095740493333
42.2	27.171216823399995
42.3	26.843599988199998
42.4	26.509226658799996
42.5	26.16913549486667
42.6	25.824277120366663
42.7	25.47550871313333
42.8	25.123590187233333
42.9	24.769182014933328
43.	24.412844717433334
43.1	24.05504002983333
43.2	23.696133727466663
43.3	23.3364000782
43.4	22.976027865666666
43.5	22.6151279067
43.6	22.253741968766665
43.7	21.891852971933332
43.8	21.529396344699997
43.9	21.166272385133333
44.	20.802359464333332
44.1	20.437527897633334
44.2	20.071654295099997
44.3	19.704636196966664
44.4	19.336406789599998
44.5	18.96694949597333
44.6	18.596312229376665
44.7	18.224621101546667
44.8	17.85209337747333
44.9	17.47904947485
45.	17.10592381309
45.1	16.73327432703333
45.2	16.361790472296665
45.3	15.992299563943334
45.4	15.625771305673334
45.5	15.263320387019998
45.6	14.906207043526667
45.7	14.555835499576666
45.8	14.213750234233332
45.9	13.881630036586666
46.	13.561279841126666
46.1	13.254620360483333
46.2	12.963675558266667
46.3	12.690558031986999
46.4	12.437452401459334
46.5	12.206596824468331
46.6	12.000262786091668
46.7	11.820733331919834
46.8	11.670279938484565
46.9	11.551138234715665
47.	11.465482807995665
47.1	11.415401344790666
47.2	11.402868371374334
47.3	11.429718871823333
47.4	11.497622070593332
47.5	11.608055673256667
47.6	11.762280862919997
47.7	11.961318350676667
47.8	12.205925775716667
47.9	12.496576745213332
48.	12.833441795003333
48.1	13.216371540686666
48.2	13.644882272676668
48.3	14.118144231449998
48.4	14.634972777889999
48.5	15.193822649713333
48.6	15.792785468813335
48.7	16.42959063638
48.8	17.101609720536665
48.9	17.80586441069
49.	18.539038076966666
49.1	19.297490939859998
49.2	20.077278817436667
49.3	20.87417538292
49.4	21.68369782679
49.5	22.501135783633334
49.6	23.321583346
49.7	24.13997395420333
49.8	24.95111791742
49.9	25.74974228905667
50.	26.530532790979997
50.1	27.288177452333333
50.2	28.017411605966664
50.3	28.713063862333332
50.4	29.370102663766662
50.5	29.9836830056
50.6	30.549192902233337
50.7	31.06229916523333
50.8	31.518992061366664
50.9	31.915628415333334
51.	32.248972731466665
51.1	32.5162359128
51.2	32.71511117413333
51.3	32.84380675923333
51.4	32.90107509663333
51.5	32.886238051166664
51.6	32.79920795966667
51.7	32.640504169833335
51.8	32.41126483713333
51.9	32.11325377333333
52.	31.748862180366665
52.1	31.321105147066667
52.2	30.833612830033335
52.3	30.29061628716666
52.4	29.696927978799998
52.5	29.057916999066666
52.6	28.3794791485
52.7	27.668002006066665
52.8	26.930325205000003
52.9	26.173696162366667
53.	25.40572155706667
53.1	24.6343148913
53.2	23.8676405099
53.3	23.114054488633332
53.4	22.382042835500002
53.5	21.680157477566667
53.6	21.01695053303333
53.7	20.4009073871
53.8	19.8403791099
53.9	19.343514764509997
54.	18.918194162746666
54.1	18.571961627696666
54.2	18.31196132025333
54.3	18.14487468043
54.4	18.076860521393332
54.5	18.11349829743
54.6	18.25973504655333
54.7	18.519836480979997
54.8	18.897342669449998
54.9	19.395028720873334
55.	20.014870839403333
55.1	20.758018081166668
55.2	21.624770096713334
55.3	22.614561095666662
55.4	23.72595022173333
55.5	24.956618472333332
55.6	26.30337224526666
55.7	27.76215354073333
55.8	29.328056791533335
55.9	30.995352240066666
56.	32.75751572656666
56.1	34.607264699
56.2	36.53660020496666
56.3	38.53685457293333
56.4	40.5987444452
56.5	42.712428778233324
56.6	44.8675713849
56.7	47.0534075545
56.8	49.25881425046666
56.9	51.472383358900004
57.	53.68249742983333
57.1	55.87740733503333
57.2	58.0453112502
57.3	60.17443435336666
57.4	62.25310862986667
57.5	64.26985216616666
57.6	66.21344732876668
57.7	68.07301721843334
57.8	69.83809981763332
57.9	71.49871925876667
58.	73.04545366503334
58.1	74.46949904973333
58.2	75.76272878169999
58.3	76.91774816733333
58.4	77.92794374026667
58.5	78.78752688503333
58.6	79.49157147743333
58.7	80.0360452608
58.8	80.41783474019999
58.9	80.6347634201
59.	80.68560326586666
59.1	80.57007932816666
59.2	80.2888675206
59.3	79.8435855925
59.4	79.23677740276668
59.5	78.47189063783333
59.6	77.55324818816666
59.7	76.4860134267
59.8	75.27614969429999
59.9	73.93037433906667
60.	72.45610769003333
60.1	70.86141739383334
60.2	69.15495857453332
60.3	67.34591029916666
60.4	65.44390887063332
60.5	63.45897848413333
60.6	61.4014597968
60.7	59.281936982999994
60.8	57.11116384606667
60.9	54.89998956666666
61.	52.65928466103333
61.1	50.39986771906666
61.2	48.132433482433335
61.3	45.86748280203333
61.4	43.6152549963
61.5	41.385663112466666
61.6	39.18823255563333
61.7	37.03204352576666
61.8	34.92567766456666
61.9	32.8771692761
62.	30.8939614438
62.1	28.982867324633332
62.2	27.15003685386667
62.3	25.400929048366667
62.4	23.740290047933332
62.5	22.172136985833333
62.6	20.69974773026667
62.7	19.32565649
62.8	18.051655229066668
62.9	16.878800788133333
63.	15.807427563866668
63.1	14.837165554499999
63.2	13.966963535566666
63.3	13.195117093099999
63.4	12.51930120174
63.5	11.93660700373
63.6	11.443582412756665
63.7	11.036276141176666
63.8	10.710284724326666
63.9	10.460802097919998
64.	10.282671269473333
64.1	10.17043761192
64.2	10.118403303646666
64.3	10.120682434123333
64.4	10.171256298349999
64.5	10.264028406683334
64.6	10.392878749686666
64.7	10.551716868269999
64.8	10.734533299596666
64.9	10.935448989493333
65.	11.148762285886665
65.1	11.368993157346665
65.2	11.59092430909
65.3	11.809638903549999
65.4	12.020554626384333
65.5	12.219453877195335
65.6	12.402509900389001
65.7	12.566308713715332
65.8	12.707866730739667
65.9	12.824644013605667
66.	12.914553134804999
66.1	12.975963665322832
66.2	13.007702346014499
66.3	13.009049038492366
66.4	12.979728587258366
66.5	12.919898760576332
66.6	12.830134470636333
66.7	12.711408503196667
66.8	12.565069016240999
66.9	12.392814091068999
67.	12.196663641557333
67.1	11.978929006741332
67.2	11.742180566396666
67.3	11.489213731353333
67.4	11.223013670226667
67.5	10.946719136093332
67.6	10.663585761453334
67.7	10.376949184239999
67.8	10.090188365246666
67.9	9.806689444556667
68.	9.529810476289999
68.1	9.262847361789998
68.2	9.00900128643
68.3	8.771347941913334
68.4	8.552808793876666
68.5	8.35612462922
68.6	8.183831589453334
68.7	8.038239868536666
68.8	7.921415222429999
68.9	7.83516340775
69.	7.7810176339599995
69.1	7.760229082463333
69.2	7.773760513706667
69.3	7.822282951435666
69.4	7.9061754028469995
69.5	8.025527543072332
69.6	8.180145263532
69.7	8.369558957108666
69.8	8.593034386730332
69.9	8.849585961272332
70.	9.137992221319665
70.1	9.456813318086667
70.2	9.804410253523333
70.3	10.17896563449
70.4	10.578505685213333
70.5	11.0009232527
70.6	11.444001535043334
70.7	11.905438261573332
70.8	12.382870053213333
70.9	12.873896695900001
71.	13.376105066093334
71.1	13.887092456696667
71.2	14.40448906252
71.3	14.925979399566666
71.4	15.449322447833334
71.5	15.972370324833332
71.6	16.4930853184
71.7	17.009555127633334
71.8	17.520006183333333
71.9	18.0228149441
72.	18.516517087566665
72.1	18.999814541366664
72.2	19.4715803245
72.3	19.93086119313333
72.4	20.3768781116
72.5	20.809024591066667
72.6	21.226862964833334
72.7	21.630118687899998
72.8	22.018672771866665
72.9	22.392552485266666
73.	22.751920465766666
73.1	23.09706240813333
73.2	23.428373504766668
73.3	23.7463438276
73.4	24.051542849233332
73.5	24.344603308766665
73.6	24.626204632399997
73.7	24.897056120799995
73.8	25.15788011583333
73.9	25.409395356233333
74.	25.652300728166665
74.1	25.887259607666667
74.2	26.114884985566665
74.3	26.33572555203333
74.4	26.550252906366666
74.5	26.758850042533332
74.6	26.961801244533333
74.7	27.1592835088
74.8	27.351359591466665
74.9	27.53797275903333
75.	27.71894330063333
75.1	27.893966839833332
75.2	28.0626144612
75.3	28.22433464823333
75.4	28.378457006233333
75.5	28.524197724433336
75.6	28.660666711500003
75.7	28.78687631993333
75.8	28.901751556399994
75.9	29.00414165903333
76.	29.0928329072
76.1	29.16656251513333
76.2	29.224033450033332
76.3	29.263930003299997
76.4	29.284933937299996
76.5	29.285741021699998
76.6	29.265077770833333
76.7	29.221718190799997
76.8	29.154500344166667
76.9	29.062342543166668
77.	28.9442589863
77.1	28.7993746576
77.2	28.626939318399998
77.3	28.4263404285
77.4	28.197114846966663
77.5	27.938959174399997
77.6	27.651738614766664
77.7	27.33549424773333
77.8	26.990448622799995
77.9	26.617009601066663
78.	26.2157723907
78.1	25.787519741300002
78.2	25.333220280366668
78.3	24.85402499603333
78.4	24.35126188856667
78.5	23.82642883333333
78.6	23.281184715
78.7	22.717338913066662
78.8	22.136839233899995
78.9	21.541758401366668
79.	20.934279234199998
79.1	20.316678650166665
79.2	19.6913106502
79.3	19.060588446766666
79.4	18.4269659086
79.5	17.79291850203333
79.6	17.160923913699996
79.7	16.533442543566665
79.8	15.912898058366666
79.9	15.301658194766667
80.	14.702015999833332
80.1	14.116171692066667
80.2	13.546215319666667
80.3	12.994110385033332
80.4	12.4616785957
80.5	11.9505858892
80.6	11.462329868249999
80.7	10.998228767676666
80.8	10.559412059743332
80.9	10.146812788013333
81.	9.761161703216667
81.1	9.402983255936665
81.2	9.072593483623333
81.3	8.770099810089999
81.4	8.495402756273332
81.5	8.248199544003333
81.6	8.027989553733335
81.7	7.83408158064
81.8	7.665602815246666
81.9	7.52150945805
82.	7.400598861543333
82.1	7.301523078726667
82.2	7.222803683256666
82.3	7.1628477142766664
82.4	7.11996458846
82.5	7.0923838126300005
82.6	7.078273322823333
82.7	7.075758270233333
82.8	7.082940070383332
82.9	7.097915530133332
83.	7.118795866656666
83.1	7.143725434629999
83.2	7.170899980910001
83.3	7.198584251733333
83.4	7.225128784263333
83.5	7.248985722946665
83.6	7.268723511636667
83.7	7.283040323889999
83.8	7.290776106963333
83.9	7.290923129279999
84.	7.282634936373334
84.1	7.26523363636
84.2	7.23821545309
84.3	7.201254502279999
84.4	7.154204763919999
84.5	7.09710024203
84.6	7.0301533210399985
84.7	6.95375134563
84.8	6.868451468486666
84.9	6.7749738272
85.	6.67419312784
85.1	6.5671287279733335
85.2	6.454933326349999
85.3	6.338880379373333
85.4	6.22035037672
85.5	6.10081611854
85.6	5.981827145923333
85.7	5.864993483526666
85.8	5.751968859013333
85.9	5.644433568023333
86.	5.54407715552
86.1	5.452581085066666
86.2	5.3716015662
86.3	5.3027527072166665
86.4	5.247590156033333
86.5	5.207595385503334
86.6	5.184160771856666
86.7	5.1785756055
86.8	5.1920131631
86.9	5.22551895772
87.	5.280000271076666
87.1	5.3562170580099995
87.2	5.454774298563334
87.3	5.576115857856665
87.4	5.720519897940001
87.5	5.88809586993
87.6	6.078783098396667
87.7	6.29235095376
87.8	6.5284005925166655
87.9	6.78636822961
88.	7.0655298920466665
88.1	7.365007588713333
88.2	7.683776817633333
88.3	8.020675319723333
88.4	8.374412976396666
88.5	8.743582738246666
88.6	9.12667246361
88.7	9.522077537736665
88.8	9.928114137766665
88.9	10.34303300409
89.	10.765033575970001
89.1	11.192278347816668
89.2	11.622907302786667
89.3	12.055052281986665
89.4	12.486851151596667
89.5	12.916461633923333
89.6	13.342074675573333
89.7	13.76192723262333
89.8	14.174314361699999
89.9	14.57760051583
90.	14.970229953903331
90.1	15.35073618518
90.2	15.717750381640002
90.3	16.070008704186666
90.4	16.406358501846668
90.5	16.72576335642
90.6	17.02730695901
90.7	17.3101958172
90.8	17.57376080603
90.9	17.81745758811333
91.	18.040865940156664
91.1	18.24368803556333
91.2	18.425745742723333
91.3	18.586977009019996
91.4	18.72743140861333
91.5	18.847264941129996
91.6	18.94673417289333
91.7	19.026189819556667
91.8	19.086069870836667
91.9	19.12689236259
92.	19.149247900673334
92.1	19.15379204228
92.2	19.14123763771333
92.3	19.112347233639998
92.4	19.067925633436666
92.5	19.008812706156665
92.6	18.93587652783333
92.7	18.850006932073335
92.8	18.75210953816
92.9	18.64310031471333
93.	18.523900728673333
93.1	18.395433516433332
93.2	18.258619105056667
93.3	18.114372698753332
93.4	17.96360203470333
93.5	17.807205801526667
93.6	17.646072701353333
93.7	17.48108112651
93.8	17.31309941071
93.9	17.142986605536667
94.	16.97159372263667
94.1	16.79976537566
94.2	16.628341746809998
94.3	16.45816079809
94.4	16.29006064182
94.5	16.124881980793333
94.6	15.963470527236666
94.7	15.80667930683
94.8	15.655370756206667
94.9	15.51041852255
95.	15.37270887726
95.1	15.243141660946666
95.2	15.12263068105
95.3	15.01210349178
95.4	14.912500493326664
95.5	14.824773296846667
95.6	14.749882311676666
95.7	14.688793522663332
95.8	14.642474436869998
95.9	14.611889191699998
96.	14.597992828899999
96.1	14.601724753033333
96.2	14.624001404976664
96.3	14.665708195533334
96.4	14.727690756899998
96.5	14.810745582256667
96.6	14.915610136600002
96.7	15.04295253312333
96.8	15.193360880176666
96.9	15.367332413979998
97.	15.565262540569998
97.1	15.787433918199998
97.2	16.034005716643335
97.3	16.30500319589333
97.4	16.600307748236666
97.5	16.919647549669996
97.6	17.26258896682333
97.7	17.628528862246668
97.8	18.01668793850333
97.9	18.426105254996664
98.	18.855634044309998
98.1	19.303938946666666
98.2	19.76949476914
98.3	20.25058686548333
98.4	20.74531321816
98.5	21.25158828882
98.6	21.76714868853667
98.7	22.2895607006
98.8	22.816229671189994
98.9	23.344411264516665
99.	23.871224559263332
99.1	24.39366694322
99.2	24.90863074395
99.3	25.41292151227666
99.4	25.90327785696333
99.5	26.376392708416667
99.6	26.828935872653332
99.7	27.257577716999997
99.8	27.659013814659993
99.9	28.02999035840333
100.	28.36733014092667
100.1	28.66795888718333
100.2	28.928931713293327
100.3	29.147459478943325
100.4	29.320934793553334
100.5	29.446957432756665
100.6	29.523358919843332
100.7	29.548226027456668
100.8	29.51992295764333
100.9	29.437111964876667
101.	29.298772192469997
101.1	29.104216505426667
101.2	28.853106113750002
101.3	28.54546279556333
101.4	28.18167854715333
101.5	27.76252250492
101.6	27.289145006459997
101.7	26.76307868021667
101.8	26.186236477586665
101.9	25.560906587116666
102.	24.88974419761667
102.1	24.175760104336664
102.2	23.422306181276667
102.3	22.633057770816666
102.4	21.81199307247333
102.5	20.963369638936662
102.6	20.091698118779995
102.7	19.201713410443332
102.8	18.298343420903333
102.9	17.38667564638
103.	16.471921817633334
103.1	15.55938087361
103.2	14.6544005484
103.3	13.762337873716664
103.4	12.888518914873332
103.5	12.038198071103333
103.6	11.216517281393331
103.7	10.42846548382
103.8	9.678838680486667
103.9	8.97220096101
104.	8.31284683576
104.1	7.70476522329
104.2	7.151605429026667
104.3	6.656645438783333
104.4	6.222762836439999
104.5	5.852408636686666
104.6	5.54758430155
104.7	5.309822186733333
104.8	5.140169635983334
104.9	5.0391769130399995
105.	5.0068891294033335
105.1	5.042842292796667
105.2	5.14606356643
105.3	5.315075792856666
105.4	5.547906299043333
105.5	5.84209996123
105.6	6.19473647005
105.7	6.60245169777
105.8	7.061463031763333
105.9	7.567598501299999
106.	8.116329487943332
106.1	8.70280677568
106.2	9.321899663746667
106.3	9.968237834029999
106.4	10.636255636693333
106.5	11.320238431526665
106.6	12.014370600149999
106.7	12.712784824123332
106.8	13.409612208339997
106.9	14.099032816043335
107.	14.775326173379998
107.1	15.43292129707
107.2	16.06644579667333
107.3	16.67077360809333
107.4	17.241070920636666
107.5	17.77283987278333
107.6	18.261959606106664
107.7	18.704724287743332
107.8	19.09787773302
107.9	19.438644289080003
108.	19.72475566781
108.1	19.954473452646667
108.2	20.12660703754333
108.3	20.240526797086662
108.4	20.296172326806666
108.5	20.294055636216665
108.6	20.235259221139998
108.7	20.12142898839333
108.8	19.954762051006668
108.9	19.73798945991333
109.	19.47435398388
109.1	19.16758309538333
109.2	18.821857365263334
109.3	18.441774512386665
109.4	18.032309395876666
109.5	17.59877027745
109.6	17.146751717306664
109.7	16.682084501653332
109.8	16.210783029406667
109.9	15.738990613603335
110.	15.27292317425
110.1	14.818811819653334
110.2	14.382844826503334
110.3	13.971109538879997
110.4	13.589534711986666
110.5	13.243833825689999
110.6	12.939449889529998
110.7	12.681502250780001
110.8	12.474735903173332
110.9	12.323473775729997
111.	12.231572457016664
111.1	12.20238178316
111.2	12.238708686079999
111.3	12.342785662606667
111.4	12.51624418604
111.5	12.76009333965
111.6	13.074703905503334
111.7	13.459798095526667
111.8	13.914445060219998
111.9	14.43706226098
112.	15.025422737603332
112.1	15.676668250543333
112.2	16.387328223746664
112.3	17.15334436055
112.4	17.970100752766665
112.5	18.832459253049997
112.6	19.73479982952
112.7	20.671065576569998
112.8	21.634812009916665
112.9	22.61926023334333
113.	23.617353526806667
113.1	24.62181687106667
113.2	25.62521889529333
113.3	26.620035707379998
113.4	27.59871604804666
113.5	28.55374719211
113.6	29.477721012206665
113.7	30.36339961305
113.8	31.203779945949996
113.9	31.992156818519994
114.	32.722183724826664
114.1	33.38793093866333
114.2	33.98394033293333
114.3	34.50527641502
114.4	34.947573099496665
114.5	35.30707577446333
114.6	35.58067825889667
114.7	35.76595429062
114.8	35.86118323375
114.9	35.86536974356666
115.	35.77825717992333
115.1	35.60033461675333
115.2	35.332837350536664
115.3	34.97774086993667
115.4	34.53774830746333
115.5	34.01627145216666
115.6	33.41740546183333
115.7	32.745897470100005
115.8	32.007109340073335
115.9	31.20697487044
116.	30.351951810916663
116.1	29.448969093103333
116.2	28.5053697278
116.3	27.528849860773335
116.4	26.52739451614
116.5	25.50921058912333
116.6	24.482657676979997
116.7	23.456177359136664
116.8	22.438221554486667
116.9	21.437180594789996
117.	20.46131165875
117.1	19.518668209816667
117.2	18.61703107626333
117.3	17.763841797909997
117.4	16.96613884751
117.5	16.23049731031
117.6	15.562972576633335
117.7	14.969048568703332
117.8	14.453590982613335
117.9	14.020805984319999
118.	13.674204749336663
118.1	13.416574185026668
118.2	13.249954119236666
118.3	13.175621181236666
118.4	13.194079540859999
118.5	13.305058609926665
118.6	13.507517746706664
118.7	13.79965794098
118.8	14.178940392549999
118.9	14.642111833496665
119.	15.185236381693333
119.1	15.803733653036668
119.2	16.492422800403332
119.3	17.245572093516664
119.4	18.056953599209997
119.5	18.919902475676665
119.6	19.827380347606663
119.7	20.772042191146667
119.8	21.746306122166665
119.9	22.74242545280333
120.	23.752562357303333
120.1	24.768862470779997
120.2	25.78352973356
120.3	26.788900788110002
120.4	27.777518237219997
120.5	28.742202079656664
120.6	29.676118653143327
120.7	30.57284643552333
120.8	31.42643807998666
120.9	32.231478094016666
121.	32.983135607643334
121.1	33.677211721666666
121.2	34.310180972283334
121.3	34.879226503266665
121.4	35.38226859139666
121.5	35.81798623221333
121.6	36.18583155601
121.7	36.486036908446664
121.8	36.71961449946
121.9	36.88834859064
122.	36.99478026182333
122.1	37.04218486757
122.2	37.03454235861
122.3	36.97650071638667
122.4	36.87333281109666
122.5	36.73088705428
122.6	36.555532279746664
122.7	36.35409734335
122.8	36.133805979269994
122.9	35.9022075014
123.	35.66710397841666
123.1	35.43647454718333
123.2	35.21839755978333
123.3	35.020971282536664
123.4	34.85223388304
123.5	34.72008345143333
123.6	34.63219880595
123.7	34.59596182932
123.8	34.61838207183666
123.9	34.706024340506666
124.	34.864939969119995
124.1	35.100602433329996
124.2	35.417847938503336
124.3	35.82082156468999
124.4	36.31292950454333
124.5	36.89679787612666
124.6	37.57423853403667
124.7	38.346222239246664
124.8	39.212859481846664
124.9	40.17338917945666
125.	41.22617540803333
125.1	42.36871223428666
125.2	43.59763666468667
125.3	44.9087496281
125.4	46.297044853293336
125.5	47.75674541085665
125.6	49.28134763500333
125.7	50.86367205400666
125.8	52.49592089912
125.9	54.16974170070999
126.	55.876296412373335
126.1	57.606335456993335
126.2	59.350276038986664
126.3	61.09828401644666
126.4	62.84035860268999
126.5	64.56641912482999
126.6	66.26639304646
126.7	67.93030445656666
126.8	69.54836219486998
126.9	71.11104681399667
127.	72.60919555019001
127.1	74.03408452342998
127.2	75.37750738086
127.3	76.63184964183999
127.4	77.79015803675999
127.5	78.84620416960999
127.6	79.79454188836
127.7	80.63055779849665
127.8	81.35051442071332
127.9	81.95158555356332
128.	82.43188347242666
128.1	82.79047767879
128.2	83.02740497562667
128.3	83.14367073721
128.4	83.14124131435666
128.5	83.02302760347666
128.6	82.79285988223666
128.7	82.45545410812667
128.8	82.01636994078999
128.9	81.48196084141999
129.	80.85931666885665
129.1	80.15619926532332
129.2	79.38097159540999
129.3	78.54252106011333
129.4	77.65017766909
129.5	76.71362780088333
129.6	75.74282432983
129.7	74.74789393572999
129.8	73.73904243523333
129.9	72.72645901268334
130.	71.72022022526
130.1	70.73019467468666
130.2	69.76594923472
130.3	68.83665771579332
130.4	67.95101282229999
130.5	67.11714224542999
130.6	66.3425296888
130.7	65.63394159242665
130.8	64.99736026841666
130.9	64.43792410393333
131.	63.95987543388999
131.1	63.566516610319994
131.2	63.26017472971
131.3	63.042175397976656
131.4	62.91282583603001
131.5	62.871407539796664
131.6	62.91617863291667
131.7	63.04438594689001
131.8	63.25228678718333
131.9	63.53518025295666
132.	63.88744788290666
132.1	64.30260332265999
132.2	64.77335061640332
132.3	65.29165065279999
132.4	65.84879520907667
132.5	66.43548797169
132.6	67.04193184243667
132.7	67.65792177325
132.8	68.27294232316
132.9	68.87626908453333
133.	69.45707307274333
133.1	70.00452715700999
133.2	70.50791357493333
133.3	70.95673155859998
133.4	71.34080409397998
133.5	71.65038283825666
133.6	71.87625022453
133.7	72.00981780748333
133.8	72.04321992429666
133.9	71.96940178980665
134.	71.78220117749666
134.1	71.47642289763333
134.2	71.04790534012332
134.3	70.49357841351333
134.4	69.81151228313
134.5	69.00095639402332
134.6	68.06236833993
134.7	66.99743222705332
134.8	65.80906628137666
134.9	64.50141952398333
135.	63.07985745302666
135.1	61.550936748603334
135.2	59.92236913077
135.3	58.20297458210334
135.4	56.40262424946332
135.5	54.53217343031
135.6	52.60338513399666
135.7	50.62884479955
135.8	48.62186682684666
135.9	46.5963936609
136.	44.566888225376665
136.1	42.548220579733325
136.2	40.55554971970666
136.3	38.60420148780333
136.4	36.70954360950999
136.5	34.88685889081666
136.6	33.15121764209666
136.7	31.51735040353666
136.8	29.99952205197333
136.9	28.61140836304333
137.	27.36597608820667
137.1	26.27536758248333
137.2	25.35079098483
137.3	24.602416913149998
137.4	24.039282583616668
137.5	23.669204208080004
137.6	23.498698456303334
137.7	23.53291369723667
137.8	23.77557165584
137.9	24.228920034516666
138.	24.89369656234333
138.1	25.769104837056666
138.2	26.85280223091
138.3	28.140900028786668
138.4	29.627975867156664
138.5	31.307098438159997
138.6	33.16986432125999
138.7	35.20644670270333
138.8	37.40565564306
138.9	39.755009455533326
139.	42.24081666292666
139.1	44.848267914183324
139.2	47.56153715140667
139.3	50.36389124508333
139.4	53.23780723892666
139.5	56.16509628395333
139.6	59.12703327499999
139.7	62.10449116939666
139.8	65.07807890959
139.9	68.02828184936334
140.	70.93560355855
140.1	73.78070787109999
140.2	76.54456002769666
140.3	79.20856578445333
140.4	81.75470736387
140.5	84.16567515350333
140.6	86.42499409616332
140.7	88.51714374708999
140.8	90.42767104351334
140.9	92.14329487272666
141.	93.65200160896666
141.1	94.94313085390999
141.2	96.00745070271336
141.3	96.83722194031333
141.4	97.42625066959
141.5	97.76992896371333
141.6	97.86526324187999
141.7	97.71089015977999
141.8	97.30707992191664
141.9	96.65572701604668
142.	95.76032848092599
142.1	94.62594992347898
142.2	93.259179593255
142.3	91.66807093264066
142.4	89.86207410653266
142.5	87.85195711233666
142.6	85.64971714828064
142.7	83.26848300750399
142.8	80.72240932725032
142.9	78.02656359590866
143.	75.19680687057166
143.1	72.24966921609199
143.2	69.20222090402066
143.3	66.07194045567933
143.4	62.876580622413
143.5	59.63403341856167
143.6	56.36219531585665
143.7	53.078833713466665
143.8	49.801455767323326
143.9	46.547180651956666
144.	43.33261627783333
144.1	40.17374146034666
144.2	37.08579446882333
144.3	34.08316883785333
144.4	31.17931724868
144.5	28.386664215209997
144.6	25.71652823463333
144.7	23.179053971913333
144.8	20.78315496144
144.9	18.53646721451333
145.	16.44531402538
145.1	14.514682170339999
145.2	12.748209594839999
145.3	11.1481845833
145.4	9.715556307563332
145.5	8.44995655173
145.6	7.3497323151566665
145.7	6.4119889031533335
145.8	5.632643026613334
145.9	5.006485346573333
146.	4.527251822623333
146.1	4.187703150376667
146.2	3.9797115078866665
146.3	3.8943537721399997
146.4	3.9220103158066664
146.5	4.052468451643333
146.6	4.275029557836667
146.7	4.57861889164
146.8	4.951897082586666
146.9	5.383372288506665
147.	5.861511999466666
147.1	6.374853485066667
147.2	6.91211190017
147.3	7.462285092003333
147.4	8.014754188289999
147.5	8.559379090653334
147.6	9.086588049033333
147.7	9.587460553303332
147.8	10.053802842503334
147.9	10.478215404916666
148.	10.854151918966666
148.1	11.175969165386665
148.2	11.43896752812
148.3	11.639421787656666
148.4	11.774602002799998
148.5	11.842784367586667
148.6	11.843252022906668
148.7	11.776285894243333
148.8	11.643145719076665
148.9	11.446041514866666
149.	11.188095826963334
149.1	10.87329717739
149.2	10.506445215086666
149.3	10.09308814207333
149.4	9.639453058179999
149.5	9.152369929919999
149.6	8.63918994388
149.7	8.107699055249999
149.8	7.566027581243333
149.9	7.0225567241233335
150.	6.485822932783333
150.1	5.964421028613334
150.2	5.466907030663333
150.3	5.00170161363
150.4	4.5769951249566665
150.5	4.20065506956
150.6	3.8801369460366666
150.7	3.6223992851133326
150.8	3.4338237004899996
150.9	3.3201407145166666
151.	3.286362066493333
151.1	3.336720150713333
151.2	3.474615164713333
151.3	3.7025704767533334
151.4	4.022196645433333
151.5	4.434164444603333
151.6	4.9381871640299995
151.7	5.533012370973333
151.8	6.216423231466667
151.9	6.985249402656667
152.	7.835387419776667
152.1	8.76183041585
152.2	9.758706925726667
152.3	10.819328444453333
152.4	11.936245330016664
152.5	13.101310564010001
152.6	14.305750812866666
152.7	15.540244164849998
152.8	16.79500385785333
152.9	18.059867257176666
153.	19.32438929425
153.1	20.577939536229998
153.2	21.809802021543334
153.3	23.009276970216664
153.4	24.165783458820002
153.5	25.26896213932
153.6	26.308777078040002
153.7	27.27561579594
153.8	28.160386605549995
153.9	28.954612359529996
154.	29.650519755989997
154.1	30.24112338067333
154.2	30.720303710176665
154.3	31.08287834932
154.4	31.324665832856667
154.5	31.442541383033333
154.6	31.434484081286662
154.7	31.299614985326663
154.8	31.038225796926667
154.9	30.651797766546668
155.	30.143010601009998
155.1	29.51574122639667
155.2	28.775052340749998
155.3	27.927170779470003
155.4	26.979455799963333
155.5	25.940357477486664
155.6	24.81936548694
155.7	23.626948626086666
155.8	22.374485513843332
155.9	21.07418697077
156.	19.73901065965
156.1	18.382568628519998
156.2	17.019028459296663
156.3	15.663008778476668
156.4	14.329469934653332
156.5	13.033600689043332
156.6	11.790701799276668
156.7	10.616067404279999
156.8	9.524865137443332
156.9	8.53201590816
157.	7.652074295903333
157.1	6.899110498843333
157.2	6.2865947675600005
157.3	5.827285237636666
157.4	5.533120048769999
157.5	5.415114606423334
157.6	5.483264802776667
157.7	5.7464569685499995
157.8	6.212385275706667
157.9	6.887477254296667
158.	7.776828024426665
158.1	8.884143778206667
158.2	10.21169497509
158.3	11.760279640973332
158.4	13.529197084273331
158.5	15.516232262343333
158.6	17.71765095269
158.7	20.12820580051
158.8	22.741153233026665
158.9	25.548281150296663
159.	28.539947220463333
159.1	31.70512753098
159.2	35.031475268726666
159.3	38.50538903037
159.4	42.112090293179996
159.5	45.835709511496674
159.6	49.659380239153336
159.7	53.56534062728
159.8	57.535041589766664
159.9	61.54926088254332
160.	65.58822230888666
160.1	69.63171922125332
160.2	73.65924146771331
160.3	77.6501049069
160.4	81.58358260392666
160.5	85.43903680692333
160.6	89.19605080734665
160.7	92.83455978971666
160.8	96.33497978973999
160.9	99.67833389233665
161.	102.84637483555
161.1	105.821703203
161.2	108.58788043263999
161.3	111.12953590428998
161.4	113.43246741686332
161.5	115.48373441150665
161.6	117.27174335345666
161.7	118.78632474196999
161.8	120.01880127370333
161.9	120.96204675139998
162.	121.61053539298668
162.1	121.96038125845332
162.2	122.00936758265667
162.3	121.75696586768
162.4	121.20434465677666
162.5	120.35436797475667
162.6	119.21158349090332
162.7	117.78220052153333
162.8	116.07405805178668
162.9	114.09658301851331
163.	111.86073915408333
163.1	109.37896674108333
163.2	106.66511368878334
163.3	103.73435837924998
163.4	100.60312478667666
163.5	97.28899040592667
163.6	93.81058756319666
163.7	90.18749872428666
163.8	86.44014642714001
163.9	82.58967850438667
164.	78.65784926835666
164.1	74.66689736155666
164.2	70.63942096291332
164.3	66.59825107271332
164.4	62.566323581190005
164.5	58.56655083113667
164.6	54.62169338222
164.7	50.75423267008999
164.8	46.986245243119996
164.9	43.33927923788666
165.	39.834233749899994
165.1	36.491241710889994
165.2	33.32955688279333
165.3	30.367445533796662
165.4	27.622083342496666
165.5	25.109458040256662
165.6	22.844278271756664
165.7	20.83988911748333
165.8	19.10819468798333
165.9	17.659588162736664
166.	16.502889609483333
166.1	15.645291882179999
166.2	15.092314858276668
166.3	14.847768236696668
166.4	14.913723080896666
166.5	15.290492252136666
166.6	15.976619840656667
166.7	16.96887966436
166.8	18.262282868
166.9	19.850094617419998
167.	21.723859848859995
167.1	23.873437996256662
167.2	26.287046585053332
167.3	28.951313545289995
167.4	31.851338064523333
167.5	34.97075976607333
167.6	38.291835967269996
167.7	41.79552673869999
167.8	45.461587455760004
167.9	49.268668502253334
168.	53.19442175649332
168.1	57.21561346271333
168.2	61.308243056643335
168.3	65.44766749752665
168.4	69.60873061793667
168.5	73.76589698949333
168.6	77.89338977125999
168.7	81.96533198499667
168.8	85.95589063604999
168.9	89.83942308684
169.	93.59062505173333
169.1	97.18467958396333
169.2	100.59740639329667
169.3	103.80541081815332
169.4	106.78623177592665
169.5	109.51848798178665
169.6	111.98202173708667
169.7	114.15803956735667
169.8	116.02924899189334
169.9	117.57999070239333
170.	118.79636543116334
170.1	119.66635478843
170.2	120.17993536292332
170.3	120.32918538220333
170.4	120.10838325161998
170.5	119.51409729925668
170.6	118.54526608585999
170.7	117.20326865364332
170.8	115.49198412930667
170.9	113.41784011583664
171.	110.98984935866667
171.1	108.21963420348
171.2	105.12143841413666
171.3	101.71212596663999
171.4	98.01116648567667
171.5	94.04060705348999
171.6	89.82503017631666
171.7	85.39149775746
171.8	80.76948099780333
171.9	75.99077620748
172.	71.08940659115333
172.1	66.10151014023
172.2	61.06521384174667
172.3	56.02049449421666
172.4	51.00902649280667
172.5	46.07401703744999
172.6	41.260029280826664
172.7	36.61279402801
172.8	32.17901066237333
172.9	28.006138063096664
173.	24.142176341663333
173.1	20.63544030375
173.2	17.53432560856
173.3	14.887068663743332
173.4	12.741501353493334
173.5	11.144801754329999
173.6	10.143242044033332
173.7	9.7819348524
173.8	10.104579344683334
173.9	11.15320835703
174.	12.967937931936667
174.1	15.586720617720001
174.2	19.045103907556665
174.3	23.37599519539667
174.4	28.60943462099333
174.5	34.77237716290333
174.6	41.88848531516666
174.7	49.97793365335333
174.8	59.05722655682
174.9	69.13903030633666
175.	80.23202072093666
175.1	92.34074743303998
175.2	105.46551583280667
175.3	119.60228762824666
175.4	134.74260088702667
175.5	150.87351032855332
175.6	167.97754853978665
175.7	186.03270867943334
175.8	205.01244912922
175.9	224.88572042932003
176.	245.61701472774
176.1	267.1664378390733
176.2	289.4898038917033
176.3	312.53875241385333
176.4	336.26088758444666
176.5	360.5999392371899
176.6	385.49594510277655
176.7	410.88545361294996
176.8	436.70174649547
176.9	462.87508028176336
177.	489.33294567907666
177.1	516.0003436928266
177.2	542.8000772787899
177.3	569.6530571681233
177.4	596.4786204673567
177.5	623.1948605002566
177.6	649.7189662871299
177.7	675.96757005455
177.8	701.85710100481
177.9	727.3041435749266
178.	752.2257984374501
178.1	776.5400443194933
178.2	800.1660988362132
178.3	823.0247764345966
178.4	845.0388416437868
178.5	866.1333556716265
178.6	886.2360146333632
178.7	905.2774775486498
178.8	923.1916823700733
178.9	939.9161483856234
179.	955.3922633083366
179.1	969.5655535959568
179.2	982.3859364301732
179.3	993.8079520918933
179.4	1003.7909753985566
179.5	1012.2994050771433
179.6	1019.3028300551933
179.7	1024.7761717203166
179.8	1028.6998014173666
179.9	1031.0596324837234
180.	1031.8471863786865