# O+CO(0,0) elastic diff. cross section
# E = 0.00076 eV
# angle, CS (1e-16 cm^2)
0.1	32355.94203729667
0.2	32279.490089503328
0.3	32152.44658886333
0.4	31975.373517813336
0.5	31749.052402836664
0.6	31474.479119070005
0.7	31152.857286716666
0.8	30785.590314959998
0.9	30374.27216081
1.	29920.67688054333
1.1	29426.747061610004
1.2	28894.581231126664
1.3	28326.42034618667
1.4	27724.633476636667
1.5	27091.702798246668
1.6	26430.208017863333
1.7	25742.810356339996
1.8	25032.236216686666
1.9	24301.260666386668
2.	23552.69086263
2.1	22789.349547736667
2.2	22014.05873950667
2.3	21229.623737889997
2.4	20438.817563986668
2.5	19644.365942776665
2.6	18848.932932913332
2.7	18055.107300716663
2.8	17265.389726186666
2.9	16482.180920946666
3.	15707.77072707
3.1	14944.328257783332
3.2	14193.893128943335
3.3	13458.367820236666
3.4	12739.511195543331
3.5	12038.933199086667
3.6	11358.090735589998
3.7	10698.284730973333
3.8	10060.6583606
3.9	9446.196422399998
4.	8855.725823153334
4.1	8289.917137183333
4.2	7749.2871896199995
4.3	7234.202608173332
4.4	6744.884281483333
4.5	6281.41265648
4.6	5843.733801553332
4.7	5431.666159373333
4.8	5044.907909183334
4.9	4683.044856393333
5.	4345.558765956666
5.1	4031.8360551499995
5.2	3741.17676184
5.3	3472.803705093333
5.4	3225.8717568933334
5.5	2999.4771459666667
5.6	2792.66671808
5.7	2604.447080486667
5.8	2433.7935627099996
5.9	2279.6589302899997
6.	2140.981793296666
6.1	2016.69465666
6.2	1905.7315651733334
6.3	1807.03530168
6.4	1719.5641029939998
6.5	1642.2978640493334
6.6	1574.2438068093334
6.7	1514.441596358
6.8	1461.9678923373333
6.9	1415.940329652
7.	1375.520927568333
7.1	1339.918931574
7.2	1308.3930971519999
7.3	1280.253429035
7.4	1254.8623936976667
7.5	1231.6356264306664
7.6	1210.0421577726665
7.7	1189.6041868653333
7.8	1169.8964318213332
7.9	1150.545089141
8.	1131.2264359896665
8.1	1111.6651101186667
8.2	1091.6321033026666
8.3	1070.9425042603334
8.4	1049.453027393
8.5	1027.0593631043332
8.6	1003.6933850463333
8.7	979.3202486166666
8.8	953.9354138963332
8.9	927.5616247539999
9.	900.2458742893333
9.1	872.0563848859999
9.2	843.0796292476666
9.3	813.417416675
9.4	783.1840666703333
9.5	752.5036897049999
9.6	721.5075927123332
9.7	690.3318245413334
9.8	659.1148743406667
9.9	627.995533553
10.	597.1109300006666
10.1	566.5947403746666
10.2	536.5755853983334
10.3	507.175609936
10.4	478.509248479
10.5	450.6821746793333
10.6	423.79043199733326
10.7	397.91974103666666
10.8	373.14497779066664
10.9	349.529815827
11.	327.1265243573333
11.1	305.9759132316666
11.2	286.1074150966666
11.3	267.5392943243333
11.4	250.27897180183334
11.5	234.32345429113332
11.6	219.6598568144333
11.7	206.2660063774333
11.8	194.11111533093333
11.9	183.15651273986668
12.	173.3564223067
12.1	164.65877568316665
12.2	157.00605033637666
12.3	150.33612157195333
12.4	144.58311881499998
12.5	139.67827679419997
12.6	135.5507728863
12.7	132.1285425189
12.8	129.3390652201333
12.9	127.11011460773332
13.	125.37046634880001
13.1	124.0505588599
13.2	123.08310228079998
13.3	122.40363199949999
13.4	121.95100375756665
13.5	121.66782811049998
13.6	121.50084272273332
13.7	121.401221691
13.8	121.32482175336668
13.9	121.232365888
14.	121.08956540963334
14.1	120.86718223653332
14.2	120.54103353939998
14.3	120.09194144893333
14.4	119.50563094943334
14.5	118.77257946016665
14.6	117.88782195159999
14.7	116.85071572096668
14.8	115.66466919109999
14.9	114.33683926783331
15.	112.87780193339998
15.1	111.30120081393332
15.2	109.6233785006
15.3	107.86299537433334
15.4	106.04064061353331
15.5	104.17843996003333
15.6	102.29966465363333
15.7	100.42834575246664
15.8	98.58889783166667
15.9	96.8057557814
16.	95.10302813786666
16.1	93.50417006483333
16.2	92.03167875823331
16.3	90.70681369906666
16.4	89.54934380923333
16.5	88.5773231842
16.6	87.80689670783332
16.7	87.25213645783333
16.8	86.9249094493
16.9	86.83477688713333
17.	86.98892474076666
17.1	87.3921251173
17.2	88.0467275815
17.3	88.95267927319999
17.4	90.10757238423332
17.5	91.50671732363332
17.6	93.14323965310001
17.7	95.0081986998
17.8	97.09072557803331
17.9	99.37817822563332
18.	101.8563109623
18.1	104.5094560052
18.2	107.32071434736665
18.3	110.2721533969
18.4	113.34500880610001
18.5	116.51988796963333
18.6	119.77697275996667
18.7	123.09621916670001
18.8	126.45755165243334
18.9	129.84105017773334
19.	133.227128019
19.1	136.59669870383334
19.2	139.93133056699997
19.3	143.21338765633334
19.4	146.42615592533332
19.5	149.553953883
19.6	152.58222706766668
19.7	155.49762597400002
19.8	158.28806724266667
19.9	160.94277815599997
20.	163.4523246823333
20.1	165.80862350066667
20.2	168.00493862333332
20.3	170.03586339566667
20.4	171.897288809
20.5	173.586359187
20.6	175.10141642899998
20.7	176.44193408866664
20.8	177.6084426373333
20.9	178.60244733266666
21.	179.42634013
21.1	180.08330711599996
21.2	180.57723292433332
21.3	180.9126035848
21.4	181.09440921893332
21.5	181.1280479339
21.6	181.0192322162
21.7	180.7738990201
21.8	180.3981246697
21.9	179.8980455808333
22.	179.27978568886664
22.1	178.54939134819998
22.2	177.71277433773332
22.3	176.77566347826667
22.4	175.74356521603335
22.5	174.62173340020001
22.6	173.4151483420667
22.7	172.12850510206664
22.8	170.7662108203
22.9	169.33239078576668
23.	167.830902807
23.1	166.2653593414333
23.2	164.63915673756668
23.3	162.95551084386665
23.4	161.2174981559
23.5	159.42810160883332
23.6	157.5902600522
23.7	155.70692040533334
23.8	153.78109145223334
23.9	151.815898219
24.	149.81463586963332
24.1	147.78082205866667
24.2	145.71824670306665
24.3	143.63101817186666
24.4	141.52360492566666
24.5	139.40087171416664
24.6	137.26810948953334
24.7	135.13105829069997
24.8	132.99592242749998
24.9	130.8693774048
25.	128.75856812663332
25.1	126.6710980293
25.2	124.61500891929998
25.3	122.59875140653332
25.4	120.6311459524
25.5	118.72133467453332
25.6	116.87872418213331
25.7	115.11291983206667
25.8	113.43365193073335
25.9	111.85069451233332
26.	110.37377744239998
26.1	109.01249270613334
26.2	107.77619582809999
26.3	106.67390346863331
26.4	105.71418831676665
26.5	104.90507246263333
26.6	104.25392049313332
26.7	103.76733359226667
26.8	103.45104595533333
26.9	103.30982483786666
27.	103.34737555986666
27.1	103.56625277046666
27.2	103.96777923736666
27.3	104.55197338556667
27.4	105.31748674746666
27.5	106.2615523984
27.6	107.37994537226666
27.7	108.66695593713334
27.8	110.11537650179999
27.9	111.71650278326666
28.	113.46014973826667
28.1	115.3346826044
28.2	117.32706324313335
28.3	119.4229118179
28.4	121.60658366913333
28.5	123.86126108279998
28.6	126.16905948199998
28.7	128.51114739437
28.8	130.86787939635
28.9	133.2189410632933
29.	135.54350480801997
29.1	137.82039534686334
29.2	140.02826339548997
29.3	142.14576607549333
29.4	144.15175241149333
29.5	146.02545219575998
29.6	147.74666643631667
29.7	149.29595752753997
29.8	150.65483726551668
29.9	151.805950792
30.	152.733254562961
30.1	153.42218645430432
30.2	153.859826159401
30.3	154.035044094443
30.4	153.9386371153343
30.5	153.56344943792865
30.6	152.90447729231698
30.7	151.95895596301534
30.8	150.726428030613
30.9	149.20879179587567
31.	147.410329052318
31.1	145.33771156632633
31.2	142.99998582390666
31.3	140.40853582270333
31.4	137.57702389337334
31.5	134.52130976416666
31.6	131.25934829656666
31.7	127.81106653933332
31.8	124.19822096164667
31.9	120.44423594044667
32.	116.57402476562334
32.1	112.61379462570335
32.2	108.59083720544
32.3	104.53330669108665
32.4	100.46998712012
32.5	96.43005114179331
32.6	92.44281235350999
32.7	88.53747347352999
32.8	84.74287265918998
32.9	81.08723033293333
33.	77.59789888219998
33.1	74.30111760220001
33.2	71.22177521073333
33.3	68.3831822146
33.4	65.8068553224
33.5	63.5123160112
33.6	61.51690521136667
33.7	59.83561595456666
33.8	58.48094565186666
33.9	57.46276949856666
34.	56.78823630876667
34.1	56.46168786856666
34.2	56.484602691999996
34.3	56.85556481643333
34.4	57.5702580627
34.5	58.62148592463333
34.6	59.99921702493334
34.7	61.6906558326
34.8	63.68033809036666
34.9	65.95025017633333
35.	68.47997139663333
35.1	71.24683798653332
35.2	74.22612739799999
35.3	77.39126125476666
35.4	80.71402519126667
35.5	84.1648036236
35.6	87.71282736916666
35.7	91.32643190683332
35.8	94.97332398256665
35.9	98.62085417233334
36.	102.23629298206666
36.1	105.7871080134
36.2	109.24123973623333
36.3	112.56737340909997
36.4	115.73520474043335
36.5	118.71569693519999
36.6	121.48132686373333
36.7	124.00631818286666
36.8	126.26685937556667
36.9	128.24130480359997
37.	129.91035703929998
37.1	131.25722890503332
37.2	132.26778384546668
37.3	132.93065344836666
37.4	133.2373311492333
37.5	133.18224135816666
37.6	132.76278348066666
37.7	131.97935052743333
37.8	130.83532222583332
37.9	129.33703278906665
38.	127.49371370566668
38.1	125.31741214423332
38.2	122.82288576966666
38.3	120.02747498163332
38.4	116.95095376653332
38.5	113.61536054743334
38.6	110.04481057916668
38.7	106.26529157883331
38.8	102.30444444186665
38.9	98.19133098283334
39.	93.95619076693333
39.1	89.63018916486665
39.2	85.24515882923332
39.3	80.83333683609999
39.4	76.427099755
39.5	72.0586989112
39.6	67.75999809059999
39.7	63.562215897499996
39.8	59.49567491549999
39.9	55.5895597547
40.	51.87168596986667
40.1	48.368281724499994
40.2	45.103783956399994
40.3	42.10065065463333
40.4	39.37919071146666
40.5	36.95741264663333
40.6	34.850893328266665
40.7	33.07266763453333
40.8	31.633139811533333
40.9	30.540017088766668
41.	29.798265920466665
41.1	29.410091019699998
41.2	29.374937159866665
41.3	29.68951351846667
41.4	30.347840150899998
41.5	31.34131599436666
41.6	32.65880762456666
41.7	34.28675781656666
41.8	36.20931280346666
41.9	38.40846697553333
42.	40.864223628433336
42.1	43.55477024533333
42.2	46.4566666904
42.3	49.545044598833336
42.4	52.79381617173334
42.5	56.17589052353333
42.6	59.663395689266665
42.7	63.227904370233325
42.8	66.84066148706665
42.9	70.47281162613332
43.	74.09562447386666
43.1	77.68071639566666
43.2	81.2002663554
43.3	84.62722445546666
43.4	87.93551145953333
43.5	91.10020776286666
43.6	94.09773038200001
43.7	96.9059966707
43.8	99.5045735871
43.9	101.87481149336665
44.	103.99996161046666
44.1	105.86527640470001
44.2	107.45809234716667
44.3	108.76789464589999
44.4	109.78636370676665
44.5	110.50740325769999
44.6	110.92715020986665
44.7	111.04396650646669
44.8	110.85841334613333
44.9	110.37320832583333
45.	109.5931661767
45.1	108.5251239063
45.2	107.17785127336666
45.3	105.5619476334
45.4	103.68972629446665
45.5	101.57508760496667
45.6	99.23338207299999
45.7	96.68126486796668
45.8	93.93654311896667
45.9	91.01801743373332
46.	87.9453191049
46.1	84.73874445709998
46.2	81.41908779286666
46.3	78.00747436253332
46.4	74.52519476446666
46.5	70.9935421168
46.6	67.43365330306666
46.7	63.86635551416333
46.8	60.31201923187332
46.9	56.79041872322
47.	53.32060100520333
47.1	49.92076415330666
47.2	46.6081457101
47.3	43.39892184806
47.4	40.30811782190333
47.5	37.34953013115666
47.6	34.53566070115
47.7	31.877663270483332
47.8	29.385302060913332
47.9	27.066922694563335
48.	24.929435214046666
48.1	22.978308959716664
48.2	21.21757895786333
48.3	19.649863385546666
48.4	18.276391590466666
48.5	17.097042068786664
48.6	16.110389735516666
48.7	15.313761761553332
48.8	14.703301199916666
48.9	14.27403758344
49.	14.019963641406665
49.1	13.934117261363333
49.2	14.008667806286667
49.3	14.235005893906667
49.4	14.603835746836666
49.5	15.105269235856667
49.6	15.728920757613333
49.7	16.46400211596
49.8	17.29941661021333
49.9	18.223851574886666
50.	19.225868661376666
50.1	20.293991203539996
50.2	21.416788064156666
50.3	22.582953419826666
50.4	23.78138200081
50.5	25.001239369209998
50.6	26.232026880776665
50.7	27.46364104356333
50.8	28.686427049766664
50.9	29.891226322503332
51.	31.06941798159666
51.1	32.21295419328333
51.2	33.31438942577
51.3	34.36690368881
51.4	35.36431988496
51.5	36.30111544842
51.6	37.172428489530006
51.7	37.97405870204666
51.8	38.70246332265
51.9	39.354748462079996
52.	39.928656150133335
52.1	40.42254745631
52.2	40.83538206100667
52.3	41.16669466227
52.4	41.41656860684
52.5	41.58560713510333
52.6	41.67490262522
52.7	41.68600421345
52.8	41.62088415911333
52.9	41.481903300856665
53.	41.27177594454667
53.1	40.99353449271
53.2	40.650494109376666
53.3	40.246217689549994
53.4	39.78448137639667
53.5	39.269240845199995
53.6	38.70459854597
53.7	38.09477206997666
53.8	37.444063780819995
53.9	36.75683182310334
54.	36.037462599339996
54.1	35.29034478008333
54.2	34.51984489174
54.3	33.730284505069996
54.4	32.925919029099994
54.5	32.11091809776
54.6	31.28934752261667
54.7	30.465152771186666
54.8	29.64214392106
54.9	28.823982030413333
55.	28.01416685978333
55.1	27.216025876016666
55.2	26.432704466283333
55.3	25.667157290133332
55.4	24.922140699289997
55.5	24.20020615622
55.6	23.50369458961
55.7	22.834731626906667
55.8	22.195223653939998
55.9	21.586854656699998
56.	21.011083809056665
56.1	20.469143779193335
56.2	19.962039734113333
56.3	19.490549032376666
56.4	19.055221600929997
56.5	18.656381001506666
56.6	18.29412619756333
56.7	17.968334040256664
56.8	17.678662495583332
56.9	17.42455464075
57.	17.205243459106665
57.1	17.019757465619996
57.2	16.866927194756666
57.3	16.745392581369998
57.4	16.653611262996666
57.5	16.589867827406664
57.6	16.552284024246667
57.7	16.53882995328
57.8	16.54733623250333
57.9	16.57550714149
58.	16.62093472525
58.1	16.681113831016667
58.2	16.75345804144333
58.3	16.835316452113332
58.4	16.923991231743333
58.5	17.016755887386665
58.6	17.110874146283333
58.7	17.2036193523
58.8	17.292294262349998
58.9	17.37425111691
59.	17.446911847466666
59.1	17.507788274676663
59.2	17.554502140746663
59.3	17.58480481369333
59.4	17.596596494843332
59.5	17.587944757026666
59.6	17.55710223775
59.7	17.502523312966666
59.8	17.42287957696
59.9	17.31707395914
60.	17.18425331263333
60.1	17.023819319183332
60.2	16.835437563619998
60.3	16.619044643529996
60.4	16.374853193799996
60.5	16.103354721436666
60.6	15.805320163293333
60.7	15.481798098683331
60.8	15.134110569736666
60.9	14.763846482823334
61.	14.372852587986666
61.1	13.963222056523332
61.2	13.53728070091
61.3	13.097570904366666
61.4	12.64683335251
61.5	12.187986683323333
61.6	11.724105193786666
61.7	11.258394764543334
61.8	10.794167185693333
61.9	10.334813085136666
62.	9.883773680163333
62.1	9.444511588736667
62.2	9.020480950993333
62.3	8.615097123603334
62.4	8.231706218226666
62.5	7.8735547627599995
62.6	7.5437597674633325
62.7	7.245279479066667
62.8	6.980885104336666
62.9	6.75313377943
63.	6.564343054113333
63.1	6.41656714816
63.2	6.3115752251
63.3	6.250831911506666
63.4	6.2354802706333325
63.5	6.266327419423334
63.6	6.34383295315
63.7	6.4681003171
63.8	6.638871237396666
63.9	6.855523294639999
64.	7.117070693753334
64.1	7.42216825332
64.2	7.769118606086666
64.3	8.155882571193333
64.4	8.580092627099999
64.5	9.039069383983332
64.6	9.529840923546667
64.7	10.049164846063334
64.8	10.593552836806666
64.9	11.15929753836
65.	11.742501491566665
65.1	12.339107887133332
65.2	12.944932850289998
65.3	13.555698965679998
65.4	14.167069736233332
65.5	14.774684659866667
65.6	15.374194601006664
65.7	15.961297130523665
65.8	16.53177150771933
65.9	17.081512980413667
66.	17.60656608673567
66.1	18.103156651191995
66.2	18.567722180455995
66.3	18.996940380193998
66.4	19.38775553370933
66.5	19.737402502865667
66.6	20.043428137142666
66.7	20.303709901090333
66.8	20.516471559143
66.9	20.680295785482663
67.	20.794133597188
67.1	20.857310540415998
67.2	20.869529591182996
67.3	20.830870764957996
67.4	20.741787460322666
67.5	20.603099595314
67.6	20.415983624260996
67.7	20.181959553829998
67.8	19.902875104520664
67.9	19.580887191692334
68.	19.21844092336333
68.1	18.818246335603334
68.2	18.383253106423332
68.3	17.91662350504333
68.4	17.421703850166665
68.5	16.901994760256667
68.6	16.36112048933
68.7	15.802797645999998
68.8	15.230803596426668
68.9	14.648944851083332
69.	14.061025731316665
69.1	13.470817605163333
69.2	12.882028971383335
69.3	12.298276659286666
69.4	11.723058396009998
69.5	11.159726975616666
69.6	10.61146624503
69.7	10.081269099616666
69.8	9.571917658519999
69.9	9.085965764240001
70.	8.625723926313334
70.1	8.193246800236667
70.2	7.790323268423333
70.3	7.418469158373334
70.4	7.078922610319999
70.5	6.772642075133334
70.6	6.500306900373333
70.7	6.262320433793333
70.8	6.058815551683333
70.9	5.889662494466666
71.	5.754478871923333
71.1	5.652641680173333
71.2	5.583301155876666
71.3	5.545396276993333
71.4	5.537671707466666
71.5	5.558695972136666
71.6	5.606880640683333
71.7	5.680500293949999
71.8	5.777713043353332
71.9	5.896581373753333
72.	6.0350930827900005
72.1	6.191182094749999
72.2	6.362748933420001
72.3	6.54768064923
72.4	6.743870006523332
72.5	6.94923375095
72.6	7.161729792053333
72.7	7.379373153453333
72.8	7.600250560863334
72.9	7.822533557913333
73.	8.044490059793333
73.1	8.264494275786667
73.2	8.481034952989999
73.3	8.6927219152
73.4	8.898290891156666
73.5	9.096606649479998
73.6	9.286664474736666
73.7	9.467590042086666
73.8	9.638637762883334
73.9	9.799187693733334
74.	9.948741114866666
74.1	10.086914899113332
74.2	10.213434804313334
74.3	10.328127832783332
74.4	10.43091380933
74.5	10.521796335806666
74.6	10.6008532848
74.7	10.668226995469997
74.8	10.724114336776665
74.9	10.76875679826
75.	10.802430765816666
75.1	10.825438133646665
75.2	10.838097393299998
75.3	10.840735332529999
75.4	10.833679463903334
75.5	10.81725128939
75.6	10.791760493116666
75.7	10.757500138903334
75.8	10.714742930983334
75.9	10.663738580633332
76.	10.60471230252
76.1	10.537864446939999
76.2	10.463371254923333
76.3	10.381386707146667
76.4	10.292045418336667
76.5	10.19546651299
76.6	10.09175840232
76.7	9.981024367393333
76.8	9.863368840713331
76.9	9.738904265033334
77.	9.607758400129999
77.1	9.470081937946667
77.2	9.326056281123332
77.3	9.17590133468
77.4	9.019883159053332
77.5	8.858321331463333
77.6	8.6915958651
77.7	8.5201535395
77.8	8.344513501186665
77.9	8.16527200239
78.	7.983106155223333
78.1	7.798776591256666
78.2	7.6131289291
78.3	7.427093968789999
78.4	7.24168654783
78.5	7.058003011373332
78.6	6.877217267633334
78.7	6.70057541951
78.8	6.529388982416667
78.9	6.365026718966666
79.	6.208905140823333
79.1	6.06247774792
79.2	5.927223094263333
79.3	5.8046317880433325
79.4	5.696192550909999
79.5	5.603377477393332
79.6	5.527626649986667
79.7	5.470332278143333
79.8	5.4328225403733335
79.9	5.416345317543334
80.	5.422052011996667
80.1	5.450981651656666
80.2	5.50404547996
80.3	5.582012232163333
80.4	5.685494295393333
80.5	5.8149349443733325
80.6	5.970596836753334
80.7	6.1525519416600005
80.8	6.360673062276666
80.9	6.594627098609999
81.	6.853870179476667
81.1	7.137644774149999
81.2	7.444978873716666
81.3	7.774687310116666
81.4	8.125375258183333
81.5	8.495443941663332
81.6	8.883098539543333
81.7	9.28635826469
81.8	9.703068560486665
81.9	10.130915337649999
82.	10.567441147739999
82.1	11.010063167343333
82.2	11.45609284375
82.3	11.902757032143334
82.4	12.347220434676666
82.5	12.786609134306667
82.6	13.218035000426667
82.7	13.638620730696667
82.8	14.045525282093331
82.9	14.435969436196666
83.	14.807261239
83.1	15.156821051893331
83.2	15.48220595209
83.3	15.781133222796669
83.4	16.051502680629998
83.5	16.291417596503333
83.6	16.499203977846665
83.7	16.673427994806666
83.8	16.812911350353332
83.9	16.916744413203332
84.	16.98429695433333
84.1	17.01522635192333
84.2	17.00948315355
84.3	16.96731391250667
84.4	16.889261242446665
84.5	16.776161062619998
84.6	16.629137036129997
84.7	16.449592232076668
84.8	16.239198072703335
84.9	15.999880654253333
85.	15.733804559266666
85.1	15.443354304380001
85.2	15.131113593566667
85.3	14.799842570026666
85.4	14.452453283013334
85.5	14.091983604026668
85.6	13.721569845343332
85.7	13.34441834786
85.8	12.963776317303331
85.9	12.582902197
86.	12.205035870623334
86.1	11.833368991843333
86.2	11.47101573731
86.3	11.120984275059998
86.4	10.7861492355
86.5	10.469225460266665
86.6	10.172743293459998
86.7	9.899025663313333
86.8	9.650167184316667
86.9	9.428015489373333
87.	9.23415497865
87.1	9.069893146863333
87.2	8.9362496244
87.3	8.833948038983333
87.4	8.76341077624
87.5	8.724756686883334
87.6	8.717801758126665
87.7	8.74206273572
87.8	8.79676365306
87.9	8.880845193116667
88.	8.99297678061
88.1	9.131571272293332
88.2	9.294802087986666
88.3	9.48062259923
88.4	9.686787568983334
88.5	9.910876416416667
88.6	10.15031806067
88.7	10.402417083473333
88.8	10.664380936116666
88.9	10.933347907489999
89.	11.206415562286667
89.1	11.480669354519998
89.2	11.753211121803332
89.3	12.021187167179999
89.4	12.281815641043332
89.5	12.532412945883333
89.6	12.770418895059999
89.7	12.993420375246666
89.8	13.199173275046665
89.9	13.385622465456667
90.	13.550919637053333
90.1	13.693438824169998
90.2	13.811789470696667
90.3	13.904826920263334
90.4	13.97166024085
90.5	14.011657323233333
90.6	14.024447222573333
90.7	14.00991974162
90.8	13.968222284369997
90.9	13.899754037786666
91.	13.805157568453332
91.1	13.68530794725
91.2	13.541299543363332
91.3	13.374430650899999
91.4	13.186186136743332
91.5	12.97821831645
91.6	12.75232628463333
91.7	12.510433941746665
91.8	12.254566970913332
91.9	11.986829030413332
92.	11.70937743282
92.1	11.424398586606666
92.2	11.134083477636667
92.3	10.840603464286666
92.4	10.546086656746667
92.5	10.252595141293334
92.6	9.96210330058
92.7	9.67647746656
92.8	9.397457126493332
92.9	9.126637883813334
93.	8.865456354356667
93.1	8.615177156186666
93.2	8.376882125449999
93.3	8.151461865643334
93.4	7.93960970995
93.5	7.74181814808
93.6	7.558377740679999
93.7	7.38937851543
93.8	7.2347138102
93.9	7.09408650045
94.	6.9670175204366664
94.1	6.8528565615099994
94.2	6.750794805536666
94.3	6.659879528303333
94.4	6.5790303859899995
94.5	6.507057178796666
94.6	6.4426788686266665
94.7	6.38454361353
94.8	6.331249569976666
94.9	6.2813662053399995
95.	6.233455857173333
95.1	6.186095273316667
95.2	6.137896867239999
95.3	6.087529426473333
95.4	6.0337380187099985
95.5	5.97536284959
95.6	5.911356838666666
95.7	5.840801695276667
95.8	5.762922293709999
95.9	5.677099167346666
96.	5.582878963553332
96.1	5.479982725483333
96.2	5.368311892583333
96.3	5.247951938949999
96.4	5.11917359653
96.5	4.982431639376333
96.6	4.8383612340876665
96.7	4.6877718909879995
96.8	4.531639079454
96.9	4.371093599071999
97.	4.207408825669333
97.1	4.041985977169333
97.2	3.876337568696666
97.3	3.712069248804333
97.4	3.550860228958
97.5	3.3944425364679995
97.6	3.2445793361746667
97.7	3.1030425787429667
97.8	2.971590242897067
97.9	2.851943445211566
98.	2.7457636944256
98.1	2.6546305670302663
98.2	2.580020077631213
98.3	2.52328401114494
98.4	2.4856304739668
98.5	2.4681059086991333
98.6	2.4715788011035333
98.7	2.4967252896125998
98.8	2.5440168665223664
98.9	2.6137103367283334
99.	2.7058401742809997
99.1	2.820213389814333
99.2	2.956406993193333
99.3	3.113768105666666
99.4	3.2914167453383336
99.5	3.4882512783046664
99.6	3.7029564967293336
99.7	3.9340142540026664
99.8	4.1797165567663335
99.9	4.438180984110666
100.	4.707368276236999
100.1	4.985101908338333
100.2	5.269089441099333
100.3	5.556945416911
100.4	5.846215551366333
100.5	6.134401952616
100.6	6.418989087436666
100.7	6.697470201973333
100.8	6.96737389805
100.9	7.226290561429999
101.	7.471898338933333
101.1	7.7019883627266665
101.2	7.914488928990001
101.3	8.107488345339998
101.4	8.27925617745333
101.5	8.428262639726666
101.6	8.553195896079998
101.7	8.652977057853334
101.8	8.726772692406666
101.9	8.774004682313333
102.	8.794357304376668
102.1	8.787781429993332
102.2	8.75449577889
102.3	8.694985194009998
102.4	8.609995936969998
102.5	8.500528039883331
102.6	8.367824781929999
102.7	8.213359393520001
102.8	8.038819123
102.9	7.8460868322033335
103.	7.63722031709
103.1	7.414429576636666
103.2	7.180052278630001
103.3	6.93652769388
103.4	6.686369388856666
103.5	6.43213698423
103.6	6.176407299396666
103.7	5.921745211496667
103.8	5.670674564956667
103.9	5.425649467673333
104.	5.18902630911
104.1	4.963036829346667
104.2	4.749762558606666
104.3	4.551110933513333
104.4	4.368793379323333
104.5	4.204305627116666
104.6	4.058910511353333
104.7	3.933623466563333
104.8	3.8292009128599998
104.9	3.7461316881899998
105.	3.6846316515633335
105.1	3.644641546256667
105.2	3.625828175153333
105.3	3.6275889029466666
105.4	3.649059461826667
105.5	3.689124999243333
105.6	3.7464342684833327
105.7	3.8194168260899994
105.8	3.906303064276666
105.9	4.00514687245
106.	4.113850690036666
106.1	4.230192682966667
106.2	4.351855749446666
106.3	4.4764580367099995
106.4	4.601584630033333
106.5	4.724820058396666
106.6	4.843781248255667
106.7	4.956150547702666
106.8	5.059708438635667
106.9	5.152365553778333
107.	5.232193619029333
107.1	5.297454949602
107.2	5.346630140454332
107.3	5.378443607751333
107.4	5.391886658329668
107.5	5.386237788098666
107.6	5.361079937822
107.7	5.316314465621
107.8	5.252171629173999
107.9	5.169217407118333
108.	5.068356527803333
108.1	4.950831613865
108.2	4.818218393254333
108.3	4.6724169699796665
108.4	4.515639191359
108.5	4.350392191961999
108.6	4.179458237344999
108.7	4.005871032906333
108.8	3.8328887037499997
108.9	3.6639636904906667
109.	3.5027098424773335
109.1	3.3528670239049996
109.2	3.2182635791716665
109.3	3.1027770313503327
109.4	3.0102934112866664
109.5	2.9446656345099997
109.6	2.909671358642666
109.7	2.908970764666
109.8	2.946064711812
109.9	3.0242537172579995
110.	3.14659820843
110.1	3.3158804875666665
110.2	3.53456883531
110.3	3.80478416238
110.4	4.1282695962133324
110.5	4.506363363116666
110.6	4.93997529563
110.7	5.4295672606366665
110.8	5.975137765756667
110.9	6.576210960639999
111.	7.231830206223333
111.1	7.940556338776667
111.2	8.70047070842
111.3	9.509183022563333
111.4	10.363843974416666
111.5	11.261162588039998
111.6	12.197428160183332
111.7	13.168536631190001
111.8	14.170021169146665
111.9	15.19708670574
112.	16.24464811884
112.1	17.307371715993334
112.2	18.37971963559
112.3	19.455996748773334
112.4	20.530399615329998
112.5	21.597067021579996
112.6	22.650131607146665
112.7	23.68377207288667
112.8	24.69226545035
112.9	25.67003890907
113.	26.61172057735333
113.1	27.512188858459997
113.2	28.366619734483336
113.3	29.170531567170002
113.4	29.919826926130003
113.5	30.610831001726666
113.6	31.2403261912
113.7	31.80558248253333
113.8	32.304383300859996
113.9	32.73504652536
114.	33.096440433136664
114.1	33.38799437444
114.2	33.609704038736666
114.3	33.762131222916665
114.4	33.84639807007666
114.5	33.86417580308999
114.6	33.81766803356
114.7	33.70958878233667
114.8	33.54313540469667
114.9	33.321956663263336
115.	33.05011624696667
115.1	32.73205207898666
115.2	32.37253180542666
115.3	31.97660489517333
115.4	31.549551820616664
115.5	31.09683082101667
115.6	30.62402277815666
115.7	30.13677475633333
115.8	29.640742776576666
115.9	29.141534405116666
116.	28.644651741959997
116.1	28.155435395206666
116.2	27.679010019123332
116.3	27.22023198197333
116.4	26.783639710553334
116.5	26.37340723442
116.6	25.99330142206333
116.7	25.646643366656665
116.8	25.33627433922
116.9	25.06452668075
117.	24.83319995803
117.1	24.64354265343667
117.2	24.49623960492
117.3	24.391405353046665
117.4	24.328583492453333
117.5	24.306752062883334
117.6	24.324334953509997
117.7	24.37921923067666
117.8	24.46877823835333
117.9	24.589900258870003
118.	24.73902246384
118.1	24.912169826716667
118.2	25.104998617526665
118.3	25.31284404815333
118.4	25.53077159172
118.5	25.753631459506664
118.6	25.976115680843336
118.7	26.192817202926665
118.8	26.398290401109996
118.9	26.587112373563333
119.	26.753944380393328
119.1	26.89359278281667
119.2	27.00106883887333
119.3	27.071646719119997
119.4	27.100919121839997
119.5	27.08484988606
119.6	27.01982302997
119.7	26.902687674523335
119.8	26.730798351039997
119.9	26.502050237746662
120.	26.21490891879
120.1	25.86843431259333
120.2	25.46229847777
120.3	24.996797062723335
120.4	24.472854232639996
120.5	23.89202097284
120.6	23.256466735866667
120.7	22.56896446918333
120.8	21.832869129326667
120.9	21.05208985654
121.	20.23105605202
121.1	19.37467766471333
121.2	18.48830005663333
121.3	17.57765387654
121.4	16.648800424516665
121.5	15.7080730435
121.6	14.762015116686666
121.7	13.817315291529997
121.8	12.880740583489999
121.9	11.959068040816664
122.	11.059015671680001
122.1	10.187173348056668
122.2	9.349934408003332
122.3	8.553428675203333
122.4	7.803457607356666
122.5	7.105432267963332
122.6	6.46431479348
122.7	5.884563996953332
122.8	5.3700857123
122.9	4.924188439656667
123.	4.54954480244
123.1	4.24815927138
123.2	4.021342550313333
123.3	3.8696929534833338
123.4	3.79308503526
123.5	3.7906656609366665
123.6	3.8608576329166664
123.7	4.001370909773333
123.8	4.209221378803333
123.9	4.480757064703333
124.	4.81169158
124.1	5.197144547353333
124.2	5.631688650086666
124.3	6.109402896579999
124.4	6.623931617313333
124.5	7.168548650083332
124.6	7.73622611193
124.7	8.31970710315
124.8	8.911581643556667
124.9	9.504365101313333
125.	10.090578342886666
125.1	10.662828807106667
125.2	11.213891690193332
125.3	11.736790419626667
125.4	12.22487559275
125.5	12.671901565126667
125.6	13.072099888013334
125.7	13.420248818376665
125.8	13.711738156803332
125.9	13.942628707473332
126.	14.109705701126666
126.1	14.21052557581
126.2	14.243455569176664
126.3	14.207705643093334
126.4	14.103352331089997
126.5	13.93135417589
126.6	13.693558502846667
126.7	13.39269935822
126.8	13.032386525819998
126.9	12.617085622129999
127.	12.15208935685
127.1	11.643480132646667
127.2	11.098084244023333
127.3	10.52341801842
127.4	9.927626324466665
127.5	9.319413950016665
127.6	8.70797042478
127.7	8.102888932499999
127.8	7.514080018466666
127.9	6.951680855453334
128.	6.42596088001
128.1	5.94722465269
128.2	5.525712830013333
128.3	5.171502161419999
128.4	4.89440544148
128.5	4.70387235605
128.6	4.608892160426667
128.7	4.617899118063333
128.8	4.7386816100599995
128.9	4.9782957985500005
129.	5.342984691483332
129.1	5.83810341256
129.2	6.468051428286666
129.3	7.2362124253366655
129.4	8.144902465353333
129.5	9.195326972373334
129.6	10.38754703048
129.7	11.7204553864
129.8	13.191762465936666
129.9	14.797992621983333
130.	16.534490740989998
130.1	18.39543923951333
130.2	20.37388538842
130.3	22.46177880760333
130.4	24.65001888094
130.5	26.92851174896333
130.6	29.286236448809994
130.7	31.71131968535333
130.8	34.19111863659333
130.9	36.71231112203667
131.	39.26099239148999
131.1	41.82277773039
131.2	44.38291001999
131.3	46.926371346593335
131.4	49.43799770737667
131.5	51.90259583661666
131.6	54.30506114729333
131.7	56.63049577472
131.8	58.86432569886
131.9	60.99241593379999
132.	63.00118278079
132.1	64.87770217010666
132.2	66.60981314314667
132.3	68.18621557427
132.4	69.59656127573334
132.5	70.83153768527333
132.6	71.88294340817998
132.7	72.74375494396
132.8	73.40818401670666
132.9	73.87172500430667
133.	74.13119204608999
133.1	74.18474550890666
133.2	74.03190757256665
133.3	73.67356680173667
133.4	73.11197166345333
133.5	72.35071304535
133.6	71.39469593151333
133.7	70.25010048204666
133.8	68.92433285968666
133.9	67.42596623501998
134.	65.76467248684
134.1	63.95114519682667
134.2	61.997014610726666
134.3	59.91475531019333
134.4	57.717587400913324
134.5	55.41937207622
134.6	53.03450246320999
134.7	50.57779070221666
134.8	48.06435223039333
134.9	45.50948827155
135.	42.928567542796664
135.1	40.33690819093666
135.2	37.7496609652
135.3	35.18169462292333
135.4	32.64748453361333
135.5	30.161005419613332
135.6	27.735629128436663
135.7	25.38402828328666
135.8	23.118086601826665
135.9	20.948816610856664
136.	18.886285413246668
136.1	16.939549090246665
136.2	15.11659624052
136.3	13.424301073666664
136.4	11.86838638858
136.5	10.453396675293334
136.6	9.182681488913333
136.7	8.058389149769999
136.8	7.081470731696666
136.9	6.2516942086633325
137.	5.567668539063332
137.1	5.026877379726667
137.2	4.6257220372
137.3	4.359573183556666
137.4	4.2228307886500005
137.5	4.20899165086
137.6	4.310723844553333
137.7	4.519947345509999
137.8	4.827920045686666
137.9	5.225328326533333
138.	5.702381325726666
138.1	6.248908006253334
138.2	6.854456119356667
138.3	7.508392143336668
138.4	8.200001280696664
138.5	8.91858660322
138.6	9.653566451769999
138.7	10.394569222126666
138.8	11.131524700646667
138.9	11.854751153963335
139.	12.555037423925
139.1	13.223719333038668
139.2	13.852749765671664
139.3	14.434761855447997
139.4	14.963124779448998
139.5	15.431991734838668
139.6	15.836339749563999
139.7	16.172001060865334
139.8	16.435685876032334
139.9	16.624996413002
140.	16.738432202724333
140.1	16.775386715967667
140.2	16.73613546063367
140.3	16.62181577286433
140.4	16.434398603216334
140.5	16.176652670051997
140.6	15.852101422889
140.7	15.464973319723331
140.8	15.020145982399331
140.9	14.52308484508
141.	13.979776957363335
141.1	13.396660641833332
141.2	12.780551738989999
141.3	12.138567195289998
141.4	11.47804676909
141.5	10.80647363662
141.6	10.131394684250001
141.7	9.460341264713332
141.8	8.80075118492
141.9	8.159892669093331
142.	7.54479101669
142.1	6.962158637816666
142.2	6.418329109796666
142.3	5.9191958521400005
142.4	5.470155964886667
142.5	5.076059719993333
142.6	4.741166133806666
142.7	4.469104985483334
142.8	4.262845578703333
142.9	4.124672475126666
143.	4.056168357180333
143.1	4.058204106408333
143.2	4.1309361118386665
143.3	4.273810751925333
143.4	4.485575923843333
143.5	4.764299425976667
143.6	5.107393934466666
143.7	5.511648252396666
143.8	5.973264452123332
143.9	6.487900477276666
144.	7.0507177216766665
144.1	7.65643305874
144.2	8.299374756353334
144.3	8.973541679963333
144.4	9.672665160463334
144.5	10.390272883346666
144.6	11.119754142809999
144.7	11.854425797363334
144.8	12.587598263133332
144.9	13.312640888623335
145.	14.02304606601
145.1	14.712491454226667
145.2	15.374899713446666
145.3	16.0044951821
145.4	16.59585696220333
145.5	17.143967921883334
145.6	17.644259166966663
145.7	18.092649585003333
145.8	18.48558011724333
145.9	18.820042469643333
146.	19.09360203259
146.1	19.304414839639996
146.2	19.451238455326664
146.3	19.533436744846664
146.4	19.55097854023333
146.5	19.504430278006666
146.6	19.394942742636665
146.7	19.224232110133332
146.8	18.994555538663334
146.9	18.708681608139997
147.	18.369855958646667
147.1	17.98176252312333
147.2	17.54848079103
147.3	17.07443957558
147.4	16.56436778910333
147.5	16.023242756403334
147.6	15.456236617596666
147.7	14.868661385806668
147.8	14.265913235036667
147.9	13.653416596703334
148.	13.03656864069
148.1	12.420684708406664
148.2	11.810945252793333
148.3	11.212344818199998
148.4	10.62964357203
148.5	10.06732186707
148.6	9.52953828135
148.7	9.020091543786666
148.8	8.542386709673332
148.9	8.099405906666668
149.	7.693683921523332
149.1	7.327288846356666
149.2	7.001807951529999
149.3	6.71833889565
149.4	6.477486328986666
149.5	6.279363890226666
149.6	6.123601540659999
149.7	6.009358126003333
149.8	5.935339001206666
149.9	5.899818503523332
150.	5.900667008796667
150.1	5.935382260306666
150.2	6.001124616236667
150.3	6.094755822716666
150.4	6.212880884346667
150.5	6.351892573463333
150.6	6.50801809359
150.7	6.677367391813332
150.8	6.855982599086666
150.9	7.039888067433333
151.	7.225140468126668
151.1	7.40787841577
151.2	7.58437108926
151.3	7.751065332466666
151.4	7.904630734253333
151.5	8.042002209293333
151.6	8.160419628096665
151.7	8.257464076436666
151.8	8.331090359576667
151.9	8.379655406373333
152.	8.401942271693333
152.1	8.397179481836666
152.2	8.365055515343332
152.3	8.305728263946666
152.4	8.219829369516667
152.5	8.108463386313332
152.6	7.973201772896666
152.7	7.816071770036666
152.8	7.639540275603334
152.9	7.446492878816667
153.	7.240208266516666
153.1	7.024328262329999
153.2	6.802823805186667
153.3	6.579957216066667
153.4	6.360241139746667
153.5	6.148394584073333
153.6	5.949296509383332
153.7	5.767937445836666
153.8	5.609369638246666
153.9	5.47865623316
154.	5.380820033399999
154.1	5.320792350773333
154.2	5.303362486796667
154.3	5.333128365916666
154.4	5.414448834306666
154.5	5.551398120873333
154.6	5.747722935823333
154.7	6.0068026553100005
154.8	6.331613010043334
154.9	6.724693660099999
155.	7.188119999023333
155.1	7.723479487243333
155.2	8.331852769323334
155.3	9.013799780226666
155.4	9.769350995376666
155.5	10.598003927023331
155.6	11.498724915223335
155.7	12.469956208006666
155.8	13.509628270930001
155.9	14.61517721245
156.	15.783567159026667
156.1	17.01131736223
156.2	18.294533771913336
156.3	19.628944762466666
156.4	21.00994065586
156.5	22.432616645496665
156.6	23.89181868895
156.7	25.38219190523333
156.8	26.898230986513333
156.9	28.434332110160003
157.	29.984845821199997
157.1	31.544130342939997
157.2	33.10660476632
157.3	34.666801569053334
157.4	36.21941791786333
157.5	37.75936522013333
157.6	39.28181640283667
157.7	40.78225042093
157.8	42.25649352013333
157.9	43.70075681170333
158.	45.11166974893
158.1	46.48630913929
158.2	47.82222336287666
158.3	49.11745151959667
158.4	50.3705372742
158.5	51.58053722242
158.6	52.74702365234999
158.7	53.870081634833326
158.8	54.95030043083666
158.9	55.98875926216334
159.	56.98700754689333
159.1	57.947039760636656
159.2	58.87126513827
159.3	59.76247248488667
159.4	60.62379041411666
159.5	61.458643385993334
159.6	62.27070395787667
159.7	63.063841704553326
159.8	63.842069303449996
159.9	64.60948631549667
160.	65.37022121412667
160.1	66.128372254
160.2	66.88794776847332
160.3	67.65280651955666
160.4	68.42659871718
160.5	69.21270833092998
160.6	70.01419731787666
160.7	70.83375236822332
160.8	71.67363477372666
160.9	72.53563398078
161.	73.42102538032
161.1	74.33053284609332
161.2	75.26429649711999
161.3	76.22184611886667
161.4	77.20208062724333
161.5	78.20325391385
161.6	79.22296735359
161.7	80.25816919229666
161.8	81.30516098300333
161.9	82.35961116296332
162.	83.41657580828
162.1	84.47052652975667
162.2	85.51538541056331
162.3	86.54456681810998
162.4	87.55102585003334
162.5	88.52731312131
162.6	89.46563551778998
162.7	90.35792249327666
162.8	91.19589742374332
162.9	91.97115346778332
163.	92.67523334704666
163.1	93.29971239298
163.2	93.83628417935
163.3	94.27684801066665
163.4	94.61359750873666
163.5	94.83910951539333
163.6	94.94643250371666
163.7	94.92917368159331
163.8	94.78158395956332
163.9	94.49863996419333
164.	94.07612227184
164.1	93.51068906945666
164.2	92.79994445047
164.3	91.9425006061
164.4	90.93803318419666
164.5	89.78732915135666
164.6	88.49232652864666
164.7	87.05614543476332
164.8	85.48310992682333
164.9	83.77876020407666
165.	81.94985479900998
165.1	80.00436247145332
165.2	77.95144359158334
165.3	75.80142088556333
165.4	73.56573950434999
165.5	71.25691646758332
165.6	68.88847961902334
165.7	66.47489632611999
165.8	64.03149224661333
165.9	61.57436057521
166.	59.12026226849333
166.1	56.68651783983
166.2	54.29089139302333
166.3	51.95146764490333
166.4	49.68652276586
166.5	47.514389927299995
166.6	45.453320524426665
166.7	43.52134207903333
166.8	41.73611390133
166.9	40.11478160999334
167.	38.673831658493334
167.1	37.428947035246665
167.2	36.39486532329
167.3	35.58524031338666
167.4	35.012508359479995
167.5	34.687760657696664
167.6	34.62062260578333
167.7	34.81914136962
167.8	35.289682743056666
167.9	36.03683833631333
168.	37.06334406913
168.1	38.37001087738666
168.2	39.95566846017667
168.3	41.81712282092
168.4	43.94912824446
168.5	46.34437427696
168.6	48.99348814598666
168.7	51.88505296368866
168.8	55.005641936394
168.9	58.339868676377
169.	61.870453602235
169.1	65.57830627921533
169.2	69.44262342991067
169.3	73.44100222065866
169.4	77.549568301656
169.5	81.743117957084
169.6	85.99527360422033
169.7	90.27865175773299
169.8	94.56504247140367
169.9	98.82559916209334
170.	103.03103761306332
170.1	107.15184288134668
170.2	111.15848272758333
170.3	115.02162613249
170.4	118.71236538764666
170.5	122.20244020156335
170.6	125.46446221029
170.7	128.47213826542
170.8	131.20049083245
170.9	133.62607384400667
171.	135.72718234668
171.1	137.48405429407998
171.2	138.87906288470998
171.3	139.8968978618433
171.4	140.52473426828334
171.5	140.75238720318998
171.6	140.57245120521
171.7	139.98042298527332
171.8	138.97480631745998
171.9	137.55719802089666
172.	135.73235407110667
172.1	133.50823501646332
172.2	130.89603000386333
172.3	127.91015886668666
172.4	124.5682518636
172.5	120.89110682526668
172.6	116.90262361009334
172.7	112.62971592823666
172.8	108.10220076740666
172.9	103.35266579459332
173.	98.41631528551332
173.1	93.33079527866
173.2	88.13599881313667
173.3	82.87385225619333
173.4	77.58808387172331
173.5	72.32397592355666
173.6	67.12810172803333
173.7	62.04804920730667
173.8	57.13213259525333
173.9	52.429094055903334
174.	47.987797066966664
174.1	43.85691349502
174.2	40.084606363973336
174.3	36.7182103622
174.4	33.80391218259
174.5	31.38643280935333
174.6	29.50871388106666
174.7	28.21161025371333
174.8	27.533590870823335
174.9	27.510450015883336
175.	28.17503097416
175.1	29.556964070243332
175.2	31.682420973423334
175.3	34.573887071656664
175.4	38.24995361529666
175.5	42.725131216663335
175.6	48.00968616339666
175.7	54.10950086979333
175.8	61.025959639523336
175.9	68.75586075880334
176.	77.29135577324666
176.1	86.61991663128333
176.2	96.7243311963
176.3	107.58272745171666
176.4	119.16862653344666
176.5	131.45102453583
176.6	144.39450285257664
176.7	157.95936661970666
176.8	172.10181064194333
176.9	186.77411200253667
177.	201.92484837173998
177.1	217.49914085620998
177.2	233.43892006814332
177.3	249.68321391932
177.4	266.16845551419
177.5	282.82880935513333
177.6	299.59651395591993
177.7	316.40223883579336
177.8	333.17545376507667
177.9	349.84480803637996
178.	366.3385174676233
178.1	382.5847567668699
178.2	398.5120548711833
178.3	414.04969077781
178.4	429.12808748416666
178.5	443.67920152059
178.6	457.63690567029334
178.7	470.93736249283666
178.8	483.51938626909
178.9	495.32479113141335
179.	506.2987231313333
179.1	516.3899741816733
179.2	525.5512758638266
179.3	533.7395712147867
179.4	540.91626283353
179.5	547.0474356047932
179.6	552.1040527554667
179.7	556.0621238882834
179.8	558.90284396176
179.9	560.6127023140333
180.	561.1835610635633