 # E =    2.74979866477675       eV =    22180.2460100000       1/cm
 #  1801
# DFFCSO.  ACCUM LEV(I),J(I) =  1  0 LEV(F),J(F) =  1  0       , M =  0, WEIGHTED BY  1.00000
   0.10000  0.124815348290E+08
   0.20000  0.118834636158E+07
   0.30000  0.536743658587E+06
   0.40000  0.311899070319E+06
   0.50000  0.156748142120E+06
   0.60000  0.119943291123E+06
   0.70000  0.119759181274E+06
   0.80000  0.766428226709E+05
   0.90000  0.530155888958E+05
   1.00000  0.479273492074E+05
   1.10000  0.236741822842E+05
   1.20000  0.144726993292E+05
   1.30000  0.207469742543E+05
   1.40000  0.133997088500E+05
   1.50000  0.840334069750E+04
   1.60000  0.132252027058E+05
   1.70000  0.159653313788E+05
   1.80000  0.118711314450E+05
   1.90000  0.828764674544E+04
   2.00000  0.125501051661E+05
   2.10000  0.130950166581E+05
   2.20000  0.815637163756E+04
   2.30000  0.575331046771E+04
   2.40000  0.727067097840E+04
   2.50000  0.820087464960E+04
   2.60000  0.444175869557E+04
   2.70000  0.264720083374E+04
   2.80000  0.316320991613E+04
   2.90000  0.386239807117E+04
   3.00000  0.240680059752E+04
   3.10000  0.104999006699E+04
   3.20000  0.107157852907E+04
   3.30000  0.144247180559E+04
   3.40000  0.135385285271E+04
   3.50000  0.528187522181E+03
   3.60000  0.265666038621E+03
   3.70000  0.469699933903E+03
   3.80000  0.685553515772E+03
   3.90000  0.349429302490E+03
   4.00000  0.634136421144E+02
   4.10000  0.120053039065E+03
   4.20000  0.263240671612E+03
   4.30000  0.217532631429E+03
   4.40000  0.398619350363E+02
   4.50000  0.178270372193E+02
   4.60000  0.843378358405E+02
   4.70000  0.104606199724E+03
   4.80000  0.346167423923E+02
   4.90000  0.416190092585E+01
   5.00000  0.325781424000E+02
   5.10000  0.425165180559E+02
   5.20000  0.410743039248E+02
   5.30000  0.753248801177E+01
   5.40000  0.532929194432E+01
   5.50000  0.134994472091E+02
   5.60000  0.381902409959E+02
   5.70000  0.975453337632E+01
   5.80000  0.242018468365E+01
   5.90000  0.259288209044E+01
   6.00000  0.131296859504E+02
   6.10000  0.640650988698E+01
   6.20000  0.842903608304E+01
   6.30000  0.506079070259E+00
   6.40000  0.293696469237E+01
   6.50000  0.447976814415E+01
   6.60000  0.404107177056E+01
   6.70000  0.117090691566E+01
   6.80000  0.149692827724E+01
   6.90000  0.609720407679E+00
   7.00000  0.296539933801E+01
   7.10000  0.293572917376E+01
   7.20000  0.121329716488E+01
   7.30000  0.166280322322E+01
   7.40000  0.867514278785E+00
   7.50000  0.232884561698E+00
   7.60000  0.205962995896E+01
   7.70000  0.221724501245E+01
   7.80000  0.119257559906E+01
   7.90000  0.300204463115E+01
   8.00000  0.186012123836E+01
   8.10000  0.162982949236E+01
   8.20000  0.196509552465E+01
   8.30000  0.181143142996E+01
   8.40000  0.142396910578E+01
   8.50000  0.402677183332E+01
   8.60000  0.284391204238E+01
   8.70000  0.253254970133E+01
   8.80000  0.213261859106E+01
   8.90000  0.174105550212E+01
   9.00000  0.142205114123E+01
   9.10000  0.371984376512E+01
   9.20000  0.296755193925E+01
   9.30000  0.263505005177E+01
   9.40000  0.260585019714E+01
   9.50000  0.200152111269E+01
   9.60000  0.134222801609E+01
   9.70000  0.309185614487E+01
   9.80000  0.292223848046E+01
   9.90000  0.278399300913E+01
  10.00000  0.329081664990E+01
  10.10000  0.253422902898E+01
  10.20000  0.147999259444E+01
  10.30000  0.283422553381E+01
  10.40000  0.260405834239E+01
  10.50000  0.279501740443E+01
  10.60000  0.360928001714E+01
  10.70000  0.302509946892E+01
  10.80000  0.181394859066E+01
  10.90000  0.287714426188E+01
  11.00000  0.189288937382E+01
  11.10000  0.236573704586E+01
  11.20000  0.307255745705E+01
  11.30000  0.292914649171E+01
  11.40000  0.201250885761E+01
  11.50000  0.299259942224E+01
  11.60000  0.128266953217E+01
  11.70000  0.186775834527E+01
  11.80000  0.199173227357E+01
  11.90000  0.214490714930E+01
  12.00000  0.173891993592E+01
  12.10000  0.279087519392E+01
  12.20000  0.101287953543E+01
  12.30000  0.167466203592E+01
  12.40000  0.113010748099E+01
  12.50000  0.124662171727E+01
  12.60000  0.113976554882E+01
  12.70000  0.211491321253E+01
  12.80000  0.814860566852E+00
  12.90000  0.159423099264E+01
  13.00000  0.758652062237E+00
  13.10000  0.737330975781E+00
  13.20000  0.658914172114E+00
  13.30000  0.132355135996E+01
  13.40000  0.544347887473E+00
  13.50000  0.137500400245E+01
  13.60000  0.636606557602E+00
  13.70000  0.593043814389E+00
  13.80000  0.481190043393E+00
  13.90000  0.815723221461E+00
  14.00000  0.335805527944E+00
  14.10000  0.112332154953E+01
  14.20000  0.595365943637E+00
  14.30000  0.634263594744E+00
  14.40000  0.540057232959E+00
  14.50000  0.653994012351E+00
  14.60000  0.280498654850E+00
  14.70000  0.988506519324E+00
  14.80000  0.604541584162E+00
  14.90000  0.770145296093E+00
  15.00000  0.763341436461E+00
  15.10000  0.726641278915E+00
  15.20000  0.396330833050E+00
  15.30000  0.952602124520E+00
  15.40000  0.600447958839E+00
  15.50000  0.871227196686E+00
  15.60000  0.101170580839E+01
  15.70000  0.870719108298E+00
  15.80000  0.685452014614E+00
  15.90000  0.979174852158E+00
  16.00000  0.594130376034E+00
  16.10000  0.845939085092E+00
  16.20000  0.109112721839E+01
  16.30000  0.881148453447E+00
  16.40000  0.100548464501E+01
  16.50000  0.101502065935E+01
  16.60000  0.678044151210E+00
  16.70000  0.783678497786E+00
  16.80000  0.989775468241E+00
  16.90000  0.700493812556E+00
  17.00000  0.113583651775E+01
  17.10000  0.932279625139E+00
  17.20000  0.810992265959E+00
  17.30000  0.778013059394E+00
  17.40000  0.861085640752E+00
  17.50000  0.502240313175E+00
  17.60000  0.104161195199E+01
  17.70000  0.692598695514E+00
  17.80000  0.839654985949E+00
  17.90000  0.761252301713E+00
  18.00000  0.768770970132E+00
  18.10000  0.442520239236E+00
  18.20000  0.872012236537E+00
  18.30000  0.438779207449E+00
  18.40000  0.731855071802E+00
  18.50000  0.652079311024E+00
  18.60000  0.654999566334E+00
  18.70000  0.482067970584E+00
  18.80000  0.732785810998E+00
  18.90000  0.314396093484E+00
  19.00000  0.598809606073E+00
  19.10000  0.499793329983E+00
  19.20000  0.504239097705E+00
  19.30000  0.515876712794E+00
  19.40000  0.617732614606E+00
  19.50000  0.322305323097E+00
  19.60000  0.529055911778E+00
  19.70000  0.401849223153E+00
  19.80000  0.378345669867E+00
  19.90000  0.521502298742E+00
  20.00000  0.501319263336E+00
  20.10000  0.393509327420E+00
  20.20000  0.519849278032E+00
  20.30000  0.395379684992E+00
  20.40000  0.334569523905E+00
  20.50000  0.538584132936E+00
  20.60000  0.391379805743E+00
  20.70000  0.481876525624E+00
  20.80000  0.523056866140E+00
  20.90000  0.453495601931E+00
  21.00000  0.382945933216E+00
  21.10000  0.594212155326E+00
  21.20000  0.327121853236E+00
  21.30000  0.577467478766E+00
  21.40000  0.501991919952E+00
  21.50000  0.522950976405E+00
  21.60000  0.485290997469E+00
  21.70000  0.662287395864E+00
  21.80000  0.352451072539E+00
  21.90000  0.679213248448E+00
  22.00000  0.470816205829E+00
  22.10000  0.569646946786E+00
  22.20000  0.580955716950E+00
  22.30000  0.676704820628E+00
  22.40000  0.462790924757E+00
  22.50000  0.754556981603E+00
  22.60000  0.475764508078E+00
  22.70000  0.600757733679E+00
  22.80000  0.637081684321E+00
  22.90000  0.606222157225E+00
  23.00000  0.594313692732E+00
  23.10000  0.740028546035E+00
  23.20000  0.524645846035E+00
  23.30000  0.623668290484E+00
  23.40000  0.655647585088E+00
  23.50000  0.502267378744E+00
  23.60000  0.681911250945E+00
  23.70000  0.615863974788E+00
  23.80000  0.570867350141E+00
  23.90000  0.609857630196E+00
  24.00000  0.631111269504E+00
  24.10000  0.438102518864E+00
  24.20000  0.696445327539E+00
  24.30000  0.453002496916E+00
  24.40000  0.574291615081E+00
  24.50000  0.536386397897E+00
  24.60000  0.548768551769E+00
  24.70000  0.426034193959E+00
  24.80000  0.628718343566E+00
  24.90000  0.345460817623E+00
  25.00000  0.534458909108E+00
  25.10000  0.432675528328E+00
  25.20000  0.429125543572E+00
  25.30000  0.427133380627E+00
  25.40000  0.488720475996E+00
  25.50000  0.319078529608E+00
  25.60000  0.462451500056E+00
  25.70000  0.348340215337E+00
  25.80000  0.325603758612E+00
  25.90000  0.410815244375E+00
  26.00000  0.326389634755E+00
  26.10000  0.333854500640E+00
  26.20000  0.365751486885E+00
  26.30000  0.299068042160E+00
  26.40000  0.269817951728E+00
  26.50000  0.371878740454E+00
  26.60000  0.209561005851E+00
  26.70000  0.344709112102E+00
  26.80000  0.265320139147E+00
  26.90000  0.269973636635E+00
  27.00000  0.250261339836E+00
  27.10000  0.314504811199E+00
  27.20000  0.170559468899E+00
  27.30000  0.331889202719E+00
  27.40000  0.193613446296E+00
  27.50000  0.248757339076E+00
  27.60000  0.242857546218E+00
  27.70000  0.248271568781E+00
  27.80000  0.191900032950E+00
  27.90000  0.294353573939E+00
  28.00000  0.169228353907E+00
  28.10000  0.234648133917E+00
  28.20000  0.237168491355E+00
  28.30000  0.191020756520E+00
  28.40000  0.237053337574E+00
  28.50000  0.240614354935E+00
  28.60000  0.186440971410E+00
  28.70000  0.227574741597E+00
  28.80000  0.233362011979E+00
  28.90000  0.162376886705E+00
  29.00000  0.277543388980E+00
  29.10000  0.187268021749E+00
  29.20000  0.225881109669E+00
  29.30000  0.223049729233E+00
  29.40000  0.230814226773E+00
  29.50000  0.172975673720E+00
  29.60000  0.295639577148E+00
  29.70000  0.157966525285E+00
  29.80000  0.266013027235E+00
  29.90000  0.218072694374E+00
  30.00000  0.227026512436E+00
  30.10000  0.216873020006E+00
  30.20000  0.281140422123E+00
  30.30000  0.173744451638E+00
  30.40000  0.287781565510E+00
  30.50000  0.217812608185E+00
  30.60000  0.224602894676E+00
  30.70000  0.270993552221E+00
  30.80000  0.239387852543E+00
  30.90000  0.233967258176E+00
  31.00000  0.279904705764E+00
  31.10000  0.231611662830E+00
  31.20000  0.232467835054E+00
  31.30000  0.305901101254E+00
  31.40000  0.200441657575E+00
  31.50000  0.306025209761E+00
  31.60000  0.248861420283E+00
  31.70000  0.259563853094E+00
  31.80000  0.254477209893E+00
  31.90000  0.303774830449E+00
  32.00000  0.203748249988E+00
  32.10000  0.343307229499E+00
  32.20000  0.222917105688E+00
  32.30000  0.287345654608E+00
  32.40000  0.280036764319E+00
  32.50000  0.271491194447E+00
  32.60000  0.258479576775E+00
  32.70000  0.321257758377E+00
  32.80000  0.232342886667E+00
  32.90000  0.297600720725E+00
  33.00000  0.292494082679E+00
  33.10000  0.238499590506E+00
  33.20000  0.323915261649E+00
  33.30000  0.260356787785E+00
  33.40000  0.275774519761E+00
  33.50000  0.284347440084E+00
  33.60000  0.284681544796E+00
  33.70000  0.233974216197E+00
  33.80000  0.342267747380E+00
  33.90000  0.211971126871E+00
  34.00000  0.313345806762E+00
  34.10000  0.256916838044E+00
  34.20000  0.262964875956E+00
  34.30000  0.257910366285E+00
  34.40000  0.294367780502E+00
  34.50000  0.213039016319E+00
  34.60000  0.303576644065E+00
  34.70000  0.231902429211E+00
  34.80000  0.238516447758E+00
  34.90000  0.277454353065E+00
  35.00000  0.217676059326E+00
  35.10000  0.249351999996E+00
  35.20000  0.246082380157E+00
  35.30000  0.219536291765E+00
  35.40000  0.218355194519E+00
  35.50000  0.259835394875E+00
  35.60000  0.168204617644E+00
  35.70000  0.268506629001E+00
  35.80000  0.181148086990E+00
  35.90000  0.213963471256E+00
  36.00000  0.201916197825E+00
  36.10000  0.207234269259E+00
  36.20000  0.167901823326E+00
  36.30000  0.234702643064E+00
  36.40000  0.148770356270E+00
  36.50000  0.199307275851E+00
  36.60000  0.183475028389E+00
  36.70000  0.152697282156E+00
  36.80000  0.189421325822E+00
  36.90000  0.165272449507E+00
  37.00000  0.152724533418E+00
  37.10000  0.168216018024E+00
  37.20000  0.159390651680E+00
  37.30000  0.124690997167E+00
  37.40000  0.189464636066E+00
  37.50000  0.108412025227E+00
  37.60000  0.163698467201E+00
  37.70000  0.130863360010E+00
  37.80000  0.133009711354E+00
  37.90000  0.122874518795E+00
  38.00000  0.153020441598E+00
  38.10000  0.929577622432E-01
  38.20000  0.152783411210E+00
  38.30000  0.103498162171E+00
  38.40000  0.110859599599E+00
  38.50000  0.126405870353E+00
  38.60000  0.102351833248E+00
  38.70000  0.107402663614E+00
  38.80000  0.118078995483E+00
  38.90000  0.926609192726E-01
  39.00000  0.962133669243E-01
  39.10000  0.118198233045E+00
  39.20000  0.689369279797E-01
  39.30000  0.121512683073E+00
  39.40000  0.803756119657E-01
  39.50000  0.926575426621E-01
  39.60000  0.878961588604E-01
  39.70000  0.977091639286E-01
  39.80000  0.655101817443E-01
  39.90000  0.116316589509E+00
  40.00000  0.608566675243E-01
  40.10000  0.943037147984E-01
  40.20000  0.838113633622E-01
  40.30000  0.761621929250E-01
  40.40000  0.834832078048E-01
  40.50000  0.934016310763E-01
  40.60000  0.666180018064E-01
  40.70000  0.918968222087E-01
  40.80000  0.829460571478E-01
  40.90000  0.660342005687E-01
  41.00000  0.104892412422E+00
  41.10000  0.682571570882E-01
  41.20000  0.903785368677E-01
  41.30000  0.854867893698E-01
  41.40000  0.854494479617E-01
  41.50000  0.744818129149E-01
  41.60000  0.112876148915E+00
  41.70000  0.614543543306E-01
  41.80000  0.114591678246E+00
  41.90000  0.814293709082E-01
  42.00000  0.921112138137E-01
  42.10000  0.987315381454E-01
  42.20000  0.102423400348E+00
  42.30000  0.865531590323E-01
  42.40000  0.121378925043E+00
  42.50000  0.903895624442E-01
  42.60000  0.103797791398E+00
  42.70000  0.124466842765E+00
  42.80000  0.896006222383E-01
  42.90000  0.132675611334E+00
  43.00000  0.110320872784E+00
  43.10000  0.117320858063E+00
  43.20000  0.120485431633E+00
  43.30000  0.136601232816E+00
  43.40000  0.102574948358E+00
  43.50000  0.165381251939E+00
  43.60000  0.106584260452E+00
  43.70000  0.150881938317E+00
  43.80000  0.140225041833E+00
  43.90000  0.136841047366E+00
  44.00000  0.149262555252E+00
  44.10000  0.161661664100E+00
  44.20000  0.137090122840E+00
  44.30000  0.171196808900E+00
  44.40000  0.160706779894E+00
  44.50000  0.145524345591E+00
  44.60000  0.198636232806E+00
  44.70000  0.143985639969E+00
  44.80000  0.192550287302E+00
  44.90000  0.173786330427E+00
  45.00000  0.181086448320E+00
  45.10000  0.177217862201E+00
  45.20000  0.211870555623E+00
  45.30000  0.159498044742E+00
  45.40000  0.228985909694E+00
  45.50000  0.178881381952E+00
  45.60000  0.201052118134E+00
  45.70000  0.218004292963E+00
  45.80000  0.193423728788E+00
  45.90000  0.217024772944E+00
  46.00000  0.220655481062E+00
  46.10000  0.206001108770E+00
  46.20000  0.218522291903E+00
  46.30000  0.238724819197E+00
  46.40000  0.189949326055E+00
  46.50000  0.266227838273E+00
  46.60000  0.198301553149E+00
  46.70000  0.243562705302E+00
  46.80000  0.230842008298E+00
  46.90000  0.232041590197E+00
  47.00000  0.227578262273E+00
  47.10000  0.259521576398E+00
  47.20000  0.211261131129E+00
  47.30000  0.259198444119E+00
  47.40000  0.238321019356E+00
  47.50000  0.222915018752E+00
  47.60000  0.271569085204E+00
  47.70000  0.218719134822E+00
  47.80000  0.257067006958E+00
  47.90000  0.242851717017E+00
  48.00000  0.243247222025E+00
  48.10000  0.234183896999E+00
  48.20000  0.271296913729E+00
  48.30000  0.208275952713E+00
  48.40000  0.280444122568E+00
  48.50000  0.222986603595E+00
  48.60000  0.244975911767E+00
  48.70000  0.253896564056E+00
  48.80000  0.231201627011E+00
  48.90000  0.244778430274E+00
  49.00000  0.250228905959E+00
  49.10000  0.228061084411E+00
  49.20000  0.240078657595E+00
  49.30000  0.252730698520E+00
  49.40000  0.205195443339E+00
  49.50000  0.272328223562E+00
  49.60000  0.205010889547E+00
  49.70000  0.245263404538E+00
  49.80000  0.228164131979E+00
  49.90000  0.226384462464E+00
  50.00000  0.220028021048E+00
  50.10000  0.243502005048E+00
  50.20000  0.198504514019E+00
  50.30000  0.238813134780E+00
  50.40000  0.214205866476E+00
  50.50000  0.200807126202E+00
  50.60000  0.238746661284E+00
  50.70000  0.187904524219E+00
  50.80000  0.222767746393E+00
  50.90000  0.202984509269E+00
  51.00000  0.202315112615E+00
  51.10000  0.194258315052E+00
  51.20000  0.217437506957E+00
  51.30000  0.167350660245E+00
  51.40000  0.222755047409E+00
  51.50000  0.170995297765E+00
  51.60000  0.189935764599E+00
  51.70000  0.193517893195E+00
  51.80000  0.169373338555E+00
  51.90000  0.186447019686E+00
  52.00000  0.179104021954E+00
  52.10000  0.166306580771E+00
  52.20000  0.172290498634E+00
  52.30000  0.177119555346E+00
  52.40000  0.142514752863E+00
  52.50000  0.191721945239E+00
  52.60000  0.134895979645E+00
  52.70000  0.170354764528E+00
  52.80000  0.151245863375E+00
  52.90000  0.147612842115E+00
  53.00000  0.148982535638E+00
  53.10000  0.154475864995E+00
  53.20000  0.129739001009E+00
  53.30000  0.153522077578E+00
  53.40000  0.134164019716E+00
  53.50000  0.125681065356E+00
  53.60000  0.153008064582E+00
  53.70000  0.110049695390E+00
  53.80000  0.144342330055E+00
  53.90000  0.119792087129E+00
  54.00000  0.123685420507E+00
  54.10000  0.119437207945E+00
  54.20000  0.128393905123E+00
  54.30000  0.100929620774E+00
  54.40000  0.135082276267E+00
  54.50000  0.983982054759E-01
  54.60000  0.114073530388E+00
  54.70000  0.115675389260E+00
  54.80000  0.944997868359E-01
  54.90000  0.116384145465E+00
  55.00000  0.993467213445E-01
  55.10000  0.999813276893E-01
  55.20000  0.100477343364E+00
  55.30000  0.102083776258E+00
  55.40000  0.827431659605E-01
  55.50000  0.114743414887E+00
  55.60000  0.740819452262E-01
  55.70000  0.103597279684E+00
  55.80000  0.863654071666E-01
  55.90000  0.841142330456E-01
  56.00000  0.914347937425E-01
  56.10000  0.859582445722E-01
  56.20000  0.791216885592E-01
  56.30000  0.898563500588E-01
  56.40000  0.781233601310E-01
  56.50000  0.742128316543E-01
  56.60000  0.929792695709E-01
  56.70000  0.610613280807E-01
  56.80000  0.917590928865E-01
  56.90000  0.679070997569E-01
  57.00000  0.755869396910E-01
  57.10000  0.737488788213E-01
  57.20000  0.754430160919E-01
  57.30000  0.639217340473E-01
  57.40000  0.832041944316E-01
  57.50000  0.596281400405E-01
  57.60000  0.722770769662E-01
  57.70000  0.729495173625E-01
  57.80000  0.567078916861E-01
  57.90000  0.790368444474E-01
  58.00000  0.590996980267E-01
  58.10000  0.678005271102E-01
  58.20000  0.648855374864E-01
  58.30000  0.658017349514E-01
  58.40000  0.563443954701E-01
  58.50000  0.767608868891E-01
  58.60000  0.486564360834E-01
  58.70000  0.730933587121E-01
  58.80000  0.580162284740E-01
  58.90000  0.575815986330E-01
  59.00000  0.678041221607E-01
  59.10000  0.562066117187E-01
  59.20000  0.615043443199E-01
  59.30000  0.627487594114E-01
  59.40000  0.574792402614E-01
  59.50000  0.561051731198E-01
  59.60000  0.690995752826E-01
  59.70000  0.451951788974E-01
  59.80000  0.735116451189E-01
  59.90000  0.493740955399E-01
  60.00000  0.609601331827E-01
  60.10000  0.599989893337E-01
  60.20000  0.558990224971E-01
  60.30000  0.578686185745E-01
  60.40000  0.633499548238E-01
  60.50000  0.519347655771E-01
  60.60000  0.607287205937E-01
  60.70000  0.610163107670E-01
  60.80000  0.478528689915E-01
  60.90000  0.719173500727E-01
  61.00000  0.461708977535E-01
  61.10000  0.651879968356E-01
  61.20000  0.557715202115E-01
  61.30000  0.569639816381E-01
  61.40000  0.571707624650E-01
  61.50000  0.635428708573E-01
  61.60000  0.500697547849E-01
  61.70000  0.666736516554E-01
  61.80000  0.541330437271E-01
  61.90000  0.547421434312E-01
  62.00000  0.679342157562E-01
  62.10000  0.470662851830E-01
  62.20000  0.687236955816E-01
  62.30000  0.538270651572E-01
  62.40000  0.593462043315E-01
  62.50000  0.582944867774E-01
  62.60000  0.622171021029E-01
  62.70000  0.514641079698E-01
  62.80000  0.703652890388E-01
  62.90000  0.495562096937E-01
  63.00000  0.631548272630E-01
  63.10000  0.617829739124E-01
  63.20000  0.508743514432E-01
  63.30000  0.694725602124E-01
  63.40000  0.525555661800E-01
  63.50000  0.621894387079E-01
  63.60000  0.590019703119E-01
  63.70000  0.596737311031E-01
  63.80000  0.543043945652E-01
  63.90000  0.691936874270E-01
  64.00000  0.473141195727E-01
  64.10000  0.691954482336E-01
  64.20000  0.540861145959E-01
  64.30000  0.559149755831E-01
  64.40000  0.655209391255E-01
  64.50000  0.509519076892E-01
  64.60000  0.632314859997E-01
  64.70000  0.569702810757E-01
  64.80000  0.564633128910E-01
  64.90000  0.558730512420E-01
  65.00000  0.626614540454E-01
  65.10000  0.464411384325E-01
  65.20000  0.690744147004E-01
  65.30000  0.459438900442E-01
  65.40000  0.595505773633E-01
  65.50000  0.565796052904E-01
  65.60000  0.488666929879E-01
  65.70000  0.600535410558E-01
  65.80000  0.512807152203E-01
  65.90000  0.526447246186E-01
  66.00000  0.537166744337E-01
  66.10000  0.527638022166E-01
  66.20000  0.453970466341E-01
  66.30000  0.615083043566E-01
  66.40000  0.386878671537E-01
  66.50000  0.589999419944E-01
  66.60000  0.446068209490E-01
  66.70000  0.465214347154E-01
  66.80000  0.518671192572E-01
  66.90000  0.432369610117E-01
  67.00000  0.477024416173E-01
  67.10000  0.470954569862E-01
  67.20000  0.427200601589E-01
  67.30000  0.427074668693E-01
  67.40000  0.488792777818E-01
  67.50000  0.332093695520E-01
  67.60000  0.529591958733E-01
  67.70000  0.328669645471E-01
  67.80000  0.437544516814E-01
  67.90000  0.402756816661E-01
  68.00000  0.355157486430E-01
  68.10000  0.410700147118E-01
  68.20000  0.376228843114E-01
  68.30000  0.348094965090E-01
  68.40000  0.377010022590E-01
  68.50000  0.357566370916E-01
  68.60000  0.294397160029E-01
  68.70000  0.426383693321E-01
  68.80000  0.240959973543E-01
  68.90000  0.398606584134E-01
  69.00000  0.284239671042E-01
  69.10000  0.301894523323E-01
  69.20000  0.329168007001E-01
  69.30000  0.283520020315E-01
  69.40000  0.292144326723E-01
  69.50000  0.309662857007E-01
  69.60000  0.259291726722E-01
  69.70000  0.265812325073E-01
  69.80000  0.312063905292E-01
  69.90000  0.192178408483E-01
  70.00000  0.343483124776E-01
  70.10000  0.192089588103E-01
  70.20000  0.274355292320E-01
  70.30000  0.244861797019E-01
  70.40000  0.219228277556E-01
  70.50000  0.248261864516E-01
  70.60000  0.241118846151E-01
  70.70000  0.204882591900E-01
  70.80000  0.239290680674E-01
  70.90000  0.219447427220E-01
  71.00000  0.175436976604E-01
  71.10000  0.277901632809E-01
  71.20000  0.139585251173E-01
  71.30000  0.260515351472E-01
  71.40000  0.175087894073E-01
  71.50000  0.193073562182E-01
  71.60000  0.209032480248E-01
  71.70000  0.189229894031E-01
  71.80000  0.183531684195E-01
  71.90000  0.214365939665E-01
  72.00000  0.165999086815E-01
  72.10000  0.179605642024E-01
  72.20000  0.217094905937E-01
  72.30000  0.125418103599E-01
  72.40000  0.249148169468E-01
  72.50000  0.132060222241E-01
  72.60000  0.200054661782E-01
  72.70000  0.177122861910E-01
  72.80000  0.166417947235E-01
  72.90000  0.181334873588E-01
  73.00000  0.195368873178E-01
  73.10000  0.152341461442E-01
  73.20000  0.196820187459E-01
  73.30000  0.176506562869E-01
  73.40000  0.143987229980E-01
  73.50000  0.237150566383E-01
  73.60000  0.119964953464E-01
  73.70000  0.229317915328E-01
  73.80000  0.157990768252E-01
  73.90000  0.178947809035E-01
  74.00000  0.190814880575E-01
  74.10000  0.187989081538E-01
  74.20000  0.171870081611E-01
  74.30000  0.219502746406E-01
  74.40000  0.166089391018E-01
  74.50000  0.189381874510E-01
  74.60000  0.226647341544E-01
  74.70000  0.140834803712E-01
  74.80000  0.267341267614E-01
  74.90000  0.154051850551E-01
  75.00000  0.227320992966E-01
  75.10000  0.205320923778E-01
  75.20000  0.201184432414E-01
  75.30000  0.215067770315E-01
  75.40000  0.238324438709E-01
  75.50000  0.191706355515E-01
  75.60000  0.247549622634E-01
  75.70000  0.223984457008E-01
  75.80000  0.195846178648E-01
  75.90000  0.297432821186E-01
  76.00000  0.170510129607E-01
  76.10000  0.299786093598E-01
  76.20000  0.216287445164E-01
  76.30000  0.247666828554E-01
  76.40000  0.263900391428E-01
  76.50000  0.253162902674E-01
  76.60000  0.252237725474E-01
  76.70000  0.293670129223E-01
  76.80000  0.244165283802E-01
  76.90000  0.273121094284E-01
  77.00000  0.309992226344E-01
  77.10000  0.218752814548E-01
  77.20000  0.367258735900E-01
  77.30000  0.226604546123E-01
  77.40000  0.329889962455E-01
  77.50000  0.294846391136E-01
  77.60000  0.284268932219E-01
  77.70000  0.328189098634E-01
  77.80000  0.312890519120E-01
  77.90000  0.304082868235E-01
  78.00000  0.340143351394E-01
  78.10000  0.321162410121E-01
  78.20000  0.299310174002E-01
  78.30000  0.400753280307E-01
  78.40000  0.260019914940E-01
  78.50000  0.421235519170E-01
  78.60000  0.303663808600E-01
  78.70000  0.355671572721E-01
  78.80000  0.383666231514E-01
  78.90000  0.326673719692E-01
  79.00000  0.396830844060E-01
  79.10000  0.367891767107E-01
  79.20000  0.368518555046E-01
  79.30000  0.381723256997E-01
  79.40000  0.407447729013E-01
  79.50000  0.336774207990E-01
  79.60000  0.477485094012E-01
  79.70000  0.323993007165E-01
  79.80000  0.456033892315E-01
  79.90000  0.400782307614E-01
  80.00000  0.379035074367E-01
  80.10000  0.479592485215E-01
  80.20000  0.371580877682E-01
  80.30000  0.467022943891E-01
  80.40000  0.423720931685E-01
  80.50000  0.437679709219E-01
  80.60000  0.433890107814E-01
  80.70000  0.486703885291E-01
  80.80000  0.396433456918E-01
  80.90000  0.531798682752E-01
  81.00000  0.413428723003E-01
  81.10000  0.477894897489E-01
  81.20000  0.512885692733E-01
  81.30000  0.406568539595E-01
  81.40000  0.572421842433E-01
  81.50000  0.426115848258E-01
  81.60000  0.528710788697E-01
  81.70000  0.494354767826E-01
  81.80000  0.497934301379E-01
  81.90000  0.506934307822E-01
  82.00000  0.545793165716E-01
  82.10000  0.477939070675E-01
  82.20000  0.565214244862E-01
  82.30000  0.518007833500E-01
  82.40000  0.497679401649E-01
  82.50000  0.619609751586E-01
  82.60000  0.446764257101E-01
  82.70000  0.641088971377E-01
  82.80000  0.498553304677E-01
  82.90000  0.566256699320E-01
  83.00000  0.583462933638E-01
  83.10000  0.535373121911E-01
  83.20000  0.591809196085E-01
  83.30000  0.580087943382E-01
  83.40000  0.562028339778E-01
  83.50000  0.587364059846E-01
  83.60000  0.609199376526E-01
  83.70000  0.525828380393E-01
  83.80000  0.689141938356E-01
  83.90000  0.503314232957E-01
  84.00000  0.665057297085E-01
  84.10000  0.584892874061E-01
  84.20000  0.570322288733E-01
  84.30000  0.673352584938E-01
  84.40000  0.547263088559E-01
  84.50000  0.660364239899E-01
  84.60000  0.598694397708E-01
  84.70000  0.616859878137E-01
  84.80000  0.612143031172E-01
  84.90000  0.653890206244E-01
  85.00000  0.566471823249E-01
  85.10000  0.700379825100E-01
  85.20000  0.568018543185E-01
  85.30000  0.644068008499E-01
  85.40000  0.663370010929E-01
  85.50000  0.551067474253E-01
  85.60000  0.731697883084E-01
  85.70000  0.548950968678E-01
  85.80000  0.682378979236E-01
  85.90000  0.620298690928E-01
  86.00000  0.619199415753E-01
  86.10000  0.647930570612E-01
  86.20000  0.640680203288E-01
  86.30000  0.611099648599E-01
  86.40000  0.665187346628E-01
  86.50000  0.619246279634E-01
  86.60000  0.606356850496E-01
  86.70000  0.703637433525E-01
  86.80000  0.536287098349E-01
  86.90000  0.733362432822E-01
  87.00000  0.563240912810E-01
  87.10000  0.649592113415E-01
  87.20000  0.655741020076E-01
  87.30000  0.576137769249E-01
  87.40000  0.685879314172E-01
  87.50000  0.595117801101E-01
  87.60000  0.638018914885E-01
  87.70000  0.625792060170E-01
  87.80000  0.631737732575E-01
  87.90000  0.590665303949E-01
  88.00000  0.687912340627E-01
  88.10000  0.548636006771E-01
  88.20000  0.683015854471E-01
  88.30000  0.596020921281E-01
  88.40000  0.588165556345E-01
  88.50000  0.691247143751E-01
  88.60000  0.525873075968E-01
  88.70000  0.700320414181E-01
  88.80000  0.563569628451E-01
  88.90000  0.625393600830E-01
  89.00000  0.621600552412E-01
  89.10000  0.596507964995E-01
  89.20000  0.611796534415E-01
  89.30000  0.629970693385E-01
  89.40000  0.579963404848E-01
  89.50000  0.618798815795E-01
  89.60000  0.622849461093E-01
  89.70000  0.543931107328E-01
  89.80000  0.694655948412E-01
  89.90000  0.508985223854E-01
  90.00000  0.669982027209E-01
  90.10000  0.572755071959E-01
  90.20000  0.573419996103E-01
  90.30000  0.651389102052E-01
  90.40000  0.535418328922E-01
  90.50000  0.642029170995E-01
  90.60000  0.571630417838E-01
  90.70000  0.592518229974E-01
  90.80000  0.586029037173E-01
  90.90000  0.608119065161E-01
  91.00000  0.544743415574E-01
  91.10000  0.647321868906E-01
  91.20000  0.530059035528E-01
  91.30000  0.604593736634E-01
  91.40000  0.600957159961E-01
  91.50000  0.513172664997E-01
  91.60000  0.669995780727E-01
  91.70000  0.489324388020E-01
  91.80000  0.633951687944E-01
  91.90000  0.549528266584E-01
  92.00000  0.555002281641E-01
  92.10000  0.596113022165E-01
  92.20000  0.544235848185E-01
  92.30000  0.570927908531E-01
  92.40000  0.570692009530E-01
  92.50000  0.548170696495E-01
  92.60000  0.544478164173E-01
  92.70000  0.595400126473E-01
  92.80000  0.482656131712E-01
  92.90000  0.631652632822E-01
  93.00000  0.480290109944E-01
  93.10000  0.569952753742E-01
  93.20000  0.557353909063E-01
  93.30000  0.480082784466E-01
  93.40000  0.610318722562E-01
  93.50000  0.467136651682E-01
  93.60000  0.569333360976E-01
  93.70000  0.511058465267E-01
  93.80000  0.515583715966E-01
  93.90000  0.522047282356E-01
  94.00000  0.527340416270E-01
  94.10000  0.485879384161E-01
  94.20000  0.541106535329E-01
  94.30000  0.484263401247E-01
  94.40000  0.486380623830E-01
  94.50000  0.547118309709E-01
  94.60000  0.416832987968E-01
  94.70000  0.575647357911E-01
  94.80000  0.421438953738E-01
  94.90000  0.508209197086E-01
  95.00000  0.489593126829E-01
  95.10000  0.431880870649E-01
  95.20000  0.522491473497E-01
  95.30000  0.428190902239E-01
  95.40000  0.482697526747E-01
  95.50000  0.453410517977E-01
  95.60000  0.453587825734E-01
  95.70000  0.437049579065E-01
  95.80000  0.480607505472E-01
  95.90000  0.396948686932E-01
  96.00000  0.484716045184E-01
  96.10000  0.408834318048E-01
  96.20000  0.417290882072E-01
  96.30000  0.475033291295E-01
  96.40000  0.350565823076E-01
  96.50000  0.496433092546E-01
  96.60000  0.358617180432E-01
  96.70000  0.433501320760E-01
  96.80000  0.413293453620E-01
  96.90000  0.375015408230E-01
  97.00000  0.430586527183E-01
  97.10000  0.378751073932E-01
  97.20000  0.396041030525E-01
  97.30000  0.390294564337E-01
  97.40000  0.385745036643E-01
  97.50000  0.358806728636E-01
  97.60000  0.421419235094E-01
  97.70000  0.319882164185E-01
  97.80000  0.421000553082E-01
  97.90000  0.338729368554E-01
  98.00000  0.352541835763E-01
  98.10000  0.402435383194E-01
  98.20000  0.293427105330E-01
  98.30000  0.419656646578E-01
  98.40000  0.303063569309E-01
  98.50000  0.365243380974E-01
  98.60000  0.346051567886E-01
  98.70000  0.322266494414E-01
  98.80000  0.353649084672E-01
  98.90000  0.331099044305E-01
  99.00000  0.324692987588E-01
  99.10000  0.334656240210E-01
  99.20000  0.326105766935E-01
  99.30000  0.296658400198E-01
  99.40000  0.365701078771E-01
  99.50000  0.260476167441E-01
  99.60000  0.363998434447E-01
  99.70000  0.281687304839E-01
  99.80000  0.299259938057E-01
  99.90000  0.340612318746E-01
 100.00000  0.247556080902E-01
 100.10000  0.355220573597E-01
 100.20000  0.257169593383E-01
 100.30000  0.308600729390E-01
 100.40000  0.290953277388E-01
 100.50000  0.276461670665E-01
 100.60000  0.292502322708E-01
 100.70000  0.287919175423E-01
 100.80000  0.267584475581E-01
 100.90000  0.286802397491E-01
 101.00000  0.274840023262E-01
 101.10000  0.246508935772E-01
 101.20000  0.314778485595E-01
 101.30000  0.212691852080E-01
 101.40000  0.312707806975E-01
 101.50000  0.233080025540E-01
 101.60000  0.252792127187E-01
 101.70000  0.285990672712E-01
 101.80000  0.206962580032E-01
 101.90000  0.298478319247E-01
 102.00000  0.215279752459E-01
 102.10000  0.257988161182E-01
 102.20000  0.241677681174E-01
 102.30000  0.232623706906E-01
 102.40000  0.239477710164E-01
 102.50000  0.244557980757E-01
 102.60000  0.217266755603E-01
 102.70000  0.240733591815E-01
 102.80000  0.226226989240E-01
 102.90000  0.200934867727E-01
 103.00000  0.263981522812E-01
 103.10000  0.169422175714E-01
 103.20000  0.262096863729E-01
 103.30000  0.187178061414E-01
 103.40000  0.207737374198E-01
 103.50000  0.233681601501E-01
 103.60000  0.166765459427E-01
 103.70000  0.244814820304E-01
 103.80000  0.173191686454E-01
 103.90000  0.209492449056E-01
 104.00000  0.194239010871E-01
 104.10000  0.188044012282E-01
 104.20000  0.190924829044E-01
 104.30000  0.199134429973E-01
 104.40000  0.171216640145E-01
 104.50000  0.194709871608E-01
 104.60000  0.179304694589E-01
 104.70000  0.158327485461E-01
 104.80000  0.213446070247E-01
 104.90000  0.129791055117E-01
 105.00000  0.212686338908E-01
 105.10000  0.144285762044E-01
 105.20000  0.164848824554E-01
 105.30000  0.185054715008E-01
 105.40000  0.128273012792E-01
 105.50000  0.196334332629E-01
 105.60000  0.132973059772E-01
 105.70000  0.165917370286E-01
 105.80000  0.151276942996E-01
 105.90000  0.146328295615E-01
 106.00000  0.149819699309E-01
 106.10000  0.155830314375E-01
 106.20000  0.132960543788E-01
 106.30000  0.152939841863E-01
 106.40000  0.138547214799E-01
 106.50000  0.122567361186E-01
 106.60000  0.168502015345E-01
 106.70000  0.976938597479E-02
 106.80000  0.170055853317E-01
 106.90000  0.108934936864E-01
 107.00000  0.129401940077E-01
 107.10000  0.145299450533E-01
 107.20000  0.964926167437E-02
 107.30000  0.158391781994E-01
 107.40000  0.996245125318E-02
 107.50000  0.132514548014E-01
 107.60000  0.117485482079E-01
 107.70000  0.112888185827E-01
 107.80000  0.120179945943E-01
 107.90000  0.120280289487E-01
 108.00000  0.106300495669E-01
 108.10000  0.120394822300E-01
 108.20000  0.108420283487E-01
 108.30000  0.972800797601E-02
 108.40000  0.134243066262E-01
 108.50000  0.760758999601E-02
 108.60000  0.138671580901E-01
 108.70000  0.842796840160E-02
 108.80000  0.104623174539E-01
 108.90000  0.117541937893E-01
 109.00000  0.742049103879E-02
 109.10000  0.133308691695E-01
 109.20000  0.757992815611E-02
 109.30000  0.111143173828E-01
 109.40000  0.946789882940E-02
 109.50000  0.900013514424E-02
 109.60000  0.102756681304E-01
 109.70000  0.946317073511E-02
 109.80000  0.918010800438E-02
 109.90000  0.981020166296E-02
 110.00000  0.897577894036E-02
 110.10000  0.826416000122E-02
 110.20000  0.110949229833E-01
 110.30000  0.649739245923E-02
 110.40000  0.118039995611E-01
 110.50000  0.700309672432E-02
 110.60000  0.900972780516E-02
 110.70000  0.100545846654E-01
 110.80000  0.612672230940E-02
 110.90000  0.119330772901E-01
 111.00000  0.609122153319E-02
 111.10000  0.100362418716E-01
 111.20000  0.812708775515E-02
 111.30000  0.764516656835E-02
 111.40000  0.953110926847E-02
 111.50000  0.773640690083E-02
 111.60000  0.871640407490E-02
 111.70000  0.839388315439E-02
 111.80000  0.802122130183E-02
 111.90000  0.762699058870E-02
 112.00000  0.959047495992E-02
 112.10000  0.622306283375E-02
 112.20000  0.104990829624E-01
 112.30000  0.638924814389E-02
 112.40000  0.828809428237E-02
 112.50000  0.911138134180E-02
 112.60000  0.554383087659E-02
 112.70000  0.112470220719E-01
 112.80000  0.526010042375E-02
 112.90000  0.964844469200E-02
 113.00000  0.739803084256E-02
 113.10000  0.691681303037E-02
 113.20000  0.941781227938E-02
 113.30000  0.651588899317E-02
 113.40000  0.891773307659E-02
 113.50000  0.742263765561E-02
 113.60000  0.765466472984E-02
 113.70000  0.750941881205E-02
 113.80000  0.849381977593E-02
 113.90000  0.656608072954E-02
 114.00000  0.949815208760E-02
 114.10000  0.633644400780E-02
 114.20000  0.794649641563E-02
 114.30000  0.853753078156E-02
 114.40000  0.545742768422E-02
 114.50000  0.108132602558E-01
 114.60000  0.488951625908E-02
 114.70000  0.956556741165E-02
 114.80000  0.698978357151E-02
 114.90000  0.654813210892E-02
 115.00000  0.959201203881E-02
 115.10000  0.555419220435E-02
 115.20000  0.949191831028E-02
 115.30000  0.660228556676E-02
 115.40000  0.762297152456E-02
 115.50000  0.765254487820E-02
 115.60000  0.748114193301E-02
 115.70000  0.738012901956E-02
 115.80000  0.841310353372E-02
 115.90000  0.671437453429E-02
 116.00000  0.769727313214E-02
 116.10000  0.805196440507E-02
 116.20000  0.578382214678E-02
 116.30000  0.102057427610E-01
 116.40000  0.497005949194E-02
 116.50000  0.942579412870E-02
 116.60000  0.674120866906E-02
 116.70000  0.639670087906E-02
 116.80000  0.970782503373E-02
 116.90000  0.482611017957E-02
 117.00000  0.101047443349E-01
 117.10000  0.582247189465E-02
 117.20000  0.774085562537E-02
 117.30000  0.784160312000E-02
 117.40000  0.642613003980E-02
 117.50000  0.850053610914E-02
 117.60000  0.703850853721E-02
 117.70000  0.745068440557E-02
 117.80000  0.733449848993E-02
 117.90000  0.749694523692E-02
 118.00000  0.651133604640E-02
 118.10000  0.906994727603E-02
 118.20000  0.563733290412E-02
 118.30000  0.889694263431E-02
 118.40000  0.663167959869E-02
 118.50000  0.643861742555E-02
 118.60000  0.943461320275E-02
 118.70000  0.458389790220E-02
 118.80000  0.103409763101E-01
 118.90000  0.525758870747E-02
 119.00000  0.786582567872E-02
 119.10000  0.792484206892E-02
 119.20000  0.550056323336E-02
 119.30000  0.962082711967E-02
 119.40000  0.554002198336E-02
 119.50000  0.841019313675E-02
 119.60000  0.682695452771E-02
 119.70000  0.691010142678E-02
 119.80000  0.757732730113E-02
 119.90000  0.737617701966E-02
 120.00000  0.700500122734E-02
 120.10000  0.781924226954E-02
 120.20000  0.679742814439E-02
 120.30000  0.670283250840E-02
 120.40000  0.857143538494E-02
 120.50000  0.524875891399E-02
 120.60000  0.974111897984E-02
 120.70000  0.532607749216E-02
 120.80000  0.785554544759E-02
 120.90000  0.779565227721E-02
 121.00000  0.514399888065E-02
 121.10000  0.101997865442E-01
 121.20000  0.453117790027E-02
 121.30000  0.922901976395E-02
 121.40000  0.634077160135E-02
 121.50000  0.650330415018E-02
 121.60000  0.867355891908E-02
 121.70000  0.556813019973E-02
 121.80000  0.882303099736E-02
 121.90000  0.637250496764E-02
 122.00000  0.730467137872E-02
 122.10000  0.715482408767E-02
 122.20000  0.720493457172E-02
 122.30000  0.695227869179E-02
 122.40000  0.812842898536E-02
 122.50000  0.636726923935E-02
 122.60000  0.754273821995E-02
 122.70000  0.746841433541E-02
 122.80000  0.576512497423E-02
 122.90000  0.962845739820E-02
 123.00000  0.481354253032E-02
 123.10000  0.930962188428E-02
 123.20000  0.620031940969E-02
 123.30000  0.648070916840E-02
 123.40000  0.920202998729E-02
 123.50000  0.456300217916E-02
 123.60000  0.101958404436E-01
 123.70000  0.520786558737E-02
 123.80000  0.794361826269E-02
 123.90000  0.755457740905E-02
 124.00000  0.586227928471E-02
 124.10000  0.906652571496E-02
 124.20000  0.596641093445E-02
 124.30000  0.812755420486E-02
 124.40000  0.689000854849E-02
 124.50000  0.705088497269E-02
 124.60000  0.723795894912E-02
 124.70000  0.776509817203E-02
 124.80000  0.666580980876E-02
 124.90000  0.817395311233E-02
 125.00000  0.665670783967E-02
 125.10000  0.682325582202E-02
 125.20000  0.859931257241E-02
 125.30000  0.520942994601E-02
 125.40000  0.996522644674E-02
 125.50000  0.520864380049E-02
 125.60000  0.818427971644E-02
 125.70000  0.762481432484E-02
 125.80000  0.536114176452E-02
 125.90000  0.102190626986E-01
 126.00000  0.453787240524E-02
 126.10000  0.954219606293E-02
 126.20000  0.620523764731E-02
 126.30000  0.676199308571E-02
 126.40000  0.869224963893E-02
 126.50000  0.551939295235E-02
 126.60000  0.916714756693E-02
 126.70000  0.621054952174E-02
 126.80000  0.757418296066E-02
 126.90000  0.723291000576E-02
 127.00000  0.701507764688E-02
 127.10000  0.738567156810E-02
 127.20000  0.778921614114E-02
 127.30000  0.671858875726E-02
 127.40000  0.755530792829E-02
 127.50000  0.727941771468E-02
 127.60000  0.614073549515E-02
 127.70000  0.920453713234E-02
 127.80000  0.512169637824E-02
 127.90000  0.923774914202E-02
 128.00000  0.604399740103E-02
 128.10000  0.669283418183E-02
 128.20000  0.888389385115E-02
 128.30000  0.453604192887E-02
 128.40000  0.102836719171E-01
 128.50000  0.480287646173E-02
 128.60000  0.817161064941E-02
 128.70000  0.726134315301E-02
 128.80000  0.548980216494E-02
 128.90000  0.942069949911E-02
 129.00000  0.501088940836E-02
 129.10000  0.868383862808E-02
 129.20000  0.622567044972E-02
 129.30000  0.670770923716E-02
 129.40000  0.755024877296E-02
 129.50000  0.640524141883E-02
 129.60000  0.747993649648E-02
 129.70000  0.694476670467E-02
 129.80000  0.666074454425E-02
 129.90000  0.665391727763E-02
 130.00000  0.736029557702E-02
 130.10000  0.575788489159E-02
 130.20000  0.854656462089E-02
 130.30000  0.530238976883E-02
 130.40000  0.755428137391E-02
 130.50000  0.675027475425E-02
 130.60000  0.521826226303E-02
 130.70000  0.916982646020E-02
 130.80000  0.403890865592E-02
 130.90000  0.902867675229E-02
 131.00000  0.521852636517E-02
 131.10000  0.619201843148E-02
 131.20000  0.804606558478E-02
 131.30000  0.410402040892E-02
 131.40000  0.927838663614E-02
 131.50000  0.439426505084E-02
 131.60000  0.734596729718E-02
 131.70000  0.632900518792E-02
 131.80000  0.522342643444E-02
 131.90000  0.787296724266E-02
 132.00000  0.505462868763E-02
 132.10000  0.722072738109E-02
 132.20000  0.574338792563E-02
 132.30000  0.597955302332E-02
 132.40000  0.615859501137E-02
 132.50000  0.631768956578E-02
 132.60000  0.577940133919E-02
 132.70000  0.672857609119E-02
 132.80000  0.541804794557E-02
 132.90000  0.574280785418E-02
 133.00000  0.667847548879E-02
 133.10000  0.438816506018E-02
 133.20000  0.802936057187E-02
 133.30000  0.401820169776E-02
 133.40000  0.680563116238E-02
 133.50000  0.564386222488E-02
 133.60000  0.428192533407E-02
 133.70000  0.808807397523E-02
 133.80000  0.311146148630E-02
 133.90000  0.797925039743E-02
 134.00000  0.418063871544E-02
 134.10000  0.531329938767E-02
 134.20000  0.670076569709E-02
 134.30000  0.343921298298E-02
 134.40000  0.784519345379E-02
 134.50000  0.365501707868E-02
 134.60000  0.619907698542E-02
 134.70000  0.514899100140E-02
 134.80000  0.444691397337E-02
 134.90000  0.639248775369E-02
 135.00000  0.439237902373E-02
 135.10000  0.587315034370E-02
 135.20000  0.482018837239E-02
 135.30000  0.492955920255E-02
 135.40000  0.493228270320E-02
 135.50000  0.541320759832E-02
 135.60000  0.454586212886E-02
 135.70000  0.580126390067E-02
 135.80000  0.427638966778E-02
 135.90000  0.473681501769E-02
 136.00000  0.551306826772E-02
 136.10000  0.341486024538E-02
 136.20000  0.686630173941E-02
 136.30000  0.304130302013E-02
 136.40000  0.578112507354E-02
 136.50000  0.446016938179E-02
 136.60000  0.343392289831E-02
 136.70000  0.676829537451E-02
 136.80000  0.231091828716E-02
 136.90000  0.682698395981E-02
 137.00000  0.316350790355E-02
 137.10000  0.441461429552E-02
 137.20000  0.546020938065E-02
 137.30000  0.262420884839E-02
 137.40000  0.670288741316E-02
 137.50000  0.271756630090E-02
 137.60000  0.527070932809E-02
 137.70000  0.407395469053E-02
 137.80000  0.351422493622E-02
 137.90000  0.542579028546E-02
 138.00000  0.333594230115E-02
 138.10000  0.509204011801E-02
 138.20000  0.376518112690E-02
 138.30000  0.401213966479E-02
 138.40000  0.411695387364E-02
 138.50000  0.421567983712E-02
 138.60000  0.398961852055E-02
 138.70000  0.460900566655E-02
 138.80000  0.357393060256E-02
 138.90000  0.389810124101E-02
 139.00000  0.436928714438E-02
 139.10000  0.294714058688E-02
 139.20000  0.559104019767E-02
 139.30000  0.255165084223E-02
 139.40000  0.483482687114E-02
 139.50000  0.354738396700E-02
 139.60000  0.287061463167E-02
 139.70000  0.562000734453E-02
 139.80000  0.181545316003E-02
 139.90000  0.591246353142E-02
 140.00000  0.241065187807E-02
 140.10000  0.376400026041E-02
 140.20000  0.455094892180E-02
 140.30000  0.194769410143E-02
 140.40000  0.602640505185E-02
 140.50000  0.186542740721E-02
 140.60000  0.476068316022E-02
 140.70000  0.325936141433E-02
 140.80000  0.274948945215E-02
 140.90000  0.500182716030E-02
 141.00000  0.223514133734E-02
 141.10000  0.492662005135E-02
 141.20000  0.277723966645E-02
 141.30000  0.345630436076E-02
 141.40000  0.371686875658E-02
 141.50000  0.302512325757E-02
 141.60000  0.410071045923E-02
 141.70000  0.335369254241E-02
 141.80000  0.342390386189E-02
 141.90000  0.326649436269E-02
 142.00000  0.341923038391E-02
 142.10000  0.302545533453E-02
 142.20000  0.427844428989E-02
 142.30000  0.267231655171E-02
 142.40000  0.395944620558E-02
 142.50000  0.300340181693E-02
 142.60000  0.266794154020E-02
 142.70000  0.457175176388E-02
 142.80000  0.184529192864E-02
 142.90000  0.506466023906E-02
 143.00000  0.208226291050E-02
 143.10000  0.335674884170E-02
 143.20000  0.386842681978E-02
 143.30000  0.165452854993E-02
 143.40000  0.550526324026E-02
 143.50000  0.136841875014E-02
 143.60000  0.449893572804E-02
 143.70000  0.269265928551E-02
 143.80000  0.228241070229E-02
 143.90000  0.482252449021E-02
 144.00000  0.136383091678E-02
 144.10000  0.510210554395E-02
 144.20000  0.193599576166E-02
 144.30000  0.323212930623E-02
 144.40000  0.355508151555E-02
 144.50000  0.197882510460E-02
 144.60000  0.465025473250E-02
 144.70000  0.207664713971E-02
 144.80000  0.374739614826E-02
 144.90000  0.273257521433E-02
 145.00000  0.265522657209E-02
 145.10000  0.355363173254E-02
 145.20000  0.281299021102E-02
 145.30000  0.343551263162E-02
 145.40000  0.295357757314E-02
 145.50000  0.282886469295E-02
 145.60000  0.277924439267E-02
 145.70000  0.337996432857E-02
 145.80000  0.259193967716E-02
 145.90000  0.388780702114E-02
 146.00000  0.235538854634E-02
 146.10000  0.301053788679E-02
 146.20000  0.321723989375E-02
 146.30000  0.197390739398E-02
 146.40000  0.461092147496E-02
 146.50000  0.160054438685E-02
 146.60000  0.406597228709E-02
 146.70000  0.239884107577E-02
 146.80000  0.219047973276E-02
 146.90000  0.441634856498E-02
 147.00000  0.115173770246E-02
 147.10000  0.505005563457E-02
 147.20000  0.150248404857E-02
 147.30000  0.317885208974E-02
 147.40000  0.338372238840E-02
 147.50000  0.137662906142E-02
 147.60000  0.511625410072E-02
 147.70000  0.111538423998E-02
 147.80000  0.423103224814E-02
 147.90000  0.226724791891E-02
 148.00000  0.216082798246E-02
 148.10000  0.419321699764E-02
 148.20000  0.140696075831E-02
 148.30000  0.456701570169E-02
 148.40000  0.183244212100E-02
 148.50000  0.298864801024E-02
 148.60000  0.302637682332E-02
 148.70000  0.206142436361E-02
 148.80000  0.397276923425E-02
 148.90000  0.223717206258E-02
 149.00000  0.330137359624E-02
 149.10000  0.252392342530E-02
 149.20000  0.255322156746E-02
 149.30000  0.298559487175E-02
 149.40000  0.296928845642E-02
 149.50000  0.290807888069E-02
 149.60000  0.300453363821E-02
 149.70000  0.252399184113E-02
 149.80000  0.247823214304E-02
 149.90000  0.332374467088E-02
 150.00000  0.216410984741E-02
 150.10000  0.396633794359E-02
 150.20000  0.199767428760E-02
 150.30000  0.294538299778E-02
 150.40000  0.295667730865E-02
 150.50000  0.173913897105E-02
 150.60000  0.453071344668E-02
 150.70000  0.133411289618E-02
 150.80000  0.408101192194E-02
 150.90000  0.208541756043E-02
 151.00000  0.211711804687E-02
 151.10000  0.416560177004E-02
 151.20000  0.998481876210E-03
 151.30000  0.501669420019E-02
 151.40000  0.125201513442E-02
 151.50000  0.319773239661E-02
 151.60000  0.307519004813E-02
 151.70000  0.128377428386E-02
 151.80000  0.501808917963E-02
 151.90000  0.911256747104E-03
 152.00000  0.431889738308E-02
 152.10000  0.197722461206E-02
 152.20000  0.211610870225E-02
 152.30000  0.406814665004E-02
 152.40000  0.116695296807E-02
 152.50000  0.473437106219E-02
 152.60000  0.151678266550E-02
 152.70000  0.306380629001E-02
 152.80000  0.286914591880E-02
 152.90000  0.178166774653E-02
 153.00000  0.419929040288E-02
 153.10000  0.180532367854E-02
 153.20000  0.358478338515E-02
 153.30000  0.226506500503E-02
 153.40000  0.236915063177E-02
 153.50000  0.318346889474E-02
 153.60000  0.242323074634E-02
 153.70000  0.338917766217E-02
 153.80000  0.257653111422E-02
 153.90000  0.260598756473E-02
 154.00000  0.252640361561E-02
 154.10000  0.281060007652E-02
 154.20000  0.268499545599E-02
 154.30000  0.339398577221E-02
 154.40000  0.237304105161E-02
 154.50000  0.278944513445E-02
 154.60000  0.266871027961E-02
 154.70000  0.210219634451E-02
 154.80000  0.395515506813E-02
 154.90000  0.182156870521E-02
 155.00000  0.379865276809E-02
 155.10000  0.207584028976E-02
 155.20000  0.225679990369E-02
 155.30000  0.374534371470E-02
 155.40000  0.134321800076E-02
 155.50000  0.477625120861E-02
 155.60000  0.135116736380E-02
 155.70000  0.325329358111E-02
 155.80000  0.283489905632E-02
 155.90000  0.138759116810E-02
 156.00000  0.495103525860E-02
 156.10000  0.846822735766E-03
 156.20000  0.454788165346E-02
 156.30000  0.174329701451E-02
 156.40000  0.216371701354E-02
 156.50000  0.413404135626E-02
 156.60000  0.809065831594E-03
 156.70000  0.530903128548E-02
 156.80000  0.101313327544E-02
 156.90000  0.342388300409E-02
 157.00000  0.282082002119E-02
 157.10000  0.131570841089E-02
 157.20000  0.501650894616E-02
 157.30000  0.872906685843E-03
 157.40000  0.452840590950E-02
 157.50000  0.177735179691E-02
 157.60000  0.224049844729E-02
 157.70000  0.388460124089E-02
 157.80000  0.122588780335E-02
 157.90000  0.484635835780E-02
 158.00000  0.146603433662E-02
 158.10000  0.322700925803E-02
 158.20000  0.268710109144E-02
 158.30000  0.182134120505E-02
 158.40000  0.423927474123E-02
 158.50000  0.180173988264E-02
 158.60000  0.381104667675E-02
 158.70000  0.216390916708E-02
 158.80000  0.240077761683E-02
 158.90000  0.319578688721E-02
 159.00000  0.232666804359E-02
 159.10000  0.368989026331E-02
 159.20000  0.248979499078E-02
 159.30000  0.275297412693E-02
 159.40000  0.252873874108E-02
 159.50000  0.262350751473E-02
 159.60000  0.301010407020E-02
 159.70000  0.320565387970E-02
 159.80000  0.272167395347E-02
 159.90000  0.275321564676E-02
 160.00000  0.254594340514E-02
 160.10000  0.237196112181E-02
 160.20000  0.364108394692E-02
 160.30000  0.231572258047E-02
 160.40000  0.368775580783E-02
 160.50000  0.217788312684E-02
 160.60000  0.242168076668E-02
 160.70000  0.340911164202E-02
 160.80000  0.181083960909E-02
 160.90000  0.458961804508E-02
 161.00000  0.167163061651E-02
 161.10000  0.335646065131E-02
 161.20000  0.262870656721E-02
 161.30000  0.170414275563E-02
 161.40000  0.473974988050E-02
 161.50000  0.119282669607E-02
 161.60000  0.469127206165E-02
 161.70000  0.169294366482E-02
 161.80000  0.239478781315E-02
 161.90000  0.395136397460E-02
 162.00000  0.987200991177E-03
 162.10000  0.556812411509E-02
 162.20000  0.962541170219E-03
 162.30000  0.379879961786E-02
 162.40000  0.263666223710E-02
 162.50000  0.134958968906E-02
 162.60000  0.536075827385E-02
 162.70000  0.608424873411E-03
 162.80000  0.526084146131E-02
 162.90000  0.143367228260E-02
 163.00000  0.243243812068E-02
 163.10000  0.414870976672E-02
 163.20000  0.709366805100E-03
 163.30000  0.595410131906E-02
 163.40000  0.757421732552E-03
 163.50000  0.398534603476E-02
 163.60000  0.259938640456E-02
 163.70000  0.134419635567E-02
 163.80000  0.544122342613E-02
 163.90000  0.647513659088E-03
 164.00000  0.533820290567E-02
 164.10000  0.146223701042E-02
 164.20000  0.250843154218E-02
 164.30000  0.403411049609E-02
 164.40000  0.967438133373E-03
 164.50000  0.576829698269E-02
 164.60000  0.106105646260E-02
 164.70000  0.390688056089E-02
 164.80000  0.255764306142E-02
 164.90000  0.162436587625E-02
 165.00000  0.504711816509E-02
 165.10000  0.122848764538E-02
 165.20000  0.495855280954E-02
 165.30000  0.175109815732E-02
 165.40000  0.256917443789E-02
 165.50000  0.367717170207E-02
 165.60000  0.162717903581E-02
 165.70000  0.512119539018E-02
 165.80000  0.176281800058E-02
 165.90000  0.359339679078E-02
 166.00000  0.253670224471E-02
 166.10000  0.208102920403E-02
 166.20000  0.434039048087E-02
 166.30000  0.218745008718E-02
 166.40000  0.427119977643E-02
 166.50000  0.224547761690E-02
 166.60000  0.260051875251E-02
 166.70000  0.320722352066E-02
 166.80000  0.252934705588E-02
 166.90000  0.422182234183E-02
 167.00000  0.272419431441E-02
 167.10000  0.313709493215E-02
 167.20000  0.256499534168E-02
 167.30000  0.261106178403E-02
 167.40000  0.349810882153E-02
 167.50000  0.334279183698E-02
 167.60000  0.343387367597E-02
 167.70000  0.286398911828E-02
 167.80000  0.258685081029E-02
 167.90000  0.271491712262E-02
 168.00000  0.350973925935E-02
 168.10000  0.323303958658E-02
 168.20000  0.379681989106E-02
 168.30000  0.260645978962E-02
 168.40000  0.263932772644E-02
 168.50000  0.312713799407E-02
 168.60000  0.264861712539E-02
 168.70000  0.454796844471E-02
 168.80000  0.257078308471E-02
 168.90000  0.354036388667E-02
 169.00000  0.253244127677E-02
 169.10000  0.227157308688E-02
 169.20000  0.446522168730E-02
 169.30000  0.229832359383E-02
 169.40000  0.487676065048E-02
 169.50000  0.207825006774E-02
 169.60000  0.275609054850E-02
 169.70000  0.357127097114E-02
 169.80000  0.189795323381E-02
 169.90000  0.567893146751E-02
 170.00000  0.178997039078E-02
 170.10000  0.420059639216E-02
 170.20000  0.243519845185E-02
 170.30000  0.190776459360E-02
 170.40000  0.530740453452E-02
 170.50000  0.149991519294E-02
 170.60000  0.588995272720E-02
 170.70000  0.159285907691E-02
 170.80000  0.290416651797E-02
 170.90000  0.392994746067E-02
 171.00000  0.128657588240E-02
 171.10000  0.672156041258E-02
 171.20000  0.114082049373E-02
 171.30000  0.484711390736E-02
 171.40000  0.232223961183E-02
 171.50000  0.164342315755E-02
 171.60000  0.605114289358E-02
 171.70000  0.881817575559E-03
 171.80000  0.684355273094E-02
 171.90000  0.118455218289E-02
 172.00000  0.308222146577E-02
 172.10000  0.420713079198E-02
 172.20000  0.830332926543E-03
 172.30000  0.767115982356E-02
 172.40000  0.645199828599E-03
 172.50000  0.546476122993E-02
 172.60000  0.218917124225E-02
 172.70000  0.145720306374E-02
 172.80000  0.669576794038E-02
 172.90000  0.437207725554E-03
 173.00000  0.774762791957E-02
 173.10000  0.845098651927E-03
 173.20000  0.327127465782E-02
 173.30000  0.440724637311E-02
 173.40000  0.505336322001E-03
 173.50000  0.857318314343E-02
 173.60000  0.296529059936E-03
 173.70000  0.607991515497E-02
 173.80000  0.203911151579E-02
 173.90000  0.133059705775E-02
 174.00000  0.730504062147E-02
 174.10000  0.155560185238E-03
 174.20000  0.870125103171E-02
 174.30000  0.574095897138E-03
 174.40000  0.349570930119E-02
 174.50000  0.458557714626E-02
 174.60000  0.288372842419E-03
 174.70000  0.958408647532E-02
 174.80000  0.825893747586E-04
 174.90000  0.679716966796E-02
 175.00000  0.188155368320E-02
 175.10000  0.124322453548E-02
 175.20000  0.799675012760E-02
 175.30000  0.157345575030E-04
 175.40000  0.985780523240E-02
 175.50000  0.348679034159E-03
 175.60000  0.375805876279E-02
 175.70000  0.475515069519E-02
 175.80000  0.140502433345E-03
 175.90000  0.108616655526E-01
 176.00000  0.769548070824E-06
 176.10000  0.771554026061E-02
 176.20000  0.167876520450E-02
 176.30000  0.114805076719E-02
 176.40000  0.893375893179E-02
 176.50000  0.320528282131E-04
 176.60000  0.115534222098E-01
 176.70000  0.160498340752E-03
 176.80000  0.413621487088E-02
 176.90000  0.501943887196E-02
 177.00000  0.532093878815E-04
 177.10000  0.129555083625E-01
 177.20000  0.130845345018E-03
 177.30000  0.923764753990E-02
 177.40000  0.140956829330E-02
 177.50000  0.100728608575E-02
 177.60000  0.105945857109E-01
 177.70000  0.379503213480E-03
 177.80000  0.146967425262E-01
 177.90000  0.592876185546E-04
 178.00000  0.477377979437E-02
 178.10000  0.551970022237E-02
 178.20000  0.124073297017E-03
 178.30000  0.174438162701E-01
 178.40000  0.102383561012E-02
 178.50000  0.126430092913E-01
 178.60000  0.944650059838E-03
 178.70000  0.703155596387E-03
 178.80000  0.149776160416E-01
 178.90000  0.247519146834E-02
 179.00000  0.241376596895E-01
 179.10000  0.917428231297E-03
 179.20000  0.671448485262E-02
 179.30000  0.733996424866E-02
 179.40000  0.239677845202E-02
 179.50000  0.394916894656E-01
 179.60000  0.131522118085E-01
 179.70000  0.368645758786E-01
 179.80000  0.367092352958E-03
 179.90000  0.618650952529E-03
 180.00000  0.553686574152E+00
