 # E =    1.09991946665455       eV =    8872.09841000000       1/cm
 #  1801
# DFFCSO.  ACCUM LEV(I),J(I) =  1  0 LEV(F),J(F) =  1  0       , M =  0, WEIGHTED BY  1.00000
   0.10000  0.118699644463E+08
   0.20000  0.193426221203E+07
   0.30000  0.569565852835E+06
   0.40000  0.431548876330E+06
   0.50000  0.221914602549E+06
   0.60000  0.143221390825E+06
   0.70000  0.114436200385E+06
   0.80000  0.835755475315E+05
   0.90000  0.565831524771E+05
   1.00000  0.397043613515E+05
   1.10000  0.375174923441E+05
   1.20000  0.353458792321E+05
   1.30000  0.290269755536E+05
   1.40000  0.221066689777E+05
   1.50000  0.208240396637E+05
   1.60000  0.209380280674E+05
   1.70000  0.187799022542E+05
   1.80000  0.132710170313E+05
   1.90000  0.974414435321E+04
   2.00000  0.891207052329E+04
   2.10000  0.972544255782E+04
   2.20000  0.841427767736E+04
   2.30000  0.629422085566E+04
   2.40000  0.479219500555E+04
   2.50000  0.560211570697E+04
   2.60000  0.672808656499E+04
   2.70000  0.675844361078E+04
   2.80000  0.534011555840E+04
   2.90000  0.409876015803E+04
   3.00000  0.409194804225E+04
   3.10000  0.477296035641E+04
   3.20000  0.501502685511E+04
   3.30000  0.403678948965E+04
   3.40000  0.276648032041E+04
   3.50000  0.194343756130E+04
   3.60000  0.214252487204E+04
   3.70000  0.250434916430E+04
   3.80000  0.244202774870E+04
   3.90000  0.174722118358E+04
   4.00000  0.106218568387E+04
   4.10000  0.101293771407E+04
   4.20000  0.144642216563E+04
   4.30000  0.187305847099E+04
   4.40000  0.170850003013E+04
   4.50000  0.124472263630E+04
   4.60000  0.911958174840E+03
   4.70000  0.111190163290E+04
   4.80000  0.158124877889E+04
   4.90000  0.186282865642E+04
   5.00000  0.171499885382E+04
   5.10000  0.128149445308E+04
   5.20000  0.102722641435E+04
   5.30000  0.109175006646E+04
   5.40000  0.144144111773E+04
   5.50000  0.167477946589E+04
   5.60000  0.159823383523E+04
   5.70000  0.123791865836E+04
   5.80000  0.863674594188E+03
   5.90000  0.800117549016E+03
   6.00000  0.970330150488E+03
   6.10000  0.119358583908E+04
   6.20000  0.117282066817E+04
   6.30000  0.931266245095E+03
   6.40000  0.641693518729E+03
   6.50000  0.461270625463E+03
   6.60000  0.503228773540E+03
   6.70000  0.630797505294E+03
   6.80000  0.725861455706E+03
   6.90000  0.647918345922E+03
   7.00000  0.446323447146E+03
   7.10000  0.279446631445E+03
   7.20000  0.228398060582E+03
   7.30000  0.306636063395E+03
   7.40000  0.386129568890E+03
   7.50000  0.400553516184E+03
   7.60000  0.323061465187E+03
   7.70000  0.201641813370E+03
   7.80000  0.122664975667E+03
   7.90000  0.114126309257E+03
   8.00000  0.168516764912E+03
   8.10000  0.209362851986E+03
   8.20000  0.199248047717E+03
   8.30000  0.140783318328E+03
   8.40000  0.767245573358E+02
   8.50000  0.511061443837E+02
   8.60000  0.613377814244E+02
   8.70000  0.934314296372E+02
   8.80000  0.108696076354E+03
   8.90000  0.977107234021E+02
   9.00000  0.648096878211E+02
   9.10000  0.322733800789E+02
   9.20000  0.265135759591E+02
   9.30000  0.388212095717E+02
   9.40000  0.579809632427E+02
   9.50000  0.609861933148E+02
   9.60000  0.490271617458E+02
   9.70000  0.319891289422E+02
   9.80000  0.155398808351E+02
   9.90000  0.135529336256E+02
  10.00000  0.196935839470E+02
  10.10000  0.289035404890E+02
  10.20000  0.300169145985E+02
  10.30000  0.211054055620E+02
  10.40000  0.127018800955E+02
  10.50000  0.636967860292E+01
  10.60000  0.690864945090E+01
  10.70000  0.100765975994E+02
  10.80000  0.133623354547E+02
  10.90000  0.144361554856E+02
  11.00000  0.103210840089E+02
  11.10000  0.648314407077E+01
  11.20000  0.405821863273E+01
  11.30000  0.485029132383E+01
  11.40000  0.640906208895E+01
  11.50000  0.657368014979E+01
  11.60000  0.642787020933E+01
  11.70000  0.480803586924E+01
  11.80000  0.368131929246E+01
  11.90000  0.277804836825E+01
  12.00000  0.276453557306E+01
  12.10000  0.319958458117E+01
  12.20000  0.230180687134E+01
  12.30000  0.151567083624E+01
  12.40000  0.853401446045E+00
  12.50000  0.112487200867E+01
  12.60000  0.170224179583E+01
  12.70000  0.179496545669E+01
  12.80000  0.182250701630E+01
  12.90000  0.104882216273E+01
  13.00000  0.322450366206E+00
  13.10000  0.142525848934E+00
  13.20000  0.752081651613E+00
  13.30000  0.183603807470E+01
  13.40000  0.228540708432E+01
  13.50000  0.207961436982E+01
  13.60000  0.126795143633E+01
  13.70000  0.348906218276E+00
  13.80000  0.594750900056E-03
  13.90000  0.410482153076E+00
  14.00000  0.115744269101E+01
  14.10000  0.176704674306E+01
  14.20000  0.186558065538E+01
  14.30000  0.133925437844E+01
  14.40000  0.722714711209E+00
  14.50000  0.302271982744E+00
  14.60000  0.554143001016E+00
  14.70000  0.100808157566E+01
  14.80000  0.117919638529E+01
  14.90000  0.139675173635E+01
  15.00000  0.109629070441E+01
  15.10000  0.712520545309E+00
  15.20000  0.600074652147E+00
  15.30000  0.833913059654E+00
  15.40000  0.153717075492E+01
  15.50000  0.167988190672E+01
  15.60000  0.174232134709E+01
  15.70000  0.170461370151E+01
  15.80000  0.104818776926E+01
  15.90000  0.750192140079E+00
  16.00000  0.733367438749E+00
  16.10000  0.105814524095E+01
  16.20000  0.146548492593E+01
  16.30000  0.152816212029E+01
  16.40000  0.182282239623E+01
  16.50000  0.167582111411E+01
  16.60000  0.125648909421E+01
  16.70000  0.126943114899E+01
  16.80000  0.119693403544E+01
  16.90000  0.120877442757E+01
  17.00000  0.120027192756E+01
  17.10000  0.115452363055E+01
  17.20000  0.123684402923E+01
  17.30000  0.101210799621E+01
  17.40000  0.103591024656E+01
  17.50000  0.129656904016E+01
  17.60000  0.126609055076E+01
  17.70000  0.134676677194E+01
  17.80000  0.134077600430E+01
  17.90000  0.117632987794E+01
  18.00000  0.986159100539E+00
  18.10000  0.722247934289E+00
  18.20000  0.765889185397E+00
  18.30000  0.793906695141E+00
  18.40000  0.766193943320E+00
  18.50000  0.995123035247E+00
  18.60000  0.104329291058E+01
  18.70000  0.100565710500E+01
  18.80000  0.959035531392E+00
  18.90000  0.861779073146E+00
  19.00000  0.855314362663E+00
  19.10000  0.676631058836E+00
  19.20000  0.626577964569E+00
  19.30000  0.710374956750E+00
  19.40000  0.589047028457E+00
  19.50000  0.623551747948E+00
  19.60000  0.710219117831E+00
  19.70000  0.749870290504E+00
  19.80000  0.812703041209E+00
  19.90000  0.774579059784E+00
  20.00000  0.844561977696E+00
  20.10000  0.781547951446E+00
  20.20000  0.591027695807E+00
  20.30000  0.620671414103E+00
  20.40000  0.548986624668E+00
  20.50000  0.473174574980E+00
  20.60000  0.543683450352E+00
  20.70000  0.584224599586E+00
  20.80000  0.674461509883E+00
  20.90000  0.666140321370E+00
  21.00000  0.685085209326E+00
  21.10000  0.766126958316E+00
  21.20000  0.617610510928E+00
  21.30000  0.572874171872E+00
  21.40000  0.597769363280E+00
  21.50000  0.461451167048E+00
  21.60000  0.439795894601E+00
  21.70000  0.447045268230E+00
  21.80000  0.456669955114E+00
  21.90000  0.491109253535E+00
  22.00000  0.474895042435E+00
  22.10000  0.582690146966E+00
  22.20000  0.592148327686E+00
  22.30000  0.503068253157E+00
  22.40000  0.564813284999E+00
  22.50000  0.501582490785E+00
  22.60000  0.395270702529E+00
  22.70000  0.390733943981E+00
  22.80000  0.348853649369E+00
  22.90000  0.353858220512E+00
  23.00000  0.336376608477E+00
  23.10000  0.365546173964E+00
  23.20000  0.460739670842E+00
  23.30000  0.409072176384E+00
  23.40000  0.431392488634E+00
  23.50000  0.487526973665E+00
  23.60000  0.396768416242E+00
  23.70000  0.372583387796E+00
  23.80000  0.353602962358E+00
  23.90000  0.311574057599E+00
  24.00000  0.295953395954E+00
  24.10000  0.261864985086E+00
  24.20000  0.324931874167E+00
  24.30000  0.343583847046E+00
  24.40000  0.317917472684E+00
  24.50000  0.406644334198E+00
  24.60000  0.405458852364E+00
  24.70000  0.366355735328E+00
  24.80000  0.378152727456E+00
  24.90000  0.341185205190E+00
  25.00000  0.321144003990E+00
  25.10000  0.273403725152E+00
  25.20000  0.264364478916E+00
  25.30000  0.312612718413E+00
  25.40000  0.272146710074E+00
  25.50000  0.307333816971E+00
  25.60000  0.375968219951E+00
  25.70000  0.348608889133E+00
  25.80000  0.365170590897E+00
  25.90000  0.368581924344E+00
  26.00000  0.348454229883E+00
  26.10000  0.323795989698E+00
  26.20000  0.270301743959E+00
  26.30000  0.290987100775E+00
  26.40000  0.272615659630E+00
  26.50000  0.233573429528E+00
  26.60000  0.295473521129E+00
  26.70000  0.301928401933E+00
  26.80000  0.296766622335E+00
  26.90000  0.328926451067E+00
  27.00000  0.325001943342E+00
  27.10000  0.327275495785E+00
  27.20000  0.286301794131E+00
  27.30000  0.266881436716E+00
  27.40000  0.279358955608E+00
  27.50000  0.215405476768E+00
  27.60000  0.217298824098E+00
  27.70000  0.251087503728E+00
  27.80000  0.225792782028E+00
  27.90000  0.248284894377E+00
  28.00000  0.268056114139E+00
  28.10000  0.278601637342E+00
  28.20000  0.279633686303E+00
  28.30000  0.249756134354E+00
  28.40000  0.271364278151E+00
  28.50000  0.245605769210E+00
  28.60000  0.196784110030E+00
  28.70000  0.228077933960E+00
  28.80000  0.214338591712E+00
  28.90000  0.201657719036E+00
  29.00000  0.231205493334E+00
  29.10000  0.242214447740E+00
  29.20000  0.267976599584E+00
  29.30000  0.259088041335E+00
  29.40000  0.268881758268E+00
  29.50000  0.298520886513E+00
  29.60000  0.246853641134E+00
  29.70000  0.247712359627E+00
  29.80000  0.269663831942E+00
  29.90000  0.227817826241E+00
  30.00000  0.239359712412E+00
  30.10000  0.258165928585E+00
  30.20000  0.269470526471E+00
  30.30000  0.288951386692E+00
  30.40000  0.288667780515E+00
  30.50000  0.335893529987E+00
  30.60000  0.335262852950E+00
  30.70000  0.302707144580E+00
  30.80000  0.346662971648E+00
  30.90000  0.325390379084E+00
  31.00000  0.290659414295E+00
  31.10000  0.318206224886E+00
  31.20000  0.310149076292E+00
  31.30000  0.316210641113E+00
  31.40000  0.324385177671E+00
  31.50000  0.343309092968E+00
  31.60000  0.386417857660E+00
  31.70000  0.361239004614E+00
  31.80000  0.382708312901E+00
  31.90000  0.422330993253E+00
  32.00000  0.369171034610E+00
  32.10000  0.375982544186E+00
  32.20000  0.391811643374E+00
  32.30000  0.355708381659E+00
  32.40000  0.359925121463E+00
  32.50000  0.360594990033E+00
  32.60000  0.379184049830E+00
  32.70000  0.387003060669E+00
  32.80000  0.374548069233E+00
  32.90000  0.429770883001E+00
  33.00000  0.424355335741E+00
  33.10000  0.393338861882E+00
  33.20000  0.437854690353E+00
  33.30000  0.414521471590E+00
  33.40000  0.383186781368E+00
  33.50000  0.395202122071E+00
  33.60000  0.379656690166E+00
  33.70000  0.380917161128E+00
  33.80000  0.367030229018E+00
  33.90000  0.378164883089E+00
  34.00000  0.413673735231E+00
  34.10000  0.379973930056E+00
  34.20000  0.401310580292E+00
  34.30000  0.435803880431E+00
  34.40000  0.390310162878E+00
  34.50000  0.397700938601E+00
  34.60000  0.404590444295E+00
  34.70000  0.374981542783E+00
  34.80000  0.369339111591E+00
  34.90000  0.355019220166E+00
  35.00000  0.368418966190E+00
  35.10000  0.361809165244E+00
  35.20000  0.341127941916E+00
  35.30000  0.386991303687E+00
  35.40000  0.377512284135E+00
  35.50000  0.354011133051E+00
  35.60000  0.391805606588E+00
  35.70000  0.374112394226E+00
  35.80000  0.353718899419E+00
  35.90000  0.357148232907E+00
  36.00000  0.342452436076E+00
  36.10000  0.341038172971E+00
  36.20000  0.316204034101E+00
  36.30000  0.319576418046E+00
  36.40000  0.341505170476E+00
  36.50000  0.305915945290E+00
  36.60000  0.321847723190E+00
  36.70000  0.346869538284E+00
  36.80000  0.312987825764E+00
  36.90000  0.321700631370E+00
  37.00000  0.326648398149E+00
  37.10000  0.307138052714E+00
  37.20000  0.300346349849E+00
  37.30000  0.283849096334E+00
  37.40000  0.290902203215E+00
  37.50000  0.276610233161E+00
  37.60000  0.253163012376E+00
  37.70000  0.282556864027E+00
  37.80000  0.268368968244E+00
  37.90000  0.248476759260E+00
  38.00000  0.276269394159E+00
  38.10000  0.262611570200E+00
  38.20000  0.249405075248E+00
  38.30000  0.253359196921E+00
  38.40000  0.242456828329E+00
  38.50000  0.239474920341E+00
  38.60000  0.218280024031E+00
  38.70000  0.216418371996E+00
  38.80000  0.225574666662E+00
  38.90000  0.193881669053E+00
  39.00000  0.201253221469E+00
  39.10000  0.214956992868E+00
  39.20000  0.187572290722E+00
  39.30000  0.194591609163E+00
  39.40000  0.199706495956E+00
  39.50000  0.185427141168E+00
  39.60000  0.183135856156E+00
  39.70000  0.174094681798E+00
  39.80000  0.176936374122E+00
  39.90000  0.165938827343E+00
  40.00000  0.148900261756E+00
  40.10000  0.165909935967E+00
  40.20000  0.152639945825E+00
  40.30000  0.137041117751E+00
  40.40000  0.156179896809E+00
  40.50000  0.145324223927E+00
  40.60000  0.136308029781E+00
  40.70000  0.143382295238E+00
  40.80000  0.137038371295E+00
  40.90000  0.135941603477E+00
  41.00000  0.125808331592E+00
  41.10000  0.125700890456E+00
  41.20000  0.131891209674E+00
  41.30000  0.111227979765E+00
  41.40000  0.116962153089E+00
  41.50000  0.126377935287E+00
  41.60000  0.106530371096E+00
  41.70000  0.113229343143E+00
  41.80000  0.118830121974E+00
  41.90000  0.108487789165E+00
  42.00000  0.110070111188E+00
  42.10000  0.107277936408E+00
  42.20000  0.110101534432E+00
  42.30000  0.104929843793E+00
  42.40000  0.957009986733E-01
  42.50000  0.109544885546E+00
  42.60000  0.100945175573E+00
  42.70000  0.911071026693E-01
  42.80000  0.107646199596E+00
  42.90000  0.998422564321E-01
  43.00000  0.939567378652E-01
  43.10000  0.102548515524E+00
  43.20000  0.983109975779E-01
  43.30000  0.981785177791E-01
  43.40000  0.934152276644E-01
  43.50000  0.944774830753E-01
  43.60000  0.999975187830E-01
  43.70000  0.854768594420E-01
  43.80000  0.917003330426E-01
  43.90000  0.100245289347E+00
  44.00000  0.846481197760E-01
  44.10000  0.921895944469E-01
  44.20000  0.983653696173E-01
  44.30000  0.892125081115E-01
  44.40000  0.923814318165E-01
  44.50000  0.916959253440E-01
  44.60000  0.926962987564E-01
  44.70000  0.891133390968E-01
  44.80000  0.823287943850E-01
  44.90000  0.930021621026E-01
  45.00000  0.854952754644E-01
  45.10000  0.776046420525E-01
  45.20000  0.924394250636E-01
  45.30000  0.853940377445E-01
  45.40000  0.805399899408E-01
  45.50000  0.904040451043E-01
  45.60000  0.862421218730E-01
  45.70000  0.854232563001E-01
  45.80000  0.836810158174E-01
  45.90000  0.834051904595E-01
  46.00000  0.863147609940E-01
  46.10000  0.744270827141E-01
  46.20000  0.786117536045E-01
  46.30000  0.844805456029E-01
  46.40000  0.703022466513E-01
  46.50000  0.772528058660E-01
  46.60000  0.831755339925E-01
  46.70000  0.741020963252E-01
  46.80000  0.789227299051E-01
  46.90000  0.804120363964E-01
  47.00000  0.794058210630E-01
  47.10000  0.778577263040E-01
  47.20000  0.732282229069E-01
  47.30000  0.798602687553E-01
  47.40000  0.729098366751E-01
  47.50000  0.656702061542E-01
  47.60000  0.772405699922E-01
  47.70000  0.698670941990E-01
  47.80000  0.650565411303E-01
  47.90000  0.758976628438E-01
  48.00000  0.718209591188E-01
  48.10000  0.711251712241E-01
  48.20000  0.743179872789E-01
  48.30000  0.738513185372E-01
  48.40000  0.758156786093E-01
  48.50000  0.686473191586E-01
  48.60000  0.711196923833E-01
  48.70000  0.745752458126E-01
  48.80000  0.616548108722E-01
  48.90000  0.668429260270E-01
  49.00000  0.714430453126E-01
  49.10000  0.607774799765E-01
  49.20000  0.668986986547E-01
  49.30000  0.707571815987E-01
  49.40000  0.671999404538E-01
  49.50000  0.700764838831E-01
  49.60000  0.699455930089E-01
  49.70000  0.733427835897E-01
  49.80000  0.699909110136E-01
  49.90000  0.650643601394E-01
  50.00000  0.731283510400E-01
  50.10000  0.654707657198E-01
  50.20000  0.592470522753E-01
  50.30000  0.693975787428E-01
  50.40000  0.626127578999E-01
  50.50000  0.594641148098E-01
  50.60000  0.677975970671E-01
  50.70000  0.652333994401E-01
  50.80000  0.660745180085E-01
  50.90000  0.676814226112E-01
  51.00000  0.688631981562E-01
  51.10000  0.715129541448E-01
  51.20000  0.643512374116E-01
  51.30000  0.676191481225E-01
  51.40000  0.704472402678E-01
  51.50000  0.583361975174E-01
  51.60000  0.631137424174E-01
  51.70000  0.662608572291E-01
  51.80000  0.563074884596E-01
  51.90000  0.617166972998E-01
  52.00000  0.647338899149E-01
  52.10000  0.615971686002E-01
  52.20000  0.646805609790E-01
  52.30000  0.652543065768E-01
  52.40000  0.686715686711E-01
  52.50000  0.663490336996E-01
  52.60000  0.628805371999E-01
  52.70000  0.701291663661E-01
  52.80000  0.629861792150E-01
  52.90000  0.574161978003E-01
  53.00000  0.661079964480E-01
  53.10000  0.586269384006E-01
  53.20000  0.549902183213E-01
  53.30000  0.626811325362E-01
  53.40000  0.590777740810E-01
  53.50000  0.593049191467E-01
  53.60000  0.623738408957E-01
  53.70000  0.631731557294E-01
  53.80000  0.656361451022E-01
  53.90000  0.612382014145E-01
  54.00000  0.644282665384E-01
  54.10000  0.667758489845E-01
  54.20000  0.563814197919E-01
  54.30000  0.605318867866E-01
  54.40000  0.624121497351E-01
  54.50000  0.518490239094E-01
  54.60000  0.565027629941E-01
  54.70000  0.585229290789E-01
  54.80000  0.534373427388E-01
  54.90000  0.570248318444E-01
  55.00000  0.582609973369E-01
  55.10000  0.599443047723E-01
  55.20000  0.595683232821E-01
  55.30000  0.580123456430E-01
  55.40000  0.639427082472E-01
  55.50000  0.584183352100E-01
  55.60000  0.540124811835E-01
  55.70000  0.612574350749E-01
  55.80000  0.533938508580E-01
  55.90000  0.490657302157E-01
  56.00000  0.557533518846E-01
  56.10000  0.502690206454E-01
  56.20000  0.490197229541E-01
  56.30000  0.530640549625E-01
  56.40000  0.523274271771E-01
  56.50000  0.540647326111E-01
  56.60000  0.527962759491E-01
  56.70000  0.554788868284E-01
  56.80000  0.577060606379E-01
  56.90000  0.503508517044E-01
  57.00000  0.540298320717E-01
  57.10000  0.551541564567E-01
  57.20000  0.450302569912E-01
  57.30000  0.486823813638E-01
  57.40000  0.493194284200E-01
  57.50000  0.420144265804E-01
  57.60000  0.452921383744E-01
  57.70000  0.461794881548E-01
  57.80000  0.450540780194E-01
  57.90000  0.463915825721E-01
  58.00000  0.464619040349E-01
  58.10000  0.504644972939E-01
  58.20000  0.477470957062E-01
  58.30000  0.454506779228E-01
  58.40000  0.513088436525E-01
  58.50000  0.447475810067E-01
  58.60000  0.407418843486E-01
  58.70000  0.461910704710E-01
  58.80000  0.392926563894E-01
  58.90000  0.364070455834E-01
  59.00000  0.405482664931E-01
  59.10000  0.372268796666E-01
  59.20000  0.373593815426E-01
  59.30000  0.388826110403E-01
  59.40000  0.399414510646E-01
  59.50000  0.419376079097E-01
  59.60000  0.389931817467E-01
  59.70000  0.421640214269E-01
  59.80000  0.435057818196E-01
  59.90000  0.361660719567E-01
  60.00000  0.392231390092E-01
  60.10000  0.391628168362E-01
  60.20000  0.309484699028E-01
  60.30000  0.335623957071E-01
  60.40000  0.334527298059E-01
  60.50000  0.289892742344E-01
  60.60000  0.312323989002E-01
  60.70000  0.318712693398E-01
  60.80000  0.328754784689E-01
  60.90000  0.332986409707E-01
  61.00000  0.333512866443E-01
  61.10000  0.376622304695E-01
  61.20000  0.344268008147E-01
  61.30000  0.323622777186E-01
  61.40000  0.369203094762E-01
  61.50000  0.307560951356E-01
  61.60000  0.275246736603E-01
  61.70000  0.311912134477E-01
  61.80000  0.257778378994E-01
  61.90000  0.241512689418E-01
  62.00000  0.269717530890E-01
  62.10000  0.255323473646E-01
  62.20000  0.266925945113E-01
  62.30000  0.275664005497E-01
  62.40000  0.297657870403E-01
  62.50000  0.318133966035E-01
  62.60000  0.288211726440E-01
  62.70000  0.318866066313E-01
  62.80000  0.324316305201E-01
  62.90000  0.258779073851E-01
  63.00000  0.281801677478E-01
  63.10000  0.274226457523E-01
  63.20000  0.210564068331E-01
  63.30000  0.231676705830E-01
  63.40000  0.231391619002E-01
  63.50000  0.210092469650E-01
  63.60000  0.231574492421E-01
  63.70000  0.243287363289E-01
  63.80000  0.268408514131E-01
  63.90000  0.270946397821E-01
  64.00000  0.274320698907E-01
  64.10000  0.316179517414E-01
  64.20000  0.280755885432E-01
  64.30000  0.260830154177E-01
  64.40000  0.294862826563E-01
  64.50000  0.235868144977E-01
  64.60000  0.209078875231E-01
  64.70000  0.236735636979E-01
  64.80000  0.195543849374E-01
  64.90000  0.191090622054E-01
  65.00000  0.217718568988E-01
  65.10000  0.219278507731E-01
  65.20000  0.239953171941E-01
  65.30000  0.249076353482E-01
  65.40000  0.277751071662E-01
  65.50000  0.296052981912E-01
  65.60000  0.264623252751E-01
  65.70000  0.290501553193E-01
  65.80000  0.286620260248E-01
  65.90000  0.222825604479E-01
  66.00000  0.239773394423E-01
  66.10000  0.227621256882E-01
  66.20000  0.174298134474E-01
  66.30000  0.196592045234E-01
  66.40000  0.200800670163E-01
  66.50000  0.192670850216E-01
  66.60000  0.219223874806E-01
  66.70000  0.236892966244E-01
  66.80000  0.265684605197E-01
  66.90000  0.269108048170E-01
  67.00000  0.272521035340E-01
  67.10000  0.305092653625E-01
  67.20000  0.266367345511E-01
  67.30000  0.243689970619E-01
  67.40000  0.265739194185E-01
  67.50000  0.206569705304E-01
  67.60000  0.181839930525E-01
  67.70000  0.206459339320E-01
  67.80000  0.170618840110E-01
  67.90000  0.172838394378E-01
  68.00000  0.205950113833E-01
  68.10000  0.211080402401E-01
  68.20000  0.234827557819E-01
  68.30000  0.252302109441E-01
  68.40000  0.275527046892E-01
  68.50000  0.288559715000E-01
  68.60000  0.262701937118E-01
  68.70000  0.277170995396E-01
  68.80000  0.264824861618E-01
  68.90000  0.205411743790E-01
  69.00000  0.215250257155E-01
  69.10000  0.199692785263E-01
  69.20000  0.150543029978E-01
  69.30000  0.176196717205E-01
  69.40000  0.183799110368E-01
  69.50000  0.175430049609E-01
  69.60000  0.212905877156E-01
  69.70000  0.235718220925E-01
  69.80000  0.255245682536E-01
  69.90000  0.270360946658E-01
  70.00000  0.276101081425E-01
  70.10000  0.292561033236E-01
  70.20000  0.262240844074E-01
  70.30000  0.239565775016E-01
  70.40000  0.247754143505E-01
  70.50000  0.193124166633E-01
  70.60000  0.169247960738E-01
  70.70000  0.191385177081E-01
  70.80000  0.155920497485E-01
  70.90000  0.161046462549E-01
  71.00000  0.205538075121E-01
  71.10000  0.205315831864E-01
  71.20000  0.231816174728E-01
  71.30000  0.269218068034E-01
  71.40000  0.280500288534E-01
  71.50000  0.293083904389E-01
  71.60000  0.286718762638E-01
  71.70000  0.285664365285E-01
  71.80000  0.269476682833E-01
  71.90000  0.222179533903E-01
  72.00000  0.220608256140E-01
  72.10000  0.201644204475E-01
  72.20000  0.155221281072E-01
  72.30000  0.182127575147E-01
  72.40000  0.191286879408E-01
  72.50000  0.177318859428E-01
  72.60000  0.231313981524E-01
  72.70000  0.260693457466E-01
  72.80000  0.267052975479E-01
  72.90000  0.307055112598E-01
  73.00000  0.319019045183E-01
  73.10000  0.315734734587E-01
  73.20000  0.306869497924E-01
  73.30000  0.285098203477E-01
  73.40000  0.272612265109E-01
  73.50000  0.228385183103E-01
  73.60000  0.201676954084E-01
  73.70000  0.213466708971E-01
  73.80000  0.177730376437E-01
  73.90000  0.182654652864E-01
  74.00000  0.236490331530E-01
  74.10000  0.228562505929E-01
  74.20000  0.260182840226E-01
  74.30000  0.324505253760E-01
  74.40000  0.320704573343E-01
  74.50000  0.338536415985E-01
  74.60000  0.363075466553E-01
  74.70000  0.338784454859E-01
  74.80000  0.321327656872E-01
  74.90000  0.295029889260E-01
  75.00000  0.268232018272E-01
  75.10000  0.242626618835E-01
  75.20000  0.203281036724E-01
  75.30000  0.216904267693E-01
  75.40000  0.222433117412E-01
  75.50000  0.205521514420E-01
  75.60000  0.269081713527E-01
  75.70000  0.302904473710E-01
  75.80000  0.298506267299E-01
  75.90000  0.367527634223E-01
  76.00000  0.386711260336E-01
  76.10000  0.362223923052E-01
  76.20000  0.386190843628E-01
  76.30000  0.364986567623E-01
  76.40000  0.321376491200E-01
  76.50000  0.299686225573E-01
  76.60000  0.265405128981E-01
  76.70000  0.247415916130E-01
  76.80000  0.221147471463E-01
  76.90000  0.219187569348E-01
  77.00000  0.261213555376E-01
  77.10000  0.253840596315E-01
  77.20000  0.287585090492E-01
  77.30000  0.365460830154E-01
  77.40000  0.353686196160E-01
  77.50000  0.379918986585E-01
  77.60000  0.434267502283E-01
  77.70000  0.388450166700E-01
  77.80000  0.375072403679E-01
  77.90000  0.378097301047E-01
  78.00000  0.315848996946E-01
  78.10000  0.284638001109E-01
  78.20000  0.264587855471E-01
  78.30000  0.241165970416E-01
  78.40000  0.237901953024E-01
  78.50000  0.231972182069E-01
  78.60000  0.275533252398E-01
  78.70000  0.307498478619E-01
  78.80000  0.309082602996E-01
  78.90000  0.384460420797E-01
  79.00000  0.409532154538E-01
  79.10000  0.381528618098E-01
  79.20000  0.430500150532E-01
  79.30000  0.412933208627E-01
  79.40000  0.347908545988E-01
  79.50000  0.354071149574E-01
  79.60000  0.312591754007E-01
  79.70000  0.256083092270E-01
  79.80000  0.251787047202E-01
  79.90000  0.235923366057E-01
  80.00000  0.237948792333E-01
  80.10000  0.249098172833E-01
  80.20000  0.275286341184E-01
  80.30000  0.331290783986E-01
  80.40000  0.337362133025E-01
  80.50000  0.369065741130E-01
  80.60000  0.426354603994E-01
  80.70000  0.389694272599E-01
  80.80000  0.386465100480E-01
  80.90000  0.406908289846E-01
  81.00000  0.330821449683E-01
  81.10000  0.300549708353E-01
  81.20000  0.298865193025E-01
  81.30000  0.235211183231E-01
  81.40000  0.221622935571E-01
  81.50000  0.233599686552E-01
  81.60000  0.227428792261E-01
  81.70000  0.251219023702E-01
  81.80000  0.278355155555E-01
  81.90000  0.319241291704E-01
  82.00000  0.350635171126E-01
  82.10000  0.355378618198E-01
  82.20000  0.395426162854E-01
  82.30000  0.392742148675E-01
  82.40000  0.349255630028E-01
  82.50000  0.362115992008E-01
  82.60000  0.325095911018E-01
  82.70000  0.257914261872E-01
  82.80000  0.263796792011E-01
  82.90000  0.233528575969E-01
  83.00000  0.193524429446E-01
  83.10000  0.222387523350E-01
  83.20000  0.229653232344E-01
  83.30000  0.237541703126E-01
  83.40000  0.281785264281E-01
  83.50000  0.310234015317E-01
  83.60000  0.337717230166E-01
  83.70000  0.356177176534E-01
  83.80000  0.365484277738E-01
  83.90000  0.375142593949E-01
  84.00000  0.342754564818E-01
  84.10000  0.320516581257E-01
  84.20000  0.312502763647E-01
  84.30000  0.252358296885E-01
  84.40000  0.229017648393E-01
  84.50000  0.236683359445E-01
  84.60000  0.194421158863E-01
  84.70000  0.203707476529E-01
  84.80000  0.245927244253E-01
  84.90000  0.238742526990E-01
  85.00000  0.274377309959E-01
  85.10000  0.326068761374E-01
  85.20000  0.329153941278E-01
  85.30000  0.352057288408E-01
  85.40000  0.370390302682E-01
  85.50000  0.355694629415E-01
  85.60000  0.342024712136E-01
  85.70000  0.315667253434E-01
  85.80000  0.292413175268E-01
  85.90000  0.261978897681E-01
  86.00000  0.222291353526E-01
  86.10000  0.227333658819E-01
  86.20000  0.217276501289E-01
  86.30000  0.198533437599E-01
  86.40000  0.248527162260E-01
  86.50000  0.266270173461E-01
  86.60000  0.265771244468E-01
  86.70000  0.331708894107E-01
  86.80000  0.346858643621E-01
  86.90000  0.334771816874E-01
  87.00000  0.371456208799E-01
  87.10000  0.356294533995E-01
  87.20000  0.320902618347E-01
  87.30000  0.314910088827E-01
  87.40000  0.281208783181E-01
  87.50000  0.250011374482E-01
  87.60000  0.227413655167E-01
  87.70000  0.212579564275E-01
  87.80000  0.221226502183E-01
  87.90000  0.208527543959E-01
  88.00000  0.229230071745E-01
  88.10000  0.277500147282E-01
  88.20000  0.268059659931E-01
  88.30000  0.300365282542E-01
  88.40000  0.350699284269E-01
  88.50000  0.319152525354E-01
  88.60000  0.329073947397E-01
  88.70000  0.348664353776E-01
  88.80000  0.292181861895E-01
  88.90000  0.276400074834E-01
  89.00000  0.269894736479E-01
  89.10000  0.221013129959E-01
  89.20000  0.206904916920E-01
  89.30000  0.201545195795E-01
  89.40000  0.195163066169E-01
  89.50000  0.203011744533E-01
  89.60000  0.209279178477E-01
  89.70000  0.244916141054E-01
  89.80000  0.262005646679E-01
  89.90000  0.261016698246E-01
  90.00000  0.305849036603E-01
  90.10000  0.303938138767E-01
  90.20000  0.275264217503E-01
  90.30000  0.301627591552E-01
  90.40000  0.273436366504E-01
  90.50000  0.225512195988E-01
  90.60000  0.236279581469E-01
  90.70000  0.204961895719E-01
  90.80000  0.169439025388E-01
  90.90000  0.183812320438E-01
  91.00000  0.175501723580E-01
  91.10000  0.173445912658E-01
  91.20000  0.195531438958E-01
  91.30000  0.210083785565E-01
  91.40000  0.231320829382E-01
  91.50000  0.241844155269E-01
  91.60000  0.256194401153E-01
  91.70000  0.274688762007E-01
  91.80000  0.254456153769E-01
  91.90000  0.251858126426E-01
  92.00000  0.256352732993E-01
  92.10000  0.211150978980E-01
  92.20000  0.200033709474E-01
  92.30000  0.203482315708E-01
  92.40000  0.160221576583E-01
  92.50000  0.161513607024E-01
  92.60000  0.180518450322E-01
  92.70000  0.159899109749E-01
  92.80000  0.179971354598E-01
  92.90000  0.210923741533E-01
  93.00000  0.208959546601E-01
  93.10000  0.231017751191E-01
  93.20000  0.251737426108E-01
  93.30000  0.250519352149E-01
  93.40000  0.253932351698E-01
  93.50000  0.248152957453E-01
  93.60000  0.241224731866E-01
  93.70000  0.225012248922E-01
  93.80000  0.200163375355E-01
  93.90000  0.201387857111E-01
  94.00000  0.184012322257E-01
  94.10000  0.161593154116E-01
  94.20000  0.187149434001E-01
  94.30000  0.183771274338E-01
  94.40000  0.174764105945E-01
  94.50000  0.220576391543E-01
  94.60000  0.225843104390E-01
  94.70000  0.221031264692E-01
  94.80000  0.263256904294E-01
  94.90000  0.260177418392E-01
  95.00000  0.246144904677E-01
  95.10000  0.264229626803E-01
  95.20000  0.247319812395E-01
  95.30000  0.227106183009E-01
  95.40000  0.221951388359E-01
  95.50000  0.205602349571E-01
  95.60000  0.197758938473E-01
  95.70000  0.184605644991E-01
  95.80000  0.186514138385E-01
  95.90000  0.203673969474E-01
  96.00000  0.190769574289E-01
  96.10000  0.211170935886E-01
  96.20000  0.244590923144E-01
  96.30000  0.224980923827E-01
  96.40000  0.246822114246E-01
  96.50000  0.275383162636E-01
  96.60000  0.240898920506E-01
  96.70000  0.249600862883E-01
  96.80000  0.261583934238E-01
  96.90000  0.219691740507E-01
  97.00000  0.217813720166E-01
  97.10000  0.219456036835E-01
  97.20000  0.190811611291E-01
  97.30000  0.191008390514E-01
  97.40000  0.193719945851E-01
  97.50000  0.192963710569E-01
  97.60000  0.199985162053E-01
  97.70000  0.204056912891E-01
  97.80000  0.226586835381E-01
  97.90000  0.231088563467E-01
  98.00000  0.225900044477E-01
  98.10000  0.255043921336E-01
  98.20000  0.245700791431E-01
  98.30000  0.224623017298E-01
  98.40000  0.249177065636E-01
  98.50000  0.227219981602E-01
  98.60000  0.197987464886E-01
  98.70000  0.219691934167E-01
  98.80000  0.198491703298E-01
  98.90000  0.176749210784E-01
  99.00000  0.201283511515E-01
  99.10000  0.192413359854E-01
  99.20000  0.186661179121E-01
  99.30000  0.211215545880E-01
  99.40000  0.213674517799E-01
  99.50000  0.218935626335E-01
  99.60000  0.231728074405E-01
  99.70000  0.235871691750E-01
  99.80000  0.242101606500E-01
  99.90000  0.233909192048E-01
 100.00000  0.234139779515E-01
 100.10000  0.238510080735E-01
 100.20000  0.212445273679E-01
 100.30000  0.213541167194E-01
 100.40000  0.222477188645E-01
 100.50000  0.191059967964E-01
 100.60000  0.201450958366E-01
 100.70000  0.220986878304E-01
 100.80000  0.194419321200E-01
 100.90000  0.214935661798E-01
 101.00000  0.241285747288E-01
 101.10000  0.220332192154E-01
 101.20000  0.241633814400E-01
 101.30000  0.263044049427E-01
 101.40000  0.243795633974E-01
 101.50000  0.255240260542E-01
 101.60000  0.262892279573E-01
 101.70000  0.246630702454E-01
 101.80000  0.246240087318E-01
 101.90000  0.241772133860E-01
 102.00000  0.237478433574E-01
 102.10000  0.231888241556E-01
 102.20000  0.223474258208E-01
 102.30000  0.239541286059E-01
 102.40000  0.234813393802E-01
 102.50000  0.227158352962E-01
 102.60000  0.261743479243E-01
 102.70000  0.256361453358E-01
 102.80000  0.246572704527E-01
 102.90000  0.287658676928E-01
 103.00000  0.275808414735E-01
 103.10000  0.259466950454E-01
 103.20000  0.294483072821E-01
 103.30000  0.275152861711E-01
 103.40000  0.254598147011E-01
 103.50000  0.278884877440E-01
 103.60000  0.259575584962E-01
 103.70000  0.244118767029E-01
 103.80000  0.259757588431E-01
 103.90000  0.250313933887E-01
 104.00000  0.247989492008E-01
 104.10000  0.256127898061E-01
 104.20000  0.259800870432E-01
 104.30000  0.270099020780E-01
 104.40000  0.266818214686E-01
 104.50000  0.278417172783E-01
 104.60000  0.293855453288E-01
 104.70000  0.274386272981E-01
 104.80000  0.286824648119E-01
 104.90000  0.300930064600E-01
 105.00000  0.266799706726E-01
 105.10000  0.278133177610E-01
 105.20000  0.290753095005E-01
 105.30000  0.251308633556E-01
 105.40000  0.264756913210E-01
 105.50000  0.279524428345E-01
 105.60000  0.245973019606E-01
 105.70000  0.263848821620E-01
 105.80000  0.281611454179E-01
 105.90000  0.259850478847E-01
 106.00000  0.278758898923E-01
 106.10000  0.294649668888E-01
 106.20000  0.283885447125E-01
 106.30000  0.296477887099E-01
 106.40000  0.303673309889E-01
 106.50000  0.301243086704E-01
 106.60000  0.302437080484E-01
 106.70000  0.298343099382E-01
 106.80000  0.304842440584E-01
 106.90000  0.295923537615E-01
 107.00000  0.284308564789E-01
 107.10000  0.303441733779E-01
 107.20000  0.290094873006E-01
 107.30000  0.277270434029E-01
 107.40000  0.310821287866E-01
 107.50000  0.297571342968E-01
 107.60000  0.286875880830E-01
 107.70000  0.330351077746E-01
 107.80000  0.317325174390E-01
 107.90000  0.307556020818E-01
 108.00000  0.351228341788E-01
 108.10000  0.336306637220E-01
 108.20000  0.325270175257E-01
 108.30000  0.359733044683E-01
 108.40000  0.343317446865E-01
 108.50000  0.332260556370E-01
 108.60000  0.353181908492E-01
 108.70000  0.340178652818E-01
 108.80000  0.334174920464E-01
 108.90000  0.342161435935E-01
 109.00000  0.338923843781E-01
 109.10000  0.342783804618E-01
 109.20000  0.339502839394E-01
 109.30000  0.348825350185E-01
 109.40000  0.362798306851E-01
 109.50000  0.348057429050E-01
 109.60000  0.367167079589E-01
 109.70000  0.386708826548E-01
 109.80000  0.359548242631E-01
 109.90000  0.382745914338E-01
 110.00000  0.402292220625E-01
 110.10000  0.364506218420E-01
 110.20000  0.387473043673E-01
 110.30000  0.404290647323E-01
 110.40000  0.362256152507E-01
 110.50000  0.383867901570E-01
 110.60000  0.398491093492E-01
 110.70000  0.361123367071E-01
 110.80000  0.381645354069E-01
 110.90000  0.395172899145E-01
 111.00000  0.369775002217E-01
 111.10000  0.387971238987E-01
 111.20000  0.399431022884E-01
 111.30000  0.388997786297E-01
 111.40000  0.401326771122E-01
 111.50000  0.407721651100E-01
 111.60000  0.411494130028E-01
 111.70000  0.414085789709E-01
 111.80000  0.412795038240E-01
 111.90000  0.428786181011E-01
 112.00000  0.420190171273E-01
 112.10000  0.411278804086E-01
 112.20000  0.438135027386E-01
 112.30000  0.420404447107E-01
 112.40000  0.406830742283E-01
 112.50000  0.443585603426E-01
 112.60000  0.421019053048E-01
 112.70000  0.406809487515E-01
 112.80000  0.451244593281E-01
 112.90000  0.428091404808E-01
 113.00000  0.416169396106E-01
 113.10000  0.463613477024E-01
 113.20000  0.442580138699E-01
 113.30000  0.433882425704E-01
 113.40000  0.477684595336E-01
 113.50000  0.460071730997E-01
 113.60000  0.454285226454E-01
 113.70000  0.487738697551E-01
 113.80000  0.474623504226E-01
 113.90000  0.471607771723E-01
 114.00000  0.490070589656E-01
 114.10000  0.483285145409E-01
 114.20000  0.483936850315E-01
 114.30000  0.485934236430E-01
 114.40000  0.487967138769E-01
 114.50000  0.493905508281E-01
 114.60000  0.480805517537E-01
 114.70000  0.493647765438E-01
 114.80000  0.506000394207E-01
 114.90000  0.480730509920E-01
 115.00000  0.504419515706E-01
 115.10000  0.522574268094E-01
 115.20000  0.488309107493E-01
 115.30000  0.520150808537E-01
 115.40000  0.541386619027E-01
 115.50000  0.501048138609E-01
 115.60000  0.536166767025E-01
 115.70000  0.556586289726E-01
 115.80000  0.513395224462E-01
 115.90000  0.546476730101E-01
 116.00000  0.562806686973E-01
 116.10000  0.521261872314E-01
 116.20000  0.548491777246E-01
 116.30000  0.559576311502E-01
 116.40000  0.525701096546E-01
 116.50000  0.545603462147E-01
 116.60000  0.552449391871E-01
 116.70000  0.532519042697E-01
 116.80000  0.545116228816E-01
 116.90000  0.549365166180E-01
 117.00000  0.547543822297E-01
 117.10000  0.552597683491E-01
 117.20000  0.554620778751E-01
 117.30000  0.571066611666E-01
 117.40000  0.567040378835E-01
 117.50000  0.565331900860E-01
 117.60000  0.596301891261E-01
 117.70000  0.581208511274E-01
 117.80000  0.573800052810E-01
 117.90000  0.613890055801E-01
 118.00000  0.587569730993E-01
 118.10000  0.574424910369E-01
 118.20000  0.619331331962E-01
 118.30000  0.585230035349E-01
 118.40000  0.569491889290E-01
 118.50000  0.617101636105E-01
 118.60000  0.581697199865E-01
 118.70000  0.568369506040E-01
 118.80000  0.617293361756E-01
 118.90000  0.587138111600E-01
 119.00000  0.579930000097E-01
 119.10000  0.626876957714E-01
 119.20000  0.605385961509E-01
 119.30000  0.604257632345E-01
 119.40000  0.642919935199E-01
 119.50000  0.629555129200E-01
 119.60000  0.631214156518E-01
 119.70000  0.654252619782E-01
 119.80000  0.646898293842E-01
 119.90000  0.648075227353E-01
 120.00000  0.651057437155E-01
 120.10000  0.649561660335E-01
 120.20000  0.650325072756E-01
 120.30000  0.634441106089E-01
 120.40000  0.642030527847E-01
 120.50000  0.646077522618E-01
 120.60000  0.617140838848E-01
 120.70000  0.638078566010E-01
 120.80000  0.649428956148E-01
 120.90000  0.613744651238E-01
 121.00000  0.648967236647E-01
 121.10000  0.667776423989E-01
 121.20000  0.628305931547E-01
 121.30000  0.672873898753E-01
 121.40000  0.694166122938E-01
 121.50000  0.650354092845E-01
 121.60000  0.695300712317E-01
 121.70000  0.712098187469E-01
 121.80000  0.663567428947E-01
 121.90000  0.701010245697E-01
 122.00000  0.709474398778E-01
 122.10000  0.660230686007E-01
 122.20000  0.687650395945E-01
 122.30000  0.689879978813E-01
 122.40000  0.648928767759E-01
 122.50000  0.669026447659E-01
 122.60000  0.670944921683E-01
 122.70000  0.648126179587E-01
 122.80000  0.664350998207E-01
 122.90000  0.670258543232E-01
 123.00000  0.670275506620E-01
 123.10000  0.681890965333E-01
 123.20000  0.690259783118E-01
 123.30000  0.709755991533E-01
 123.40000  0.710928740681E-01
 123.50000  0.715240592181E-01
 123.60000  0.745607527566E-01
 123.70000  0.729744916196E-01
 123.80000  0.724029040072E-01
 123.90000  0.757955993525E-01
 124.00000  0.723908760036E-01
 124.10000  0.708442257628E-01
 124.20000  0.744860598316E-01
 124.30000  0.699564249250E-01
 124.40000  0.681632165727E-01
 124.50000  0.724744314317E-01
 124.60000  0.679507665233E-01
 124.70000  0.668091441697E-01
 124.80000  0.721148423265E-01
 124.90000  0.684239529973E-01
 125.00000  0.682874813471E-01
 125.10000  0.742137411930E-01
 125.20000  0.713843045899E-01
 125.30000  0.717840211689E-01
 125.40000  0.772322713920E-01
 125.50000  0.746836178902E-01
 125.60000  0.747519878647E-01
 125.70000  0.785225157883E-01
 125.80000  0.757877324772E-01
 125.90000  0.750415546066E-01
 126.00000  0.766065354935E-01
 126.10000  0.739679181470E-01
 126.20000  0.727831216791E-01
 126.30000  0.725645656389E-01
 126.40000  0.710364750198E-01
 126.50000  0.703942907802E-01
 126.60000  0.693080668630E-01
 126.70000  0.699404286977E-01
 126.80000  0.706287394768E-01
 126.90000  0.692642907795E-01
 127.00000  0.723085594978E-01
 127.10000  0.742236713278E-01
 127.20000  0.723408926287E-01
 127.30000  0.769607951125E-01
 127.40000  0.791026383848E-01
 127.50000  0.758903131646E-01
 127.60000  0.806925709567E-01
 127.70000  0.819066605792E-01
 127.80000  0.768281631355E-01
 127.90000  0.808289012443E-01
 128.00000  0.807230389238E-01
 128.10000  0.742499722908E-01
 128.20000  0.774982254084E-01
 128.30000  0.767634785884E-01
 128.40000  0.703250248528E-01
 128.50000  0.736438207583E-01
 128.60000  0.734647229361E-01
 128.70000  0.685709029541E-01
 128.80000  0.726153304444E-01
 128.90000  0.736359686293E-01
 129.00000  0.708676911375E-01
 129.10000  0.753161287607E-01
 129.20000  0.770492852400E-01
 129.30000  0.757725926708E-01
 129.40000  0.793769117458E-01
 129.50000  0.805822105266E-01
 129.60000  0.796427848873E-01
 129.70000  0.811154108785E-01
 129.80000  0.808331129608E-01
 129.90000  0.796483414239E-01
 130.00000  0.786378427258E-01
 130.10000  0.770083161126E-01
 130.20000  0.761495264284E-01
 130.30000  0.734955008386E-01
 130.40000  0.716927214098E-01
 130.50000  0.724887989899E-01
 130.60000  0.695557707111E-01
 130.70000  0.688911968041E-01
 130.80000  0.723660312640E-01
 130.90000  0.699845543682E-01
 131.00000  0.708778793280E-01
 131.10000  0.768370120173E-01
 131.20000  0.746773839950E-01
 131.30000  0.762929406479E-01
 131.40000  0.832742200265E-01
 131.50000  0.801696776180E-01
 131.60000  0.810403551308E-01
 131.70000  0.872226399307E-01
 131.80000  0.822489065037E-01
 131.90000  0.814559689889E-01
 132.00000  0.858722507793E-01
 132.10000  0.793466099291E-01
 132.20000  0.773181492343E-01
 132.30000  0.804032946125E-01
 132.40000  0.739272624979E-01
 132.50000  0.721396129532E-01
 132.60000  0.751240750329E-01
 132.70000  0.705334352595E-01
 132.80000  0.703025039670E-01
 132.90000  0.739490699750E-01
 133.00000  0.720027609005E-01
 133.10000  0.733836681258E-01
 133.20000  0.771719353062E-01
 133.30000  0.770921450985E-01
 133.40000  0.788410667381E-01
 133.50000  0.813066001422E-01
 133.60000  0.815491343544E-01
 133.70000  0.821601259395E-01
 133.80000  0.820596445817E-01
 133.90000  0.816386494776E-01
 134.00000  0.805588806371E-01
 134.10000  0.778598512471E-01
 134.20000  0.771543417858E-01
 134.30000  0.752144763506E-01
 134.40000  0.711436203929E-01
 134.50000  0.716148584865E-01
 134.60000  0.703999626970E-01
 134.70000  0.665633593495E-01
 134.80000  0.696397121168E-01
 134.90000  0.702910775924E-01
 135.00000  0.675186487552E-01
 135.10000  0.734397991081E-01
 135.20000  0.757333746810E-01
 135.30000  0.734725743331E-01
 135.40000  0.809166567820E-01
 135.50000  0.833125090990E-01
 135.60000  0.800788166748E-01
 135.70000  0.869273002885E-01
 135.80000  0.876653566571E-01
 135.90000  0.823292381437E-01
 136.00000  0.870972278200E-01
 136.10000  0.855789659712E-01
 136.20000  0.785147881356E-01
 136.30000  0.813307265569E-01
 136.40000  0.786397099647E-01
 136.50000  0.717042519750E-01
 136.60000  0.739767369860E-01
 136.70000  0.720183111893E-01
 136.80000  0.672685872355E-01
 136.90000  0.703111530403E-01
 137.00000  0.702808958823E-01
 137.10000  0.684984926799E-01
 137.20000  0.723357523859E-01
 137.30000  0.738394148559E-01
 137.40000  0.741059745282E-01
 137.50000  0.774574924897E-01
 137.60000  0.789566929010E-01
 137.70000  0.795411857952E-01
 137.80000  0.808614222050E-01
 137.90000  0.809431054663E-01
 138.00000  0.806799587944E-01
 138.10000  0.793163752665E-01
 138.20000  0.777504183135E-01
 138.30000  0.768820719789E-01
 138.40000  0.735242626629E-01
 138.50000  0.714289762794E-01
 138.60000  0.714280453644E-01
 138.70000  0.676257194294E-01
 138.80000  0.666984197609E-01
 138.90000  0.692171610041E-01
 139.00000  0.662761763078E-01
 139.10000  0.675481483141E-01
 139.20000  0.731180024229E-01
 139.30000  0.710665064066E-01
 139.40000  0.740006056332E-01
 139.50000  0.813941734827E-01
 139.60000  0.788524891178E-01
 139.70000  0.815793424514E-01
 139.80000  0.884852800646E-01
 139.90000  0.837598569902E-01
 140.00000  0.844689609312E-01
 140.10000  0.891152098915E-01
 140.20000  0.817463540864E-01
 140.30000  0.801443649576E-01
 140.40000  0.825372447798E-01
 140.50000  0.739252909429E-01
 140.60000  0.714566975352E-01
 140.70000  0.731499890482E-01
 140.80000  0.656431192379E-01
 140.90000  0.642912526945E-01
 141.00000  0.669689037863E-01
 141.10000  0.622335552591E-01
 141.20000  0.630210207126E-01
 141.30000  0.671911827771E-01
 141.40000  0.652378412401E-01
 141.50000  0.676331201572E-01
 141.60000  0.723827934220E-01
 141.70000  0.718389502256E-01
 141.80000  0.742918876108E-01
 141.90000  0.780103136558E-01
 142.00000  0.772061461862E-01
 142.10000  0.782279730729E-01
 142.20000  0.796574213100E-01
 142.30000  0.777748893018E-01
 142.40000  0.769009397643E-01
 142.50000  0.759368696103E-01
 142.60000  0.736298822603E-01
 142.70000  0.717639350465E-01
 142.80000  0.695454109861E-01
 142.90000  0.686006340544E-01
 143.00000  0.673997732761E-01
 143.10000  0.654539102004E-01
 143.20000  0.674930683718E-01
 143.30000  0.680199158500E-01
 143.40000  0.669418846171E-01
 143.50000  0.720293690383E-01
 143.60000  0.737274592787E-01
 143.70000  0.725656908830E-01
 143.80000  0.789880802041E-01
 143.90000  0.800359576083E-01
 144.00000  0.771114823037E-01
 144.10000  0.826650891390E-01
 144.20000  0.815057161033E-01
 144.30000  0.759700173572E-01
 144.40000  0.796141538802E-01
 144.50000  0.762467046729E-01
 144.60000  0.689056476832E-01
 144.70000  0.713380126417E-01
 144.80000  0.672655917834E-01
 144.90000  0.600210319523E-01
 145.00000  0.629101464046E-01
 145.10000  0.600136389278E-01
 145.20000  0.546075697294E-01
 145.30000  0.593560655941E-01
 145.40000  0.587278372915E-01
 145.50000  0.557884285115E-01
 145.60000  0.626717522637E-01
 145.70000  0.640538371117E-01
 145.80000  0.628400540647E-01
 145.90000  0.707850918354E-01
 146.00000  0.727074057357E-01
 146.10000  0.715399588687E-01
 146.20000  0.786073863413E-01
 146.30000  0.792171929103E-01
 146.40000  0.765285435428E-01
 146.50000  0.810463782950E-01
 146.60000  0.793723816167E-01
 146.70000  0.749123795426E-01
 146.80000  0.766126170511E-01
 146.90000  0.733810450415E-01
 147.00000  0.685798457777E-01
 147.10000  0.686943159321E-01
 147.20000  0.658091178516E-01
 147.30000  0.627331803416E-01
 147.40000  0.628087436820E-01
 147.50000  0.618008050617E-01
 147.60000  0.615238163530E-01
 147.70000  0.620745801436E-01
 147.80000  0.629592519394E-01
 147.90000  0.648588028156E-01
 148.00000  0.651424128891E-01
 148.10000  0.666802146620E-01
 148.20000  0.691765387350E-01
 148.30000  0.680888505071E-01
 148.40000  0.689523626666E-01
 148.50000  0.707776225159E-01
 148.60000  0.678002348215E-01
 148.70000  0.674880863752E-01
 148.80000  0.684131669766E-01
 148.90000  0.638950059928E-01
 149.00000  0.629097292322E-01
 149.10000  0.637279897408E-01
 149.20000  0.586400535640E-01
 149.30000  0.581581308836E-01
 149.40000  0.602035063744E-01
 149.50000  0.556411797818E-01
 149.60000  0.568471098480E-01
 149.70000  0.611622851088E-01
 149.80000  0.576339780467E-01
 149.90000  0.608296245805E-01
 150.00000  0.672496436821E-01
 150.10000  0.640944553769E-01
 150.20000  0.681874818750E-01
 150.30000  0.751220532991E-01
 150.40000  0.707896235484E-01
 150.50000  0.738936982682E-01
 150.60000  0.793291425185E-01
 150.70000  0.726331246624E-01
 150.80000  0.735073925568E-01
 150.90000  0.765037836143E-01
 151.00000  0.677691150646E-01
 151.10000  0.667742923167E-01
 151.20000  0.680580297761E-01
 151.30000  0.590005698363E-01
 151.40000  0.576852536840E-01
 151.50000  0.588813394158E-01
 151.60000  0.513877487731E-01
 151.70000  0.512695665225E-01
 151.80000  0.536889071857E-01
 151.90000  0.487007966297E-01
 152.00000  0.504024735071E-01
 152.10000  0.543973785723E-01
 152.20000  0.516512767132E-01
 152.30000  0.547882853128E-01
 152.40000  0.597636766146E-01
 152.50000  0.581510168449E-01
 152.60000  0.616212512950E-01
 152.70000  0.663457008357E-01
 152.80000  0.644950253357E-01
 152.90000  0.669765876319E-01
 153.00000  0.701544678775E-01
 153.10000  0.671852799679E-01
 153.20000  0.678806352196E-01
 153.30000  0.689464846384E-01
 153.40000  0.651501196579E-01
 153.50000  0.643740255963E-01
 153.60000  0.639080829904E-01
 153.70000  0.606730006704E-01
 153.80000  0.595850542485E-01
 153.90000  0.587631640422E-01
 154.00000  0.575202550249E-01
 154.10000  0.570682351764E-01
 154.20000  0.565791176686E-01
 154.30000  0.576623650038E-01
 154.40000  0.577891697993E-01
 154.50000  0.573476038410E-01
 154.60000  0.598788246758E-01
 154.70000  0.597820559249E-01
 154.80000  0.586540231909E-01
 154.90000  0.614301354171E-01
 155.00000  0.604308742945E-01
 155.10000  0.582238788137E-01
 155.20000  0.606040228801E-01
 155.30000  0.586567816164E-01
 155.40000  0.555690901680E-01
 155.50000  0.577001032643E-01
 155.60000  0.552807482388E-01
 155.70000  0.518676291160E-01
 155.80000  0.544551762229E-01
 155.90000  0.522495845412E-01
 156.00000  0.491493296718E-01
 156.10000  0.531055092824E-01
 156.20000  0.517147843790E-01
 156.30000  0.493718600229E-01
 156.40000  0.552941449820E-01
 156.50000  0.548263650950E-01
 156.60000  0.530946062394E-01
 156.70000  0.606766310858E-01
 156.80000  0.604195806811E-01
 156.90000  0.583994794495E-01
 157.00000  0.663640922925E-01
 157.10000  0.650846786279E-01
 157.20000  0.616638131141E-01
 157.30000  0.685582354383E-01
 157.40000  0.654343518124E-01
 157.50000  0.602254403084E-01
 157.60000  0.654529596736E-01
 157.70000  0.607876864516E-01
 157.80000  0.545287030917E-01
 157.90000  0.586433896254E-01
 158.00000  0.536383833139E-01
 158.10000  0.476521847303E-01
 158.20000  0.517702413390E-01
 158.30000  0.476636736458E-01
 158.40000  0.429890975540E-01
 158.50000  0.480351733343E-01
 158.60000  0.454483057133E-01
 158.70000  0.423994371273E-01
 158.80000  0.487413180278E-01
 158.90000  0.475610486865E-01
 159.00000  0.457718973656E-01
 159.10000  0.531468905952E-01
 159.20000  0.526757999356E-01
 159.30000  0.513075574091E-01
 159.40000  0.588669133267E-01
 159.50000  0.580914488705E-01
 159.60000  0.561680280147E-01
 159.70000  0.628014238373E-01
 159.80000  0.608986325750E-01
 159.90000  0.578600660607E-01
 160.00000  0.628287642779E-01
 160.10000  0.597368701368E-01
 160.20000  0.558773507702E-01
 160.30000  0.592555977913E-01
 160.40000  0.557499837995E-01
 160.50000  0.520215041971E-01
 160.60000  0.544691965121E-01
 160.70000  0.515488227067E-01
 160.80000  0.488148258597E-01
 160.90000  0.509394074830E-01
 161.00000  0.491036156269E-01
 161.10000  0.475706875861E-01
 161.20000  0.495699873987E-01
 161.30000  0.486602711702E-01
 161.40000  0.479660624479E-01
 161.50000  0.497720395560E-01
 161.60000  0.493389031401E-01
 161.70000  0.489992615005E-01
 161.80000  0.505163392660E-01
 161.90000  0.501808565048E-01
 162.00000  0.498783543607E-01
 162.10000  0.510050722584E-01
 162.20000  0.505790148273E-01
 162.30000  0.502262180794E-01
 162.40000  0.508247823405E-01
 162.50000  0.503618232624E-01
 162.60000  0.501368140457E-01
 162.70000  0.501324296180E-01
 162.80000  0.499594057709E-01
 162.90000  0.502631522620E-01
 163.00000  0.496939575034E-01
 163.10000  0.502163892502E-01
 163.20000  0.513721892560E-01
 163.30000  0.502071821264E-01
 163.40000  0.515099378929E-01
 163.50000  0.533878175627E-01
 163.60000  0.513507613040E-01
 163.70000  0.530208728227E-01
 163.80000  0.550421945159E-01
 163.90000  0.517879974042E-01
 164.00000  0.532376849615E-01
 164.10000  0.548414156525E-01
 164.20000  0.503592763849E-01
 164.30000  0.513334960142E-01
 164.40000  0.524299655650E-01
 164.50000  0.471893214253E-01
 164.60000  0.479382734801E-01
 164.70000  0.489220587801E-01
 164.80000  0.435828230746E-01
 164.90000  0.446275785665E-01
 165.00000  0.460633535836E-01
 165.10000  0.410834020833E-01
 165.20000  0.429125385232E-01
 165.30000  0.452515309490E-01
 165.40000  0.407220825231E-01
 165.50000  0.436207431438E-01
 165.60000  0.470458561456E-01
 165.70000  0.427123226382E-01
 165.80000  0.466350070228E-01
 165.90000  0.509321205693E-01
 166.00000  0.462505911226E-01
 166.10000  0.507288948468E-01
 166.20000  0.552622968981E-01
 166.30000  0.495645291402E-01
 166.40000  0.538552182921E-01
 166.50000  0.578465903395E-01
 166.60000  0.507081468769E-01
 166.70000  0.542257279460E-01
 166.80000  0.572338760945E-01
 166.90000  0.488157168893E-01
 167.00000  0.515122504466E-01
 167.10000  0.537046755673E-01
 167.20000  0.447136231018E-01
 167.30000  0.470592575765E-01
 167.40000  0.490424217398E-01
 167.50000  0.403063055763E-01
 167.60000  0.429435409600E-01
 167.70000  0.453663680888E-01
 167.80000  0.373969724836E-01
 167.90000  0.408136306215E-01
 168.00000  0.440841074140E-01
 168.10000  0.369249307072E-01
 168.20000  0.413183547758E-01
 168.30000  0.455105695827E-01
 168.40000  0.388223831292E-01
 168.50000  0.440661736447E-01
 168.60000  0.489071958798E-01
 168.70000  0.421256631073E-01
 168.80000  0.477818067758E-01
 168.90000  0.527165963918E-01
 169.00000  0.452635834628E-01
 169.10000  0.507353327997E-01
 169.20000  0.551608836517E-01
 169.30000  0.467275390560E-01
 169.40000  0.515628626765E-01
 169.50000  0.551513210940E-01
 169.60000  0.458968197154E-01
 169.70000  0.500252459641E-01
 169.80000  0.528784917772E-01
 169.90000  0.433415351429E-01
 170.00000  0.470430213110E-01
 170.10000  0.495575066571E-01
 170.20000  0.403254907627E-01
 170.30000  0.440050292876E-01
 170.40000  0.466124310054E-01
 170.50000  0.380244337862E-01
 170.60000  0.420211086394E-01
 170.70000  0.450241242424E-01
 170.80000  0.370965881204E-01
 170.90000  0.416161223777E-01
 171.00000  0.451439897122E-01
 171.10000  0.376586081551E-01
 171.20000  0.427446309293E-01
 171.30000  0.467330099556E-01
 171.40000  0.393511183795E-01
 171.50000  0.448493438685E-01
 171.60000  0.490390859042E-01
 171.70000  0.414197018319E-01
 171.80000  0.470118191456E-01
 171.90000  0.510436680830E-01
 172.00000  0.429889157259E-01
 172.10000  0.483375050643E-01
 172.20000  0.519261376183E-01
 172.30000  0.434842536479E-01
 172.40000  0.483869850563E-01
 172.50000  0.514401405643E-01
 172.60000  0.428620394159E-01
 172.70000  0.472973967678E-01
 172.80000  0.499016344567E-01
 172.90000  0.414760473432E-01
 173.00000  0.455565191130E-01
 173.10000  0.478965712929E-01
 173.20000  0.398075036409E-01
 173.30000  0.437318124759E-01
 173.40000  0.460346503756E-01
 173.50000  0.383298082465E-01
 173.60000  0.423534032457E-01
 173.70000  0.448502444983E-01
 173.80000  0.374768490939E-01
 173.90000  0.418466706557E-01
 174.00000  0.447029943221E-01
 174.10000  0.375394118355E-01
 174.20000  0.423862498057E-01
 174.30000  0.456191236615E-01
 174.40000  0.385013370582E-01
 174.50000  0.437653550584E-01
 174.60000  0.472218385617E-01
 174.70000  0.399939797226E-01
 174.80000  0.454455789234E-01
 174.90000  0.488679608182E-01
 175.00000  0.414397263496E-01
 175.10000  0.467752278008E-01
 175.20000  0.499051480626E-01
 175.30000  0.422723450303E-01
 175.40000  0.472270912918E-01
 175.50000  0.498973643548E-01
 175.60000  0.421224838341E-01
 175.70000  0.465701920403E-01
 175.80000  0.487699394727E-01
 175.90000  0.409552040198E-01
 176.00000  0.449751740935E-01
 176.10000  0.468754508209E-01
 176.20000  0.391377734588E-01
 176.30000  0.430132122738E-01
 176.40000  0.449236295289E-01
 176.50000  0.373529583012E-01
 176.60000  0.414774067383E-01
 176.70000  0.437322245776E-01
 176.80000  0.363366452934E-01
 176.90000  0.410651246317E-01
 177.00000  0.438914522546E-01
 177.10000  0.365632095452E-01
 177.20000  0.420797029607E-01
 177.30000  0.455091956318E-01
 177.40000  0.380304941394E-01
 177.50000  0.442781746481E-01
 177.60000  0.481256871690E-01
 177.70000  0.402019849181E-01
 177.80000  0.468902441940E-01
 177.90000  0.508026394008E-01
 178.00000  0.421188915809E-01
 178.10000  0.488209168860E-01
 178.20000  0.524063290093E-01
 178.30000  0.427193954027E-01
 178.40000  0.490594178869E-01
 178.50000  0.520801781882E-01
 178.60000  0.413211213175E-01
 178.70000  0.471832362593E-01
 178.80000  0.497266890416E-01
 178.90000  0.380139005643E-01
 179.00000  0.436568298349E-01
 179.10000  0.461902321523E-01
 179.20000  0.336481287631E-01
 179.30000  0.396908802900E-01
 179.40000  0.430615309385E-01
 179.50000  0.293809791220E-01
 179.60000  0.368651932267E-01
 179.70000  0.428847191770E-01
 179.80000  0.263671110577E-01
 179.90000  0.391562937688E-01
 180.00000  0.108829279798E+00
