 # E =   0.399970714696290       eV =    3226.21760000000       1/cm
 #  1801
# DFFCSO.  ACCUM LEV(I),J(I) =  1  0 LEV(F),J(F) =  1  0       , M =  0, WEIGHTED BY  1.00000
   0.10000  0.844158380851E+07
   0.20000  0.411514481963E+07
   0.30000  0.115158402538E+07
   0.40000  0.300254053771E+06
   0.50000  0.252315506896E+06
   0.60000  0.192139383726E+06
   0.70000  0.124461927084E+06
   0.80000  0.970206319564E+05
   0.90000  0.745693132679E+05
   1.00000  0.577319511822E+05
   1.10000  0.463092613861E+05
   1.20000  0.354469044048E+05
   1.30000  0.315171153084E+05
   1.40000  0.315342009966E+05
   1.50000  0.273015869652E+05
   1.60000  0.216669138510E+05
   1.70000  0.184561380929E+05
   1.80000  0.153682250706E+05
   1.90000  0.129153303988E+05
   2.00000  0.129874073297E+05
   2.10000  0.128078113571E+05
   2.20000  0.106891364540E+05
   2.30000  0.873778703041E+04
   2.40000  0.757073224434E+04
   2.50000  0.649632175917E+04
   2.60000  0.632047124115E+04
   2.70000  0.720514346220E+04
   2.80000  0.753622361498E+04
   2.90000  0.678764441142E+04
   3.00000  0.590460116589E+04
   3.10000  0.505053625588E+04
   3.20000  0.412292786449E+04
   3.30000  0.380912789393E+04
   3.40000  0.413174340868E+04
   3.50000  0.418313242373E+04
   3.60000  0.374746322825E+04
   3.70000  0.326961429359E+04
   3.80000  0.277834345817E+04
   3.90000  0.225103830812E+04
   4.00000  0.213731756426E+04
   4.10000  0.252079936512E+04
   4.20000  0.282361096848E+04
   4.30000  0.278297884904E+04
   4.40000  0.259060257008E+04
   4.50000  0.225454693907E+04
   4.60000  0.178765241222E+04
   4.70000  0.153390352290E+04
   4.80000  0.168059547256E+04
   4.90000  0.195008418871E+04
   5.00000  0.208990631197E+04
   5.10000  0.210845344370E+04
   5.20000  0.194056596619E+04
   5.30000  0.152557119926E+04
   5.40000  0.111233611789E+04
   5.50000  0.966917577108E+03
   5.60000  0.103363783422E+04
   5.70000  0.116280375038E+04
   5.80000  0.132531466886E+04
   5.90000  0.143116367350E+04
   6.00000  0.131183239519E+04
   6.10000  0.101979823823E+04
   6.20000  0.791808607484E+03
   6.30000  0.715822831627E+03
   6.40000  0.742507214340E+03
   6.50000  0.872900305158E+03
   6.60000  0.107547773064E+04
   6.70000  0.118947733981E+04
   6.80000  0.111040200870E+04
   6.90000  0.927987650637E+03
   7.00000  0.757426545315E+03
   7.10000  0.625212126134E+03
   7.20000  0.576080672472E+03
   7.30000  0.661124349399E+03
   7.40000  0.809339058867E+03
   7.50000  0.887473701976E+03
   7.60000  0.858675009068E+03
   7.70000  0.763270910719E+03
   7.80000  0.615261525088E+03
   7.90000  0.446490555871E+03
   8.00000  0.354384027677E+03
   8.10000  0.384582953706E+03
   8.20000  0.469963298630E+03
   8.30000  0.540754014622E+03
   8.40000  0.584002125876E+03
   8.50000  0.578494833993E+03
   8.60000  0.490243498536E+03
   8.70000  0.359041957036E+03
   8.80000  0.278101038711E+03
   8.90000  0.277539935026E+03
   9.00000  0.324670024229E+03
   9.10000  0.401981481960E+03
   9.20000  0.494143557583E+03
   9.30000  0.545209633764E+03
   9.40000  0.510587998264E+03
   9.50000  0.422257527566E+03
   9.60000  0.340859528355E+03
   9.70000  0.287941275613E+03
   9.80000  0.273124957107E+03
   9.90000  0.317024985142E+03
  10.00000  0.405106404246E+03
  10.10000  0.477918773013E+03
  10.20000  0.494516789048E+03
  10.30000  0.463178707053E+03
  10.40000  0.399258407897E+03
  10.50000  0.310641166219E+03
  10.60000  0.231722153210E+03
  10.70000  0.206412160079E+03
  10.80000  0.234733823742E+03
  10.90000  0.280667524533E+03
  11.00000  0.320275655043E+03
  11.10000  0.344469736318E+03
  11.20000  0.332534606097E+03
  11.30000  0.272523580391E+03
  11.40000  0.194342649127E+03
  11.50000  0.139411138069E+03
  11.60000  0.117661882640E+03
  11.70000  0.120672676639E+03
  11.80000  0.147265577705E+03
  11.90000  0.188883220150E+03
  12.00000  0.214691454586E+03
  12.10000  0.203068370167E+03
  12.20000  0.167374919236E+03
  12.30000  0.129590829300E+03
  12.40000  0.971060378840E+02
  12.50000  0.773712945657E+02
  12.60000  0.848891627504E+02
  12.70000  0.118911369410E+03
  12.80000  0.155803202557E+03
  12.90000  0.176930839543E+03
  13.00000  0.182476122413E+03
  13.10000  0.173259565565E+03
  13.20000  0.147580000986E+03
  13.30000  0.117585349677E+03
  13.40000  0.104496333239E+03
  13.50000  0.114710967311E+03
  13.60000  0.137657427077E+03
  13.70000  0.166269003141E+03
  13.80000  0.197718651207E+03
  13.90000  0.219006564390E+03
  14.00000  0.216921554904E+03
  14.10000  0.197143717171E+03
  14.20000  0.175894825580E+03
  14.30000  0.159244651335E+03
  14.40000  0.146594297303E+03
  14.50000  0.146201002880E+03
  14.60000  0.165352307849E+03
  14.70000  0.193231309754E+03
  14.80000  0.213121978614E+03
  14.90000  0.221861115936E+03
  15.00000  0.223003783017E+03
  15.10000  0.211955386309E+03
  15.20000  0.185237041165E+03
  15.30000  0.156059104628E+03
  15.40000  0.141374409054E+03
  15.50000  0.141839584443E+03
  15.60000  0.149297554498E+03
  15.70000  0.162230354670E+03
  15.80000  0.179855743471E+03
  15.90000  0.190588235085E+03
  16.00000  0.182998060155E+03
  16.10000  0.162451718485E+03
  16.20000  0.142046868781E+03
  16.30000  0.125576084194E+03
  16.40000  0.111706346435E+03
  16.50000  0.104996768033E+03
  16.60000  0.109929713958E+03
  16.70000  0.119638516433E+03
  16.80000  0.123404000209E+03
  16.90000  0.120654908115E+03
  17.00000  0.116115910113E+03
  17.10000  0.108684358649E+03
  17.20000  0.955435760422E+02
  17.30000  0.811276157351E+02
  17.40000  0.725204423590E+02
  17.50000  0.692611433211E+02
  17.60000  0.668792343990E+02
  17.70000  0.659996461862E+02
  17.80000  0.686869084133E+02
  17.90000  0.712891159774E+02
  18.00000  0.685685448150E+02
  18.10000  0.614025352891E+02
  18.20000  0.542276520208E+02
  18.30000  0.476256797555E+02
  18.40000  0.404998695723E+02
  18.50000  0.356263568130E+02
  18.60000  0.359214935293E+02
  18.70000  0.390040814596E+02
  18.80000  0.403457642549E+02
  18.90000  0.392637434932E+02
  19.00000  0.374557357408E+02
  19.10000  0.341357517220E+02
  19.20000  0.283486639406E+02
  19.30000  0.228931984497E+02
  19.40000  0.209335026714E+02
  19.50000  0.216610902050E+02
  19.60000  0.224183028002E+02
  19.70000  0.229536946810E+02
  19.80000  0.240250462487E+02
  19.90000  0.239664252569E+02
  20.00000  0.212269206363E+02
  20.10000  0.175996051725E+02
  20.20000  0.155325738628E+02
  20.30000  0.147888727950E+02
  20.40000  0.140504628164E+02
  20.50000  0.140004403190E+02
  20.60000  0.156190583127E+02
  20.70000  0.172665507671E+02
  20.80000  0.170855048715E+02
  20.90000  0.158305603984E+02
  21.00000  0.148813313273E+02
  21.10000  0.137059132198E+02
  21.20000  0.114050455211E+02
  21.30000  0.937652298290E+01
  21.40000  0.943919460443E+01
  21.50000  0.108604631091E+02
  21.60000  0.121452499969E+02
  21.70000  0.134664059368E+02
  21.80000  0.152377671416E+02
  21.90000  0.160467743975E+02
  22.00000  0.142677034869E+02
  22.10000  0.109582808965E+02
  22.20000  0.839941630476E+01
  22.30000  0.706396013362E+01
  22.40000  0.648667304673E+01
  22.50000  0.720942066084E+01
  22.60000  0.981802098657E+01
  22.70000  0.129393455803E+02
  22.80000  0.143533036581E+02
  22.90000  0.138585940822E+02
  23.00000  0.126492520780E+02
  23.10000  0.109499913611E+02
  23.20000  0.846951256810E+01
  23.30000  0.605194234151E+01
  23.40000  0.518305845704E+01
  23.50000  0.596504693724E+01
  23.60000  0.727737841144E+01
  23.70000  0.880495382311E+01
  23.80000  0.107680016738E+02
  23.90000  0.124027162404E+02
  24.00000  0.124681752626E+02
  24.10000  0.108369238292E+02
  24.20000  0.855736632993E+01
  24.30000  0.629590793048E+01
  24.40000  0.417546880039E+01
  24.50000  0.297500803387E+01
  24.60000  0.358095255792E+01
  24.70000  0.567257179155E+01
  24.80000  0.803767434296E+01
  24.90000  0.988421406705E+01
  25.00000  0.110633307200E+02
  25.10000  0.110497236513E+02
  25.20000  0.928869452434E+01
  25.30000  0.649676114021E+01
  25.40000  0.408263902773E+01
  25.50000  0.268889073542E+01
  25.60000  0.213251660718E+01
  25.70000  0.247528929527E+01
  25.80000  0.406380645985E+01
  25.90000  0.627915629566E+01
  26.00000  0.783149885182E+01
  26.10000  0.832962259854E+01
  26.20000  0.823451357930E+01
  26.30000  0.760789525287E+01
  26.40000  0.594098857249E+01
  26.50000  0.347736563251E+01
  26.60000  0.154608280491E+01
  26.70000  0.937629144481E+00
  26.80000  0.130242943241E+01
  26.90000  0.227951901340E+01
  27.00000  0.395540013095E+01
  27.10000  0.600000791022E+01
  27.20000  0.721683405828E+01
  27.30000  0.684205184117E+01
  27.40000  0.550005469316E+01
  27.50000  0.407348502589E+01
  27.60000  0.270584557889E+01
  27.70000  0.134232533632E+01
  27.80000  0.472073402914E+00
  27.90000  0.669900387598E+00
  28.00000  0.164993444363E+01
  28.10000  0.272523204381E+01
  28.20000  0.373221716888E+01
  28.30000  0.470666172836E+01
  28.40000  0.527571521452E+01
  28.50000  0.489481671315E+01
  28.60000  0.362687451009E+01
  28.70000  0.216891819261E+01
  28.80000  0.100573928007E+01
  28.90000  0.259016590064E+00
  29.00000  0.760142001925E-01
  29.10000  0.573121023991E+00
  29.20000  0.158520669114E+01
  29.30000  0.265107598738E+01
  29.40000  0.341893576955E+01
  29.50000  0.379624919027E+01
  29.60000  0.365794896663E+01
  29.70000  0.297074640326E+01
  29.80000  0.198195924330E+01
  29.90000  0.103766747473E+01
  30.00000  0.370418453861E+00
  30.10000  0.508861887938E-01
  30.20000  0.178932194273E+00
  30.30000  0.771848461088E+00
  30.40000  0.150865180604E+01
  30.50000  0.206483169486E+01
  30.60000  0.240263405700E+01
  30.70000  0.257398017095E+01
  30.80000  0.245423415794E+01
  30.90000  0.185629101219E+01
  31.00000  0.994225397756E+00
  31.10000  0.338431826886E+00
  31.20000  0.467983447804E-01
  31.30000  0.170732223404E-01
  31.40000  0.233094414072E+00
  31.50000  0.781137803154E+00
  31.60000  0.149615306209E+01
  31.70000  0.191402251528E+01
  31.80000  0.187425818429E+01
  31.90000  0.166183440590E+01
  32.00000  0.147765060114E+01
  32.10000  0.120488832716E+01
  32.20000  0.711142078030E+00
  32.30000  0.214869711575E+00
  32.40000  0.255925634620E-01
  32.50000  0.106617667294E+00
  32.60000  0.292491635161E+00
  32.70000  0.571991508335E+00
  32.80000  0.976623005880E+00
  32.90000  0.135508174150E+01
  33.00000  0.142564279717E+01
  33.10000  0.117304116841E+01
  33.20000  0.846612953214E+00
  33.30000  0.589247338422E+00
  33.40000  0.377830141160E+00
  33.50000  0.172196492210E+00
  33.60000  0.510675852552E-01
  33.70000  0.114271441403E+00
  33.80000  0.303718803397E+00
  33.90000  0.525868562336E+00
  34.00000  0.726339142572E+00
  34.10000  0.855505568501E+00
  34.20000  0.888623542098E+00
  34.30000  0.794762614566E+00
  34.40000  0.597956452263E+00
  34.50000  0.378794697591E+00
  34.60000  0.197734788386E+00
  34.70000  0.115124684149E+00
  34.80000  0.120106129835E+00
  34.90000  0.154696531661E+00
  35.00000  0.232392735431E+00
  35.10000  0.382699404157E+00
  35.20000  0.582749590077E+00
  35.30000  0.712785535795E+00
  35.40000  0.665738345008E+00
  35.50000  0.520242981231E+00
  35.60000  0.394769825216E+00
  35.70000  0.301165675479E+00
  35.80000  0.203166772223E+00
  35.90000  0.111296323960E+00
  36.00000  0.110762754390E+00
  36.10000  0.192615670312E+00
  36.20000  0.246921712065E+00
  36.30000  0.269752655004E+00
  36.40000  0.338558445921E+00
  36.50000  0.467211545792E+00
  36.60000  0.540261302466E+00
  36.70000  0.448466969819E+00
  36.80000  0.281390277609E+00
  36.90000  0.178470147083E+00
  37.00000  0.150542677226E+00
  37.10000  0.137509443012E+00
  37.20000  0.110774740733E+00
  37.30000  0.125237945301E+00
  37.40000  0.195535647373E+00
  37.50000  0.248951159145E+00
  37.60000  0.267910246433E+00
  37.70000  0.286971275601E+00
  37.80000  0.324379412969E+00
  37.90000  0.342068967198E+00
  38.00000  0.277045127051E+00
  38.10000  0.167991145641E+00
  38.20000  0.993153388071E-01
  38.30000  0.949976606894E-01
  38.40000  0.126745768627E+00
  38.50000  0.138004455055E+00
  38.60000  0.132291613848E+00
  38.70000  0.154338866222E+00
  38.80000  0.200377370966E+00
  38.90000  0.243884196142E+00
  39.00000  0.249626047306E+00
  39.10000  0.219446193184E+00
  39.20000  0.192562619939E+00
  39.30000  0.161823490987E+00
  39.40000  0.118218029383E+00
  39.50000  0.836431279318E-01
  39.60000  0.867984514196E-01
  39.70000  0.136080518404E+00
  39.80000  0.170114334429E+00
  39.90000  0.153952182643E+00
  40.00000  0.141318305424E+00
  40.10000  0.175212273164E+00
  40.20000  0.236010997915E+00
  40.30000  0.250056081246E+00
  40.40000  0.193907092497E+00
  40.50000  0.139785806672E+00
  40.60000  0.125317992076E+00
  40.70000  0.128331514402E+00
  40.80000  0.124034380849E+00
  40.90000  0.118920699166E+00
  41.00000  0.145408183064E+00
  41.10000  0.176314002078E+00
  41.20000  0.168928058484E+00
  41.30000  0.149642201078E+00
  41.40000  0.158856152360E+00
  41.50000  0.199778497050E+00
  41.60000  0.216020810999E+00
  41.70000  0.166615610605E+00
  41.80000  0.106497214665E+00
  41.90000  0.918991861263E-01
  42.00000  0.118816787255E+00
  42.10000  0.143665707809E+00
  42.20000  0.133514269153E+00
  42.30000  0.121958299681E+00
  42.40000  0.134733145774E+00
  42.50000  0.151991275239E+00
  42.60000  0.159256614198E+00
  42.70000  0.154258036237E+00
  42.80000  0.156834801791E+00
  42.90000  0.164348101725E+00
  43.00000  0.143000605098E+00
  43.10000  0.105820311323E+00
  43.20000  0.912432001324E-01
  43.30000  0.116996327081E+00
  43.40000  0.155435837837E+00
  43.50000  0.151225540108E+00
  43.60000  0.117310167352E+00
  43.70000  0.108010261881E+00
  43.80000  0.135860227126E+00
  43.90000  0.169261061464E+00
  44.00000  0.162962501709E+00
  44.10000  0.130387369337E+00
  44.20000  0.115860888020E+00
  44.30000  0.115512343124E+00
  44.40000  0.112379724323E+00
  44.50000  0.104188414640E+00
  44.60000  0.108787591492E+00
  44.70000  0.133918582665E+00
  44.80000  0.139444693043E+00
  44.90000  0.114302473890E+00
  45.00000  0.982788632734E-01
  45.10000  0.118324620398E+00
  45.20000  0.158372835495E+00
  45.30000  0.163121424998E+00
  45.40000  0.124145921901E+00
  45.50000  0.964614896450E-01
  45.60000  0.106126465957E+00
  45.70000  0.134534785504E+00
  45.80000  0.144895586987E+00
  45.90000  0.132477774760E+00
  46.00000  0.131880350068E+00
  46.10000  0.142612261559E+00
  46.20000  0.145081221112E+00
  46.30000  0.140570785718E+00
  46.40000  0.142935268170E+00
  46.50000  0.163759453297E+00
  46.60000  0.172727004627E+00
  46.70000  0.144570470431E+00
  46.80000  0.112695923526E+00
  46.90000  0.114205122914E+00
  47.00000  0.149113073345E+00
  47.10000  0.171285589341E+00
  47.20000  0.146784803284E+00
  47.30000  0.114009569784E+00
  47.40000  0.113798619066E+00
  47.50000  0.140351743119E+00
  47.60000  0.158383107691E+00
  47.70000  0.144211307702E+00
  47.80000  0.126127655716E+00
  47.90000  0.125021232359E+00
  48.00000  0.124788004218E+00
  48.10000  0.117950160760E+00
  48.20000  0.112275539266E+00
  48.30000  0.124967254349E+00
  48.40000  0.143994457506E+00
  48.50000  0.133396654985E+00
  48.60000  0.105168162806E+00
  48.70000  0.979656288602E-01
  48.80000  0.124831527364E+00
  48.90000  0.155560782005E+00
  49.00000  0.145309466881E+00
  49.10000  0.110206665258E+00
  49.20000  0.969827687494E-01
  49.30000  0.113343247924E+00
  49.40000  0.134463491323E+00
  49.50000  0.132022047067E+00
  49.60000  0.118571447457E+00
  49.70000  0.120239107090E+00
  49.80000  0.125259589699E+00
  49.90000  0.121799161093E+00
  50.00000  0.117081973634E+00
  50.10000  0.127251064200E+00
  50.20000  0.151206379087E+00
  50.30000  0.152347852270E+00
  50.40000  0.124576317012E+00
  50.50000  0.106856650401E+00
  50.60000  0.124711533997E+00
  50.70000  0.162510564080E+00
  50.80000  0.171844218958E+00
  50.90000  0.143625067891E+00
  51.00000  0.123569917137E+00
  51.10000  0.135792728461E+00
  51.20000  0.163568823395E+00
  51.30000  0.172975604502E+00
  51.40000  0.158499258492E+00
  51.50000  0.150947199960E+00
  51.60000  0.154514682939E+00
  51.70000  0.152998668846E+00
  51.80000  0.145375985710E+00
  51.90000  0.144138376696E+00
  52.00000  0.160501953346E+00
  52.10000  0.169585876446E+00
  52.20000  0.147722967796E+00
  52.30000  0.120930162552E+00
  52.40000  0.122473421174E+00
  52.50000  0.152916432144E+00
  52.60000  0.171747758229E+00
  52.70000  0.148905272130E+00
  52.80000  0.117008317069E+00
  52.90000  0.113961086370E+00
  53.00000  0.136179781715E+00
  53.10000  0.152452140421E+00
  53.20000  0.142103880323E+00
  53.30000  0.128569212777E+00
  53.40000  0.130535821476E+00
  53.50000  0.134388674649E+00
  53.60000  0.131740597832E+00
  53.70000  0.128816867766E+00
  53.80000  0.140377410265E+00
  53.90000  0.156857164471E+00
  54.00000  0.147781532955E+00
  54.10000  0.121824101598E+00
  54.20000  0.113417912268E+00
  54.30000  0.136342336372E+00
  54.40000  0.164634989147E+00
  54.50000  0.157412528702E+00
  54.60000  0.125881839106E+00
  54.70000  0.113154046241E+00
  54.80000  0.130446457338E+00
  54.90000  0.154006181046E+00
  55.00000  0.153381349840E+00
  55.10000  0.137014582112E+00
  55.20000  0.133226687119E+00
  55.30000  0.138642519435E+00
  55.40000  0.139925585881E+00
  55.50000  0.136326687403E+00
  55.60000  0.140754370223E+00
  55.70000  0.157804703159E+00
  55.80000  0.160430952080E+00
  55.90000  0.139488878295E+00
  56.00000  0.123911737147E+00
  56.10000  0.137492549304E+00
  56.20000  0.169759676194E+00
  56.30000  0.178007401176E+00
  56.40000  0.150030851973E+00
  56.50000  0.125910411306E+00
  56.60000  0.133623143700E+00
  56.70000  0.160417339522E+00
  56.80000  0.170065376876E+00
  56.90000  0.151504640992E+00
  57.00000  0.135450496454E+00
  57.10000  0.136718101798E+00
  57.20000  0.142661341652E+00
  57.30000  0.141504495999E+00
  57.40000  0.136088867071E+00
  57.50000  0.141068644144E+00
  57.60000  0.146552513336E+00
  57.70000  0.133513385194E+00
  57.80000  0.114660768352E+00
  57.90000  0.113547874524E+00
  58.00000  0.135484487521E+00
  58.10000  0.151898245110E+00
  58.20000  0.135067843867E+00
  58.30000  0.107385776001E+00
  58.40000  0.103641041804E+00
  58.50000  0.126241686193E+00
  58.60000  0.146147102060E+00
  58.70000  0.137370084634E+00
  58.80000  0.118199651203E+00
  58.90000  0.115295574153E+00
  59.00000  0.124979864783E+00
  59.10000  0.132150965839E+00
  59.20000  0.129329729137E+00
  59.30000  0.129125248043E+00
  59.40000  0.136925686590E+00
  59.50000  0.134662919038E+00
  59.60000  0.120989015625E+00
  59.70000  0.114584176892E+00
  59.80000  0.128998459550E+00
  59.90000  0.151070953404E+00
  60.00000  0.147598208576E+00
  60.10000  0.120995429626E+00
  60.20000  0.106835658630E+00
  60.30000  0.122189262577E+00
  60.40000  0.148538330373E+00
  60.50000  0.150277158489E+00
  60.60000  0.127140124873E+00
  60.70000  0.112848476721E+00
  60.80000  0.120162119201E+00
  60.90000  0.134946586924E+00
  61.00000  0.137059104850E+00
  61.10000  0.127659786419E+00
  61.20000  0.125388188919E+00
  61.30000  0.127197510251E+00
  61.40000  0.122217707564E+00
  61.50000  0.114597114377E+00
  61.60000  0.115724551201E+00
  61.70000  0.129493941369E+00
  61.80000  0.134155727120E+00
  61.90000  0.115549435788E+00
  62.00000  0.955565131130E-01
  62.10000  0.975798579935E-01
  62.20000  0.119180151375E+00
  62.30000  0.130138718531E+00
  62.40000  0.111932935857E+00
  62.50000  0.892958211512E-01
  62.60000  0.878544430475E-01
  62.70000  0.103986538311E+00
  62.80000  0.114687484166E+00
  62.90000  0.105800159933E+00
  63.00000  0.945655970859E-01
  63.10000  0.947942834583E-01
  63.20000  0.984400612177E-01
  63.30000  0.984328276926E-01
  63.40000  0.964944915780E-01
  63.50000  0.102768799989E+00
  63.60000  0.112642948318E+00
  63.70000  0.107587650891E+00
  63.80000  0.928845625733E-01
  63.90000  0.894284546918E-01
  64.00000  0.106433756270E+00
  64.10000  0.126531296266E+00
  64.20000  0.121423186869E+00
  64.30000  0.988254815803E-01
  64.40000  0.898165548703E-01
  64.50000  0.104932463414E+00
  64.60000  0.125817447446E+00
  64.70000  0.124954829657E+00
  64.80000  0.106690804124E+00
  64.90000  0.976408546242E-01
  65.00000  0.103895380393E+00
  65.10000  0.113443178177E+00
  65.20000  0.113065594749E+00
  65.30000  0.106797115169E+00
  65.40000  0.107441255112E+00
  65.50000  0.108260115207E+00
  65.60000  0.101682706413E+00
  65.70000  0.948454076356E-01
  65.80000  0.985176488253E-01
  65.90000  0.112937212093E+00
  66.00000  0.116605054352E+00
  66.10000  0.999445296241E-01
  66.20000  0.846141499206E-01
  66.30000  0.902152140816E-01
  66.40000  0.111984380350E+00
  66.50000  0.121828402885E+00
  66.60000  0.105977258266E+00
  66.70000  0.882049377777E-01
  66.80000  0.901286495219E-01
  66.90000  0.107104016243E+00
  67.00000  0.117283045504E+00
  67.10000  0.108746673100E+00
  67.20000  0.982045500251E-01
  67.30000  0.983157736946E-01
  67.40000  0.102602325942E+00
  67.50000  0.103404825531E+00
  67.60000  0.100249452827E+00
  67.70000  0.102330277488E+00
  67.80000  0.107137040124E+00
  67.90000  0.100900645873E+00
  68.00000  0.881134446528E-01
  68.10000  0.840870403130E-01
  68.20000  0.957669511708E-01
  68.30000  0.108845204956E+00
  68.40000  0.101028966583E+00
  68.50000  0.805068089743E-01
  68.60000  0.727687295692E-01
  68.70000  0.857524734977E-01
  68.80000  0.102838324194E+00
  68.90000  0.100238818742E+00
  69.00000  0.834089358035E-01
  69.10000  0.761902037305E-01
  69.20000  0.840784947416E-01
  69.30000  0.955189260109E-01
  69.40000  0.966725012854E-01
  69.50000  0.912789101430E-01
  69.60000  0.922098824331E-01
  69.70000  0.952512349362E-01
  69.80000  0.937972379686E-01
  69.90000  0.912830488780E-01
  70.00000  0.958775268982E-01
  70.10000  0.108657668207E+00
  70.20000  0.112059972211E+00
  70.30000  0.989231009479E-01
  70.40000  0.875118734155E-01
  70.50000  0.942534543578E-01
  70.60000  0.114467431768E+00
  70.70000  0.122128696919E+00
  70.80000  0.105812290086E+00
  70.90000  0.885626870295E-01
  71.00000  0.912395875147E-01
  71.10000  0.109184096092E+00
  71.20000  0.118862159096E+00
  71.30000  0.107921133953E+00
  71.40000  0.944469222940E-01
  71.50000  0.940974061863E-01
  71.60000  0.102074450826E+00
  71.70000  0.106524727846E+00
  71.80000  0.102808645855E+00
  71.90000  0.101304246348E+00
  72.00000  0.104445227731E+00
  72.10000  0.102164978383E+00
  72.20000  0.953567200125E-01
  72.30000  0.937769115398E-01
  72.40000  0.104214528297E+00
  72.50000  0.115778085181E+00
  72.60000  0.109459916098E+00
  72.70000  0.923604083385E-01
  72.80000  0.870953963599E-01
  72.90000  0.101696924272E+00
  73.00000  0.119415720495E+00
  73.10000  0.115698855935E+00
  73.20000  0.963309372741E-01
  73.30000  0.873900883475E-01
  73.40000  0.976160459163E-01
  73.50000  0.112953849311E+00
  73.60000  0.113091226844E+00
  73.70000  0.100627305829E+00
  73.80000  0.945234554103E-01
  73.90000  0.980255088766E-01
  74.00000  0.102716690297E+00
  74.10000  0.102019925688E+00
  74.20000  0.999726449198E-01
  74.30000  0.103869576992E+00
  74.40000  0.105265730525E+00
  74.50000  0.976579739335E-01
  74.60000  0.904243694746E-01
  74.70000  0.947882024198E-01
  74.80000  0.109601920073E+00
  74.90000  0.114871550107E+00
  75.00000  0.100756495957E+00
  75.10000  0.861845483677E-01
  75.20000  0.899673897378E-01
  75.30000  0.108822113074E+00
  75.40000  0.118837946169E+00
  75.50000  0.106423934000E+00
  75.60000  0.902787432658E-01
  75.70000  0.901882169178E-01
  75.80000  0.103637742660E+00
  75.90000  0.112753902274E+00
  76.00000  0.106326213107E+00
  76.10000  0.968821978339E-01
  76.20000  0.961390941290E-01
  76.30000  0.994553571441E-01
  76.40000  0.100217340151E+00
  76.50000  0.977549548266E-01
  76.60000  0.994758269353E-01
  76.70000  0.104347070784E+00
  76.80000  0.100510593121E+00
  76.90000  0.901125059617E-01
  77.00000  0.864397024029E-01
  77.10000  0.967397682240E-01
  77.20000  0.110083098747E+00
  77.30000  0.106182678085E+00
  77.40000  0.890598032867E-01
  77.50000  0.814290802771E-01
  77.60000  0.931617336251E-01
  77.70000  0.110882650667E+00
  77.80000  0.111455064311E+00
  77.90000  0.959997293331E-01
  78.00000  0.871826682269E-01
  78.10000  0.945784962671E-01
  78.20000  0.108158120618E+00
  78.30000  0.111341333232E+00
  78.40000  0.103705299285E+00
  78.50000  0.100020174347E+00
  78.60000  0.102967843046E+00
  78.70000  0.105832404190E+00
  78.80000  0.105387014450E+00
  78.90000  0.105494782635E+00
  79.00000  0.111563096660E+00
  79.10000  0.114748600787E+00
  79.20000  0.107041477725E+00
  79.30000  0.981300386016E-01
  79.40000  0.100843091230E+00
  79.50000  0.115514708701E+00
  79.60000  0.123416328637E+00
  79.70000  0.111315431786E+00
  79.80000  0.949600850480E-01
  79.90000  0.949969557742E-01
  80.00000  0.111791881572E+00
  80.10000  0.123991970450E+00
  80.20000  0.114467391019E+00
  80.30000  0.971091765751E-01
  80.40000  0.935167252361E-01
  80.50000  0.105188005869E+00
  80.60000  0.116023813622E+00
  80.70000  0.111591018665E+00
  80.80000  0.100414286555E+00
  80.90000  0.970971749611E-01
  81.00000  0.100619104737E+00
  81.10000  0.103382952530E+00
  81.20000  0.101009065593E+00
  81.30000  0.989688997544E-01
  81.40000  0.101137862329E+00
  81.50000  0.992239799395E-01
  81.60000  0.913463363776E-01
  81.70000  0.859636236237E-01
  81.80000  0.903369654024E-01
  81.90000  0.999475025861E-01
  82.00000  0.981331112950E-01
  82.10000  0.831597040736E-01
  82.20000  0.725453549158E-01
  82.30000  0.777750285463E-01
  82.40000  0.916187807556E-01
  82.50000  0.934670528590E-01
  82.60000  0.784216040505E-01
  82.70000  0.654232599095E-01
  82.80000  0.676849444885E-01
  82.90000  0.795183720842E-01
  83.00000  0.838083238671E-01
  83.10000  0.742320220739E-01
  83.20000  0.647648639841E-01
  83.30000  0.646404910568E-01
  83.40000  0.695670158982E-01
  83.50000  0.715395023985E-01
  83.60000  0.681264221152E-01
  83.70000  0.667925759809E-01
  83.80000  0.682068509526E-01
  83.90000  0.659186744229E-01
  84.00000  0.613737711301E-01
  84.10000  0.605719714943E-01
  84.20000  0.674083082593E-01
  84.30000  0.739425968346E-01
  84.40000  0.684594595654E-01
  84.50000  0.573539734705E-01
  84.60000  0.550723306671E-01
  84.70000  0.657798768107E-01
  84.80000  0.773452543105E-01
  84.90000  0.736274681815E-01
  85.00000  0.603998174157E-01
  85.10000  0.556972601787E-01
  85.20000  0.649311573821E-01
  85.30000  0.773193211908E-01
  85.40000  0.774359357191E-01
  85.50000  0.679378412806E-01
  85.60000  0.638680460987E-01
  85.70000  0.689620836731E-01
  85.80000  0.765225305485E-01
  85.90000  0.782327665108E-01
  86.00000  0.757016446415E-01
  86.10000  0.768531125254E-01
  86.20000  0.792473226625E-01
  86.30000  0.786425426348E-01
  86.40000  0.773203744626E-01
  86.50000  0.804036596772E-01
  86.60000  0.891847950604E-01
  86.70000  0.927005377735E-01
  86.80000  0.850191650270E-01
  86.90000  0.773650593061E-01
  87.00000  0.815342477410E-01
  87.10000  0.960568242471E-01
  87.20000  0.103489540952E+00
  87.30000  0.932894279557E-01
  87.40000  0.800407530937E-01
  87.50000  0.811797224990E-01
  87.60000  0.962507726390E-01
  87.70000  0.106843056261E+00
  87.80000  0.989118176509E-01
  87.90000  0.846007481344E-01
  88.00000  0.820483040459E-01
  88.10000  0.924583978419E-01
  88.20000  0.102045868436E+00
  88.30000  0.982282693119E-01
  88.40000  0.882445637654E-01
  88.50000  0.851336072532E-01
  88.60000  0.888585093000E-01
  88.70000  0.925261668150E-01
  88.80000  0.908207122611E-01
  88.90000  0.879511479822E-01
  89.00000  0.887439375364E-01
  89.10000  0.878671569316E-01
  89.20000  0.832138005041E-01
  89.30000  0.796608266391E-01
  89.40000  0.825486096297E-01
  89.50000  0.896564203488E-01
  89.60000  0.885052019351E-01
  89.70000  0.772636854211E-01
  89.80000  0.691837513490E-01
  89.90000  0.736950854947E-01
  90.00000  0.856197263332E-01
  90.10000  0.875374234477E-01
  90.20000  0.744988020146E-01
  90.30000  0.627581105318E-01
  90.40000  0.651642777024E-01
  90.50000  0.774122548343E-01
  90.60000  0.824269604854E-01
  90.70000  0.724595668805E-01
  90.80000  0.611816721030E-01
  90.90000  0.608323049794E-01
  91.00000  0.688545344385E-01
  91.10000  0.737594830196E-01
  91.20000  0.689427957254E-01
  91.30000  0.628934564244E-01
  91.40000  0.625062900232E-01
  91.50000  0.645540576613E-01
  91.60000  0.652155702391E-01
  91.70000  0.639559667247E-01
  91.80000  0.654400362931E-01
  91.90000  0.688857115199E-01
  92.00000  0.668455763334E-01
  92.10000  0.610889089016E-01
  92.20000  0.597045070722E-01
  92.30000  0.671183176709E-01
  92.40000  0.763453262438E-01
  92.50000  0.740941539631E-01
  92.60000  0.632238857736E-01
  92.70000  0.588316845323E-01
  92.80000  0.678348074994E-01
  92.90000  0.811319745704E-01
  93.00000  0.816557620005E-01
  93.10000  0.696670413023E-01
  93.20000  0.623873867348E-01
  93.30000  0.688495909515E-01
  93.40000  0.816565786712E-01
  93.50000  0.849442565920E-01
  93.60000  0.760397081069E-01
  93.70000  0.690549851269E-01
  93.80000  0.717413552726E-01
  93.90000  0.794253428865E-01
  94.00000  0.825171082833E-01
  94.10000  0.786073516675E-01
  94.20000  0.760769328490E-01
  94.30000  0.772498354986E-01
  94.40000  0.779316221274E-01
  94.50000  0.769886569977E-01
  94.60000  0.767780154486E-01
  94.70000  0.810390959975E-01
  94.80000  0.846120586705E-01
  94.90000  0.801517178650E-01
  95.00000  0.730915631205E-01
  95.10000  0.732597799776E-01
  95.20000  0.831980845804E-01
  95.30000  0.917512773015E-01
  95.40000  0.863055603805E-01
  95.50000  0.742584822435E-01
  95.60000  0.718836372875E-01
  95.70000  0.835499585338E-01
  95.80000  0.962565564581E-01
  95.90000  0.934486687852E-01
  96.00000  0.801431813543E-01
  96.10000  0.747515112280E-01
  96.20000  0.837968870188E-01
  96.30000  0.966514236108E-01
  96.40000  0.972559115088E-01
  96.50000  0.868167832593E-01
  96.60000  0.807543379734E-01
  96.70000  0.850753799906E-01
  96.80000  0.932541218650E-01
  96.90000  0.948719306054E-01
  97.00000  0.894923713572E-01
  97.10000  0.864347732483E-01
  97.20000  0.873153528005E-01
  97.30000  0.880939348843E-01
  97.40000  0.869220774405E-01
  97.50000  0.858530550506E-01
  97.60000  0.884491303633E-01
  97.70000  0.894890219691E-01
  97.80000  0.838167212625E-01
  97.90000  0.772624502798E-01
  98.00000  0.776475381748E-01
  98.10000  0.858046411863E-01
  98.20000  0.903715147561E-01
  98.30000  0.821365285412E-01
  98.40000  0.705713512015E-01
  98.50000  0.694934828196E-01
  98.60000  0.803730939064E-01
  98.70000  0.892529509940E-01
  98.80000  0.827937671866E-01
  98.90000  0.693987288631E-01
  99.00000  0.658126294413E-01
  99.10000  0.755095267255E-01
  99.20000  0.862584146109E-01
  99.30000  0.837562811310E-01
  99.40000  0.726632176076E-01
  99.50000  0.680393203397E-01
  99.60000  0.738683162576E-01
  99.70000  0.822382152816E-01
  99.80000  0.826071989738E-01
  99.90000  0.765693885580E-01
 100.00000  0.739251470282E-01
 100.10000  0.758939735877E-01
 100.20000  0.783855488448E-01
 100.30000  0.782493958303E-01
 100.40000  0.772686804976E-01
 100.50000  0.792508926286E-01
 100.60000  0.798389830256E-01
 100.70000  0.757614379376E-01
 100.80000  0.717796702302E-01
 100.90000  0.734281059712E-01
 101.00000  0.806354188160E-01
 101.10000  0.830568732112E-01
 101.20000  0.748411932300E-01
 101.30000  0.658714277489E-01
 101.40000  0.669796385499E-01
 101.50000  0.775130173071E-01
 101.60000  0.835627526234E-01
 101.70000  0.752071156046E-01
 101.80000  0.630082299890E-01
 101.90000  0.616274222523E-01
 102.00000  0.720999010730E-01
 102.10000  0.809115391065E-01
 102.20000  0.755893337039E-01
 102.30000  0.637547428233E-01
 102.40000  0.602413133320E-01
 102.50000  0.676255543732E-01
 102.60000  0.760833178394E-01
 102.70000  0.743954687944E-01
 102.80000  0.662831935908E-01
 102.90000  0.629555123039E-01
 103.00000  0.661860164566E-01
 103.10000  0.707141678006E-01
 103.20000  0.705905481866E-01
 103.30000  0.675391462121E-01
 103.40000  0.672102818381E-01
 103.50000  0.676331493434E-01
 103.60000  0.662687311159E-01
 103.70000  0.644749265210E-01
 103.80000  0.653121250259E-01
 103.90000  0.696065827305E-01
 104.00000  0.700520123137E-01
 104.10000  0.635673730202E-01
 104.20000  0.578206935726E-01
 104.30000  0.598305776310E-01
 104.40000  0.682379490654E-01
 104.50000  0.712722057862E-01
 104.60000  0.627079038037E-01
 104.70000  0.531130023222E-01
 104.80000  0.537786230251E-01
 104.90000  0.639219272914E-01
 105.00000  0.702825752326E-01
 105.10000  0.632027595453E-01
 105.20000  0.522087684062E-01
 105.30000  0.506793861473E-01
 105.40000  0.595899238608E-01
 105.50000  0.676849922663E-01
 105.60000  0.641997229722E-01
 105.70000  0.551982404743E-01
 105.80000  0.526873733012E-01
 105.90000  0.583537755163E-01
 106.00000  0.650918577602E-01
 106.10000  0.647816945671E-01
 106.20000  0.602329056175E-01
 106.30000  0.592136463420E-01
 106.40000  0.615649658713E-01
 106.50000  0.640340840249E-01
 106.60000  0.643458070387E-01
 106.70000  0.645174967459E-01
 106.80000  0.672446489873E-01
 106.90000  0.680649110198E-01
 107.00000  0.651174579812E-01
 107.10000  0.629427214812E-01
 107.20000  0.659213752733E-01
 107.30000  0.731256276047E-01
 107.40000  0.749789602801E-01
 107.50000  0.678527187972E-01
 107.60000  0.613554797311E-01
 107.70000  0.642361567515E-01
 107.80000  0.746762937363E-01
 107.90000  0.794345051399E-01
 108.00000  0.710863564202E-01
 108.10000  0.607574701275E-01
 108.20000  0.612858332499E-01
 108.30000  0.723469973854E-01
 108.40000  0.800999947329E-01
 108.50000  0.736362432387E-01
 108.60000  0.620364865530E-01
 108.70000  0.597944561444E-01
 108.80000  0.687735092034E-01
 108.90000  0.776865709225E-01
 109.00000  0.747508597997E-01
 109.10000  0.651482023010E-01
 109.20000  0.616909555283E-01
 109.30000  0.670877303716E-01
 109.40000  0.742701902021E-01
 109.50000  0.742455066676E-01
 109.60000  0.689317747535E-01
 109.70000  0.668771330846E-01
 109.80000  0.690473496773E-01
 109.90000  0.719771203292E-01
 110.00000  0.723971893209E-01
 110.10000  0.715880977621E-01
 110.20000  0.731964426891E-01
 110.30000  0.740704988607E-01
 110.40000  0.718436391635E-01
 110.50000  0.697595430817E-01
 110.60000  0.716173020180E-01
 110.70000  0.776157236628E-01
 110.80000  0.796560174883E-01
 110.90000  0.734310912116E-01
 111.00000  0.669914009130E-01
 111.10000  0.686913733946E-01
 111.20000  0.779156674001E-01
 111.30000  0.828438675948E-01
 111.40000  0.752671119731E-01
 111.50000  0.646915704906E-01
 111.60000  0.639264520350E-01
 111.70000  0.739104331465E-01
 111.80000  0.818265023520E-01
 111.90000  0.757403525421E-01
 112.00000  0.632176543060E-01
 112.10000  0.593569200541E-01
 112.20000  0.675315332704E-01
 112.30000  0.768390661033E-01
 112.40000  0.739273874850E-01
 112.50000  0.625359244599E-01
 112.60000  0.568858055796E-01
 112.70000  0.617797017144E-01
 112.80000  0.699335941041E-01
 112.90000  0.699679298828E-01
 113.00000  0.621986965586E-01
 113.10000  0.572868050312E-01
 113.20000  0.591541420907E-01
 113.30000  0.638538929695E-01
 113.40000  0.648885024764E-01
 113.50000  0.615140710052E-01
 113.60000  0.598037729462E-01
 113.70000  0.604091520294E-01
 113.80000  0.606637155777E-01
 113.90000  0.600572118428E-01
 114.00000  0.598839457216E-01
 114.10000  0.625765464977E-01
 114.20000  0.642794771111E-01
 114.30000  0.608490809538E-01
 114.40000  0.565974229245E-01
 114.50000  0.571796014685E-01
 114.60000  0.636778311830E-01
 114.70000  0.682752062077E-01
 114.80000  0.632979363581E-01
 114.90000  0.550296564854E-01
 115.00000  0.539513342400E-01
 115.10000  0.622026855389E-01
 115.20000  0.700712897542E-01
 115.30000  0.660619250936E-01
 115.40000  0.552291972029E-01
 115.50000  0.513082608409E-01
 115.60000  0.588184334349E-01
 115.70000  0.687365716385E-01
 115.80000  0.674301671515E-01
 115.90000  0.566296595054E-01
 116.00000  0.504743870292E-01
 116.10000  0.554843180427E-01
 116.20000  0.651899788856E-01
 116.30000  0.667627615047E-01
 116.40000  0.585327254319E-01
 116.50000  0.522183576194E-01
 116.60000  0.544918243658E-01
 116.70000  0.617008888901E-01
 116.80000  0.647127660100E-01
 116.90000  0.603807765006E-01
 117.00000  0.564350544863E-01
 117.10000  0.573104710048E-01
 117.20000  0.607234069400E-01
 117.30000  0.627895809614E-01
 117.40000  0.618985664294E-01
 117.50000  0.620960815045E-01
 117.60000  0.638099292259E-01
 117.70000  0.636622540900E-01
 117.80000  0.625382154819E-01
 117.90000  0.630964395967E-01
 118.00000  0.676279373532E-01
 118.10000  0.722477606189E-01
 118.20000  0.701799854772E-01
 118.30000  0.647726372185E-01
 118.40000  0.641913246038E-01
 118.50000  0.715757075493E-01
 118.60000  0.800362724286E-01
 118.70000  0.783606896107E-01
 118.80000  0.692228165609E-01
 118.90000  0.654976475514E-01
 119.00000  0.732467843624E-01
 119.10000  0.849079602802E-01
 119.20000  0.856010682602E-01
 119.30000  0.747022617302E-01
 119.40000  0.673017561769E-01
 119.50000  0.730090397802E-01
 119.60000  0.859040578212E-01
 119.70000  0.897566284583E-01
 119.80000  0.796448215701E-01
 119.90000  0.697237437026E-01
 120.00000  0.720803018040E-01
 120.10000  0.837216487939E-01
 120.20000  0.899990403379E-01
 120.30000  0.827281722867E-01
 120.40000  0.726006384376E-01
 120.50000  0.719051156925E-01
 120.60000  0.802903494422E-01
 120.70000  0.870331119225E-01
 120.80000  0.833206124618E-01
 120.90000  0.754522359065E-01
 121.00000  0.734221702855E-01
 121.10000  0.778175090752E-01
 121.20000  0.826437261990E-01
 121.30000  0.816069117876E-01
 121.40000  0.775774688330E-01
 121.50000  0.765760499015E-01
 121.60000  0.777673277990E-01
 121.70000  0.788371418086E-01
 121.80000  0.784009037739E-01
 121.90000  0.782775371876E-01
 122.00000  0.803076474312E-01
 122.10000  0.802404512052E-01
 122.20000  0.769900360156E-01
 122.30000  0.747754995051E-01
 122.40000  0.771398540288E-01
 122.50000  0.830323818036E-01
 122.60000  0.840121657314E-01
 122.70000  0.773714605307E-01
 122.80000  0.716842668618E-01
 122.90000  0.742687549742E-01
 123.00000  0.833829263070E-01
 123.10000  0.871674889238E-01
 123.20000  0.791890842144E-01
 123.30000  0.696993735986E-01
 123.40000  0.703359893360E-01
 123.50000  0.808579182755E-01
 123.60000  0.879943143955E-01
 123.70000  0.810526952014E-01
 123.80000  0.689017327464E-01
 123.90000  0.663781347493E-01
 124.00000  0.760605957084E-01
 124.10000  0.857065803977E-01
 124.20000  0.815914858664E-01
 124.30000  0.689079110290E-01
 124.40000  0.633953068143E-01
 124.50000  0.704254545752E-01
 124.60000  0.807038428047E-01
 124.70000  0.799654273290E-01
 124.80000  0.690158066964E-01
 124.90000  0.619320987558E-01
 125.00000  0.655902447997E-01
 125.10000  0.743225960131E-01
 125.20000  0.761137233914E-01
 125.30000  0.684420543695E-01
 125.40000  0.618436131303E-01
 125.50000  0.627172579358E-01
 125.60000  0.682453917526E-01
 125.70000  0.706998120365E-01
 125.80000  0.665876778962E-01
 125.90000  0.623541368219E-01
 126.00000  0.620524662193E-01
 126.10000  0.638366140754E-01
 126.20000  0.648150167433E-01
 126.30000  0.632486889831E-01
 126.40000  0.623847095713E-01
 126.50000  0.628902402062E-01
 126.60000  0.616732097440E-01
 126.70000  0.595812520532E-01
 126.80000  0.587086605810E-01
 126.90000  0.610194164378E-01
 127.00000  0.639393636350E-01
 127.10000  0.614364742629E-01
 127.20000  0.558062261874E-01
 127.30000  0.536803286648E-01
 127.40000  0.579140212200E-01
 127.50000  0.639091439835E-01
 127.60000  0.621555780532E-01
 127.70000  0.537833503591E-01
 127.80000  0.490925935329E-01
 127.90000  0.534599482273E-01
 128.00000  0.620437177717E-01
 128.10000  0.626486032439E-01
 128.20000  0.532596152012E-01
 128.30000  0.457770147704E-01
 128.40000  0.486319528516E-01
 128.50000  0.583925725572E-01
 128.60000  0.619753325766E-01
 128.70000  0.535656588444E-01
 128.80000  0.441767216861E-01
 128.90000  0.446066099171E-01
 129.00000  0.537546893597E-01
 129.10000  0.597617973647E-01
 129.20000  0.538752663030E-01
 129.30000  0.442052201258E-01
 129.40000  0.423271496286E-01
 129.50000  0.493582871394E-01
 129.60000  0.563082712162E-01
 129.70000  0.535082356902E-01
 129.80000  0.453045390077E-01
 129.90000  0.421771725865E-01
 130.00000  0.464055537623E-01
 130.10000  0.524531015959E-01
 130.20000  0.521629509860E-01
 130.30000  0.466644093551E-01
 130.40000  0.438676742686E-01
 130.50000  0.456477776921E-01
 130.60000  0.492541188489E-01
 130.70000  0.500035793592E-01
 130.80000  0.475188310872E-01
 130.90000  0.465691524903E-01
 131.00000  0.471439378809E-01
 131.10000  0.476161486532E-01
 131.20000  0.475870185373E-01
 131.30000  0.474152278401E-01
 131.40000  0.492268797844E-01
 131.50000  0.502699740747E-01
 131.60000  0.479861920114E-01
 131.70000  0.456517767857E-01
 131.80000  0.463494748606E-01
 131.90000  0.509209830793E-01
 132.00000  0.539400084690E-01
 132.10000  0.501941476761E-01
 132.20000  0.448290518663E-01
 132.30000  0.447137375259E-01
 132.40000  0.511362533876E-01
 132.50000  0.569489093272E-01
 132.60000  0.534866526616E-01
 132.70000  0.453860203359E-01
 132.80000  0.431005447980E-01
 132.90000  0.498762936761E-01
 133.00000  0.583400534106E-01
 133.10000  0.567608191238E-01
 133.20000  0.471145862592E-01
 133.30000  0.420654948252E-01
 133.40000  0.476183414369E-01
 133.50000  0.576967019830E-01
 133.60000  0.589276460317E-01
 133.70000  0.494069166648E-01
 133.80000  0.419369249383E-01
 133.90000  0.451343558419E-01
 134.00000  0.552617609570E-01
 134.10000  0.592724362775E-01
 134.20000  0.514739065661E-01
 134.30000  0.427226254266E-01
 134.40000  0.432345608886E-01
 134.50000  0.518461757359E-01
 134.60000  0.576870121032E-01
 134.70000  0.526215861420E-01
 134.80000  0.441341150029E-01
 134.90000  0.425182812070E-01
 135.00000  0.485640622468E-01
 135.10000  0.547025736905E-01
 135.20000  0.524895152705E-01
 135.30000  0.457084609343E-01
 135.40000  0.432042858816E-01
 135.50000  0.464777193310E-01
 135.60000  0.513085783507E-01
 135.70000  0.511600037207E-01
 135.80000  0.469640438401E-01
 135.90000  0.450707828746E-01
 136.00000  0.462509638495E-01
 136.10000  0.486079474418E-01
 136.20000  0.490950957520E-01
 136.30000  0.475273233423E-01
 136.40000  0.475118168186E-01
 136.50000  0.479201817980E-01
 136.60000  0.474318992897E-01
 136.70000  0.469427447658E-01
 136.80000  0.472100626833E-01
 136.90000  0.497081429307E-01
 137.00000  0.508747784174E-01
 137.10000  0.480644872747E-01
 137.20000  0.453075904378E-01
 137.30000  0.460427119571E-01
 137.40000  0.508771998050E-01
 137.50000  0.540631448460E-01
 137.60000  0.501733272526E-01
 137.70000  0.445711264412E-01
 137.80000  0.442633907657E-01
 137.90000  0.505221699241E-01
 138.00000  0.563460768045E-01
 138.10000  0.529519591122E-01
 138.20000  0.448071217633E-01
 138.30000  0.422615179792E-01
 138.40000  0.485957556959E-01
 138.50000  0.568724891397E-01
 138.60000  0.554107071708E-01
 138.70000  0.458056238084E-01
 138.80000  0.404915882512E-01
 138.90000  0.455312404575E-01
 139.00000  0.553588666635E-01
 139.10000  0.567151511333E-01
 139.20000  0.471848169157E-01
 139.30000  0.393762802663E-01
 139.40000  0.421303680765E-01
 139.50000  0.521825657064E-01
 139.60000  0.564535285099E-01
 139.70000  0.485329492391E-01
 139.80000  0.392053512712E-01
 139.90000  0.393266541101E-01
 140.00000  0.482487573189E-01
 140.10000  0.547357233435E-01
 140.20000  0.495157063886E-01
 140.30000  0.400406571672E-01
 140.40000  0.378864463856E-01
 140.50000  0.446741576186E-01
 140.60000  0.521014677964E-01
 140.70000  0.499232027929E-01
 140.80000  0.416628040424E-01
 140.90000  0.381532050337E-01
 141.00000  0.424115670958E-01
 141.10000  0.493009283878E-01
 141.20000  0.496746823500E-01
 141.30000  0.435990454376E-01
 141.40000  0.399317660454E-01
 141.50000  0.419535062551E-01
 141.60000  0.470440957896E-01
 141.70000  0.488062224094E-01
 141.80000  0.452378271328E-01
 141.90000  0.425479821556E-01
 142.00000  0.432022807526E-01
 142.10000  0.457982167379E-01
 142.20000  0.474531659251E-01
 142.30000  0.459993567901E-01
 142.40000  0.450587373826E-01
 142.50000  0.455330583155E-01
 142.60000  0.456865895672E-01
 142.70000  0.458341922076E-01
 142.80000  0.455170413511E-01
 142.90000  0.465493954348E-01
 143.00000  0.480227124675E-01
 143.10000  0.465092458366E-01
 143.20000  0.442367880570E-01
 143.30000  0.437750850604E-01
 143.40000  0.464248484745E-01
 143.50000  0.497603051952E-01
 143.60000  0.478571909979E-01
 143.70000  0.429875386389E-01
 143.80000  0.411457242718E-01
 143.90000  0.445921999073E-01
 144.00000  0.501238701593E-01
 144.10000  0.492574587348E-01
 144.20000  0.423895395643E-01
 144.30000  0.382988852370E-01
 144.40000  0.414747444038E-01
 144.50000  0.489355500922E-01
 144.60000  0.502956333226E-01
 144.70000  0.426348422302E-01
 144.80000  0.360096087944E-01
 144.90000  0.378664336908E-01
 145.00000  0.464693527558E-01
 145.10000  0.506962957398E-01
 145.20000  0.437281755697E-01
 145.30000  0.349297702971E-01
 145.40000  0.346878605732E-01
 145.50000  0.433342395448E-01
 145.60000  0.503600569793E-01
 145.70000  0.454575195295E-01
 145.80000  0.353955460462E-01
 145.90000  0.327198920762E-01
 146.00000  0.402760684131E-01
 146.10000  0.493557080171E-01
 146.20000  0.474246918261E-01
 146.30000  0.373246708924E-01
 146.40000  0.323898895187E-01
 146.50000  0.379597548060E-01
 146.60000  0.478777192076E-01
 146.70000  0.491343390124E-01
 146.80000  0.402357426066E-01
 146.90000  0.336730979422E-01
 147.00000  0.368016128313E-01
 147.10000  0.461936454209E-01
 147.20000  0.501265822853E-01
 147.30000  0.433868004726E-01
 147.40000  0.361316399154E-01
 147.50000  0.368947198813E-01
 147.60000  0.445961372872E-01
 147.70000  0.501161235880E-01
 147.80000  0.459886120215E-01
 147.90000  0.390640421238E-01
 148.00000  0.380285100557E-01
 148.10000  0.433576120658E-01
 148.20000  0.490881380558E-01
 148.30000  0.474236545138E-01
 148.40000  0.417082741480E-01
 148.50000  0.397772321169E-01
 148.60000  0.426835169971E-01
 148.70000  0.473136607073E-01
 148.80000  0.474055888057E-01
 148.90000  0.434375518494E-01
 149.00000  0.416253201329E-01
 149.10000  0.426730896014E-01
 149.20000  0.452822452278E-01
 149.30000  0.460429236649E-01
 149.40000  0.439025619611E-01
 149.50000  0.430968450508E-01
 149.60000  0.432995754776E-01
 149.70000  0.435754647915E-01
 149.80000  0.437991659783E-01
 149.90000  0.430916375018E-01
 150.00000  0.438561043313E-01
 150.10000  0.444126739554E-01
 150.20000  0.427158981185E-01
 150.30000  0.413677152909E-01
 150.40000  0.413070370349E-01
 150.50000  0.437629060711E-01
 150.60000  0.457653774761E-01
 150.70000  0.430325952119E-01
 150.80000  0.394984140195E-01
 150.90000  0.390750852802E-01
 151.00000  0.428797225962E-01
 151.10000  0.470612531406E-01
 151.20000  0.445754227259E-01
 151.30000  0.388162952087E-01
 151.40000  0.370140684586E-01
 151.50000  0.414331863905E-01
 151.60000  0.480088641816E-01
 151.70000  0.470943871358E-01
 151.80000  0.396698734091E-01
 151.90000  0.356869326434E-01
 152.00000  0.397388330091E-01
 152.10000  0.483659567962E-01
 152.20000  0.500821845449E-01
 152.30000  0.420395499764E-01
 152.40000  0.354720662236E-01
 152.50000  0.381152140555E-01
 152.60000  0.479734335365E-01
 152.70000  0.528785071086E-01
 152.80000  0.455355578704E-01
 152.90000  0.364890782319E-01
 153.00000  0.368209076965E-01
 153.10000  0.467870833905E-01
 153.20000  0.548217712560E-01
 153.30000  0.494903159208E-01
 153.40000  0.385930630378E-01
 153.50000  0.360253605747E-01
 153.60000  0.448996432298E-01
 153.70000  0.554101496488E-01
 153.80000  0.531184254990E-01
 153.90000  0.414259988791E-01
 154.00000  0.358039714834E-01
 154.10000  0.425359180249E-01
 154.20000  0.544226275836E-01
 154.30000  0.556982897683E-01
 154.40000  0.445056582865E-01
 154.50000  0.361511703561E-01
 154.60000  0.400236154108E-01
 154.70000  0.519788405010E-01
 154.80000  0.567436189190E-01
 154.90000  0.473425076130E-01
 155.00000  0.370142893138E-01
 155.10000  0.377541587106E-01
 155.20000  0.485310396838E-01
 155.30000  0.561287121461E-01
 155.40000  0.495583657058E-01
 155.50000  0.383316735876E-01
 155.60000  0.361302853599E-01
 155.70000  0.447774805718E-01
 155.80000  0.541217405328E-01
 155.90000  0.509618579278E-01
 156.00000  0.400435086989E-01
 156.10000  0.354883417367E-01
 156.20000  0.414996218155E-01
 156.30000  0.513058409353E-01
 156.40000  0.515610390275E-01
 156.50000  0.420775336841E-01
 156.60000  0.360224664266E-01
 156.70000  0.393807885079E-01
 156.80000  0.484304020048E-01
 156.90000  0.515368379961E-01
 157.00000  0.443386707620E-01
 157.10000  0.377471026228E-01
 157.20000  0.388684918363E-01
 157.30000  0.462458995965E-01
 157.40000  0.511958162111E-01
 157.50000  0.467073168180E-01
 157.60000  0.404897320703E-01
 157.70000  0.400844832742E-01
 157.80000  0.453281709656E-01
 157.90000  0.508780132694E-01
 158.00000  0.490167745260E-01
 158.10000  0.438871694220E-01
 158.20000  0.427817147464E-01
 158.30000  0.459274595841E-01
 158.40000  0.508515592686E-01
 158.50000  0.510430019870E-01
 158.60000  0.474210201722E-01
 158.70000  0.463942812518E-01
 158.80000  0.479212654371E-01
 158.90000  0.512648349095E-01
 159.00000  0.525553303588E-01
 159.10000  0.505203815176E-01
 159.20000  0.501839393380E-01
 159.30000  0.508854029734E-01
 159.40000  0.521625571213E-01
 159.50000  0.534066289285E-01
 159.60000  0.526914844643E-01
 159.70000  0.534125426647E-01
 159.80000  0.542158632511E-01
 159.90000  0.535076332323E-01
 160.00000  0.535962258675E-01
 160.10000  0.536184013134E-01
 160.20000  0.554819102468E-01
 160.30000  0.572560607887E-01
 160.40000  0.551909131938E-01
 160.50000  0.532865649195E-01
 160.60000  0.532280724461E-01
 160.70000  0.560380020245E-01
 160.80000  0.594299061901E-01
 160.90000  0.570551058188E-01
 161.00000  0.527912763953E-01
 161.10000  0.517267473214E-01
 161.20000  0.550357588056E-01
 161.30000  0.603576586426E-01
 161.40000  0.589245119228E-01
 161.50000  0.525216936228E-01
 161.60000  0.495797630282E-01
 161.70000  0.527331563112E-01
 161.80000  0.599041243562E-01
 161.90000  0.606035834808E-01
 162.00000  0.528678565974E-01
 162.10000  0.474069293262E-01
 162.20000  0.496048874043E-01
 162.30000  0.581510775188E-01
 162.40000  0.618539662213E-01
 162.50000  0.540495505614E-01
 162.60000  0.458228343873E-01
 162.70000  0.462166736414E-01
 162.80000  0.553383675270E-01
 162.90000  0.624030149349E-01
 163.00000  0.560190060737E-01
 163.10000  0.452891359651E-01
 163.20000  0.431103248514E-01
 163.30000  0.518066227562E-01
 163.40000  0.620005496897E-01
 163.50000  0.584589370549E-01
 163.60000  0.460211490533E-01
 163.70000  0.407186911201E-01
 163.80000  0.479375440941E-01
 163.90000  0.604854050734E-01
 164.00000  0.608568724599E-01
 164.10000  0.479542111647E-01
 164.20000  0.393140382764E-01
 164.30000  0.440935768426E-01
 164.40000  0.578310104899E-01
 164.50000  0.626269189866E-01
 164.60000  0.507729667646E-01
 164.70000  0.390022534145E-01
 164.80000  0.405844967567E-01
 164.90000  0.541756557548E-01
 165.00000  0.632644268022E-01
 165.10000  0.540084208925E-01
 165.20000  0.397678532801E-01
 165.30000  0.376745341301E-01
 165.40000  0.498356742986E-01
 165.50000  0.624955664009E-01
 165.60000  0.571741750275E-01
 165.70000  0.415412101072E-01
 165.80000  0.356041825264E-01
 165.90000  0.452712171171E-01
 166.00000  0.603513101152E-01
 166.10000  0.598766430418E-01
 166.20000  0.442401420558E-01
 166.30000  0.345939846227E-01
 166.40000  0.409936421580E-01
 166.50000  0.571255975211E-01
 166.60000  0.618520329826E-01
 166.70000  0.477615868068E-01
 166.80000  0.348282646559E-01
 166.90000  0.374597406232E-01
 167.00000  0.532577626128E-01
 167.10000  0.629456713808E-01
 167.20000  0.519416994204E-01
 167.30000  0.364363071558E-01
 167.40000  0.350130243171E-01
 167.50000  0.492188464704E-01
 167.60000  0.630851440929E-01
 167.70000  0.565206156451E-01
 167.80000  0.394742725648E-01
 167.90000  0.338835640806E-01
 168.00000  0.454426012381E-01
 168.10000  0.622729197379E-01
 168.20000  0.611306320556E-01
 168.30000  0.438914345199E-01
 168.40000  0.342061042730E-01
 168.50000  0.422860114835E-01
 168.60000  0.605824608388E-01
 168.70000  0.653046514442E-01
 168.80000  0.494712955323E-01
 168.90000  0.360153080638E-01
 169.00000  0.399962795635E-01
 169.10000  0.581411525286E-01
 169.20000  0.685064225756E-01
 169.30000  0.557707351341E-01
 169.40000  0.392142361219E-01
 169.50000  0.386885483198E-01
 169.60000  0.551123705751E-01
 169.70000  0.702018121552E-01
 169.80000  0.621078785709E-01
 169.90000  0.435427166257E-01
 170.00000  0.383490022502E-01
 170.10000  0.516938783941E-01
 170.20000  0.699789508325E-01
 170.30000  0.676395796064E-01
 170.40000  0.485747622420E-01
 170.50000  0.388614077818E-01
 170.60000  0.481222309129E-01
 170.70000  0.676810964438E-01
 170.80000  0.715230903137E-01
 170.90000  0.537590529017E-01
 171.00000  0.400442543427E-01
 171.10000  0.446593497405E-01
 171.20000  0.634889765052E-01
 171.30000  0.731108692811E-01
 171.40000  0.584994421114E-01
 171.50000  0.416931746365E-01
 171.60000  0.415590900761E-01
 171.70000  0.579114695867E-01
 171.80000  0.721144613903E-01
 171.90000  0.622584083866E-01
 172.00000  0.436272689036E-01
 172.10000  0.390331766004E-01
 172.20000  0.516855511010E-01
 172.30000  0.686863083361E-01
 172.40000  0.646547852756E-01
 172.50000  0.457275293384E-01
 172.60000  0.372306128092E-01
 172.70000  0.456120383566E-01
 172.80000  0.633887385059E-01
 172.90000  0.655234122043E-01
 173.00000  0.479504799577E-01
 173.10000  0.362347832606E-01
 173.20000  0.403711474896E-01
 173.30000  0.570508926411E-01
 173.40000  0.649164904424E-01
 173.50000  0.503118932650E-01
 173.60000  0.360859073858E-01
 173.70000  0.363831031270E-01
 173.80000  0.505608298510E-01
 173.90000  0.630523562473E-01
 174.00000  0.528482780660E-01
 174.10000  0.368303529657E-01
 174.20000  0.337740369177E-01
 174.30000  0.446705433987E-01
 174.40000  0.602393759293E-01
 174.50000  0.555654251728E-01
 174.60000  0.385701360280E-01
 174.70000  0.324548743054E-01
 174.80000  0.398744437255E-01
 174.90000  0.568047042695E-01
 175.00000  0.583840800247E-01
 175.10000  0.414705001831E-01
 175.20000  0.322622867644E-01
 175.30000  0.363761974381E-01
 175.40000  0.530436296984E-01
 175.50000  0.611000098018E-01
 175.60000  0.457079738928E-01
 175.70000  0.330983608918E-01
 175.80000  0.341301246212E-01
 175.90000  0.491927572733E-01
 176.00000  0.633773072341E-01
 176.10000  0.513776214167E-01
 176.20000  0.350277888783E-01
 176.30000  0.329373109262E-01
 176.40000  0.454263005262E-01
 176.50000  0.647827531858E-01
 176.60000  0.583923081172E-01
 176.70000  0.383085649689E-01
 176.80000  0.325660372036E-01
 176.90000  0.418694982411E-01
 177.00000  0.648553025150E-01
 177.10000  0.664094415766E-01
 177.20000  0.433515432644E-01
 177.30000  0.328538792181E-01
 177.40000  0.386133372446E-01
 177.50000  0.631937289318E-01
 177.60000  0.748291961981E-01
 177.70000  0.506558876723E-01
 177.80000  0.337662269278E-01
 177.90000  0.357150483936E-01
 178.00000  0.595313477633E-01
 178.10000  0.829083233196E-01
 178.20000  0.608496060662E-01
 178.30000  0.354308940787E-01
 178.40000  0.331897378269E-01
 178.50000  0.537513551640E-01
 178.60000  0.900387153400E-01
 178.70000  0.751481883344E-01
 178.80000  0.382100399810E-01
 178.90000  0.310438840509E-01
 179.00000  0.457821452635E-01
 179.10000  0.964774430552E-01
 179.20000  0.977101243616E-01
 179.30000  0.429912309404E-01
 179.40000  0.298208252906E-01
 179.50000  0.353765091189E-01
 179.60000  0.108091584771E+00
 179.70000  0.158421303954E+00
 179.80000  0.528359867144E-01
 179.90000  0.692915671136E-01
 180.00000  0.167313300487E+00
