 # E =    1.49989018135084       eV =    12098.3160100000       1/cm
 #  1801
# DFFCSO.  ACCUM LEV(I),J(I) =  1  0 LEV(F),J(F) =  1  0       , M =  0, WEIGHTED BY  1.00000
   0.10000  0.121269917210E+07
   0.20000  0.723865452881E+06
   0.30000  0.280843804683E+06
   0.40000  0.585753420253E+05
   0.50000  0.160661193240E+05
   0.60000  0.300013517413E+05
   0.70000  0.288112303976E+05
   0.80000  0.139352722204E+05
   0.90000  0.654166798589E+04
   1.00000  0.917014614115E+04
   1.10000  0.118424303735E+05
   1.20000  0.959028450357E+04
   1.30000  0.560843181093E+04
   1.40000  0.412575743688E+04
   1.50000  0.523317357276E+04
   1.60000  0.634312013748E+04
   1.70000  0.581589660566E+04
   1.80000  0.411304345186E+04
   1.90000  0.274622659554E+04
   2.00000  0.262476303055E+04
   2.10000  0.327332087977E+04
   2.20000  0.359584514403E+04
   2.30000  0.303012404665E+04
   2.40000  0.196882566295E+04
   2.50000  0.127531739160E+04
   2.60000  0.134690719925E+04
   2.70000  0.177356824130E+04
   2.80000  0.189900861729E+04
   2.90000  0.147942053147E+04
   3.00000  0.840856901455E+03
   3.10000  0.490825101035E+03
   3.20000  0.586039649706E+03
   3.30000  0.845179322573E+03
   3.40000  0.906081162984E+03
   3.50000  0.663946400843E+03
   3.60000  0.319721949536E+03
   3.70000  0.142878237375E+03
   3.80000  0.201926570847E+03
   3.90000  0.344996755340E+03
   4.00000  0.386162889715E+03
   4.10000  0.273979107437E+03
   4.20000  0.110452916056E+03
   4.30000  0.270611057599E+02
   4.40000  0.578521988143E+02
   4.50000  0.132516647317E+03
   4.60000  0.161354494721E+03
   4.70000  0.116855254184E+03
   4.80000  0.442874417673E+02
   4.90000  0.405833518013E+01
   5.00000  0.155735297861E+02
   5.10000  0.512073351518E+02
   5.20000  0.699524348095E+02
   5.30000  0.556196368057E+02
   5.40000  0.247123497070E+02
   5.50000  0.300690787123E+01
   5.60000  0.226463872931E+01
   5.70000  0.148766620658E+02
   5.80000  0.244948289542E+02
   5.90000  0.223132382735E+02
   6.00000  0.124120251028E+02
   6.10000  0.379939220469E+01
   6.20000  0.186754517944E+01
   6.30000  0.534440473448E+01
   6.40000  0.877145563995E+01
   6.50000  0.844829444826E+01
   6.60000  0.519019635876E+01
   6.70000  0.194464558641E+01
   6.80000  0.854046456593E+00
   6.90000  0.193211353058E+01
   7.00000  0.343155494993E+01
   7.10000  0.376025391087E+01
   7.20000  0.279340297742E+01
   7.30000  0.138109205886E+01
   7.40000  0.384200764630E+00
   7.50000  0.134345803969E+00
   7.60000  0.338756289516E+00
   7.70000  0.511415060697E+00
   7.80000  0.460905074668E+00
   7.90000  0.283939299594E+00
   8.00000  0.121067995762E+00
   8.10000  0.443101756695E-01
   8.20000  0.306829667717E-01
   8.30000  0.232568996746E-01
   8.40000  0.439872303477E-01
   8.50000  0.149239838573E+00
   8.60000  0.315395193192E+00
   8.70000  0.465061582571E+00
   8.80000  0.520508407369E+00
   8.90000  0.448620040797E+00
   9.00000  0.340096230918E+00
   9.10000  0.339744476561E+00
   9.20000  0.496399089003E+00
   9.30000  0.780930292412E+00
   9.40000  0.111486789285E+01
   9.50000  0.135954136582E+01
   9.60000  0.144434437808E+01
   9.70000  0.141628696162E+01
   9.80000  0.132014882539E+01
   9.90000  0.121938895862E+01
  10.00000  0.122348180909E+01
  10.10000  0.135128926684E+01
  10.20000  0.155603601809E+01
  10.30000  0.183555547261E+01
  10.40000  0.213262978945E+01
  10.50000  0.233294811893E+01
  10.60000  0.241236774168E+01
  10.70000  0.237685933675E+01
  10.80000  0.222214537877E+01
  10.90000  0.207025918305E+01
  11.00000  0.207494776940E+01
  11.10000  0.224400594312E+01
  11.20000  0.253679105157E+01
  11.30000  0.290078997317E+01
  11.40000  0.319060506223E+01
  11.50000  0.331902188830E+01
  11.60000  0.333947459573E+01
  11.70000  0.327617806263E+01
  11.80000  0.315093617438E+01
  11.90000  0.309230530482E+01
  12.00000  0.318003379343E+01
  12.10000  0.339310104945E+01
  12.20000  0.373084441008E+01
  12.30000  0.412649069073E+01
  12.40000  0.441667889122E+01
  12.50000  0.455053936528E+01
  12.60000  0.457626272439E+01
  12.70000  0.449928803110E+01
  12.80000  0.438203174397E+01
  12.90000  0.435257717802E+01
  13.00000  0.444032765191E+01
  13.10000  0.463749530349E+01
  13.20000  0.496454647468E+01
  13.30000  0.532506003581E+01
  13.40000  0.556399826729E+01
  13.50000  0.565384480696E+01
  13.60000  0.561252120788E+01
  13.70000  0.544557329475E+01
  13.80000  0.525313425691E+01
  13.90000  0.514120644404E+01
  14.00000  0.511131961828E+01
  14.10000  0.518195596298E+01
  14.20000  0.537858818574E+01
  14.30000  0.559828383224E+01
  14.40000  0.572034272590E+01
  14.50000  0.571952057970E+01
  14.60000  0.557413341486E+01
  14.70000  0.529326847257E+01
  14.80000  0.498934609764E+01
  14.90000  0.474388701294E+01
  15.00000  0.456076025921E+01
  15.10000  0.448175012676E+01
  15.20000  0.452638644749E+01
  15.30000  0.460449856049E+01
  15.40000  0.463249722030E+01
  15.50000  0.457727190640E+01
  15.60000  0.439120974625E+01
  15.70000  0.408415856753E+01
  15.80000  0.375377159713E+01
  15.90000  0.345729423887E+01
  16.00000  0.320901745657E+01
  16.10000  0.306024871038E+01
  16.20000  0.302528650072E+01
  16.30000  0.303972061976E+01
  16.40000  0.305160588427E+01
  16.50000  0.302225294165E+01
  16.60000  0.289382423291E+01
  16.70000  0.266959417503E+01
  16.80000  0.241788923073E+01
  16.90000  0.217462570459E+01
  17.00000  0.196045184278E+01
  17.10000  0.182548377678E+01
  17.20000  0.178287822826E+01
  17.30000  0.179458155373E+01
  17.40000  0.183193475526E+01
  17.50000  0.185778794485E+01
  17.60000  0.181579666845E+01
  17.70000  0.170102647016E+01
  17.80000  0.155369523341E+01
  17.90000  0.139283320252E+01
  18.00000  0.123875616741E+01
  18.10000  0.113579676806E+01
  18.20000  0.109905214671E+01
  18.30000  0.111150313648E+01
  18.40000  0.116115468282E+01
  18.50000  0.121760734015E+01
  18.60000  0.123125234226E+01
  18.70000  0.119084009515E+01
  18.80000  0.111589126027E+01
  18.90000  0.101262927712E+01
  19.00000  0.896366373864E+00
  19.10000  0.804323948623E+00
  19.20000  0.754273425249E+00
  19.30000  0.744118237170E+00
  19.40000  0.774098676620E+00
  19.50000  0.823876286369E+00
  19.60000  0.853904694394E+00
  19.70000  0.850048320353E+00
  19.80000  0.817941774104E+00
  19.90000  0.753591502370E+00
  20.00000  0.663454745115E+00
  20.10000  0.574943596630E+00
  20.20000  0.506080378247E+00
  20.30000  0.463393318127E+00
  20.40000  0.455268735410E+00
  20.50000  0.473874627733E+00
  20.60000  0.494165092174E+00
  20.70000  0.504260904127E+00
  20.80000  0.502862967421E+00
  20.90000  0.479713080211E+00
  21.00000  0.430737860785E+00
  21.10000  0.370059172290E+00
  21.20000  0.310966938787E+00
  21.30000  0.260466371890E+00
  21.40000  0.228412986465E+00
  21.50000  0.218213238764E+00
  21.60000  0.221306880172E+00
  21.70000  0.232637105144E+00
  21.80000  0.251579815204E+00
  21.90000  0.268390452700E+00
  22.00000  0.271710960043E+00
  22.10000  0.263005765760E+00
  22.20000  0.247732507139E+00
  22.30000  0.226145279848E+00
  22.40000  0.201935247663E+00
  22.50000  0.183675810317E+00
  22.60000  0.175041787797E+00
  22.70000  0.177951571721E+00
  22.80000  0.197144781223E+00
  22.90000  0.229465750871E+00
  23.00000  0.262996412713E+00
  23.10000  0.292716858175E+00
  23.20000  0.318399250896E+00
  23.30000  0.332149357836E+00
  23.40000  0.328351406412E+00
  23.50000  0.314314068070E+00
  23.60000  0.298208376477E+00
  23.70000  0.284964711666E+00
  23.80000  0.283967603949E+00
  23.90000  0.299739112526E+00
  24.00000  0.324827358952E+00
  24.10000  0.354526072960E+00
  24.20000  0.387493044381E+00
  24.30000  0.411724621342E+00
  24.40000  0.415304449282E+00
  24.50000  0.401678904079E+00
  24.60000  0.377773165198E+00
  24.70000  0.347703550608E+00
  24.80000  0.321960944225E+00
  24.90000  0.309471121549E+00
  25.00000  0.308036950521E+00
  25.10000  0.316233762411E+00
  25.20000  0.334073618668E+00
  25.30000  0.350028851791E+00
  25.40000  0.351031203437E+00
  25.50000  0.337173697751E+00
  25.60000  0.311960950834E+00
  25.70000  0.277345799500E+00
  25.80000  0.242178069924E+00
  25.90000  0.215687176134E+00
  26.00000  0.198946878458E+00
  26.10000  0.193299381121E+00
  26.20000  0.199895957045E+00
  26.30000  0.209799954136E+00
  26.40000  0.212205401414E+00
  26.50000  0.205239201758E+00
  26.60000  0.189147699408E+00
  26.70000  0.164281238147E+00
  26.80000  0.137261359071E+00
  26.90000  0.115321258531E+00
  27.00000  0.100576723951E+00
  27.10000  0.957389697532E-01
  27.20000  0.102240819806E+00
  27.30000  0.113592783169E+00
  27.40000  0.121914463259E+00
  27.50000  0.124426210929E+00
  27.60000  0.119123805486E+00
  27.70000  0.105684382637E+00
  27.80000  0.893555361068E-01
  27.90000  0.754288696489E-01
  28.00000  0.661940888705E-01
  28.10000  0.653553059901E-01
  28.20000  0.748398150813E-01
  28.30000  0.898178019820E-01
  28.40000  0.104211361264E+00
  28.50000  0.114601828585E+00
  28.60000  0.117232277151E+00
  28.70000  0.110747405025E+00
  28.80000  0.992293778832E-01
  28.90000  0.867919126177E-01
  29.00000  0.760159325217E-01
  29.10000  0.722357944086E-01
  29.20000  0.794298167801E-01
  29.30000  0.947243907678E-01
  29.40000  0.113147336452E+00
  29.50000  0.131023163198E+00
  29.60000  0.143031891038E+00
  29.70000  0.145167786540E+00
  29.80000  0.138724877631E+00
  29.90000  0.126057883520E+00
  30.00000  0.109385847100E+00
  30.10000  0.954819517947E-01
  30.20000  0.916008649327E-01
  30.30000  0.982789367167E-01
  30.40000  0.112851300835E+00
  30.50000  0.133283401664E+00
  30.60000  0.154318384551E+00
  30.70000  0.168903645778E+00
  30.80000  0.173860698945E+00
  30.90000  0.168130464639E+00
  31.00000  0.151493332679E+00
  31.10000  0.129558160943E+00
  31.20000  0.111213439412E+00
  31.30000  0.100594499796E+00
  31.40000  0.988262899238E-01
  31.50000  0.107933566826E+00
  31.60000  0.125916717952E+00
  31.70000  0.145539476616E+00
  31.80000  0.160603863203E+00
  31.90000  0.166820171548E+00
  32.00000  0.160392620343E+00
  32.10000  0.142632806114E+00
  32.20000  0.119949511499E+00
  32.30000  0.972392285739E-01
  32.40000  0.781377474900E-01
  32.50000  0.682545750998E-01
  32.60000  0.701455610075E-01
  32.70000  0.800237038658E-01
  32.80000  0.927425805445E-01
  32.90000  0.103840909268E+00
  33.00000  0.108045354211E+00
  33.10000  0.102680174228E+00
  33.20000  0.895478979474E-01
  33.30000  0.711829128249E-01
  33.40000  0.505605988376E-01
  33.50000  0.332323030059E-01
  33.60000  0.235185844438E-01
  33.70000  0.211912086710E-01
  33.80000  0.242791045251E-01
  33.90000  0.305124204366E-01
  34.00000  0.360992687103E-01
  34.10000  0.378806262021E-01
  34.20000  0.352184984372E-01
  34.30000  0.284312191508E-01
  34.40000  0.187672857585E-01
  34.50000  0.939967694347E-02
  34.60000  0.305101851999E-02
  34.70000  0.318968367933E-03
  34.80000  0.939856397811E-03
  34.90000  0.381203989750E-02
  35.00000  0.660689118279E-02
  35.10000  0.777374216944E-02
  35.20000  0.715447868914E-02
  35.30000  0.481414716777E-02
  35.40000  0.172095034076E-02
  35.50000  0.573126376978E-04
  35.60000  0.110751880151E-02
  35.70000  0.497180293764E-02
  35.80000  0.114323954821E-01
  35.90000  0.187373924107E-01
  36.00000  0.239520432966E-01
  36.10000  0.259645372994E-01
  36.20000  0.251564135795E-01
  36.30000  0.214897840605E-01
  36.40000  0.161407328838E-01
  36.50000  0.122467242839E-01
  36.60000  0.119471239694E-01
  36.70000  0.158630633654E-01
  36.80000  0.243228608696E-01
  36.90000  0.356484974010E-01
  37.00000  0.460902769569E-01
  37.10000  0.535482911744E-01
  37.20000  0.574744037636E-01
  37.30000  0.563027733652E-01
  37.40000  0.497947659241E-01
  37.50000  0.413176288537E-01
  37.60000  0.343300687905E-01
  37.70000  0.304639447530E-01
  37.80000  0.313685469308E-01
  37.90000  0.375680565851E-01
  38.00000  0.467731020674E-01
  38.10000  0.566616901166E-01
  38.20000  0.657817749220E-01
  38.30000  0.711110284592E-01
  38.40000  0.700539939009E-01
  38.50000  0.640929431851E-01
  38.60000  0.560921697473E-01
  38.70000  0.472995743388E-01
  38.80000  0.395939665903E-01
  38.90000  0.358302559700E-01
  39.00000  0.366714441119E-01
  39.10000  0.410713421212E-01
  39.20000  0.480867634174E-01
  39.30000  0.553926388118E-01
  39.40000  0.597154927465E-01
  39.50000  0.602796917778E-01
  39.60000  0.579648808226E-01
  39.70000  0.524869307675E-01
  39.80000  0.443045525203E-01
  39.90000  0.363885978105E-01
  40.00000  0.310771612620E-01
  40.10000  0.285379822167E-01
  40.20000  0.288120873869E-01
  40.30000  0.316819882879E-01
  40.40000  0.354147710899E-01
  40.50000  0.384584062599E-01
  40.60000  0.402841976800E-01
  40.70000  0.398183643693E-01
  40.80000  0.362132902084E-01
  40.90000  0.308573946614E-01
  41.00000  0.256817071681E-01
  41.10000  0.211220202042E-01
  41.20000  0.175473507067E-01
  41.30000  0.160765452411E-01
  41.40000  0.167900064771E-01
  41.50000  0.185787046051E-01
  41.60000  0.205820727626E-01
  41.70000  0.220587642625E-01
  41.80000  0.220396892199E-01
  41.90000  0.203820560685E-01
  42.00000  0.177182572430E-01
  42.10000  0.143410320773E-01
  42.20000  0.105637335684E-01
  42.30000  0.746228715255E-02
  42.40000  0.584800385406E-02
  42.50000  0.548656329407E-02
  42.60000  0.593492263870E-02
  42.70000  0.706279552518E-02
  42.80000  0.847766995134E-02
  42.90000  0.950123095800E-02
  43.00000  0.974552789609E-02
  43.10000  0.924163724193E-02
  43.20000  0.812559571620E-02
  43.30000  0.656398064092E-02
  43.40000  0.481892814311E-02
  43.50000  0.320869555702E-02
  43.60000  0.193046535411E-02
  43.70000  0.111857508266E-02
  43.80000  0.967654090345E-03
  43.90000  0.155155487005E-02
  44.00000  0.270688709308E-02
  44.10000  0.447364999506E-02
  44.20000  0.699615520095E-02
  44.30000  0.976660487980E-02
  44.40000  0.119267366062E-01
  44.50000  0.133309992994E-01
  44.60000  0.140421200168E-01
  44.70000  0.134931267970E-01
  44.80000  0.115153409041E-01
  44.90000  0.914818197703E-02
  45.00000  0.743694473236E-02
  45.10000  0.696328638466E-02
  45.20000  0.855766796086E-02
  45.30000  0.126446975059E-01
  45.40000  0.184513146118E-01
  45.50000  0.251310287297E-01
  45.60000  0.319341359757E-01
  45.70000  0.369714810124E-01
  45.80000  0.384037054621E-01
  45.90000  0.365941975402E-01
  46.00000  0.328311587846E-01
  46.10000  0.277602737547E-01
  46.20000  0.228465279778E-01
  46.30000  0.206691541203E-01
  46.40000  0.225763674926E-01
  46.50000  0.284037568931E-01
  46.60000  0.375657137400E-01
  46.70000  0.481614166424E-01
  46.80000  0.570692709092E-01
  46.90000  0.624465508324E-01
  47.00000  0.637421824512E-01
  47.10000  0.600596225247E-01
  47.20000  0.517837103485E-01
  47.30000  0.421652766214E-01
  47.40000  0.345996499802E-01
  47.50000  0.306818666252E-01
  47.60000  0.316103385781E-01
  47.70000  0.379806444393E-01
  47.80000  0.481021875412E-01
  47.90000  0.591729582922E-01
  48.00000  0.687439224498E-01
  48.10000  0.740276890690E-01
  48.20000  0.728669236877E-01
  48.30000  0.660276556466E-01
  48.40000  0.559536080582E-01
  48.50000  0.445456177748E-01
  48.60000  0.342136259915E-01
  48.70000  0.283425736280E-01
  48.80000  0.286483701593E-01
  48.90000  0.343001964068E-01
  49.00000  0.436212885229E-01
  49.10000  0.543114492933E-01
  49.20000  0.631484593623E-01
  49.30000  0.676608348745E-01
  49.40000  0.669639259584E-01
  49.50000  0.608515844757E-01
  49.60000  0.502744534484E-01
  49.70000  0.382605981348E-01
  49.80000  0.281639826514E-01
  49.90000  0.218244581685E-01
  50.00000  0.202976506679E-01
  50.10000  0.242821268744E-01
  50.20000  0.327802031006E-01
  50.30000  0.431062205533E-01
  50.40000  0.525134665975E-01
  50.50000  0.587838542936E-01
  50.60000  0.601514852999E-01
  50.70000  0.561511657864E-01
  50.80000  0.479368989043E-01
  50.90000  0.373752611075E-01
  51.00000  0.267324664435E-01
  51.10000  0.188787959656E-01
  51.20000  0.160896751881E-01
  51.30000  0.186997687033E-01
  51.40000  0.257176963014E-01
  51.50000  0.357759675302E-01
  51.60000  0.465806411564E-01
  51.70000  0.549625819011E-01
  51.80000  0.585819640666E-01
  51.90000  0.567965986095E-01
  52.00000  0.500327884609E-01
  52.10000  0.398135489837E-01
  52.20000  0.289332319143E-01
  52.30000  0.202596517567E-01
  52.40000  0.157728958915E-01
  52.50000  0.168267929526E-01
  52.60000  0.234997681168E-01
  52.70000  0.335990099612E-01
  52.80000  0.439312747024E-01
  52.90000  0.521031374156E-01
  53.00000  0.561391950585E-01
  53.10000  0.543656561640E-01
  53.20000  0.470276016734E-01
  53.30000  0.364789101140E-01
  53.40000  0.254992682508E-01
  53.50000  0.167869085947E-01
  53.60000  0.128224774940E-01
  53.70000  0.144499840244E-01
  53.80000  0.205603368901E-01
  53.90000  0.294426271097E-01
  54.00000  0.387583340204E-01
  54.10000  0.451795612022E-01
  54.20000  0.463394039998E-01
  54.30000  0.423252767428E-01
  54.40000  0.343950629393E-01
  54.50000  0.242321376416E-01
  54.60000  0.145769985527E-01
  54.70000  0.825117434940E-02
  54.80000  0.655856473784E-02
  54.90000  0.958192192430E-02
  55.00000  0.163780747815E-01
  55.10000  0.243623089192E-01
  55.20000  0.305136692994E-01
  55.30000  0.332437514633E-01
  55.40000  0.319529432558E-01
  55.50000  0.264920780380E-01
  55.60000  0.182867184866E-01
  55.70000  0.101421417441E-01
  55.80000  0.435575764224E-02
  55.90000  0.227016197472E-02
  56.00000  0.449898083593E-02
  56.10000  0.101178287406E-01
  56.20000  0.168958896992E-01
  56.30000  0.228593980080E-01
  56.40000  0.264117163522E-01
  56.50000  0.260383291743E-01
  56.60000  0.216356920184E-01
  56.70000  0.150181865446E-01
  56.80000  0.834791711305E-02
  56.90000  0.344761643637E-02
  57.00000  0.203489283854E-02
  57.10000  0.476033072333E-02
  57.20000  0.106478439498E-01
  57.30000  0.181764765464E-01
  57.40000  0.255186218894E-01
  57.50000  0.302049245272E-01
  57.60000  0.305846714113E-01
  57.70000  0.270574179115E-01
  57.80000  0.209219043509E-01
  57.90000  0.136669841504E-01
  58.00000  0.757736714163E-02
  58.10000  0.491555417215E-02
  58.20000  0.652811077298E-02
  58.30000  0.122438568446E-01
  58.40000  0.210872991923E-01
  58.50000  0.305770835944E-01
  58.60000  0.378558789569E-01
  58.70000  0.415328607350E-01
  58.80000  0.410726776708E-01
  58.90000  0.361191595763E-01
  59.00000  0.278978211791E-01
  59.10000  0.193086746806E-01
  59.20000  0.128756167499E-01
  59.30000  0.102208994634E-01
  59.40000  0.125348824300E-01
  59.50000  0.195877387086E-01
  59.60000  0.294695248422E-01
  59.70000  0.401268723244E-01
  59.80000  0.494788000985E-01
  59.90000  0.547851447012E-01
  60.00000  0.543844884593E-01
  60.10000  0.491657609477E-01
  60.20000  0.409190819860E-01
  60.30000  0.312502339084E-01
  60.40000  0.226871873823E-01
  60.50000  0.181864079015E-01
  60.60000  0.191344796679E-01
  60.70000  0.253893051958E-01
  60.80000  0.359976758855E-01
  60.90000  0.485863538283E-01
  61.00000  0.599065992429E-01
  61.10000  0.677205444707E-01
  61.20000  0.707168350227E-01
  61.30000  0.677693943559E-01
  61.40000  0.594079143584E-01
  61.50000  0.486149688089E-01
  61.60000  0.386553598584E-01
  61.70000  0.317312905688E-01
  61.80000  0.298519049540E-01
  61.90000  0.344304746622E-01
  62.00000  0.447371243689E-01
  62.10000  0.583531897306E-01
  62.20000  0.724372318269E-01
  62.30000  0.837943168340E-01
  62.40000  0.895448016457E-01
  62.50000  0.887167226136E-01
  62.60000  0.820986045719E-01
  62.70000  0.711676243102E-01
  62.80000  0.586087962637E-01
  62.90000  0.484929278856E-01
  63.00000  0.440693598170E-01
  63.10000  0.462779319920E-01
  63.20000  0.547676796962E-01
  63.30000  0.683464237688E-01
  63.40000  0.840346165887E-01
  63.50000  0.977413066949E-01
  63.60000  0.106275960026E+00
  63.70000  0.107911225250E+00
  63.80000  0.102226747882E+00
  63.90000  0.908002708887E-01
  64.00000  0.769523444114E-01
  64.10000  0.641141690347E-01
  64.20000  0.553270704370E-01
  64.30000  0.534060489047E-01
  64.40000  0.593593813582E-01
  64.50000  0.712012506206E-01
  64.60000  0.856881898433E-01
  64.70000  0.999164871221E-01
  64.80000  0.110598773635E+00
  64.90000  0.114429991145E+00
  65.00000  0.110356139899E+00
  65.10000  0.998897157217E-01
  65.20000  0.855276290206E-01
  65.30000  0.705102524654E-01
  65.40000  0.586892992450E-01
  65.50000  0.527627865643E-01
  65.60000  0.535621916756E-01
  65.70000  0.609497793657E-01
  65.80000  0.732268649840E-01
  65.90000  0.864355031327E-01
  66.00000  0.966239928690E-01
  66.10000  0.101843909527E+00
  66.20000  0.100956384000E+00
  66.30000  0.932346698450E-01
  66.40000  0.802488244365E-01
  66.50000  0.656055395034E-01
  66.60000  0.525234664425E-01
  66.70000  0.433889893569E-01
  66.80000  0.401382888503E-01
  66.90000  0.430279116909E-01
  67.00000  0.503910222131E-01
  67.10000  0.601630233627E-01
  67.20000  0.698917783562E-01
  67.30000  0.762620591999E-01
  67.40000  0.770619975338E-01
  67.50000  0.725997994495E-01
  67.60000  0.640239513755E-01
  67.70000  0.524426859688E-01
  67.80000  0.402064270948E-01
  67.90000  0.304196525596E-01
  68.00000  0.248515107760E-01
  68.10000  0.238616515508E-01
  68.20000  0.271990634235E-01
  68.30000  0.335025246036E-01
  68.40000  0.404596599827E-01
  68.50000  0.461634842968E-01
  68.60000  0.492058116262E-01
  68.70000  0.482695795375E-01
  68.80000  0.431983416028E-01
  68.90000  0.355237799477E-01
  69.00000  0.270233971990E-01
  69.10000  0.189758524686E-01
  69.20000  0.128460660564E-01
  69.30000  0.998249793091E-02
  69.40000  0.105297851133E-01
  69.50000  0.136238391654E-01
  69.60000  0.181415437953E-01
  69.70000  0.227240192108E-01
  69.80000  0.259362406456E-01
  69.90000  0.269024868218E-01
  70.00000  0.253973611215E-01
  70.10000  0.216116031481E-01
  70.20000  0.163054854351E-01
  70.30000  0.107621441729E-01
  70.40000  0.615296500197E-02
  70.50000  0.316909178357E-02
  70.60000  0.217120163500E-02
  70.70000  0.318947006100E-02
  70.80000  0.569377884229E-02
  70.90000  0.871387534810E-02
  71.00000  0.113076582297E-01
  71.10000  0.128433114079E-01
  71.20000  0.129373918337E-01
  71.30000  0.114776067093E-01
  71.40000  0.881840822430E-02
  71.50000  0.569954356613E-02
  71.60000  0.285168985439E-02
  71.70000  0.828580440845E-03
  71.80000  0.185051405345E-04
  71.90000  0.473459558385E-03
  72.00000  0.184142121234E-02
  72.10000  0.362488233593E-02
  72.20000  0.527977649415E-02
  72.30000  0.620176443072E-02
  72.40000  0.605493884366E-02
  72.50000  0.500875781792E-02
  72.60000  0.343496572926E-02
  72.70000  0.173428140244E-02
  72.80000  0.480052578713E-03
  72.90000  0.205713416268E-03
  73.00000  0.103819139532E-02
  73.10000  0.279445189059E-02
  73.20000  0.508108614758E-02
  73.30000  0.719945663200E-02
  73.40000  0.845092515255E-02
  73.50000  0.854115444574E-02
  73.60000  0.744444018419E-02
  73.70000  0.535202747317E-02
  73.80000  0.294465940808E-02
  73.90000  0.116643354937E-02
  74.00000  0.729595333915E-03
  74.10000  0.212353748415E-02
  74.20000  0.549156190674E-02
  74.30000  0.102032956505E-01
  74.40000  0.151919070136E-01
  74.50000  0.195992102561E-01
  74.60000  0.225323988260E-01
  74.70000  0.230203710011E-01
  74.80000  0.209465967403E-01
  74.90000  0.172462126367E-01
  75.00000  0.130444211742E-01
  75.10000  0.952325936786E-02
  75.20000  0.810386031321E-02
  75.30000  0.967996734999E-02
  75.40000  0.141996272334E-01
  75.50000  0.212021163695E-01
  75.60000  0.296126185337E-01
  75.70000  0.373665434146E-01
  75.80000  0.426301101207E-01
  75.90000  0.448145597772E-01
  76.00000  0.437304619274E-01
  76.10000  0.393442141865E-01
  76.20000  0.329333312637E-01
  76.30000  0.268060929144E-01
  76.40000  0.227336916033E-01
  76.50000  0.217938938665E-01
  76.60000  0.247368977825E-01
  76.70000  0.312464297141E-01
  76.80000  0.398444781716E-01
  76.90000  0.489244249741E-01
  77.00000  0.567739494051E-01
  77.10000  0.613258868858E-01
  77.20000  0.614832681659E-01
  77.30000  0.579231157501E-01
  77.40000  0.518111034557E-01
  77.50000  0.441998808789E-01
  77.60000  0.369680419203E-01
  77.70000  0.324278155934E-01
  77.80000  0.316979498768E-01
  77.90000  0.346305990385E-01
  78.00000  0.406594892976E-01
  78.10000  0.485998090771E-01
  78.20000  0.565184650680E-01
  78.30000  0.626442741186E-01
  78.40000  0.658011417168E-01
  78.50000  0.651956269718E-01
  78.60000  0.609037488367E-01
  78.70000  0.542699490059E-01
  78.80000  0.469822578488E-01
  78.90000  0.403181376677E-01
  79.00000  0.356474175579E-01
  79.10000  0.344232993692E-01
  79.20000  0.369874522438E-01
  79.30000  0.423236002753E-01
  79.40000  0.492125890592E-01
  79.50000  0.566016893528E-01
  79.60000  0.629585248091E-01
  79.70000  0.666248659490E-01
  79.80000  0.669316505259E-01
  79.90000  0.641802163945E-01
  80.00000  0.590025353774E-01
  80.10000  0.525343369883E-01
  80.20000  0.464659737368E-01
  80.30000  0.422353242293E-01
  80.40000  0.407787113209E-01
  80.50000  0.428755970372E-01
  80.60000  0.485059834831E-01
  80.70000  0.562581939902E-01
  80.80000  0.644771318291E-01
  80.90000  0.721420985516E-01
  81.00000  0.779149821342E-01
  81.10000  0.800731487784E-01
  81.20000  0.782429938168E-01
  81.30000  0.736289676748E-01
  81.40000  0.674412777752E-01
  81.50000  0.607875003878E-01
  81.60000  0.555132135509E-01
  81.70000  0.533688247461E-01
  81.80000  0.549382220625E-01
  81.90000  0.601130203798E-01
  82.00000  0.682279457341E-01
  82.10000  0.774812913979E-01
  82.20000  0.857747895823E-01
  82.30000  0.918799504213E-01
  82.40000  0.947731379446E-01
  82.50000  0.933146131078E-01
  82.60000  0.877995672601E-01
  82.70000  0.802256137866E-01
  82.80000  0.723992768903E-01
  82.90000  0.654545900024E-01
  83.00000  0.609707592690E-01
  83.10000  0.604457946784E-01
  83.20000  0.638506634284E-01
  83.30000  0.700266044019E-01
  83.40000  0.776873377201E-01
  83.50000  0.852139227485E-01
  83.60000  0.907406720418E-01
  83.70000  0.931156504964E-01
  83.80000  0.919705514711E-01
  83.90000  0.872575566426E-01
  84.00000  0.797982839559E-01
  84.10000  0.715276769099E-01
  84.20000  0.641956801843E-01
  84.30000  0.586563940093E-01
  84.40000  0.557435048941E-01
  84.50000  0.563064073862E-01
  84.60000  0.599305059060E-01
  84.70000  0.650064231990E-01
  84.80000  0.701889600596E-01
  84.90000  0.746082658886E-01
  85.00000  0.771055889376E-01
  85.10000  0.766952893183E-01
  85.20000  0.734697758787E-01
  85.30000  0.682061507186E-01
  85.40000  0.617616837818E-01
  85.50000  0.553054684847E-01
  85.60000  0.501120480409E-01
  85.70000  0.468183401691E-01
  85.80000  0.456291332560E-01
  85.90000  0.467613346535E-01
  86.00000  0.497507336804E-01
  86.10000  0.531899290568E-01
  86.20000  0.559915065089E-01
  86.30000  0.578757466283E-01
  86.40000  0.583171736781E-01
  86.50000  0.565615085767E-01
  86.60000  0.528804350745E-01
  86.70000  0.483814731391E-01
  86.80000  0.437669988709E-01
  86.90000  0.394465825682E-01
  87.00000  0.361722080524E-01
  87.10000  0.344976153248E-01
  87.20000  0.343005796072E-01
  87.30000  0.352772525789E-01
  87.40000  0.370357454725E-01
  87.50000  0.387693498632E-01
  87.60000  0.397742019582E-01
  87.70000  0.399497576982E-01
  87.80000  0.392011720627E-01
  87.90000  0.372041086615E-01
  88.00000  0.342289616331E-01
  88.10000  0.311753513488E-01
  88.20000  0.285338961610E-01
  88.30000  0.262888903516E-01
  88.40000  0.247218036024E-01
  88.50000  0.242517749338E-01
  88.60000  0.246739206840E-01
  88.70000  0.253958022462E-01
  88.80000  0.261014752363E-01
  88.90000  0.266066692113E-01
  89.00000  0.265611570438E-01
  89.10000  0.257635301592E-01
  89.20000  0.243444831648E-01
  89.30000  0.224862911530E-01
  89.40000  0.204227677422E-01
  89.50000  0.186143991930E-01
  89.60000  0.174094304660E-01
  89.70000  0.167556019804E-01
  89.80000  0.166039748286E-01
  89.90000  0.170819519300E-01
  90.00000  0.179457276880E-01
  90.10000  0.185445207240E-01
  90.20000  0.185686733086E-01
  90.30000  0.181327769089E-01
  90.40000  0.171463838523E-01
  90.50000  0.154187687607E-01
  90.60000  0.132402130853E-01
  90.70000  0.111439545635E-01
  90.80000  0.937914172968E-02
  90.90000  0.808122814345E-02
  91.00000  0.745503873250E-02
  91.10000  0.747918009769E-02
  91.20000  0.790869337591E-02
  91.30000  0.856429803933E-02
  91.40000  0.919746714591E-02
  91.50000  0.938760231473E-02
  91.60000  0.895572672067E-02
  91.70000  0.807375155073E-02
  91.80000  0.683758160041E-02
  91.90000  0.525627111724E-02
  92.00000  0.360638498274E-02
  92.10000  0.226991346582E-02
  92.20000  0.136416663447E-02
  92.30000  0.857770304212E-03
  92.40000  0.761874588980E-03
  92.50000  0.100464124808E-02
  92.60000  0.139804668904E-02
  92.70000  0.178724346139E-02
  92.80000  0.206372492198E-02
  92.90000  0.213607192121E-02
  93.00000  0.199846052492E-02
  93.10000  0.171380597177E-02
  93.20000  0.134171315083E-02
  93.30000  0.961036900307E-03
  93.40000  0.656721064914E-03
  93.50000  0.449450547188E-03
  93.60000  0.340570467025E-03
  93.70000  0.355261641785E-03
  93.80000  0.459484846523E-03
  93.90000  0.560955968369E-03
  94.00000  0.621395484643E-03
  94.10000  0.640300657834E-03
  94.20000  0.584076337411E-03
  94.30000  0.440256071034E-03
  94.40000  0.258970308749E-03
  94.50000  0.101183281443E-03
  94.60000  0.374156639727E-04
  94.70000  0.163801916125E-03
  94.80000  0.544662543334E-03
  94.90000  0.118375966133E-02
  95.00000  0.204986124043E-02
  95.10000  0.305695467661E-02
  95.20000  0.405130765250E-02
  95.30000  0.485893543695E-02
  95.40000  0.533034103715E-02
  95.50000  0.538258447495E-02
  95.60000  0.503674495381E-02
  95.70000  0.439664232882E-02
  95.80000  0.366397305102E-02
  95.90000  0.317469389569E-02
  96.00000  0.323756385329E-02
  96.10000  0.395771494130E-02
  96.20000  0.538893293815E-02
  96.30000  0.761039997810E-02
  96.40000  0.103994266278E-01
  96.50000  0.131983707290E-01
  96.60000  0.156191198508E-01
  96.70000  0.175314928725E-01
  96.80000  0.186650599052E-01
  96.90000  0.187508524775E-01
  97.00000  0.179799776454E-01
  97.10000  0.167946625118E-01
  97.20000  0.155069043535E-01
  97.30000  0.144668325484E-01
  97.40000  0.140991270875E-01
  97.50000  0.145514541000E-01
  97.60000  0.157805233818E-01
  97.70000  0.178157479144E-01
  97.80000  0.204254618557E-01
  97.90000  0.229799913369E-01
  98.00000  0.251074716381E-01
  98.10000  0.268582767353E-01
  98.20000  0.280262006266E-01
  98.30000  0.281871001604E-01
  98.40000  0.274861677371E-01
  98.50000  0.264882121374E-01
  98.60000  0.253747848105E-01
  98.70000  0.241080520394E-01
  98.80000  0.230486029864E-01
  98.90000  0.226503748876E-01
  99.00000  0.229385223573E-01
  99.10000  0.237977824796E-01
  99.20000  0.252792778296E-01
  99.30000  0.273149829811E-01
  99.40000  0.296575605204E-01
  99.50000  0.321812094760E-01
  99.60000  0.347587990872E-01
  99.70000  0.370429462716E-01
  99.80000  0.388566618421E-01
  99.90000  0.403887031606E-01
 100.00000  0.416187657105E-01
 100.10000  0.422054677453E-01
 100.20000  0.422430787712E-01
 100.30000  0.422766647577E-01
 100.40000  0.424053137630E-01
 100.50000  0.423448667991E-01
 100.60000  0.423546133621E-01
 100.70000  0.430306356418E-01
 100.80000  0.443670795401E-01
 100.90000  0.460165656389E-01
 101.00000  0.480742289116E-01
 101.10000  0.507102605151E-01
 101.20000  0.535738613023E-01
 101.30000  0.562097374781E-01
 101.40000  0.584364750767E-01
 101.50000  0.600010350404E-01
 101.60000  0.605799516307E-01
 101.70000  0.601654273606E-01
 101.80000  0.588571047523E-01
 101.90000  0.566114533579E-01
 102.00000  0.537225041815E-01
 102.10000  0.509309534051E-01
 102.20000  0.486603920061E-01
 102.30000  0.469061461674E-01
 102.40000  0.460240869520E-01
 102.50000  0.466217077577E-01
 102.60000  0.485940707023E-01
 102.70000  0.512683116320E-01
 102.80000  0.544029472794E-01
 102.90000  0.580180115409E-01
 103.00000  0.615024362595E-01
 103.10000  0.639611120867E-01
 103.20000  0.651788605857E-01
 103.30000  0.653490973956E-01
 103.40000  0.643446563208E-01
 103.50000  0.621128497654E-01
 103.60000  0.592499842009E-01
 103.70000  0.565332248857E-01
 103.80000  0.545021421938E-01
 103.90000  0.537780144984E-01
 104.00000  0.549636843773E-01
 104.10000  0.581295423154E-01
 104.20000  0.630828774295E-01
 104.30000  0.696775242345E-01
 104.40000  0.771559282485E-01
 104.50000  0.840601540956E-01
 104.60000  0.894242782471E-01
 104.70000  0.929861641624E-01
 104.80000  0.941024410057E-01
 104.90000  0.920347823744E-01
 105.00000  0.873450633672E-01
 105.10000  0.814818946673E-01
 105.20000  0.753318623483E-01
 105.30000  0.695218951916E-01
 105.40000  0.653227002262E-01
 105.50000  0.638635974124E-01
 105.60000  0.651671561624E-01
 105.70000  0.687014429102E-01
 105.80000  0.739321548589E-01
 105.90000  0.799354959085E-01
 106.00000  0.854437455458E-01
 106.10000  0.894576468424E-01
 106.20000  0.912704074731E-01
 106.30000  0.903239340108E-01
 106.40000  0.866619199290E-01
 106.50000  0.810355975833E-01
 106.60000  0.742373513045E-01
 106.70000  0.669508055751E-01
 106.80000  0.603176062568E-01
 106.90000  0.557250990370E-01
 107.00000  0.538465670938E-01
 107.10000  0.546500528196E-01
 107.20000  0.582630414688E-01
 107.30000  0.647883799769E-01
 107.40000  0.733142200416E-01
 107.50000  0.822282309696E-01
 107.60000  0.904613260980E-01
 107.70000  0.973594982884E-01
 107.80000  0.101762614288E+00
 107.90000  0.102591863476E+00
 108.00000  0.100022686302E+00
 108.10000  0.950105864373E-01
 108.20000  0.883728673093E-01
 108.30000  0.812102072513E-01
 108.40000  0.752073453590E-01
 108.50000  0.717432062147E-01
 108.60000  0.714955762530E-01
 108.70000  0.748029092745E-01
 108.80000  0.812846946386E-01
 108.90000  0.895154979231E-01
 109.00000  0.979802201572E-01
 109.10000  0.105543026756E+00
 109.20000  0.110660298641E+00
 109.30000  0.111721661392E+00
 109.40000  0.108545582701E+00
 109.50000  0.102118979120E+00
 109.60000  0.931492527244E-01
 109.70000  0.823748342931E-01
 109.80000  0.715847392747E-01
 109.90000  0.627346037911E-01
 110.00000  0.566503283933E-01
 110.10000  0.535184019230E-01
 110.20000  0.536500449855E-01
 110.30000  0.569322811960E-01
 110.40000  0.623797518541E-01
 110.50000  0.687618329926E-01
 110.60000  0.750970033858E-01
 110.70000  0.804414570821E-01
 110.80000  0.838647697945E-01
 110.90000  0.848041165122E-01
 111.00000  0.831413617447E-01
 111.10000  0.790424482695E-01
 111.20000  0.730667591670E-01
 111.30000  0.662487540528E-01
 111.40000  0.597122263850E-01
 111.50000  0.543987383311E-01
 111.60000  0.513542651116E-01
 111.70000  0.516133031210E-01
 111.80000  0.553493381289E-01
 111.90000  0.617927881863E-01
 112.00000  0.701753748559E-01
 112.10000  0.797209341626E-01
 112.20000  0.887325697195E-01
 112.30000  0.951454937630E-01
 112.40000  0.980369245923E-01
 112.50000  0.973886608740E-01
 112.60000  0.929899202906E-01
 112.70000  0.850306581062E-01
 112.80000  0.750284840167E-01
 112.90000  0.648974345861E-01
 113.00000  0.558785847122E-01
 113.10000  0.489612419289E-01
 113.20000  0.451088513104E-01
 113.30000  0.445524171512E-01
 113.40000  0.467605411318E-01
 113.50000  0.509993486112E-01
 113.60000  0.562327949470E-01
 113.70000  0.611010188279E-01
 113.80000  0.646562731661E-01
 113.90000  0.665132509576E-01
 114.00000  0.662221317297E-01
 114.10000  0.634353457809E-01
 114.20000  0.586179589080E-01
 114.30000  0.526912479962E-01
 114.40000  0.462159126418E-01
 114.50000  0.396494850400E-01
 114.60000  0.339631504710E-01
 114.70000  0.302159870989E-01
 114.80000  0.288163461305E-01
 114.90000  0.297571630667E-01
 115.00000  0.331893903344E-01
 115.10000  0.390780903788E-01
 115.20000  0.465550628570E-01
 115.30000  0.542864889473E-01
 115.40000  0.612778001909E-01
 115.50000  0.667274254209E-01
 115.60000  0.695786609348E-01
 115.70000  0.690697609363E-01
 115.80000  0.654156266981E-01
 115.90000  0.593964589621E-01
 116.00000  0.518497317100E-01
 116.10000  0.439155638709E-01
 116.20000  0.369810853839E-01
 116.30000  0.320446392023E-01
 116.40000  0.296270132880E-01
 116.50000  0.299640852016E-01
 116.60000  0.326384842196E-01
 116.70000  0.365607609384E-01
 116.80000  0.407865525044E-01
 116.90000  0.446690341387E-01
 117.00000  0.472516886828E-01
 117.10000  0.476328989012E-01
 117.20000  0.458730869977E-01
 117.30000  0.425710019134E-01
 117.40000  0.379546463819E-01
 117.50000  0.322534515816E-01
 117.60000  0.263172777126E-01
 117.70000  0.210364807825E-01
 117.80000  0.167270471625E-01
 117.90000  0.135717341896E-01
 118.00000  0.120392001750E-01
 118.10000  0.124842334713E-01
 118.20000  0.148111170908E-01
 118.30000  0.187264158576E-01
 118.40000  0.239454596493E-01
 118.50000  0.299757846921E-01
 118.60000  0.359721918670E-01
 118.70000  0.409973939175E-01
 118.80000  0.443260708332E-01
 118.90000  0.454491619058E-01
 119.00000  0.440851689040E-01
 119.10000  0.404008298588E-01
 119.20000  0.350503723961E-01
 119.30000  0.289221565436E-01
 119.40000  0.230330587827E-01
 119.50000  0.184435918024E-01
 119.60000  0.158424278973E-01
 119.70000  0.153362977304E-01
 119.80000  0.167936313177E-01
 119.90000  0.198797110183E-01
 120.00000  0.236693255037E-01
 120.10000  0.269758433763E-01
 120.20000  0.291758786370E-01
 120.30000  0.300864237606E-01
 120.40000  0.293677198574E-01
 120.50000  0.268738896106E-01
 120.60000  0.231990574068E-01
 120.70000  0.191252716177E-01
 120.80000  0.149789228324E-01
 120.90000  0.109825137670E-01
 121.00000  0.760694536751E-02
 121.10000  0.517887634695E-02
 121.20000  0.367663429755E-02
 121.30000  0.308591283948E-02
 121.40000  0.353678916619E-02
 121.50000  0.507137779091E-02
 121.60000  0.758425884881E-02
 121.70000  0.108969737911E-01
 121.80000  0.146981403755E-01
 121.90000  0.184963016075E-01
 122.00000  0.217294129811E-01
 122.10000  0.238722041279E-01
 122.20000  0.245036159297E-01
 122.30000  0.234246193062E-01
 122.40000  0.207934924964E-01
 122.50000  0.171071261645E-01
 122.60000  0.130206196753E-01
 122.70000  0.921114179640E-02
 122.80000  0.636317857902E-02
 122.90000  0.499700708296E-02
 123.00000  0.516135135303E-02
 123.10000  0.647628285768E-02
 123.20000  0.850063371507E-02
 123.30000  0.107632285252E-01
 123.40000  0.125795166230E-01
 123.50000  0.133529852987E-01
 123.60000  0.130292174993E-01
 123.70000  0.118792546054E-01
 123.80000  0.100821703612E-01
 123.90000  0.787543610129E-02
 124.00000  0.574535084447E-02
 124.10000  0.406178070439E-02
 124.20000  0.281051340467E-02
 124.30000  0.186132861392E-02
 124.40000  0.117779689289E-02
 124.50000  0.691523392135E-03
 124.60000  0.305585199226E-03
 124.70000  0.628241404573E-04
 124.80000  0.134195297267E-03
 124.90000  0.675278058345E-03
 125.00000  0.177192826558E-02
 125.10000  0.339727992415E-02
 125.20000  0.535525449189E-02
 125.30000  0.730944606864E-02
 125.40000  0.887963196587E-02
 125.50000  0.972378663060E-02
 125.60000  0.963355502728E-02
 125.70000  0.860921047860E-02
 125.80000  0.686468894050E-02
 125.90000  0.477082763953E-02
 126.00000  0.276003014344E-02
 126.10000  0.119957209301E-02
 126.20000  0.311720396842E-03
 126.30000  0.134428394646E-03
 126.40000  0.496562886610E-03
 126.50000  0.108112107050E-02
 126.60000  0.159416002998E-02
 126.70000  0.184838852445E-02
 126.80000  0.174858265506E-02
 126.90000  0.134397456776E-02
 127.00000  0.885982817137E-03
 127.10000  0.684188114127E-03
 127.20000  0.914881314958E-03
 127.30000  0.160987101744E-02
 127.40000  0.271145007453E-02
 127.50000  0.401893829213E-02
 127.60000  0.518342301431E-02
 127.70000  0.586955561728E-02
 127.80000  0.592456346276E-02
 127.90000  0.537738667876E-02
 128.00000  0.436700423480E-02
 128.10000  0.314216748397E-02
 128.20000  0.207257992849E-02
 128.30000  0.149732095604E-02
 128.40000  0.152763598281E-02
 128.50000  0.206963563062E-02
 128.60000  0.298882077288E-02
 128.70000  0.408863898201E-02
 128.80000  0.502933833677E-02
 128.90000  0.551107573471E-02
 129.00000  0.551104723409E-02
 129.10000  0.516524754405E-02
 129.20000  0.455340616834E-02
 129.30000  0.377774338245E-02
 129.40000  0.307621502831E-02
 129.50000  0.262216950115E-02
 129.60000  0.234783693358E-02
 129.70000  0.211491328772E-02
 129.80000  0.191772193522E-02
 129.90000  0.179440941359E-02
 130.00000  0.173117874041E-02
 130.10000  0.179985019320E-02
 130.20000  0.225110063747E-02
 130.30000  0.332130320597E-02
 130.40000  0.505229327683E-02
 130.50000  0.735317841336E-02
 130.60000  0.100678786837E-01
 130.70000  0.128838675504E-01
 130.80000  0.153549581042E-01
 130.90000  0.170985568343E-01
 131.00000  0.178880621000E-01
 131.10000  0.176317591509E-01
 131.20000  0.164611692249E-01
 131.30000  0.147389601674E-01
 131.40000  0.128388577393E-01
 131.50000  0.110548893285E-01
 131.60000  0.973725849646E-02
 131.70000  0.915951329826E-02
 131.80000  0.922002747996E-02
 131.90000  0.961674784504E-02
 132.00000  0.102479737251E-01
 132.10000  0.110640230070E-01
 132.20000  0.117593957475E-01
 132.30000  0.120698670745E-01
 132.40000  0.121448903456E-01
 132.50000  0.122082250713E-01
 132.60000  0.121580901963E-01
 132.70000  0.118652901481E-01
 132.80000  0.115189490956E-01
 132.90000  0.113066820698E-01
 133.00000  0.111077429106E-01
 133.10000  0.108440662069E-01
 133.20000  0.108222996982E-01
 133.30000  0.113979735367E-01
 133.40000  0.126117022239E-01
 133.50000  0.144389618468E-01
 133.60000  0.170443240033E-01
 133.70000  0.204224330934E-01
 133.80000  0.241043876711E-01
 133.90000  0.275189744571E-01
 134.00000  0.303325011572E-01
 134.10000  0.322312312844E-01
 134.20000  0.328255561304E-01
 134.30000  0.320021624277E-01
 134.40000  0.300386573683E-01
 134.50000  0.273126050999E-01
 134.60000  0.242309761813E-01
 134.70000  0.213033466285E-01
 134.80000  0.189307947037E-01
 134.90000  0.172665275542E-01
 135.00000  0.164293312233E-01
 135.10000  0.164870808466E-01
 135.20000  0.171919907358E-01
 135.30000  0.181845871056E-01
 135.40000  0.194189444483E-01
 135.50000  0.209361904780E-01
 135.60000  0.224582150273E-01
 135.70000  0.236920248427E-01
 135.80000  0.247330127650E-01
 135.90000  0.256839809941E-01
 136.00000  0.262498867632E-01
 136.10000  0.261671428260E-01
 136.20000  0.256755037267E-01
 136.30000  0.251372885171E-01
 136.40000  0.245996682356E-01
 136.50000  0.241796351517E-01
 136.60000  0.244693360274E-01
 136.70000  0.260004726862E-01
 136.80000  0.286501183908E-01
 136.90000  0.320537513221E-01
 137.00000  0.361324015191E-01
 137.10000  0.406158452756E-01
 137.20000  0.445972369700E-01
 137.30000  0.472191844950E-01
 137.40000  0.483167767516E-01
 137.50000  0.479116127922E-01
 137.60000  0.457956796341E-01
 137.70000  0.420988451753E-01
 137.80000  0.375765530657E-01
 137.90000  0.329555819098E-01
 138.00000  0.285991956875E-01
 138.10000  0.248956448650E-01
 138.20000  0.223254036694E-01
 138.30000  0.210973720399E-01
 138.40000  0.211823163833E-01
 138.50000  0.225644018434E-01
 138.60000  0.251620033214E-01
 138.70000  0.287389319008E-01
 138.80000  0.330697296774E-01
 138.90000  0.379033138795E-01
 139.00000  0.427504083985E-01
 139.10000  0.470171439476E-01
 139.20000  0.503134241304E-01
 139.30000  0.523633830445E-01
 139.40000  0.528177949851E-01
 139.50000  0.515420898287E-01
 139.60000  0.489800725509E-01
 139.70000  0.458585614333E-01
 139.80000  0.426942074032E-01
 139.90000  0.399756790334E-01
 140.00000  0.385136582537E-01
 140.10000  0.389153569882E-01
 140.20000  0.409264782417E-01
 140.30000  0.439307360404E-01
 140.40000  0.476950088380E-01
 140.50000  0.518677743255E-01
 140.60000  0.553950767482E-01
 140.70000  0.573775518300E-01
 140.80000  0.578962847709E-01
 140.90000  0.572157076945E-01
 141.00000  0.550565831527E-01
 141.10000  0.514083671628E-01
 141.20000  0.470993642227E-01
 141.30000  0.428623911827E-01
 141.40000  0.387536545322E-01
 141.50000  0.349582490744E-01
 141.60000  0.322402250582E-01
 141.70000  0.311902653243E-01
 141.80000  0.318289372286E-01
 141.90000  0.341948722169E-01
 142.00000  0.385925274572E-01
 142.10000  0.449752069206E-01
 142.20000  0.526351059509E-01
 142.30000  0.606933323303E-01
 142.40000  0.684328861739E-01
 142.50000  0.750035067375E-01
 142.60000  0.793666628888E-01
 142.70000  0.808440903560E-01
 142.80000  0.794069660438E-01
 142.90000  0.753604607960E-01
 143.00000  0.692199657052E-01
 143.10000  0.618946785633E-01
 143.20000  0.544922946947E-01
 143.30000  0.479267359564E-01
 143.40000  0.429478581952E-01
 143.50000  0.401332309181E-01
 143.60000  0.395490176954E-01
 143.70000  0.408697518041E-01
 143.80000  0.439103020740E-01
 143.90000  0.484407407000E-01
 144.00000  0.537097531350E-01
 144.10000  0.589379978865E-01
 144.20000  0.639480507273E-01
 144.30000  0.685624868175E-01
 144.40000  0.719928395944E-01
 144.50000  0.735865633038E-01
 144.60000  0.735020196538E-01
 144.70000  0.719945555954E-01
 144.80000  0.688812469548E-01
 144.90000  0.643660964027E-01
 145.00000  0.595951826690E-01
 145.10000  0.557455559413E-01
 145.20000  0.532760381331E-01
 145.30000  0.525620115940E-01
 145.40000  0.543755530010E-01
 145.50000  0.589538905837E-01
 145.60000  0.653145140890E-01
 145.70000  0.722177268709E-01
 145.80000  0.790523962661E-01
 145.90000  0.850897151966E-01
 146.00000  0.889415025833E-01
 146.10000  0.897153430842E-01
 146.20000  0.878012690116E-01
 146.30000  0.837898373996E-01
 146.40000  0.777353572729E-01
 146.50000  0.700966967752E-01
 146.60000  0.621652232930E-01
 146.70000  0.549474739321E-01
 146.80000  0.486887690969E-01
 146.90000  0.437708262344E-01
 147.00000  0.410173693474E-01
 147.10000  0.409165220965E-01
 147.20000  0.434073199784E-01
 147.30000  0.484408469557E-01
 147.40000  0.560319284432E-01
 147.50000  0.657379750884E-01
 147.60000  0.765797363630E-01
 147.70000  0.874264169160E-01
 147.80000  0.971593285309E-01
 147.90000  0.104606551473E+00
 148.00000  0.108742504552E+00
 148.10000  0.109044573461E+00
 148.20000  0.105568636514E+00
 148.30000  0.988382299549E-01
 148.40000  0.898666202085E-01
 148.50000  0.800170045480E-01
 148.60000  0.705535447353E-01
 148.70000  0.624773917471E-01
 148.80000  0.567149008795E-01
 148.90000  0.538308646302E-01
 149.00000  0.535679043342E-01
 149.10000  0.553208544458E-01
 149.20000  0.588549867165E-01
 149.30000  0.638486928541E-01
 149.40000  0.693317157945E-01
 149.50000  0.744901497695E-01
 149.60000  0.793516839723E-01
 149.70000  0.838472509608E-01
 149.80000  0.871208954261E-01
 149.90000  0.885452606251E-01
 150.00000  0.884200661606E-01
 150.10000  0.869980631547E-01
 150.20000  0.839474276535E-01
 150.30000  0.794450263854E-01
 150.40000  0.747656731603E-01
 150.50000  0.711351478655E-01
 150.60000  0.689405452103E-01
 150.70000  0.685819828617E-01
 150.80000  0.709701379290E-01
 150.90000  0.763285726145E-01
 151.00000  0.834572966866E-01
 151.10000  0.909733451929E-01
 151.20000  0.982657204770E-01
 151.30000  0.104495133183E+00
 151.40000  0.108049855305E+00
 151.50000  0.108016525814E+00
 151.60000  0.104986616980E+00
 151.70000  0.996729164610E-01
 151.80000  0.921505762169E-01
 151.90000  0.830325515198E-01
 152.00000  0.738509980245E-01
 152.10000  0.656800614838E-01
 152.20000  0.586626182659E-01
 152.30000  0.531277039077E-01
 152.40000  0.499386176079E-01
 152.50000  0.495553637594E-01
 152.60000  0.517866983469E-01
 152.70000  0.565590025896E-01
 152.80000  0.640783667565E-01
 152.90000  0.740670772816E-01
 153.00000  0.854900994426E-01
 153.10000  0.971783740311E-01
 153.20000  0.108165979935E+00
 153.30000  0.117285869138E+00
 153.40000  0.123164442232E+00
 153.50000  0.124978038348E+00
 153.60000  0.122765758289E+00
 153.70000  0.116957837235E+00
 153.80000  0.108256351736E+00
 153.90000  0.979008800613E-01
 154.00000  0.873564675401E-01
 154.10000  0.777875514054E-01
 154.20000  0.701116819989E-01
 154.30000  0.649719312882E-01
 154.40000  0.623635614597E-01
 154.50000  0.618837645288E-01
 154.60000  0.633279384312E-01
 154.70000  0.664082613416E-01
 154.80000  0.703652165624E-01
 154.90000  0.746223677916E-01
 155.00000  0.792415235746E-01
 155.10000  0.841244239856E-01
 155.20000  0.885506657521E-01
 155.30000  0.919581890179E-01
 155.40000  0.943513834108E-01
 155.50000  0.955898920007E-01
 155.60000  0.951402966093E-01
 155.70000  0.929339550760E-01
 155.80000  0.898125999891E-01
 155.90000  0.867148276038E-01
 156.00000  0.840506288935E-01
 156.10000  0.823490403964E-01
 156.20000  0.826998564781E-01
 156.30000  0.856186733333E-01
 156.40000  0.902137210546E-01
 156.50000  0.953986991517E-01
 156.60000  0.100884901103E+00
 156.70000  0.105980641633E+00
 156.80000  0.108950858783E+00
 156.90000  0.108802037232E+00
 157.00000  0.106198181061E+00
 157.10000  0.101738373355E+00
 157.20000  0.951710750623E-01
 157.30000  0.869740240696E-01
 157.40000  0.787601784538E-01
 157.50000  0.715087804386E-01
 157.60000  0.650563436180E-01
 157.70000  0.595846141959E-01
 157.80000  0.560683563983E-01
 157.90000  0.550070278345E-01
 158.00000  0.560415665792E-01
 158.10000  0.591420205426E-01
 158.20000  0.650374226130E-01
 158.30000  0.739163063559E-01
 158.40000  0.847115770261E-01
 158.50000  0.963132109060E-01
 158.60000  0.108319075049E+00
 158.70000  0.119745983423E+00
 158.80000  0.128482884686E+00
 158.90000  0.133095423468E+00
 159.00000  0.133739427726E+00
 159.10000  0.130608299737E+00
 159.20000  0.123386286315E+00
 159.30000  0.112824308317E+00
 159.40000  0.100929462606E+00
 159.50000  0.891841354930E-01
 159.60000  0.781491045784E-01
 159.70000  0.686072310748E-01
 159.80000  0.615421265154E-01
 159.90000  0.571785826309E-01
 160.00000  0.551140243442E-01
 160.10000  0.551292933656E-01
 160.20000  0.572783476257E-01
 160.30000  0.614325815491E-01
 160.40000  0.671631999860E-01
 160.50000  0.740785666648E-01
 160.60000  0.819781386779E-01
 160.70000  0.903690172175E-01
 160.80000  0.981862204402E-01
 160.90000  0.104461392004E+00
 161.00000  0.108807136280E+00
 161.10000  0.110879506454E+00
 161.20000  0.110259935687E+00
 161.30000  0.107242103398E+00
 161.40000  0.102839182566E+00
 161.50000  0.979540516914E-01
 161.60000  0.933284783467E-01
 161.70000  0.897818280213E-01
 161.80000  0.877052291271E-01
 161.90000  0.869011630246E-01
 162.00000  0.871378891082E-01
 162.10000  0.880109637109E-01
 162.20000  0.886051610533E-01
 162.30000  0.882781000977E-01
 162.40000  0.872190114993E-01
 162.50000  0.856359567106E-01
 162.60000  0.833966843996E-01
 162.70000  0.807884063050E-01
 162.80000  0.785227770971E-01
 162.90000  0.768492431138E-01
 163.00000  0.755119987267E-01
 163.10000  0.744078176943E-01
 163.20000  0.736954330965E-01
 163.30000  0.734572100541E-01
 163.40000  0.736622465495E-01
 163.50000  0.745348896246E-01
 163.60000  0.767782064779E-01
 163.70000  0.809637379125E-01
 163.80000  0.868340729132E-01
 163.90000  0.938856571322E-01
 164.00000  0.102057375731E+00
 164.10000  0.110698756910E+00
 164.20000  0.117894425726E+00
 164.30000  0.122178485365E+00
 164.40000  0.123593213335E+00
 164.50000  0.122042770263E+00
 164.60000  0.116681049346E+00
 164.70000  0.107868743691E+00
 164.80000  0.975320688878E-01
 164.90000  0.869735646855E-01
 165.00000  0.763772782881E-01
 165.10000  0.664752212304E-01
 165.20000  0.586518753623E-01
 165.30000  0.533911273914E-01
 165.40000  0.501997070904E-01
 165.50000  0.490325983368E-01
 165.60000  0.506202626923E-01
 165.70000  0.552440748006E-01
 165.80000  0.622218749153E-01
 165.90000  0.710891218638E-01
 166.00000  0.821700904509E-01
 166.10000  0.949928495662E-01
 166.20000  0.107477254983E+00
 166.30000  0.117928317419E+00
 166.40000  0.126143390503E+00
 166.50000  0.131408996540E+00
 166.60000  0.131873705700E+00
 166.70000  0.127169565356E+00
 166.80000  0.119086741269E+00
 166.90000  0.108875476912E+00
 167.00000  0.966243251596E-01
 167.10000  0.835069709590E-01
 167.20000  0.717902934024E-01
 167.30000  0.624700878526E-01
 167.40000  0.551346220490E-01
 167.50000  0.498921349328E-01
 167.60000  0.475654633257E-01
 167.70000  0.481999028833E-01
 167.80000  0.509311782081E-01
 167.90000  0.554563128687E-01
 168.00000  0.624082588436E-01
 168.10000  0.717680889967E-01
 168.20000  0.821542545427E-01
 168.30000  0.925025464030E-01
 168.40000  0.102879999595E+00
 168.50000  0.112537396474E+00
 168.60000  0.119269328393E+00
 168.70000  0.121992487006E+00
 168.80000  0.121629369537E+00
 168.90000  0.118571594922E+00
 169.00000  0.112137027226E+00
 169.10000  0.103107848393E+00
 169.20000  0.938321604774E-01
 169.30000  0.855072848935E-01
 169.40000  0.779277243837E-01
 169.50000  0.715717507804E-01
 169.60000  0.675435156591E-01
 169.70000  0.658041121174E-01
 169.80000  0.653257133284E-01
 169.90000  0.657208439545E-01
 170.00000  0.674203994304E-01
 170.10000  0.703814462904E-01
 170.20000  0.738020020868E-01
 170.30000  0.773906209488E-01
 170.40000  0.817553132348E-01
 170.50000  0.868396471381E-01
 170.60000  0.913318897425E-01
 170.70000  0.944967126964E-01
 170.80000  0.968837694323E-01
 170.90000  0.983743254781E-01
 171.00000  0.977571876893E-01
 171.10000  0.950145165520E-01
 171.20000  0.916509026054E-01
 171.30000  0.883500679362E-01
 171.40000  0.847230261827E-01
 171.50000  0.812798319325E-01
 171.60000  0.792765808792E-01
 171.70000  0.788342530600E-01
 171.80000  0.790906982634E-01
 171.90000  0.797337021865E-01
 172.00000  0.809553772635E-01
 172.10000  0.823807848982E-01
 172.20000  0.832062787532E-01
 172.30000  0.832278484914E-01
 172.40000  0.829463144966E-01
 172.50000  0.825831636383E-01
 172.60000  0.817722045330E-01
 172.70000  0.805432125173E-01
 172.80000  0.796423850958E-01
 172.90000  0.792795351635E-01
 173.00000  0.787547812080E-01
 173.10000  0.779292858043E-01
 173.20000  0.776028595415E-01
 173.30000  0.779434882131E-01
 173.40000  0.782642951991E-01
 173.50000  0.786342595805E-01
 173.60000  0.799279147966E-01
 173.70000  0.822073085671E-01
 173.80000  0.847198187766E-01
 173.90000  0.872767749893E-01
 174.00000  0.901527776449E-01
 174.10000  0.929464726900E-01
 174.20000  0.947895795003E-01
 174.30000  0.953708666275E-01
 174.40000  0.948790520213E-01
 174.50000  0.932607955391E-01
 174.60000  0.902968113389E-01
 174.70000  0.862395963630E-01
 174.80000  0.817745716568E-01
 174.90000  0.773487244129E-01
 175.00000  0.730572822139E-01
 175.10000  0.692202153080E-01
 175.20000  0.664680239030E-01
 175.30000  0.650636745939E-01
 175.40000  0.647715037140E-01
 175.50000  0.655932961798E-01
 175.60000  0.679224633191E-01
 175.70000  0.717252302692E-01
 175.80000  0.763812414152E-01
 175.90000  0.815524070536E-01
 176.00000  0.873115645769E-01
 176.10000  0.932093096429E-01
 176.20000  0.982347637964E-01
 176.30000  0.101847159413E+00
 176.40000  0.104053168282E+00
 176.50000  0.104538061857E+00
 176.60000  0.102831761412E+00
 176.70000  0.991382521669E-01
 176.80000  0.940818024286E-01
 176.90000  0.880570453932E-01
 177.00000  0.814878537668E-01
 177.10000  0.750224640545E-01
 177.20000  0.690993138425E-01
 177.30000  0.639748976740E-01
 177.40000  0.600444793760E-01
 177.50000  0.575328073314E-01
 177.60000  0.564162630245E-01
 177.70000  0.569238933467E-01
 177.80000  0.593835720457E-01
 177.90000  0.638119771009E-01
 178.00000  0.702988058191E-01
 178.10000  0.788667926347E-01
 178.20000  0.886614172617E-01
 178.30000  0.985934686626E-01
 178.40000  0.108243596033E+00
 178.50000  0.116603864705E+00
 178.60000  0.121588917194E+00
 178.70000  0.122309005288E+00
 178.80000  0.119550580657E+00
 178.90000  0.113548529525E+00
 179.00000  0.104381266573E+00
 179.10000  0.938531972741E-01
 179.20000  0.839166523613E-01
 179.30000  0.753320605427E-01
 179.40000  0.696592471499E-01
 179.50000  0.682410719962E-01
 179.60000  0.688691833662E-01
 179.70000  0.692946916980E-01
 179.80000  0.719457780434E-01
 179.90000  0.780211565127E-01
 180.00000  0.816839120318E-01
