 # E =   0.399970714696290       eV =    3226.21760000000       1/cm
 #  1801
# DFFCSO.  ACCUM LEV(I),J(I) =  1  0 LEV(F),J(F) =  1  0       , M =  0, WEIGHTED BY  1.00000
   0.10000  0.403413983329E+06
   0.20000  0.347756656900E+06
   0.30000  0.269912245386E+06
   0.40000  0.186701085285E+06
   0.50000  0.113127289219E+06
   0.60000  0.584288304443E+05
   0.70000  0.248366001848E+05
   0.80000  0.893758782249E+04
   0.90000  0.448875495866E+04
   1.00000  0.524467931795E+04
   1.10000  0.678319793745E+04
   1.20000  0.703505372324E+04
   1.30000  0.581851163690E+04
   1.40000  0.393288473058E+04
   1.50000  0.230537712585E+04
   1.60000  0.147016660984E+04
   1.70000  0.143544695494E+04
   1.80000  0.184014060038E+04
   1.90000  0.223333127178E+04
   2.00000  0.231550664017E+04
   2.10000  0.204170532293E+04
   2.20000  0.157340383493E+04
   2.30000  0.114071287661E+04
   2.40000  0.906734143029E+03
   2.50000  0.903049264583E+03
   2.60000  0.105040042306E+04
   2.70000  0.122871762620E+04
   2.80000  0.134396484345E+04
   2.90000  0.135803915474E+04
   3.00000  0.128106474903E+04
   3.10000  0.114730292209E+04
   3.20000  0.995539324135E+03
   3.30000  0.860391370177E+03
   3.40000  0.768772561343E+03
   3.50000  0.735020939397E+03
   3.60000  0.755367850564E+03
   3.70000  0.807589353563E+03
   3.80000  0.859256213646E+03
   3.90000  0.881091870606E+03
   4.00000  0.857777147512E+03
   4.10000  0.790834849867E+03
   4.20000  0.694253424454E+03
   4.30000  0.587622657019E+03
   4.40000  0.490827864154E+03
   4.50000  0.420741931041E+03
   4.60000  0.388047630482E+03
   4.70000  0.393438233798E+03
   4.80000  0.425292769959E+03
   4.90000  0.462030127001E+03
   5.00000  0.479990253621E+03
   5.10000  0.463577967248E+03
   5.20000  0.412092400088E+03
   5.30000  0.339314465808E+03
   5.40000  0.266381123234E+03
   5.50000  0.212333634746E+03
   5.60000  0.187293919026E+03
   5.70000  0.190643729929E+03
   5.80000  0.213336755938E+03
   5.90000  0.241968622407E+03
   6.00000  0.262842668058E+03
   6.10000  0.265529493011E+03
   6.20000  0.245800554746E+03
   6.30000  0.207222094468E+03
   6.40000  0.160276554951E+03
   6.50000  0.118625575880E+03
   6.60000  0.937655632586E+02
   6.70000  0.905478009495E+02
   6.80000  0.105739531694E+03
   6.90000  0.130102976452E+03
   7.00000  0.152582984767E+03
   7.10000  0.164399036843E+03
   7.20000  0.161461335999E+03
   7.30000  0.144818736613E+03
   7.40000  0.119732907873E+03
   7.50000  0.940099475857E+02
   7.60000  0.758334680283E+02
   7.70000  0.712545689482E+02
   7.80000  0.819259277127E+02
   7.90000  0.104114391408E+03
   8.00000  0.129804794392E+03
   8.10000  0.149706189424E+03
   8.20000  0.156846929889E+03
   8.30000  0.149062534979E+03
   8.40000  0.129345720138E+03
   8.50000  0.104232820154E+03
   8.60000  0.812855771725E+02
   8.70000  0.667979188124E+02
   8.80000  0.643113145156E+02
   8.90000  0.739569016676E+02
   9.00000  0.924810055554E+02
   9.10000  0.113975689797E+03
   9.20000  0.131418712956E+03
   9.30000  0.138843280550E+03
   9.40000  0.133453798232E+03
   9.50000  0.116739401212E+03
   9.60000  0.939580004209E+02
   9.70000  0.721555861722E+02
   9.80000  0.576309008946E+02
   9.90000  0.539507827081E+02
  10.00000  0.611847587679E+02
  10.10000  0.763369156074E+02
  10.20000  0.944982381365E+02
  10.30000  0.110222556762E+03
  10.40000  0.118854012595E+03
  10.50000  0.117678612089E+03
  10.60000  0.106707454787E+03
  10.70000  0.887846185036E+02
  10.80000  0.687987932086E+02
  10.90000  0.521307807749E+02
  11.00000  0.428838003835E+02
  11.10000  0.426119611973E+02
  11.20000  0.500353129390E+02
  11.30000  0.617449047380E+02
  11.40000  0.734728562647E+02
  11.50000  0.813764606271E+02
  11.60000  0.829630947093E+02
  11.70000  0.775552776844E+02
  11.80000  0.663453801471E+02
  11.90000  0.520752907253E+02
  12.00000  0.383342716428E+02
  12.10000  0.285463319015E+02
  12.20000  0.249094911699E+02
  12.30000  0.276875598170E+02
  12.40000  0.351760666352E+02
  12.50000  0.443692480743E+02
  12.60000  0.520250769151E+02
  12.70000  0.556734916528E+02
  12.80000  0.542168470251E+02
  12.90000  0.480261741087E+02
  13.00000  0.386556489362E+02
  13.10000  0.283629978465E+02
  13.20000  0.195607862653E+02
  13.30000  0.142508330027E+02
  13.40000  0.135030932691E+02
  13.50000  0.171138900635E+02
  13.60000  0.236124273017E+02
  13.70000  0.306931739501E+02
  13.80000  0.359583415153E+02
  13.90000  0.376849812291E+02
  14.00000  0.353109264899E+02
  14.10000  0.294820241407E+02
  14.20000  0.217169884342E+02
  14.30000  0.138878048808E+02
  14.40000  0.771770294122E+01
  14.50000  0.440856781792E+01
  14.60000  0.442048226425E+01
  14.70000  0.739808298685E+01
  14.80000  0.122567026207E+02
  14.90000  0.174469651946E+02
  15.00000  0.213703161314E+02
  15.10000  0.228384288664E+02
  15.20000  0.214173871660E+02
  15.30000  0.175240803734E+02
  15.40000  0.122440340316E+02
  15.50000  0.695825142795E+01
  15.60000  0.293141036581E+01
  15.70000  0.995980940195E+00
  15.80000  0.139601023497E+01
  15.90000  0.378709177784E+01
  16.00000  0.735991768756E+01
  16.10000  0.110545296171E+02
  16.20000  0.138297826170E+02
  16.30000  0.149329103213E+02
  16.40000  0.140942883847E+02
  16.50000  0.115810456888E+02
  16.60000  0.808919230266E+01
  16.70000  0.451603270350E+01
  16.80000  0.169759507655E+01
  16.90000  0.197369217713E+00
  17.00000  0.197826933225E+00
  17.10000  0.150053501697E+01
  17.20000  0.361014971556E+01
  17.30000  0.587082546430E+01
  17.40000  0.762905912677E+01
  17.50000  0.839709884824E+01
  17.60000  0.798090011500E+01
  17.70000  0.653004724054E+01
  17.80000  0.448258788033E+01
  17.90000  0.241727669005E+01
  18.00000  0.867923579060E+00
  18.10000  0.170910428689E+00
  18.20000  0.396132811027E+00
  18.30000  0.136873666199E+01
  18.40000  0.275218982259E+01
  18.50000  0.415137534183E+01
  18.60000  0.520578306433E+01
  18.70000  0.566131529588E+01
  18.80000  0.541915479079E+01
  18.90000  0.455774333277E+01
  19.00000  0.331766292396E+01
  19.10000  0.204143657927E+01
  19.20000  0.107606683901E+01
  19.30000  0.667564099881E+00
  19.40000  0.887698054185E+00
  19.50000  0.162256765583E+01
  19.60000  0.262454872547E+01
  19.70000  0.360111158309E+01
  19.80000  0.430272770177E+01
  19.90000  0.458119463883E+01
  20.00000  0.440903781572E+01
  20.10000  0.386665599563E+01
  20.20000  0.310992990802E+01
  20.30000  0.232921667909E+01
  20.40000  0.170675188968E+01
  20.50000  0.137756290369E+01
  20.60000  0.139971519863E+01
  20.70000  0.174103089298E+01
  20.80000  0.228822093562E+01
  20.90000  0.287877345811E+01
  21.00000  0.334748913894E+01
  21.10000  0.357297205256E+01
  21.20000  0.350901092301E+01
  21.30000  0.319185739621E+01
  21.40000  0.272316127192E+01
  21.50000  0.223563647412E+01
  21.60000  0.185273899250E+01
  21.70000  0.165476338704E+01
  21.80000  0.166147101344E+01
  21.90000  0.183526087405E+01
  22.00000  0.210078024218E+01
  22.10000  0.237101439306E+01
  22.20000  0.256977931614E+01
  22.30000  0.264548537014E+01
  22.40000  0.257674727636E+01
  22.50000  0.237294676257E+01
  22.60000  0.207169057600E+01
  22.70000  0.173262833499E+01
  22.80000  0.142600840220E+01
  22.90000  0.121590043246E+01
  23.00000  0.114162448025E+01
  23.10000  0.120437926039E+01
  23.20000  0.136629201269E+01
  23.30000  0.156436778276E+01
  23.40000  0.173401360323E+01
  23.50000  0.183115141313E+01
  23.60000  0.184288222563E+01
  23.70000  0.178378763381E+01
  23.80000  0.168301939924E+01
  23.90000  0.157082774462E+01
  24.00000  0.147073698987E+01
  24.10000  0.139819091541E+01
  24.20000  0.136229870576E+01
  24.30000  0.136657258692E+01
  24.40000  0.140696119213E+01
  24.50000  0.146905136911E+01
  24.60000  0.152843112442E+01
  24.70000  0.155699238534E+01
  24.80000  0.153379218666E+01
  24.90000  0.145499078400E+01
  25.00000  0.133684426815E+01
  25.10000  0.120957114206E+01
  25.20000  0.110532791417E+01
  25.30000  0.104656653380E+01
  25.40000  0.104000178362E+01
  25.50000  0.107773305061E+01
  25.60000  0.114341891968E+01
  25.70000  0.121955511739E+01
  25.80000  0.129224143464E+01
  25.90000  0.135190906576E+01
  26.00000  0.139124859390E+01
  26.10000  0.140334816931E+01
  26.20000  0.138245057767E+01
  26.30000  0.132712806006E+01
  26.40000  0.124322424715E+01
  26.50000  0.114371520517E+01
  26.60000  0.104475127598E+01
  26.70000  0.959711045121E+00
  26.80000  0.894289137091E+00
  26.90000  0.845032070096E+00
  27.00000  0.802022605117E+00
  27.10000  0.754427741788E+00
  27.20000  0.696113545976E+00
  27.30000  0.628346543882E+00
  27.40000  0.558236671744E+00
  27.50000  0.494242958456E+00
  27.60000  0.441844245733E+00
  27.70000  0.401963794920E+00
  27.80000  0.372459023279E+00
  27.90000  0.350902513714E+00
  28.00000  0.336459672613E+00
  28.10000  0.329759440663E+00
  28.20000  0.331124416945E+00
  28.30000  0.338498576785E+00
  28.40000  0.346609604006E+00
  28.50000  0.348270463700E+00
  28.60000  0.337389988961E+00
  28.70000  0.311938994364E+00
  28.80000  0.274906453522E+00
  28.90000  0.232589432653E+00
  29.00000  0.191417255033E+00
  29.10000  0.155365391290E+00
  29.20000  0.125285400904E+00
  29.30000  0.100022543187E+00
  29.40000  0.782406789284E-01
  29.50000  0.598280237956E-01
  29.60000  0.462185393459E-01
  29.70000  0.395451581203E-01
  29.80000  0.411658309280E-01
  29.90000  0.505752324669E-01
  30.00000  0.655648778218E-01
  30.10000  0.835883687633E-01
  30.20000  0.103304441250E+00
  30.30000  0.125133157441E+00
  30.40000  0.150497959102E+00
  30.50000  0.180408081342E+00
  30.60000  0.214331009026E+00
  30.70000  0.249916064972E+00
  30.80000  0.283618324600E+00
  30.90000  0.311943216914E+00
  31.00000  0.332772582376E+00
  31.10000  0.346045995156E+00
  31.20000  0.353295154155E+00
  31.30000  0.356287824230E+00
  31.40000  0.355776623487E+00
  31.50000  0.351310745344E+00
  31.60000  0.342209016513E+00
  31.70000  0.328897250744E+00
  31.80000  0.313633878631E+00
  31.90000  0.300157697560E+00
  32.00000  0.292431389923E+00
  32.10000  0.293062605253E+00
  32.20000  0.302174114868E+00
  32.30000  0.317438498523E+00
  32.40000  0.335482160819E+00
  32.50000  0.353969895052E+00
  32.60000  0.373051776430E+00
  32.70000  0.395165064116E+00
  32.80000  0.423313074840E+00
  32.90000  0.458971399947E+00
  33.00000  0.500902645650E+00
  33.10000  0.545456446284E+00
  33.20000  0.588053967362E+00
  33.30000  0.625013315703E+00
  33.40000  0.654753049045E+00
  33.50000  0.677696136182E+00
  33.60000  0.694904440152E+00
  33.70000  0.706351015756E+00
  33.80000  0.710132177156E+00
  33.90000  0.703337548469E+00
  34.00000  0.684065591721E+00
  34.10000  0.653190774043E+00
  34.20000  0.614666477977E+00
  34.30000  0.574151632969E+00
  34.40000  0.536755498347E+00
  34.50000  0.505110924003E+00
  34.60000  0.478765154062E+00
  34.70000  0.455220472128E+00
  34.80000  0.432081735360E+00
  34.90000  0.409045400983E+00
  35.00000  0.388436930921E+00
  35.10000  0.373900747789E+00
  35.20000  0.368125466860E+00
  35.30000  0.371148150072E+00
  35.40000  0.380298904497E+00
  35.50000  0.391672530381E+00
  35.60000  0.402082383613E+00
  35.70000  0.410313130233E+00
  35.80000  0.417021148432E+00
  35.90000  0.423419937306E+00
  36.00000  0.429586199054E+00
  36.10000  0.433526249931E+00
  36.20000  0.431770412948E+00
  36.30000  0.421269424335E+00
  36.40000  0.401384511512E+00
  36.50000  0.374604479732E+00
  36.60000  0.345490049213E+00
  36.70000  0.318554964892E+00
  36.80000  0.296411569061E+00
  36.90000  0.279191729800E+00
  37.00000  0.265397595516E+00
  37.10000  0.253544089097E+00
  37.20000  0.243575612100E+00
  37.30000  0.237176455526E+00
  37.40000  0.236732231100E+00
  37.50000  0.243587617821E+00
  37.60000  0.256811307950E+00
  37.70000  0.273398013511E+00
  37.80000  0.289816091599E+00
  37.90000  0.303834521670E+00
  38.00000  0.315409247656E+00
  38.10000  0.326126202931E+00
  38.20000  0.337654921033E+00
  38.30000  0.350207317648E+00
  38.40000  0.361920224834E+00
  38.50000  0.369551348417E+00
  38.60000  0.370150941107E+00
  38.70000  0.362754561041E+00
  38.80000  0.349030081022E+00
  38.90000  0.332423286925E+00
  39.00000  0.316357763454E+00
  39.10000  0.302696421942E+00
  39.20000  0.291428206583E+00
  39.30000  0.281623436368E+00
  39.40000  0.272857574315E+00
  39.50000  0.266107760142E+00
  39.60000  0.263561824548E+00
  39.70000  0.267457705095E+00
  39.80000  0.278632258949E+00
  39.90000  0.295677772581E+00
  40.00000  0.315329511540E+00
  40.10000  0.333972970972E+00
  40.20000  0.349375519833E+00
  40.30000  0.361524950201E+00
  40.40000  0.372052726113E+00
  40.50000  0.382700261978E+00
  40.60000  0.393888232687E+00
  40.70000  0.404273238517E+00
  40.80000  0.411472046751E+00
  40.90000  0.413442753184E+00
  41.00000  0.409692583789E+00
  41.10000  0.401603421653E+00
  41.20000  0.391657172606E+00
  41.30000  0.382015401256E+00
  41.40000  0.373380814656E+00
  41.50000  0.364938258851E+00
  41.60000  0.355426165502E+00
  41.70000  0.344560961379E+00
  41.80000  0.333788110323E+00
  41.90000  0.325837671314E+00
  42.00000  0.323376688969E+00
  42.10000  0.327580552896E+00
  42.20000  0.337434794436E+00
  42.30000  0.350151297418E+00
  42.40000  0.362489027814E+00
  42.50000  0.372257234178E+00
  42.60000  0.379122532854E+00
  42.70000  0.384231643921E+00
  42.80000  0.388939209656E+00
  42.90000  0.393551073824E+00
  43.00000  0.396953698560E+00
  43.10000  0.397328936686E+00
  43.20000  0.393399152854E+00
  43.30000  0.385358267786E+00
  43.40000  0.374921095484E+00
  43.50000  0.364478412715E+00
  43.60000  0.355844371229E+00
  43.70000  0.349323593677E+00
  43.80000  0.343692013616E+00
  43.90000  0.337168549289E+00
  44.00000  0.328797438032E+00
  44.10000  0.319328650002E+00
  44.20000  0.310991212481E+00
  44.30000  0.306308538927E+00
  44.40000  0.306726841577E+00
  44.50000  0.311877086108E+00
  44.60000  0.319824283812E+00
  44.70000  0.328071764178E+00
  44.80000  0.334722102651E+00
  44.90000  0.339160555652E+00
  45.00000  0.341898943546E+00
  45.10000  0.343706921276E+00
  45.20000  0.344628733613E+00
  45.30000  0.343595504777E+00
  45.40000  0.338937657747E+00
  45.50000  0.329446428877E+00
  45.60000  0.315243798795E+00
  45.70000  0.297886707270E+00
  45.80000  0.279667661997E+00
  45.90000  0.262551754351E+00
  46.00000  0.247341760704E+00
  46.10000  0.233502426763E+00
  46.20000  0.219732487533E+00
  46.30000  0.204974313171E+00
  46.40000  0.189269125732E+00
  46.50000  0.173915930564E+00
  46.60000  0.160826057796E+00
  46.70000  0.151506023864E+00
  46.80000  0.146327984992E+00
  46.90000  0.144492767201E+00
  47.00000  0.144601054095E+00
  47.10000  0.145411778508E+00
  47.20000  0.146351537803E+00
  47.30000  0.147541958908E+00
  47.40000  0.149374075526E+00
  47.50000  0.151896728520E+00
  47.60000  0.154419367977E+00
  47.70000  0.155635984569E+00
  47.80000  0.154238538700E+00
  47.90000  0.149625199561E+00
  48.00000  0.142228350429E+00
  48.10000  0.133265956261E+00
  48.20000  0.124109449561E+00
  48.30000  0.115653210452E+00
  48.40000  0.107992278527E+00
  48.50000  0.100516323773E+00
  48.60000  0.923483697887E-01
  48.70000  0.829166178722E-01
  48.80000  0.723613387387E-01
  48.90000  0.615354796598E-01
  49.00000  0.515970023792E-01
  49.10000  0.434631409189E-01
  49.20000  0.374679889405E-01
  49.30000  0.333778398090E-01
  49.40000  0.306643536092E-01
  49.50000  0.288294495333E-01
  49.60000  0.276321883951E-01
  49.70000  0.271527997817E-01
  49.80000  0.276750065399E-01
  49.90000  0.294302346218E-01
  50.00000  0.323492621783E-01
  50.10000  0.360050276180E-01
  50.20000  0.398097409283E-01
  50.30000  0.433309388542E-01
  50.40000  0.465054067528E-01
  50.50000  0.496289612441E-01
  50.60000  0.531594704220E-01
  50.70000  0.574435664904E-01
  50.80000  0.624675224816E-01
  50.90000  0.677294769208E-01
  51.00000  0.723350699626E-01
  51.10000  0.753399061067E-01
  51.20000  0.761902262222E-01
  51.30000  0.749973054273E-01
  51.40000  0.724653526521E-01
  51.50000  0.695230796825E-01
  51.60000  0.668841703823E-01
  51.70000  0.647609999642E-01
  51.80000  0.628416289638E-01
  51.90000  0.605261810624E-01
  52.00000  0.573266303499E-01
  52.10000  0.532403502754E-01
  52.20000  0.488691393637E-01
  52.30000  0.451732346742E-01
  52.40000  0.429971909189E-01
  52.50000  0.426827072714E-01
  52.60000  0.440186618943E-01
  52.70000  0.465242528231E-01
  52.80000  0.498414767701E-01
  52.90000  0.539819590978E-01
  53.00000  0.592926327006E-01
  53.10000  0.661577356853E-01
  53.20000  0.745851939903E-01
  53.30000  0.839171542862E-01
  53.40000  0.928917719764E-01
  53.50000  0.100099169989E+00
  53.60000  0.104595749591E+00
  53.70000  0.106291485367E+00
  53.80000  0.105860860888E+00
  53.90000  0.104252928580E+00
  54.00000  0.102126075315E+00
  54.10000  0.995394144834E-01
  54.20000  0.960471706173E-01
  54.30000  0.911200341077E-01
  54.40000  0.846576875543E-01
  54.50000  0.772969474342E-01
  54.60000  0.703035535021E-01
  54.70000  0.650758100343E-01
  54.80000  0.625633246747E-01
  54.90000  0.629916065520E-01
  55.00000  0.660733601698E-01
  55.10000  0.715316121796E-01
  55.20000  0.795460882276E-01
  55.30000  0.908122770765E-01
  55.40000  0.106172257823E+00
  55.50000  0.126031839609E+00
  55.60000  0.149893931027E+00
  55.70000  0.176292542050E+00
  55.80000  0.203220140040E+00
  55.90000  0.228857922653E+00
  56.00000  0.252196527294E+00
  56.10000  0.273164058199E+00
  56.20000  0.292194232085E+00
  56.30000  0.309553054796E+00
  56.40000  0.324896659018E+00
  56.50000  0.337347807701E+00
  56.60000  0.346020966199E+00
  56.70000  0.350654579848E+00
  56.80000  0.351961824030E+00
  56.90000  0.351470502845E+00
  57.00000  0.350903783267E+00
  57.10000  0.351438960584E+00
  57.20000  0.353308210771E+00
  57.30000  0.356037328997E+00
  57.40000  0.359206455143E+00
  57.50000  0.363237437130E+00
  57.60000  0.369663008224E+00
  57.70000  0.380660920020E+00
  57.80000  0.398097571086E+00
  57.90000  0.422609875049E+00
  58.00000  0.453220679072E+00
  58.10000  0.487694937942E+00
  58.20000  0.523457601396E+00
  58.30000  0.558583997951E+00
  58.40000  0.592309394316E+00
  58.50000  0.624773552935E+00
  58.60000  0.656198132930E+00
  58.70000  0.686071952778E+00
  58.80000  0.712907228834E+00
  58.90000  0.734732733542E+00
  59.00000  0.750002438839E+00
  59.10000  0.758350693705E+00
  59.20000  0.760737364006E+00
  59.30000  0.758887754775E+00
  59.40000  0.754335926051E+00
  59.50000  0.747629716623E+00
  59.60000  0.738206283986E+00
  59.70000  0.725073941697E+00
  59.80000  0.707922227545E+00
  59.90000  0.687965075762E+00
  60.00000  0.667950987897E+00
  60.10000  0.651281265833E+00
  60.20000  0.640714942946E+00
  60.30000  0.637361685486E+00
  60.40000  0.640474379658E+00
  60.50000  0.648106500746E+00
  60.60000  0.658245092280E+00
  60.70000  0.669784122038E+00
  60.80000  0.682794896086E+00
  60.90000  0.697964766335E+00
  61.00000  0.715595830050E+00
  61.10000  0.734842845950E+00
  61.20000  0.753706653715E+00
  61.30000  0.769791283412E+00
  61.40000  0.781340040756E+00
  61.50000  0.787912606146E+00
  61.60000  0.790309522312E+00
  61.70000  0.789802880573E+00
  61.80000  0.787131607434E+00
  61.90000  0.781869588986E+00
  62.00000  0.772589485763E+00
  62.10000  0.757788822795E+00
  62.20000  0.737058714256E+00
  62.30000  0.711779450958E+00
  62.40000  0.684887539030E+00
  62.50000  0.659820618170E+00
  62.60000  0.639231621179E+00
  62.70000  0.624165616021E+00
  62.80000  0.614090590611E+00
  62.90000  0.607687576842E+00
  63.00000  0.603908245012E+00
  63.10000  0.602684959544E+00
  63.20000  0.604887643327E+00
  63.30000  0.611573279373E+00
  63.40000  0.623021834672E+00
  63.50000  0.638201511239E+00
  63.60000  0.655028982781E+00
  63.70000  0.671264863946E+00
  63.80000  0.685477450930E+00
  63.90000  0.697484561286E+00
  64.00000  0.708023232340E+00
  64.10000  0.717858997739E+00
  64.20000  0.726867694417E+00
  64.30000  0.733651287815E+00
  64.40000  0.735969567261E+00
  64.50000  0.731804566000E+00
  64.60000  0.720473553661E+00
  64.70000  0.703135688366E+00
  64.80000  0.682380425896E+00
  64.90000  0.661134402934E+00
  65.00000  0.641512745914E+00
  65.10000  0.624230160288E+00
  65.20000  0.608824446651E+00
  65.30000  0.594482270516E+00
  65.40000  0.580949322063E+00
  65.50000  0.568988633635E+00
  65.60000  0.560120248861E+00
  65.70000  0.555804524896E+00
  65.80000  0.556584585101E+00
  65.90000  0.561744017290E+00
  66.00000  0.569707291239E+00
  66.10000  0.578923551425E+00
  66.20000  0.588666816620E+00
  66.30000  0.599256084733E+00
  66.40000  0.611570291167E+00
  66.50000  0.626151689978E+00
  66.60000  0.642424487606E+00
  66.70000  0.658502550959E+00
  66.80000  0.671751343877E+00
  66.90000  0.679846230563E+00
  67.00000  0.681758348856E+00
  67.10000  0.678110191956E+00
  67.20000  0.670704258269E+00
  67.30000  0.661518405061E+00
  67.40000  0.651756143369E+00
  67.50000  0.641461799215E+00
  67.60000  0.629847440095E+00
  67.70000  0.616077297105E+00
  67.80000  0.600031062137E+00
  67.90000  0.582606511424E+00
  68.00000  0.565391598918E+00
  68.10000  0.549907275681E+00
  68.20000  0.536891815279E+00
  68.30000  0.526080803444E+00
  68.40000  0.516617411875E+00
  68.50000  0.507812463913E+00
  68.60000  0.499752446761E+00
  68.70000  0.493367088671E+00
  68.80000  0.489913357486E+00
  68.90000  0.490176229443E+00
  69.00000  0.493843074866E+00
  69.10000  0.499420539781E+00
  69.20000  0.504779754448E+00
  69.30000  0.508066292694E+00
  69.40000  0.508482324516E+00
  69.50000  0.506500435359E+00
  69.60000  0.503400796192E+00
  69.70000  0.500429008018E+00
  69.80000  0.498078923073E+00
  69.90000  0.495890501853E+00
  70.00000  0.492824311608E+00
  70.10000  0.487952348058E+00
  70.20000  0.481056523378E+00
  70.30000  0.472798345226E+00
  70.40000  0.464369177433E+00
  70.50000  0.456835133784E+00
  70.60000  0.450587353292E+00
  70.70000  0.445254798564E+00
  70.80000  0.440139476260E+00
  70.90000  0.434886375763E+00
  71.00000  0.429947081202E+00
  71.10000  0.426534597856E+00
  71.20000  0.426083107482E+00
  71.30000  0.429511015987E+00
  71.40000  0.436691389796E+00
  71.50000  0.446429703793E+00
  71.60000  0.456989100022E+00
  71.70000  0.466902643088E+00
  71.80000  0.475630499854E+00
  71.90000  0.483690015982E+00
  72.00000  0.492194638102E+00
  72.10000  0.502091528113E+00
  72.20000  0.513550237527E+00
  72.30000  0.525832293630E+00
  72.40000  0.537672226597E+00
  72.50000  0.547921212279E+00
  72.60000  0.556084732150E+00
  72.70000  0.562459832395E+00
  72.80000  0.567803037893E+00
  72.90000  0.572734963379E+00
  73.00000  0.577261068561E+00
  73.10000  0.580730741806E+00
  73.20000  0.582278490644E+00
  73.30000  0.581471503247E+00
  73.40000  0.578750011890E+00
  73.50000  0.575376665382E+00
  73.60000  0.572904048742E+00
  73.70000  0.572438583909E+00
  73.80000  0.574090213106E+00
  73.90000  0.576913260110E+00
  74.00000  0.579401591590E+00
  74.10000  0.580301841697E+00
  74.20000  0.579310124061E+00
  74.30000  0.577260598171E+00
  74.40000  0.575699493676E+00
  74.50000  0.576091109296E+00
  74.60000  0.579095169158E+00
  74.70000  0.584283063882E+00
  74.80000  0.590400752117E+00
  74.90000  0.596003849312E+00
  75.00000  0.600119654259E+00
  75.10000  0.602593089837E+00
  75.20000  0.603947861136E+00
  75.30000  0.604868471867E+00
  75.40000  0.605634507877E+00
  75.50000  0.605863052695E+00
  75.60000  0.604708334079E+00
  75.70000  0.601370487495E+00
  75.80000  0.595582020985E+00
  75.90000  0.587775746827E+00
  76.00000  0.578838345168E+00
  76.10000  0.569586338084E+00
  76.20000  0.560253289399E+00
  76.30000  0.550286587022E+00
  76.40000  0.538603273703E+00
  76.50000  0.524199402569E+00
  76.60000  0.506783628321E+00
  76.70000  0.487067879664E+00
  76.80000  0.466539515754E+00
  76.90000  0.446837540201E+00
  77.00000  0.429066064247E+00
  77.10000  0.413388585565E+00
  77.20000  0.399084464110E+00
  77.30000  0.385019342436E+00
  77.40000  0.370286229486E+00
  77.50000  0.354690760971E+00
  77.60000  0.338832258304E+00
  77.70000  0.323753544940E+00
  77.80000  0.310378380082E+00
  77.90000  0.299065580852E+00
  78.00000  0.289510772191E+00
  78.10000  0.281001276534E+00
  78.20000  0.272836228405E+00
  78.30000  0.264666575249E+00
  78.40000  0.256584030482E+00
  78.50000  0.248931818979E+00
  78.60000  0.241959347110E+00
  78.70000  0.235535938516E+00
  78.80000  0.229114949796E+00
  78.90000  0.221988280028E+00
  79.00000  0.213678876661E+00
  79.10000  0.204223709745E+00
  79.20000  0.194172967730E+00
  79.30000  0.184311184204E+00
  79.40000  0.175261745139E+00
  79.50000  0.167183292673E+00
  79.60000  0.159708445898E+00
  79.70000  0.152157095937E+00
  79.80000  0.143922109910E+00
  79.90000  0.134826417446E+00
  80.00000  0.125251702368E+00
  80.10000  0.115965035876E+00
  80.20000  0.107751252800E+00
  80.30000  0.101068207833E+00
  80.40000  0.959054349974E-01
  80.50000  0.918882221647E-01
  80.60000  0.885358512058E-01
  80.70000  0.855245146414E-01
  80.80000  0.828230532216E-01
  80.90000  0.806384649707E-01
  81.00000  0.792080021047E-01
  81.10000  0.785684909262E-01
  81.20000  0.784572773082E-01
  81.30000  0.784159147239E-01
  81.40000  0.780271446591E-01
  81.50000  0.771265346271E-01
  81.60000  0.758580122786E-01
  81.70000  0.745511515506E-01
  81.80000  0.734990188761E-01
  81.90000  0.727560468349E-01
  82.00000  0.720600655689E-01
  82.10000  0.709286881129E-01
  82.20000  0.688957111939E-01
  82.30000  0.657661425213E-01
  82.40000  0.617404170003E-01
  82.50000  0.573303458101E-01
  82.60000  0.531203441795E-01
  82.70000  0.495179949481E-01
  82.80000  0.466252384687E-01
  82.90000  0.442742792497E-01
  83.00000  0.421850695716E-01
  83.10000  0.401561547899E-01
  83.20000  0.381943778633E-01
  83.30000  0.365152670518E-01
  83.40000  0.354105677497E-01
  83.50000  0.350630791851E-01
  83.60000  0.354313498536E-01
  83.70000  0.362806479476E-01
  83.80000  0.373313503736E-01
  83.90000  0.384185212052E-01
  84.00000  0.395634995715E-01
  84.10000  0.409256803182E-01
  84.20000  0.426687915213E-01
  84.30000  0.448103473916E-01
  84.40000  0.471317926153E-01
  84.50000  0.492104867005E-01
  84.60000  0.505789669863E-01
  84.70000  0.509356489871E-01
  84.80000  0.502839174303E-01
  84.90000  0.489142752416E-01
  85.00000  0.472442574995E-01
  85.10000  0.456128909359E-01
  85.20000  0.441352528365E-01
  85.30000  0.426745478668E-01
  85.40000  0.409327494354E-01
  85.50000  0.386179648436E-01
  85.60000  0.356133220664E-01
  85.70000  0.320599474435E-01
  85.80000  0.283037156478E-01
  85.90000  0.247371499914E-01
  86.00000  0.216352488694E-01
  86.10000  0.190786324888E-01
  86.20000  0.169878250830E-01
  86.30000  0.152240514674E-01
  86.40000  0.136923582575E-01
  86.50000  0.124012335915E-01
  86.60000  0.114563988658E-01
  86.70000  0.109896927674E-01
  86.80000  0.110583159651E-01
  86.90000  0.115798428258E-01
  87.00000  0.123556931705E-01
  87.10000  0.131735506257E-01
  87.20000  0.139182576448E-01
  87.30000  0.146177062062E-01
  87.40000  0.154026926722E-01
  87.50000  0.164135409590E-01
  87.60000  0.177029182475E-01
  87.70000  0.191748780153E-01
  87.80000  0.205891539924E-01
  87.90000  0.216424761047E-01
  88.00000  0.220995606058E-01
  88.10000  0.219039462792E-01
  88.20000  0.211989801725E-01
  88.30000  0.202460074384E-01
  88.40000  0.192939841913E-01
  88.50000  0.184748779173E-01
  88.60000  0.177673714844E-01
  88.70000  0.170299732373E-01
  88.80000  0.160835837348E-01
  88.90000  0.148126907480E-01
  89.00000  0.132399450133E-01
  89.10000  0.115287579251E-01
  89.20000  0.990623753660E-02
  89.30000  0.855523997149E-02
  89.40000  0.754666144951E-02
  89.50000  0.684737708299E-02
  89.60000  0.638214302079E-02
  89.70000  0.610187205750E-02
  89.80000  0.602429473996E-02
  89.90000  0.623437240000E-02
  90.00000  0.684231191796E-02
  90.10000  0.791110611943E-02
  90.20000  0.939214398378E-02
  90.30000  0.111197637655E-01
  90.40000  0.128833724277E-01
  90.50000  0.145362349453E-01
  90.60000  0.160689437449E-01
  90.70000  0.176025425598E-01
  90.80000  0.193110768816E-01
  90.90000  0.213170228237E-01
  91.00000  0.236041992103E-01
  91.10000  0.259837149858E-01
  91.20000  0.281382435881E-01
  91.30000  0.297416010926E-01
  91.40000  0.306022146386E-01
  91.50000  0.307489484074E-01
  91.60000  0.304054247393E-01
  91.70000  0.298700661043E-01
  91.80000  0.293739325681E-01
  91.90000  0.289876934512E-01
  92.00000  0.286105131072E-01
  92.10000  0.280368402839E-01
  92.20000  0.270735616588E-01
  92.30000  0.256583130570E-01
  92.40000  0.239165481456E-01
  92.50000  0.221180019552E-01
  92.60000  0.205552737306E-01
  92.70000  0.194221171734E-01
  92.80000  0.187655895739E-01
  92.90000  0.185284916646E-01
  93.00000  0.186407326565E-01
  93.10000  0.191019424964E-01
  93.20000  0.200148569106E-01
  93.30000  0.215523710462E-01
  93.40000  0.238659425439E-01
  93.50000  0.269774085804E-01
  93.60000  0.307235206379E-01
  93.70000  0.348054111062E-01
  93.80000  0.389279249352E-01
  93.90000  0.429463810601E-01
  94.00000  0.469297879448E-01
  94.10000  0.511040734533E-01
  94.20000  0.557070671098E-01
  94.30000  0.608246042976E-01
  94.40000  0.662812919393E-01
  94.50000  0.716436069094E-01
  94.60000  0.763540729401E-01
  94.70000  0.799496528267E-01
  94.80000  0.822567985686E-01
  94.90000  0.834537749417E-01
  95.00000  0.839639955655E-01
  95.10000  0.842414823440E-01
  95.20000  0.845609064945E-01
  95.30000  0.849072484918E-01
  95.40000  0.850050874145E-01
  95.50000  0.844705665078E-01
  95.60000  0.830205287967E-01
  95.70000  0.806404088603E-01
  95.80000  0.776210943057E-01
  95.90000  0.744419244230E-01
  96.00000  0.715687227237E-01
  96.10000  0.692837603482E-01
  96.20000  0.676325836727E-01
  96.30000  0.664937817225E-01
  96.40000  0.657146557525E-01
  96.50000  0.652377537109E-01
  96.60000  0.651574696830E-01
  96.70000  0.656768061749E-01
  96.80000  0.669821917706E-01
  96.90000  0.691079274290E-01
  97.00000  0.718816742513E-01
  97.10000  0.749966382997E-01
  97.20000  0.781694434763E-01
  97.30000  0.812837438174E-01
  97.40000  0.844329554906E-01
  97.50000  0.878405042487E-01
  97.60000  0.916998021645E-01
  97.70000  0.960096185789E-01
  97.80000  0.100485819870E+00
  97.90000  0.104608413913E+00
  98.00000  0.107804595043E+00
  98.10000  0.109688598949E+00
  98.20000  0.110230850124E+00
  98.30000  0.109759634167E+00
  98.40000  0.108793878086E+00
  98.50000  0.107796574669E+00
  98.60000  0.106968173352E+00
  98.70000  0.106168172855E+00
  98.80000  0.104995105830E+00
  98.90000  0.102992785245E+00
  99.00000  0.998932710407E-01
  99.10000  0.957778717935E-01
  99.20000  0.910696567255E-01
  99.30000  0.863621259223E-01
  99.40000  0.821810657188E-01
  99.50000  0.788038936526E-01
  99.60000  0.762122429500E-01
  99.70000  0.741770026326E-01
  99.80000  0.724202951963E-01
  99.90000  0.707773784184E-01
 100.00000  0.692844755394E-01
 100.10000  0.681487760487E-01
 100.20000  0.676176951441E-01
 100.30000  0.678275528795E-01
 100.40000  0.687262238947E-01
 100.50000  0.701110812229E-01
 100.60000  0.717449755397E-01
 100.70000  0.734715394351E-01
 100.80000  0.752669540451E-01
 100.90000  0.772087257990E-01
 101.00000  0.793801001343E-01
 101.10000  0.817560089786E-01
 101.20000  0.841341006433E-01
 101.30000  0.861649741692E-01
 101.40000  0.874836693374E-01
 101.50000  0.878748121522E-01
 101.60000  0.873732275779E-01
 101.70000  0.862401197575E-01
 101.80000  0.848303675754E-01
 101.90000  0.834210862615E-01
 102.00000  0.820797543026E-01
 102.10000  0.806277637783E-01
 102.20000  0.787207052127E-01
 102.30000  0.760202610877E-01
 102.40000  0.723811152515E-01
 102.50000  0.679541111223E-01
 102.60000  0.631458427564E-01
 102.70000  0.584575619850E-01
 102.80000  0.542919711341E-01
 102.90000  0.508208300028E-01
 103.00000  0.479615719474E-01
 103.10000  0.454595433839E-01
 103.20000  0.430364372390E-01
 103.30000  0.405415456331E-01
 103.40000  0.380341782797E-01
 103.50000  0.357525809302E-01
 103.60000  0.339878179986E-01
 103.70000  0.329393215000E-01
 103.80000  0.326336717903E-01
 103.90000  0.329379864908E-01
 104.00000  0.336410318210E-01
 104.10000  0.345507024952E-01
 104.20000  0.355642490047E-01
 104.30000  0.366839974511E-01
 104.40000  0.379704397222E-01
 104.50000  0.394553881549E-01
 104.60000  0.410697553566E-01
 104.70000  0.426400806305E-01
 104.80000  0.439617893899E-01
 104.90000  0.449002786314E-01
 105.00000  0.454535381177E-01
 105.10000  0.457421713156E-01
 105.20000  0.459383443089E-01
 105.30000  0.461699186751E-01
 105.40000  0.464402641571E-01
 105.50000  0.466023216727E-01
 105.60000  0.464124413445E-01
 105.70000  0.456516132420E-01
 105.80000  0.442535024887E-01
 105.90000  0.423630262261E-01
 106.00000  0.402888894817E-01
 106.10000  0.383785721479E-01
 106.20000  0.368826251634E-01
 106.30000  0.358678638638E-01
 106.40000  0.352092899318E-01
 106.50000  0.346626326055E-01
 106.60000  0.339922613219E-01
 106.70000  0.330990600066E-01
 106.80000  0.320804202827E-01
 106.90000  0.311858006416E-01
 107.00000  0.306946377291E-01
 107.10000  0.307891573352E-01
 107.20000  0.314869966566E-01
 107.30000  0.326533691162E-01
 107.40000  0.340725198733E-01
 107.50000  0.355427970517E-01
 107.60000  0.369567196325E-01
 107.70000  0.383287910914E-01
 107.80000  0.397526076604E-01
 107.90000  0.413107050924E-01
 108.00000  0.429969531350E-01
 108.10000  0.447040891260E-01
 108.20000  0.462795044255E-01
 108.30000  0.476053682655E-01
 108.40000  0.486525184044E-01
 108.50000  0.494838301493E-01
 108.60000  0.502099407263E-01
 108.70000  0.509154892903E-01
 108.80000  0.515876764489E-01
 108.90000  0.520904498049E-01
 109.00000  0.522148279414E-01
 109.10000  0.517896317490E-01
 109.20000  0.507891076926E-01
 109.30000  0.493698587066E-01
 109.40000  0.478150774732E-01
 109.50000  0.464186461463E-01
 109.60000  0.453655930647E-01
 109.70000  0.446579712302E-01
 109.80000  0.441172402891E-01
 109.90000  0.434709365732E-01
 110.00000  0.424944870714E-01
 110.10000  0.411400015798E-01
 110.20000  0.395787310297E-01
 110.30000  0.381308969141E-01
 110.40000  0.371243567662E-01
 110.50000  0.367589196767E-01
 110.60000  0.370368507464E-01
 110.70000  0.377791952617E-01
 110.80000  0.387140114162E-01
 110.90000  0.396005268661E-01
 111.00000  0.403356234723E-01
 111.10000  0.409876359304E-01
 111.20000  0.417364669436E-01
 111.30000  0.427568295724E-01
 111.40000  0.441174347507E-01
 111.50000  0.457510870473E-01
 111.60000  0.474981385232E-01
 111.70000  0.491856993070E-01
 111.80000  0.506996218523E-01
 111.90000  0.520197968235E-01
 112.00000  0.532035097158E-01
 112.10000  0.543208775075E-01
 112.20000  0.553763844774E-01
 112.30000  0.562705417161E-01
 112.40000  0.568361901237E-01
 112.50000  0.569304844458E-01
 112.60000  0.565215552540E-01
 112.70000  0.557151036054E-01
 112.80000  0.547089954755E-01
 112.90000  0.537027143488E-01
 113.00000  0.528025069743E-01
 113.10000  0.519623744599E-01
 113.20000  0.509944537467E-01
 113.30000  0.496587831074E-01
 113.40000  0.477973521103E-01
 113.50000  0.454394604135E-01
 113.60000  0.428141420712E-01
 113.70000  0.402617176048E-01
 113.80000  0.380953736603E-01
 113.90000  0.364820251135E-01
 114.00000  0.353902940528E-01
 114.10000  0.346213548544E-01
 114.20000  0.339109806454E-01
 114.30000  0.330631658048E-01
 114.40000  0.320519831786E-01
 114.50000  0.310345289786E-01
 114.60000  0.302664505583E-01
 114.70000  0.299719087499E-01
 114.80000  0.302425448872E-01
 114.90000  0.310106940350E-01
 115.00000  0.320939703978E-01
 115.10000  0.332794122760E-01
 115.20000  0.344097824597E-01
 115.30000  0.354364484410E-01
 115.40000  0.364117117725E-01
 115.50000  0.374215319553E-01
 115.60000  0.385000830122E-01
 115.70000  0.395850671431E-01
 115.80000  0.405435064229E-01
 115.90000  0.412448732007E-01
 116.00000  0.416293824541E-01
 116.10000  0.417328854240E-01
 116.20000  0.416617769557E-01
 116.30000  0.415326080932E-01
 116.40000  0.414008308513E-01
 116.50000  0.412127429236E-01
 116.60000  0.408162446140E-01
 116.70000  0.400397154505E-01
 116.80000  0.388007731266E-01
 116.90000  0.371781793018E-01
 117.00000  0.354012750373E-01
 117.10000  0.337645786549E-01
 117.20000  0.325148070338E-01
 117.30000  0.317609873182E-01
 117.40000  0.314410430467E-01
 117.50000  0.313597990024E-01
 117.60000  0.312906404538E-01
 117.70000  0.310997724986E-01
 117.80000  0.308278256356E-01
 117.90000  0.306796334072E-01
 118.00000  0.309280672454E-01
 118.10000  0.317888612017E-01
 118.20000  0.333306325512E-01
 118.30000  0.354529658015E-01
 118.40000  0.379305838736E-01
 118.50000  0.405023891213E-01
 118.60000  0.429716947634E-01
 118.70000  0.452729484290E-01
 118.80000  0.474677376656E-01
 118.90000  0.496714009667E-01
 119.00000  0.519577040085E-01
 119.10000  0.543010014495E-01
 119.20000  0.565822499953E-01
 119.30000  0.586411115976E-01
 119.40000  0.603384327751E-01
 119.50000  0.616020420092E-01
 119.60000  0.624405677465E-01
 119.70000  0.629171822894E-01
 119.80000  0.630912627725E-01
 119.90000  0.629619179422E-01
 120.00000  0.624565957921E-01
 120.10000  0.614795103587E-01
 120.20000  0.599882382359E-01
 120.30000  0.580460842772E-01
 120.40000  0.558192457691E-01
 120.50000  0.535246791695E-01
 120.60000  0.513547200163E-01
 120.70000  0.494067338381E-01
 120.80000  0.476467511848E-01
 120.90000  0.459336806896E-01
 121.00000  0.441072047037E-01
 121.10000  0.421000425372E-01
 121.20000  0.400093194074E-01
 121.30000  0.380825749175E-01
 121.40000  0.366267855885E-01
 121.50000  0.358890282675E-01
 121.60000  0.359610325065E-01
 121.70000  0.367417858094E-01
 121.80000  0.379738306791E-01
 121.90000  0.393477361510E-01
 122.00000  0.406365752805E-01
 122.10000  0.417946364088E-01
 122.20000  0.429646190150E-01
 122.30000  0.443896153634E-01
 122.40000  0.462811090138E-01
 122.50000  0.487098136402E-01
 122.60000  0.515616209274E-01
 122.70000  0.545677552651E-01
 122.80000  0.573960063358E-01
 122.90000  0.597712883963E-01
 123.00000  0.615743711425E-01
 123.10000  0.628672002887E-01
 123.20000  0.638298069208E-01
 123.30000  0.646478465233E-01
 123.40000  0.654163282945E-01
 123.50000  0.661040234607E-01
 123.60000  0.665807342826E-01
 123.70000  0.666832179551E-01
 123.80000  0.662911589272E-01
 123.90000  0.653845103461E-01
 124.00000  0.640539426208E-01
 124.10000  0.624535132822E-01
 124.20000  0.607215454353E-01
 124.30000  0.589219280483E-01
 124.40000  0.570431988780E-01
 124.50000  0.550477182008E-01
 124.60000  0.529307059598E-01
 124.70000  0.507532903276E-01
 124.80000  0.486377779691E-01
 124.90000  0.467296825783E-01
 125.00000  0.451383328932E-01
 125.10000  0.438804097666E-01
 125.20000  0.428632481200E-01
 125.30000  0.419322722959E-01
 125.40000  0.409645092522E-01
 125.50000  0.399519460106E-01
 125.60000  0.390223630565E-01
 125.70000  0.383871439254E-01
 125.80000  0.382460896630E-01
 125.90000  0.386918609278E-01
 126.00000  0.396504265193E-01
 126.10000  0.408854926711E-01
 126.20000  0.420787482929E-01
 126.30000  0.429618696996E-01
 126.40000  0.434368172829E-01
 126.50000  0.436164604702E-01
 126.60000  0.437619526034E-01
 126.70000  0.441528413178E-01
 126.80000  0.449548992314E-01
 126.90000  0.461394426702E-01
 127.00000  0.474813204546E-01
 127.10000  0.486388469409E-01
 127.20000  0.492916457221E-01
 127.30000  0.492795569875E-01
 127.40000  0.486721139443E-01
 127.50000  0.477294138381E-01
 127.60000  0.467773672096E-01
 127.70000  0.460652414602E-01
 127.80000  0.456703684398E-01
 127.90000  0.454800559639E-01
 128.00000  0.452484916393E-01
 128.10000  0.447067891102E-01
 128.20000  0.436857629287E-01
 128.30000  0.421959817382E-01
 128.40000  0.404215954818E-01
 128.50000  0.386312400355E-01
 128.60000  0.370588425218E-01
 128.70000  0.358175990142E-01
 128.80000  0.348785605553E-01
 128.90000  0.341069503843E-01
 129.00000  0.333328309900E-01
 129.10000  0.324308455024E-01
 129.20000  0.313791398255E-01
 129.30000  0.302669274893E-01
 129.40000  0.292428285918E-01
 129.50000  0.284353260700E-01
 129.60000  0.278963284883E-01
 129.70000  0.275970713052E-01
 129.80000  0.274650109048E-01
 129.90000  0.274304168299E-01
 130.00000  0.274607090627E-01
 130.10000  0.275746563218E-01
 130.20000  0.278309054231E-01
 130.30000  0.282890713496E-01
 130.40000  0.289608304335E-01
 130.50000  0.297867333233E-01
 130.60000  0.306629045237E-01
 130.70000  0.315028763243E-01
 130.80000  0.322913590121E-01
 130.90000  0.330963307554E-01
 131.00000  0.340378832641E-01
 131.10000  0.352327582022E-01
 131.20000  0.367343875498E-01
 131.30000  0.384882787645E-01
 131.40000  0.403287637668E-01
 131.50000  0.420355066922E-01
 131.60000  0.434334759091E-01
 131.70000  0.444827454167E-01
 131.80000  0.453036440436E-01
 131.90000  0.461230561701E-01
 132.00000  0.471722816137E-01
 132.10000  0.485826590405E-01
 132.20000  0.503167918667E-01
 132.30000  0.521623407744E-01
 132.40000  0.538026390916E-01
 132.50000  0.549481704086E-01
 132.60000  0.554715832189E-01
 132.70000  0.554731985236E-01
 132.80000  0.552386819876E-01
 132.90000  0.551122816860E-01
 133.00000  0.553492234603E-01
 133.10000  0.560088254246E-01
 133.20000  0.569255137074E-01
 133.30000  0.577705253647E-01
 133.40000  0.581895752229E-01
 133.50000  0.579644470514E-01
 133.60000  0.571204959087E-01
 133.70000  0.559208111137E-01
 133.80000  0.547500270290E-01
 133.90000  0.539506966640E-01
 134.00000  0.536895865129E-01
 134.10000  0.539032155905E-01
 134.20000  0.543352237100E-01
 134.30000  0.546507707219E-01
 134.40000  0.545873348782E-01
 134.50000  0.540769213244E-01
 134.60000  0.532766834783E-01
 134.70000  0.524905376671E-01
 134.80000  0.520274391919E-01
 134.90000  0.520725140531E-01
 135.00000  0.526259419071E-01
 135.10000  0.535206485463E-01
 135.20000  0.545002126787E-01
 135.30000  0.553265993488E-01
 135.40000  0.558774469485E-01
 135.50000  0.561875368885E-01
 135.60000  0.564101460627E-01
 135.70000  0.567211871969E-01
 135.80000  0.572253173191E-01
 135.90000  0.579142121396E-01
 136.00000  0.586845464885E-01
 136.10000  0.593898662698E-01
 136.20000  0.598981596327E-01
 136.30000  0.601374960888E-01
 136.40000  0.601143854706E-01
 136.50000  0.598918833111E-01
 136.60000  0.595351190216E-01
 136.70000  0.590601134532E-01
 136.80000  0.584238747878E-01
 136.90000  0.575600388008E-01
 137.00000  0.564278945917E-01
 137.10000  0.550398239537E-01
 137.20000  0.534578839846E-01
 137.30000  0.517701413502E-01
 137.40000  0.500565606981E-01
 137.50000  0.483515421290E-01
 137.60000  0.466206824233E-01
 137.70000  0.447759223226E-01
 137.80000  0.427325589548E-01
 137.90000  0.404754923522E-01
 138.00000  0.380895826860E-01
 138.10000  0.357359078273E-01
 138.20000  0.335929670051E-01
 138.30000  0.317940241242E-01
 138.40000  0.303804720893E-01
 138.50000  0.292831430571E-01
 138.60000  0.283456984324E-01
 138.70000  0.273948412825E-01
 138.80000  0.263310995368E-01
 138.90000  0.251888358147E-01
 139.00000  0.241278420727E-01
 139.10000  0.233633534701E-01
 139.20000  0.230747120537E-01
 139.30000  0.233314676519E-01
 139.40000  0.240576607363E-01
 139.50000  0.250458963946E-01
 139.60000  0.260271646759E-01
 139.70000  0.267794932719E-01
 139.80000  0.272257143473E-01
 139.90000  0.274642801221E-01
 140.00000  0.277146005360E-01
 140.10000  0.282095851758E-01
 140.20000  0.290894209173E-01
 140.30000  0.303359531407E-01
 140.40000  0.317652424671E-01
 140.50000  0.330840941286E-01
 140.60000  0.340004476550E-01
 140.70000  0.343465573355E-01
 140.80000  0.341517501720E-01
 140.90000  0.336215566932E-01
 141.00000  0.330356834894E-01
 141.10000  0.326220094873E-01
 141.20000  0.324642608199E-01
 141.30000  0.324720644610E-01
 141.40000  0.324175206251E-01
 141.50000  0.320287225814E-01
 141.60000  0.311106258370E-01
 141.70000  0.296389294103E-01
 141.80000  0.277738026729E-01
 141.90000  0.257839921526E-01
 142.00000  0.239272579414E-01
 142.10000  0.223520530050E-01
 142.20000  0.210586101215E-01
 142.30000  0.199205448899E-01
 142.40000  0.187509198519E-01
 142.50000  0.173915642682E-01
 142.60000  0.157926105458E-01
 142.70000  0.140407188857E-01
 142.80000  0.123156421579E-01
 142.90000  0.108014857018E-01
 143.00000  0.960918008034E-02
 143.10000  0.875015697544E-02
 143.20000  0.815876303452E-02
 143.30000  0.773668814610E-02
 143.40000  0.739873018052E-02
 143.50000  0.710947922966E-02
 143.60000  0.689714510150E-02
 143.70000  0.683069800840E-02
 143.80000  0.696900806968E-02
 143.90000  0.731832436565E-02
 144.00000  0.783107998858E-02
 144.10000  0.844200306325E-02
 144.20000  0.910681967119E-02
 144.30000  0.981621216666E-02
 144.40000  0.105867951641E-01
 144.50000  0.114439079669E-01
 144.60000  0.124014490635E-01
 144.70000  0.134389000223E-01
 144.80000  0.144884000750E-01
 144.90000  0.154518344119E-01
 145.00000  0.162466730190E-01
 145.10000  0.168482739819E-01
 145.20000  0.172948885277E-01
 145.30000  0.176548953827E-01
 145.40000  0.179854691715E-01
 145.50000  0.183072047424E-01
 145.60000  0.185959677728E-01
 145.70000  0.187858838207E-01
 145.80000  0.187879447910E-01
 145.90000  0.185283312229E-01
 146.00000  0.179889931864E-01
 146.10000  0.172191760351E-01
 146.20000  0.163066599710E-01
 146.30000  0.153328443575E-01
 146.40000  0.143449450251E-01
 146.50000  0.133537631743E-01
 146.60000  0.123421031976E-01
 146.70000  0.112742025036E-01
 146.80000  0.101129758526E-01
 146.90000  0.884769886298E-02
 147.00000  0.751415007756E-02
 147.10000  0.618636275290E-02
 147.20000  0.494502478149E-02
 147.30000  0.385030904523E-02
 147.40000  0.293652125642E-02
 147.50000  0.221810484923E-02
 147.60000  0.169003102920E-02
 147.70000  0.132607139401E-02
 147.80000  0.109140277856E-02
 147.90000  0.969156625081E-03
 148.00000  0.977646188564E-03
 148.10000  0.116077885037E-02
 148.20000  0.156246517949E-02
 148.30000  0.220833969229E-02
 148.40000  0.310043203113E-02
 148.50000  0.421221924743E-02
 148.60000  0.548070966206E-02
 148.70000  0.681238213269E-02
 148.80000  0.811487401804E-02
 148.90000  0.933653894204E-02
 149.00000  0.104809226922E-01
 149.10000  0.115855276987E-01
 149.20000  0.126865380944E-01
 149.30000  0.137945564593E-01
 149.40000  0.148843344501E-01
 149.50000  0.158904805185E-01
 149.60000  0.167141018850E-01
 149.70000  0.172533468591E-01
 149.80000  0.174504101444E-01
 149.90000  0.173213798524E-01
 150.00000  0.169425053158E-01
 150.10000  0.164046622466E-01
 150.20000  0.157726311770E-01
 150.30000  0.150708755906E-01
 150.40000  0.142884908743E-01
 150.50000  0.133907303877E-01
 150.60000  0.123392471869E-01
 150.70000  0.111238892201E-01
 150.80000  0.978804016607E-02
 150.90000  0.842065128886E-02
 151.00000  0.711454238540E-02
 151.10000  0.592512270281E-02
 151.20000  0.486266747896E-02
 151.30000  0.391548078247E-02
 151.40000  0.307549354246E-02
 151.50000  0.234897859446E-02
 151.60000  0.175830737437E-02
 151.70000  0.134096674476E-02
 151.80000  0.113668737110E-02
 151.90000  0.115718444385E-02
 152.00000  0.135947135212E-02
 152.10000  0.165468432806E-02
 152.20000  0.195534440995E-02
 152.30000  0.222492037624E-02
 152.40000  0.249149621677E-02
 152.50000  0.282270716522E-02
 152.60000  0.328701238424E-02
 152.70000  0.392003031926E-02
 152.80000  0.469802516954E-02
 152.90000  0.552512702404E-02
 153.00000  0.625445920109E-02
 153.10000  0.675023414657E-02
 153.20000  0.695908912516E-02
 153.30000  0.694008035964E-02
 153.40000  0.683256251094E-02
 153.50000  0.678887026271E-02
 153.60000  0.691363998981E-02
 153.70000  0.722918889005E-02
 153.80000  0.766662426885E-02
 153.90000  0.808694194791E-02
 154.00000  0.833951734761E-02
 154.10000  0.834077808536E-02
 154.20000  0.812582482181E-02
 154.30000  0.783479617363E-02
 154.40000  0.764429111702E-02
 154.50000  0.769142409084E-02
 154.60000  0.802798298768E-02
 154.70000  0.860859185231E-02
 154.80000  0.930454543457E-02
 154.90000  0.994558231555E-02
 155.00000  0.103886033852E-01
 155.10000  0.105840406599E-01
 155.20000  0.105950795286E-01
 155.30000  0.105542948506E-01
 155.40000  0.105906316950E-01
 155.50000  0.107737766401E-01
 155.60000  0.110936551709E-01
 155.70000  0.114642402384E-01
 155.80000  0.117451307549E-01
 155.90000  0.117881690642E-01
 156.00000  0.115026716355E-01
 156.10000  0.109027200290E-01
 156.20000  0.100998301360E-01
 156.30000  0.924590710258E-02
 156.40000  0.846915785223E-02
 156.50000  0.783776952157E-02
 156.60000  0.735126693470E-02
 156.70000  0.694642827962E-02
 156.80000  0.652118044749E-02
 156.90000  0.598562623137E-02
 157.00000  0.532225887124E-02
 157.10000  0.461233570595E-02
 157.20000  0.400457849007E-02
 157.30000  0.365046993975E-02
 157.40000  0.365157768271E-02
 157.50000  0.403878535035E-02
 157.60000  0.477208702007E-02
 157.70000  0.575231027928E-02
 157.80000  0.685471909214E-02
 157.90000  0.798584483555E-02
 158.00000  0.913182258555E-02
 158.10000  0.103580150996E-01
 158.20000  0.117582097278E-01
 158.30000  0.133949816285E-01
 158.40000  0.152700498180E-01
 158.50000  0.173249987540E-01
 158.60000  0.194524786462E-01
 158.70000  0.215148493770E-01
 158.80000  0.233819302121E-01
 158.90000  0.249792901231E-01
 159.00000  0.263107414658E-01
 159.10000  0.274312206131E-01
 159.20000  0.283926922662E-01
 159.30000  0.292089258897E-01
 159.40000  0.298566977918E-01
 159.50000  0.302917428772E-01
 159.60000  0.304581381130E-01
 159.70000  0.302989155344E-01
 159.80000  0.297820491126E-01
 159.90000  0.289274669440E-01
 160.00000  0.278036534994E-01
 160.10000  0.264901830829E-01
 160.20000  0.250417344028E-01
 160.30000  0.234854072120E-01
 160.40000  0.218409105469E-01
 160.50000  0.201306034173E-01
 160.60000  0.183715645727E-01
 160.70000  0.165734110759E-01
 160.80000  0.147554248415E-01
 160.90000  0.129616308864E-01
 161.00000  0.112484080176E-01
 161.10000  0.965548944411E-02
 161.20000  0.819526949267E-02
 161.30000  0.687046735930E-02
 161.40000  0.569144758260E-02
 161.50000  0.466804592853E-02
 161.60000  0.379082825297E-02
 161.70000  0.303367104831E-02
 161.80000  0.237811692809E-02
 161.90000  0.182687438597E-02
 162.00000  0.138851613102E-02
 162.10000  0.105635749055E-02
 162.20000  0.811106937086E-03
 162.30000  0.639906987450E-03
 162.40000  0.539822944806E-03
 162.50000  0.499083829329E-03
 162.60000  0.486499153577E-03
 162.70000  0.471251558762E-03
 162.80000  0.451443007271E-03
 162.90000  0.454371206487E-03
 163.00000  0.508465580026E-03
 163.10000  0.623661734631E-03
 163.20000  0.801483919194E-03
 163.30000  0.105277276718E-02
 163.40000  0.139405613273E-02
 163.50000  0.183119719472E-02
 163.60000  0.236177865917E-02
 163.70000  0.299891901366E-02
 163.80000  0.378159639032E-02
 163.90000  0.474937626375E-02
 164.00000  0.590841648214E-02
 164.10000  0.723091137204E-02
 164.20000  0.868818119426E-02
 164.30000  0.102766276913E-01
 164.40000  0.120113996465E-01
 164.50000  0.139078149243E-01
 164.60000  0.159780527239E-01
 164.70000  0.182338399347E-01
 164.80000  0.206674401645E-01
 164.90000  0.232178236176E-01
 165.00000  0.257666872529E-01
 165.10000  0.281876062508E-01
 165.20000  0.304112998205E-01
 165.30000  0.324496028790E-01
 165.40000  0.343663027439E-01
 165.50000  0.362317870874E-01
 165.60000  0.380907904815E-01
 165.70000  0.399355161338E-01
 165.80000  0.416763643986E-01
 165.90000  0.431396507779E-01
 166.00000  0.441276490567E-01
 166.10000  0.445206718691E-01
 166.20000  0.443469448996E-01
 166.30000  0.437668261775E-01
 166.40000  0.429920380127E-01
 166.50000  0.422002853996E-01
 166.60000  0.414778145013E-01
 166.70000  0.407864506164E-01
 166.80000  0.399620364685E-01
 166.90000  0.387742352734E-01
 167.00000  0.370481592377E-01
 167.10000  0.347805804434E-01
 167.20000  0.321648599771E-01
 167.30000  0.295068378645E-01
 167.40000  0.270965565999E-01
 167.50000  0.251100715132E-01
 167.60000  0.235635070622E-01
 167.70000  0.223104154606E-01
 167.80000  0.210908676793E-01
 167.90000  0.196452573643E-01
 168.00000  0.178540372193E-01
 168.10000  0.158128930490E-01
 168.20000  0.137838440506E-01
 168.30000  0.120597089524E-01
 168.40000  0.108369502903E-01
 168.50000  0.101551825414E-01
 168.60000  0.989496721986E-02
 168.70000  0.981335361282E-02
 168.80000  0.962426927045E-02
 168.90000  0.912039038921E-02
 169.00000  0.827584627450E-02
 169.10000  0.724994854536E-02
 169.20000  0.628302581945E-02
 169.30000  0.556592478564E-02
 169.40000  0.516982831452E-02
 169.50000  0.504695634061E-02
 169.60000  0.505955108688E-02
 169.70000  0.501897775269E-02
 169.80000  0.475343744671E-02
 169.90000  0.419576976241E-02
 170.00000  0.342794418181E-02
 170.10000  0.263199176737E-02
 170.20000  0.198365653859E-02
 170.30000  0.157870770855E-02
 170.40000  0.143281953304E-02
 170.50000  0.151279338558E-02
 170.60000  0.174950409982E-02
 170.70000  0.204579146779E-02
 170.80000  0.231880017088E-02
 170.90000  0.256128140955E-02
 171.00000  0.285606372292E-02
 171.10000  0.331860844759E-02
 171.20000  0.402600464027E-02
 171.30000  0.499974475249E-02
 171.40000  0.623131517660E-02
 171.50000  0.768791398503E-02
 171.60000  0.928435609752E-02
 171.70000  0.108797784014E-01
 171.80000  0.123395868659E-01
 171.90000  0.136138140382E-01
 172.00000  0.147512298692E-01
 172.10000  0.158427937290E-01
 172.20000  0.169639141942E-01
 172.30000  0.181586992726E-01
 172.40000  0.194311852257E-01
 172.50000  0.207052846285E-01
 172.60000  0.217952150146E-01
 172.70000  0.224625456026E-01
 172.80000  0.225515369205E-01
 172.90000  0.220933198795E-01
 173.00000  0.212905382349E-01
 173.10000  0.204129402664E-01
 173.20000  0.196968076159E-01
 173.30000  0.192839008016E-01
 173.40000  0.191699716558E-01
 173.50000  0.191671176348E-01
 173.60000  0.189531375168E-01
 173.70000  0.182439441047E-01
 173.80000  0.169915858113E-01
 173.90000  0.154506227222E-01
 174.00000  0.140635447728E-01
 174.10000  0.132675656971E-01
 174.20000  0.133456423092E-01
 174.30000  0.143472283732E-01
 174.40000  0.160532272836E-01
 174.50000  0.180150707161E-01
 174.60000  0.197277133778E-01
 174.70000  0.208914411204E-01
 174.80000  0.215860262792E-01
 174.90000  0.222146274291E-01
 175.00000  0.232667510615E-01
 175.10000  0.250813429012E-01
 175.20000  0.277261148886E-01
 175.30000  0.309724577420E-01
 175.40000  0.343278005136E-01
 175.50000  0.371647708818E-01
 175.60000  0.389721223451E-01
 175.70000  0.396060926442E-01
 175.80000  0.393425063857E-01
 175.90000  0.386740389821E-01
 176.00000  0.380216308289E-01
 176.10000  0.375673380225E-01
 176.20000  0.372436198893E-01
 176.30000  0.367789411816E-01
 176.40000  0.357612179393E-01
 176.50000  0.337864114495E-01
 176.60000  0.306922398373E-01
 176.70000  0.267072970499E-01
 176.80000  0.223488340201E-01
 176.90000  0.181382293087E-01
 177.00000  0.143873508439E-01
 177.10000  0.111977694825E-01
 177.20000  0.856174537011E-02
 177.30000  0.640177890725E-02
 177.40000  0.457381120738E-02
 177.50000  0.296982935159E-02
 177.60000  0.169497397620E-02
 177.70000  0.110362458412E-02
 177.80000  0.158766513813E-02
 177.90000  0.331863751547E-02
 178.00000  0.622383348009E-02
 178.10000  0.101838432138E-01
 178.20000  0.151660433824E-01
 178.30000  0.211395437150E-01
 178.40000  0.279607727466E-01
 178.50000  0.354606329788E-01
 178.60000  0.436247173753E-01
 178.70000  0.525493020669E-01
 178.80000  0.621437930269E-01
 178.90000  0.719641292872E-01
 179.00000  0.814681756833E-01
 179.10000  0.904281552935E-01
 179.20000  0.989733025140E-01
 179.30000  0.107199635989E+00
 179.40000  0.114890414275E+00
 179.50000  0.121769113262E+00
 179.60000  0.127939039473E+00
 179.70000  0.133791146061E+00
 179.80000  0.139301473443E+00
 179.90000  0.143543080400E+00
 180.00000  0.145171562113E+00
