 # E =   0.899934108066654       eV =    7258.98960000000       1/cm
 #  1801
# DFFCSO.  ACCUM LEV(I),J(I) =  1  0 LEV(F),J(F) =  1  0       , M =  0, WEIGHTED BY  1.00000
   0.10000  0.687797210441E+05
   0.20000  0.632754230952E+05
   0.30000  0.549164084214E+05
   0.40000  0.447652903548E+05
   0.50000  0.340272771931E+05
   0.60000  0.238440968507E+05
   0.70000  0.151165311292E+05
   0.80000  0.838973476737E+04
   0.90000  0.381899676778E+04
   1.00000  0.121407342823E+04
   1.10000  0.142772677295E+03
   1.20000  0.633120658597E+02
   1.30000  0.452359176767E+03
   1.40000  0.901406983843E+03
   1.50000  0.116585643164E+04
   1.60000  0.116514084757E+04
   1.70000  0.944504012886E+03
   1.80000  0.616625240748E+03
   1.90000  0.302821628009E+03
   2.00000  0.895531535858E+02
   2.10000  0.839880098836E+01
   2.20000  0.392730875546E+02
   2.30000  0.129960747193E+03
   2.40000  0.221717621408E+03
   2.50000  0.271109958152E+03
   2.60000  0.261634915734E+03
   2.70000  0.203400510312E+03
   2.80000  0.123496769581E+03
   2.90000  0.523268772691E+02
   3.00000  0.115302190603E+02
   3.10000  0.750042568735E+01
   3.20000  0.317805539371E+02
   3.30000  0.669272882530E+02
   3.40000  0.947087486919E+02
   3.50000  0.103187263824E+03
   3.60000  0.902243669507E+02
   3.70000  0.626722564231E+02
   3.80000  0.322438979936E+02
   3.90000  0.101504744895E+02
   4.00000  0.274804579026E+01
   4.10000  0.972302618130E+01
   4.20000  0.251556253199E+02
   4.30000  0.406450293233E+02
   4.40000  0.489926693517E+02
   4.50000  0.469214313504E+02
   4.60000  0.358813393671E+02
   4.70000  0.208625285517E+02
   4.80000  0.793171362558E+01
   4.90000  0.162864085058E+01
   5.00000  0.328321750608E+01
   5.10000  0.108273008047E+02
   5.20000  0.200137211118E+02
   5.30000  0.263987346839E+02
   5.40000  0.272024652750E+02
   5.50000  0.222996099249E+02
   5.60000  0.140179442518E+02
   5.70000  0.593766595676E+01
   5.80000  0.127521242792E+01
   5.90000  0.155473201676E+01
   6.00000  0.609382377831E+01
   6.10000  0.124533212894E+02
   6.20000  0.175923918833E+02
   6.30000  0.191982470314E+02
   6.40000  0.166247338119E+02
   6.50000  0.110733811161E+02
   6.60000  0.498689965225E+01
   6.70000  0.952564453380E+00
   6.80000  0.598434868009E+00
   6.90000  0.394197953308E+01
   7.00000  0.944011900786E+01
   7.10000  0.146882995147E+02
   7.20000  0.174516239294E+02
   7.30000  0.165890214986E+02
   7.40000  0.124943471662E+02
   7.50000  0.689159146820E+01
   7.60000  0.209145882765E+01
   7.70000  0.314963188074E-01
   7.80000  0.149735363225E+01
   7.90000  0.583435601464E+01
   8.00000  0.112490615806E+02
   8.10000  0.155592404316E+02
   8.20000  0.170759016927E+02
   8.30000  0.152598688952E+02
   8.40000  0.108988741604E+02
   8.50000  0.575192841147E+01
   8.60000  0.182177524879E+01
   8.70000  0.557794904276E+00
   8.80000  0.230750527841E+01
   8.90000  0.622374293226E+01
   9.00000  0.106460073481E+02
   9.10000  0.137862697036E+02
   9.20000  0.144362597921E+02
   9.30000  0.124165216350E+02
   9.40000  0.860116606256E+01
   9.50000  0.452668740489E+01
   9.60000  0.175698525301E+01
   9.70000  0.126563235312E+01
   9.80000  0.307853531787E+01
   9.90000  0.630701999852E+01
  10.00000  0.954167944909E+01
  10.10000  0.114360011128E+02
  10.20000  0.112408166128E+02
  10.30000  0.907976281565E+01
  10.40000  0.586673247289E+01
  10.50000  0.291174609039E+01
  10.60000  0.138309925704E+01
  10.70000  0.184417752868E+01
  10.80000  0.404588127402E+01
  10.90000  0.704830049407E+01
  11.00000  0.961294352528E+01
  11.10000  0.107023145996E+02
  11.20000  0.988684923947E+01
  11.30000  0.750202148556E+01
  11.40000  0.450117782020E+01
  11.50000  0.207008603964E+01
  11.60000  0.115983069308E+01
  11.70000  0.212146965482E+01
  11.80000  0.458078642809E+01
  11.90000  0.759461390143E+01
  12.00000  0.100208122614E+02
  12.10000  0.109545340738E+02
  12.20000  0.100631468631E+02
  12.30000  0.769647895160E+01
  12.40000  0.473841134971E+01
  12.50000  0.226446300443E+01
  12.60000  0.114020463629E+01
  12.70000  0.171189010075E+01
  12.80000  0.369986518048E+01
  12.90000  0.632514832797E+01
  13.00000  0.861198940755E+01
  13.10000  0.974723535511E+01
  13.20000  0.936265259805E+01
  13.30000  0.764182056371E+01
  13.40000  0.522284318446E+01
  13.50000  0.294420728784E+01
  13.60000  0.153522742627E+01
  13.70000  0.136614366495E+01
  13.80000  0.234370844119E+01
  13.90000  0.397958463546E+01
  14.00000  0.559449487230E+01
  14.10000  0.657473708334E+01
  14.20000  0.658499578191E+01
  14.30000  0.566445326206E+01
  14.40000  0.418093516977E+01
  14.50000  0.267097042618E+01
  14.60000  0.163251166826E+01
  14.70000  0.134872770281E+01
  14.80000  0.180374575308E+01
  14.90000  0.271322231997E+01
  15.00000  0.364953748536E+01
  15.10000  0.420912543921E+01
  15.20000  0.415859935996E+01
  15.30000  0.350892922400E+01
  15.40000  0.249648652286E+01
  15.50000  0.148436708443E+01
  15.60000  0.824449696700E+00
  15.70000  0.731366173806E+00
  15.80000  0.121167029279E+01
  15.90000  0.206935160995E+01
  16.00000  0.298124954466E+01
  16.10000  0.361267648030E+01
  16.20000  0.373203846662E+01
  16.30000  0.328622878444E+01
  16.40000  0.241383592613E+01
  16.50000  0.139479337670E+01
  16.60000  0.555619679342E+00
  16.70000  0.162506152978E+00
  16.80000  0.336722378305E+00
  16.90000  0.101824135810E+01
  17.00000  0.198744560304E+01
  17.10000  0.293650398113E+01
  17.20000  0.356703470304E+01
  17.30000  0.368325297316E+01
  17.40000  0.325185111106E+01
  17.50000  0.241052436622E+01
  17.60000  0.142304559365E+01
  17.70000  0.595311071536E+00
  17.80000  0.178864244073E+00
  17.90000  0.292337349573E+00
  18.00000  0.885693102031E+00
  18.10000  0.175864294729E+01
  18.20000  0.262726057466E+01
  18.30000  0.321709292583E+01
  18.40000  0.335218871782E+01
  18.50000  0.301057137503E+01
  18.60000  0.232771025218E+01
  18.70000  0.154703303588E+01
  18.80000  0.934636870486E+00
  18.90000  0.687807979837E+00
  19.00000  0.869224762763E+00
  19.10000  0.138974703907E+01
  19.20000  0.204544391840E+01
  19.30000  0.259503958690E+01
  19.40000  0.284930197624E+01
  19.50000  0.273952069331E+01
  19.60000  0.233990572100E+01
  19.70000  0.183582513680E+01
  19.80000  0.145005097748E+01
  19.90000  0.135504483068E+01
  20.00000  0.160474933474E+01
  20.10000  0.211216040814E+01
  20.20000  0.268169816352E+01
  20.30000  0.308450579233E+01
  20.40000  0.314820159711E+01
  20.50000  0.282668259431E+01
  20.60000  0.222272538307E+01
  20.70000  0.155377824272E+01
  20.80000  0.107287048152E+01
  20.90000  0.973812514447E+00
  21.00000  0.131621867223E+01
  21.10000  0.199885403710E+01
  21.20000  0.279196979839E+01
  21.30000  0.341734748048E+01
  21.40000  0.364698674079E+01
  21.50000  0.338442782963E+01
  21.60000  0.269916249095E+01
  21.70000  0.180195014363E+01
  21.80000  0.970535509573E+00
  21.90000  0.453135435225E+00
  22.00000  0.384556789408E+00
  22.10000  0.744364621145E+00
  22.20000  0.137047708735E+01
  22.30000  0.202115875039E+01
  22.40000  0.246129912723E+01
  22.50000  0.254128472524E+01
  22.60000  0.224110407916E+01
  22.70000  0.166641727052E+01
  22.80000  0.100146433914E+01
  22.90000  0.438925872883E+00
  23.00000  0.113681448138E+00
  23.10000  0.638116125465E-01
  23.20000  0.230201387871E+00
  23.30000  0.490837397432E+00
  23.40000  0.713379094212E+00
  23.50000  0.804393606457E+00
  23.60000  0.737187297029E+00
  23.70000  0.550352041026E+00
  23.80000  0.321420868392E+00
  23.90000  0.129356038588E+00
  24.00000  0.224903342031E-01
  24.10000  0.438620730052E-02
  24.20000  0.411710561059E-01
  24.30000  0.843492102558E-01
  24.40000  0.969682397248E-01
  24.50000  0.706954285280E-01
  24.60000  0.265837844626E-01
  24.70000  0.440551334596E-03
  24.80000  0.209805573398E-01
  24.90000  0.921159631249E-01
  25.00000  0.188494643538E+00
  25.10000  0.266888858288E+00
  25.20000  0.288285413867E+00
  25.30000  0.240101012512E+00
  25.40000  0.147360870558E+00
  25.50000  0.663010922758E-01
  25.60000  0.617285140419E-01
  25.70000  0.177151806806E+00
  25.80000  0.410737674310E+00
  25.90000  0.708594709698E+00
  26.00000  0.980164073754E+00
  26.10000  0.113126635781E+01
  26.20000  0.110245099366E+01
  26.30000  0.897129104117E+00
  26.40000  0.587089595784E+00
  26.50000  0.291392796355E+00
  26.60000  0.135093934429E+00
  26.70000  0.202617438627E+00
  26.80000  0.503454504839E+00
  26.90000  0.963882825287E+00
  27.00000  0.144897992788E+01
  27.10000  0.180786383876E+01
  27.20000  0.192618977462E+01
  27.30000  0.176690704921E+01
  27.40000  0.138434327434E+01
  27.50000  0.906331216710E+00
  27.60000  0.490703103442E+00
  27.70000  0.271703838535E+00
  27.80000  0.315317845170E+00
  27.90000  0.598982199057E+00
  28.00000  0.102211177524E+01
  28.10000  0.144274901251E+01
  28.20000  0.172659479230E+01
  28.30000  0.179090150221E+01
  28.40000  0.162836820547E+01
  28.50000  0.130400874736E+01
  28.60000  0.927866076328E+00
  28.70000  0.614722564022E+00
  28.80000  0.445715406115E+00
  28.90000  0.444948344372E+00
  29.00000  0.577846870038E+00
  29.10000  0.769766877622E+00
  29.20000  0.936365258998E+00
  29.30000  0.101390336869E+01
  29.40000  0.978863201105E+00
  29.50000  0.851149451580E+00
  29.60000  0.681594603658E+00
  29.70000  0.529983540679E+00
  29.80000  0.442475651225E+00
  29.90000  0.436478654473E+00
  30.00000  0.497425928341E+00
  30.10000  0.587171649347E+00
  30.20000  0.659699977726E+00
  30.30000  0.677889762645E+00
  30.40000  0.625582070973E+00
  30.50000  0.511600391596E+00
  30.60000  0.365507296098E+00
  30.70000  0.227520818056E+00
  30.80000  0.136351655998E+00
  30.90000  0.118600514350E+00
  31.00000  0.182188884154E+00
  31.10000  0.314774296092E+00
  31.20000  0.486826196544E+00
  31.30000  0.658289132843E+00
  31.40000  0.787458087733E+00
  31.50000  0.840566055389E+00
  31.60000  0.800416952222E+00
  31.70000  0.672199205496E+00
  31.80000  0.484641988243E+00
  31.90000  0.285262619686E+00
  32.00000  0.129765416605E+00
  32.10000  0.674875517170E-01
  32.20000  0.126557470471E+00
  32.30000  0.303356627500E+00
  32.40000  0.560329062724E+00
  32.50000  0.834030569662E+00
  32.60000  0.105207288290E+01
  32.70000  0.115436973823E+01
  32.80000  0.111207867653E+01
  32.90000  0.937780853957E+00
  33.00000  0.682934340640E+00
  33.10000  0.422762353554E+00
  33.20000  0.233091234824E+00
  33.30000  0.166636229024E+00
  33.40000  0.236670122149E+00
  33.50000  0.413628048038E+00
  33.60000  0.635780779360E+00
  33.70000  0.830220411286E+00
  33.80000  0.936831098308E+00
  33.90000  0.926982239500E+00
  34.00000  0.810724119755E+00
  34.10000  0.630512604790E+00
  34.20000  0.444343269323E+00
  34.30000  0.304829387064E+00
  34.40000  0.241888164674E+00
  34.50000  0.254964085328E+00
  34.60000  0.316871611931E+00
  34.70000  0.386916561864E+00
  34.80000  0.427657929532E+00
  34.90000  0.418703824079E+00
  35.00000  0.362550601282E+00
  35.10000  0.280911850704E+00
  35.20000  0.203804406485E+00
  35.30000  0.156340070426E+00
  35.40000  0.148717253721E+00
  35.50000  0.173219950092E+00
  35.60000  0.208916771144E+00
  35.70000  0.231551714568E+00
  35.80000  0.224141694901E+00
  35.90000  0.183789901133E+00
  36.00000  0.122087905022E+00
  36.10000  0.593417204271E-01
  36.20000  0.154682424032E-01
  36.30000  0.167711428338E-02
  36.40000  0.164976414445E-01
  36.50000  0.476417521812E-01
  36.60000  0.785586391577E-01
  36.70000  0.964956010562E-01
  36.80000  0.983067549724E-01
  36.90000  0.913653564484E-01
  37.00000  0.892179654635E-01
  37.10000  0.104048589526E+00
  37.20000  0.139521099120E+00
  37.30000  0.187471275437E+00
  37.40000  0.230254963225E+00
  37.50000  0.248038815235E+00
  37.60000  0.228036473889E+00
  37.70000  0.171649143429E+00
  37.80000  0.961507332689E-01
  37.90000  0.297198157337E-01
  38.00000  0.138544838219E-02
  38.10000  0.296726455508E-01
  38.20000  0.114464736672E+00
  38.30000  0.235504423228E+00
  38.40000  0.358440940194E+00
  38.50000  0.446390328953E+00
  38.60000  0.472784471480E+00
  38.70000  0.430722125572E+00
  38.80000  0.335330995365E+00
  38.90000  0.218292825686E+00
  39.00000  0.116632467630E+00
  39.10000  0.599768315281E-01
  39.20000  0.609506989821E-01
  39.30000  0.112054304512E+00
  39.40000  0.189824005857E+00
  39.50000  0.264333982521E+00
  39.60000  0.310218057241E+00
  39.70000  0.315061558870E+00
  39.80000  0.282283300360E+00
  39.90000  0.227918247368E+00
  40.00000  0.173072494664E+00
  40.10000  0.135328436589E+00
  40.20000  0.122496225994E+00
  40.30000  0.130888548512E+00
  40.40000  0.148320610240E+00
  40.50000  0.160151603467E+00
  40.60000  0.155638232941E+00
  40.70000  0.132020087960E+00
  40.80000  0.949399057039E-01
  40.90000  0.554432076389E-01
  41.00000  0.251786897153E-01
  41.10000  0.119778841692E-01
  41.20000  0.175672067616E-01
  41.30000  0.380312743512E-01
  41.40000  0.663664311131E-01
  41.50000  0.956244969798E-01
  41.60000  0.121096013039E+00
  41.70000  0.140682524500E+00
  41.80000  0.153671125490E+00
  41.90000  0.159005932946E+00
  42.00000  0.154407100751E+00
  42.10000  0.137186996592E+00
  42.20000  0.106599013855E+00
  42.30000  0.665346288622E-01
  42.40000  0.268932932049E-01
  42.50000  0.229410697325E-02
  42.60000  0.789891706803E-02
  42.70000  0.535232495034E-01
  42.80000  0.138288049894E+00
  42.90000  0.248268451874E+00
  43.00000  0.358728019939E+00
  43.10000  0.440848670991E+00
  43.20000  0.471014662116E+00
  43.30000  0.439447529641E+00
  43.40000  0.354891891679E+00
  43.50000  0.243252106919E+00
  43.60000  0.140188941658E+00
  43.70000  0.799284506969E-01
  43.80000  0.840467098469E-01
  43.90000  0.154161153538E+00
  44.00000  0.271172951793E+00
  44.10000  0.401414681678E+00
  44.20000  0.507606121525E+00
  44.30000  0.560821363280E+00
  44.40000  0.549353814007E+00
  44.50000  0.481538937308E+00
  44.60000  0.381802944558E+00
  44.70000  0.281613408205E+00
  44.80000  0.208723990390E+00
  44.90000  0.178524410125E+00
  45.00000  0.190329789172E+00
  45.10000  0.229498823585E+00
  45.20000  0.274128592165E+00
  45.30000  0.303539229163E+00
  45.40000  0.305362697077E+00
  45.50000  0.278852492596E+00
  45.60000  0.233641205382E+00
  45.70000  0.184917947132E+00
  45.80000  0.147206649840E+00
  45.90000  0.129190555539E+00
  46.00000  0.131341561172E+00
  46.10000  0.146840874574E+00
  46.20000  0.164979566393E+00
  46.30000  0.175416146202E+00
  46.40000  0.171604082744E+00
  46.50000  0.152311696513E+00
  46.60000  0.121095681376E+00
  46.70000  0.844154160220E-01
  46.80000  0.494490528389E-01
  46.90000  0.224979258781E-01
  47.00000  0.831098271751E-02
  47.10000  0.100574568253E-01
  47.20000  0.293493682094E-01
  47.30000  0.658259166982E-01
  47.40000  0.116279864628E+00
  47.50000  0.173855426899E+00
  47.60000  0.228144706040E+00
  47.70000  0.266834901884E+00
  47.80000  0.278924006151E+00
  47.90000  0.258686117726E+00
  48.00000  0.208925694665E+00
  48.10000  0.141969407274E+00
  48.20000  0.774469778828E-01
  48.30000  0.370483372767E-01
  48.40000  0.376934408598E-01
  48.50000  0.853946421978E-01
  48.60000  0.172129398548E+00
  48.70000  0.277172040082E+00
  48.80000  0.372820291152E+00
  48.90000  0.432838528418E+00
  49.00000  0.440844726268E+00
  49.10000  0.395741675503E+00
  49.20000  0.312229170891E+00
  49.30000  0.216119670687E+00
  49.40000  0.136006230002E+00
  49.50000  0.941225982644E-01
  49.60000  0.995089657385E-01
  49.70000  0.145751103680E+00
  49.80000  0.213913922729E+00
  49.90000  0.279458003669E+00
  50.00000  0.320584198408E+00
  50.10000  0.325073882901E+00
  50.20000  0.293383460950E+00
  50.30000  0.237211370468E+00
  50.40000  0.174409506590E+00
  50.50000  0.122338796776E+00
  50.60000  0.921438413545E-01
  50.70000  0.858637481157E-01
  50.80000  0.970834244788E-01
  50.90000  0.114469292650E+00
  51.00000  0.126551783786E+00
  51.10000  0.125852481897E+00
  51.20000  0.110938063093E+00
  51.30000  0.859518841094E-01
  51.40000  0.581957965010E-01
  51.50000  0.349984477227E-01
  51.60000  0.211869667731E-01
  51.70000  0.180143357555E-01
  51.80000  0.236469592907E-01
  51.90000  0.346415966558E-01
  52.00000  0.475256367146E-01
  52.10000  0.597383967674E-01
  52.20000  0.696733332658E-01
  52.30000  0.761119243874E-01
  52.40000  0.776742765836E-01
  52.50000  0.728643932118E-01
  52.60000  0.608910176921E-01
  52.70000  0.429083214361E-01
  52.80000  0.229316877070E-01
  52.90000  0.766758458876E-02
  53.00000  0.490377612763E-02
  53.10000  0.207799351452E-01
  53.20000  0.568971721112E-01
  53.30000  0.108514081073E+00
  53.40000  0.164835614312E+00
  53.50000  0.211673785846E+00
  53.60000  0.235811959034E+00
  53.70000  0.229623157349E+00
  53.80000  0.194223370342E+00
  53.90000  0.139838586187E+00
  54.00000  0.830175653009E-01
  54.10000  0.414851141289E-01
  54.20000  0.283542193166E-01
  54.30000  0.477275190224E-01
  54.40000  0.932760529502E-01
  54.50000  0.150335557811E+00
  54.60000  0.200796473196E+00
  54.70000  0.229060899888E+00
  54.80000  0.226977314018E+00
  54.90000  0.196074104140E+00
  55.00000  0.146430525226E+00
  55.10000  0.927529105515E-01
  55.20000  0.491970126006E-01
  55.30000  0.248375808292E-01
  55.40000  0.213244851269E-01
  55.50000  0.333537529322E-01
  55.60000  0.514989077749E-01
  55.70000  0.661178685716E-01
  55.80000  0.707763246621E-01
  55.90000  0.639766652862E-01
  56.00000  0.487682385287E-01
  56.10000  0.306927331803E-01
  56.20000  0.151271625492E-01
  56.30000  0.520036405126E-02
  56.40000  0.107141541658E-02
  56.50000  0.674262233105E-03
  56.60000  0.136882208174E-02
  56.70000  0.158310162716E-02
  56.80000  0.162065569344E-02
  56.90000  0.327649610941E-02
  57.00000  0.851942706638E-02
  57.10000  0.179692327149E-01
  57.20000  0.300061202132E-01
  57.30000  0.410495257394E-01
  57.40000  0.469745149477E-01
  57.50000  0.450610515589E-01
  57.60000  0.355632877765E-01
  57.70000  0.220948355811E-01
  57.80000  0.105171953295E-01
  57.90000  0.668350897355E-02
  58.00000  0.139354449822E-01
  58.10000  0.314278207179E-01
  58.20000  0.540686959968E-01
  58.30000  0.742173767066E-01
  58.40000  0.845436682022E-01
  58.50000  0.809324111063E-01
  58.60000  0.642468515191E-01
  58.70000  0.401874305825E-01
  58.80000  0.172364690396E-01
  58.90000  0.345852410728E-02
  59.00000  0.340848193932E-02
  59.10000  0.163799680367E-01
  59.20000  0.367052973600E-01
  59.30000  0.560018902339E-01
  59.40000  0.664791286168E-01
  59.50000  0.639921981650E-01
  59.60000  0.496305958171E-01
  59.70000  0.292183175940E-01
  59.80000  0.109409665630E-01
  59.90000  0.206215855257E-02
  60.00000  0.604632881575E-02
  60.10000  0.212274497668E-01
  60.20000  0.415305424248E-01
  60.30000  0.589260418389E-01
  60.40000  0.666120730575E-01
  60.50000  0.616499098762E-01
  60.60000  0.460238650719E-01
  60.70000  0.257484415151E-01
  60.80000  0.843086360454E-02
  60.90000  0.296623177663E-03
  61.00000  0.386355041313E-02
  61.10000  0.171479013704E-01
  61.20000  0.346422811416E-01
  61.30000  0.495923882545E-01
  61.40000  0.566085958464E-01
  61.50000  0.535688381576E-01
  61.60000  0.421147868580E-01
  61.70000  0.266523325061E-01
  61.80000  0.123766698116E-01
  61.90000  0.320026617388E-02
  62.00000  0.433498465749E-03
  62.10000  0.268615889958E-02
  62.20000  0.690449933465E-02
  62.30000  0.997905658135E-02
  62.40000  0.101562706560E-01
  62.50000  0.763592632517E-02
  62.60000  0.415388410043E-02
  62.70000  0.183675880716E-02
  62.80000  0.194837494063E-02
  62.90000  0.417805231561E-02
  63.00000  0.683934486897E-02
  63.10000  0.788875160264E-02
  63.20000  0.625277561322E-02
  63.30000  0.276841320465E-02
  63.40000  0.190095489334E-03
  63.50000  0.213817603508E-02
  63.60000  0.113752579258E-01
  63.70000  0.281640545951E-01
  63.80000  0.495062302867E-01
  63.90000  0.697442269671E-01
  64.00000  0.824457402456E-01
  64.10000  0.829156888886E-01
  64.20000  0.703431450034E-01
  64.30000  0.486509609545E-01
  64.40000  0.255722037884E-01
  64.50000  0.101613124689E-01
  64.60000  0.958833939608E-02
  64.70000  0.263983509386E-01
  64.80000  0.572981112399E-01
  64.90000  0.939912106475E-01
  65.00000  0.125823495229E+00
  65.10000  0.143316520295E+00
  65.20000  0.141325224450E+00
  65.30000  0.120691350828E+00
  65.40000  0.878237192561E-01
  65.50000  0.524022932968E-01
  65.60000  0.240793286217E-01
  65.70000  0.938197051534E-02
  65.80000  0.989079382360E-02
  65.90000  0.222445991191E-01
  66.00000  0.398207921159E-01
  66.10000  0.553402723763E-01
  66.20000  0.633710671298E-01
  66.30000  0.618414740794E-01
  66.40000  0.521393109641E-01
  66.50000  0.379608165277E-01
  66.60000  0.235371947587E-01
  66.70000  0.120311185846E-01
  66.80000  0.471768819763E-02
  66.90000  0.114797247418E-02
  67.00000  0.360102752900E-04
  67.10000  0.314565770276E-03
  67.20000  0.179086570172E-02
  67.30000  0.508951931839E-02
  67.40000  0.109631759067E-01
  67.50000  0.193913537903E-01
  67.60000  0.290124350982E-01
  67.70000  0.372830686421E-01
  67.80000  0.414016519564E-01
  67.90000  0.396342315653E-01
  68.00000  0.324310534783E-01
  68.10000  0.227465670386E-01
  68.20000  0.152802028246E-01
  68.30000  0.148179939946E-01
  68.40000  0.242776202182E-01
  68.50000  0.432516079645E-01
  68.60000  0.677069838811E-01
  68.70000  0.910740586929E-01
  68.80000  0.106406919037E+00
  68.90000  0.108847429289E+00
  69.00000  0.974632702353E-01
  69.10000  0.757348922808E-01
  69.20000  0.504642476468E-01
  69.30000  0.294767816049E-01
  69.40000  0.189509018547E-01
  69.50000  0.213520597885E-01
  69.60000  0.347151626789E-01
  69.70000  0.535030044383E-01
  69.80000  0.706750690842E-01
  69.90000  0.801635184085E-01
  70.00000  0.788380521743E-01
  70.10000  0.672829374037E-01
  70.20000  0.491990447843E-01
  70.30000  0.297771233866E-01
  70.40000  0.137521097801E-01
  70.50000  0.390613646173E-02
  70.60000  0.534933030447E-03
  70.70000  0.195130589405E-02
  70.80000  0.566511421576E-02
  70.90000  0.963394097214E-02
  71.00000  0.130156691498E-01
  71.10000  0.161408461719E-01
  71.20000  0.198188720759E-01
  71.30000  0.244139353340E-01
  71.40000  0.292285977013E-01
  71.50000  0.325712143509E-01
  71.60000  0.325345027374E-01
  71.70000  0.281388469308E-01
  71.80000  0.202711040952E-01
  71.90000  0.118884212729E-01
  72.00000  0.725183007177E-02
  72.10000  0.103850233897E-01
  72.20000  0.233329597748E-01
  72.30000  0.449504772583E-01
  72.40000  0.708006516576E-01
  72.50000  0.943324622369E-01
  72.60000  0.108996601335E+00
  72.70000  0.110555097732E+00
  72.80000  0.987158691091E-01
  72.90000  0.774392018523E-01
  73.00000  0.537441163636E-01
  73.10000  0.354044272397E-01
  73.20000  0.283474298004E-01
  73.30000  0.346858829341E-01
  73.40000  0.520797658096E-01
  73.50000  0.746301460827E-01
  73.60000  0.949463215727E-01
  73.70000  0.106615145734E+00
  73.80000  0.106191086737E+00
  73.90000  0.940479447104E-01
  74.00000  0.738882841710E-01
  74.10000  0.512078987068E-01
  74.20000  0.313644599641E-01
  74.30000  0.179760600823E-01
  74.40000  0.121677669918E-01
  74.50000  0.127982136253E-01
  74.60000  0.174042888238E-01
  74.70000  0.233616222739E-01
  74.80000  0.287569782620E-01
  74.90000  0.326831593068E-01
  75.00000  0.349826582556E-01
  75.10000  0.357309551602E-01
  75.20000  0.348438852242E-01
  75.30000  0.320806467158E-01
  75.40000  0.274581272941E-01
  75.50000  0.218243805493E-01
  75.60000  0.171967528785E-01
  75.70000  0.165329242614E-01
  75.80000  0.228541744457E-01
  75.90000  0.379710592421E-01
  76.00000  0.613187718327E-01
  76.10000  0.894623803222E-01
  76.20000  0.116634141715E+00
  76.30000  0.136278774450E+00
  76.40000  0.143158446722E+00
  76.50000  0.135285222600E+00
  76.60000  0.114935300405E+00
  76.70000  0.882821206002E-01
  76.80000  0.636695084184E-01
  76.90000  0.490506018892E-01
  77.00000  0.494473270449E-01
  77.10000  0.653060267522E-01
  77.20000  0.923227379107E-01
  77.30000  0.122796996910E+00
  77.40000  0.148038837733E+00
  77.50000  0.160999383956E+00
  77.60000  0.158249230563E+00
  77.70000  0.140698429891E+00
  77.80000  0.112924433448E+00
  77.90000  0.814638149070E-01
  78.00000  0.527463225700E-01
  78.10000  0.313964502041E-01
  78.20000  0.194029519679E-01
  78.30000  0.162713777805E-01
  78.40000  0.198951331862E-01
  78.50000  0.276576810024E-01
  78.60000  0.372864949721E-01
  78.70000  0.471894182525E-01
  78.80000  0.563027634918E-01
  78.90000  0.637236483403E-01
  79.00000  0.684767671522E-01
  79.10000  0.696501656378E-01
  79.20000  0.668899211334E-01
  79.30000  0.609952314587E-01
  79.40000  0.542312332850E-01
  79.50000  0.500480723270E-01
  79.60000  0.521415108205E-01
  79.70000  0.631082399907E-01
  79.80000  0.831935690329E-01
  79.90000  0.109679427598E+00
  80.00000  0.137274630532E+00
  80.10000  0.159506372214E+00
  80.20000  0.170711650380E+00
  80.30000  0.167953778906E+00
  80.40000  0.152162374173E+00
  80.50000  0.128039515914E+00
  80.60000  0.102705696156E+00
  80.70000  0.835150023508E-01
  80.80000  0.757747170528E-01
  80.90000  0.811418041389E-01
  81.00000  0.972233486591E-01
  81.10000  0.118475245785E+00
  81.20000  0.138039544430E+00
  81.30000  0.149856346745E+00
  81.40000  0.150338524210E+00
  81.50000  0.139110671400E+00
  81.60000  0.118690290850E+00
  81.70000  0.933735217779E-01
  81.80000  0.678310247197E-01
  81.90000  0.459398828715E-01
  82.00000  0.301891806277E-01
  82.10000  0.216999528082E-01
  82.20000  0.206324019385E-01
  82.30000  0.266296725834E-01
  82.40000  0.390111572873E-01
  82.50000  0.566344518052E-01
  82.60000  0.775840452926E-01
  82.70000  0.989937123480E-01
  82.80000  0.117289065480E+00
  82.90000  0.128948222020E+00
  83.00000  0.131604973258E+00
  83.10000  0.125088688725E+00
  83.20000  0.111925117621E+00
  83.30000  0.969634322597E-01
  83.40000  0.861065885382E-01
  83.50000  0.844849006029E-01
  83.60000  0.946763600985E-01
  83.70000  0.115623536465E+00
  83.80000  0.142691356465E+00
  83.90000  0.168919666395E+00
  84.00000  0.187093754933E+00
  84.10000  0.191950417858E+00
  84.20000  0.181776801780E+00
  84.30000  0.158870233064E+00
  84.40000  0.128730450847E+00
  84.50000  0.982981562331E-01
  84.60000  0.738694840869E-01
  84.70000  0.593911734916E-01
  84.80000  0.556580449263E-01
  84.90000  0.605752782100E-01
  85.00000  0.702595165184E-01
  85.10000  0.804850156136E-01
  85.20000  0.879272451048E-01
  85.30000  0.908183559647E-01
  85.40000  0.889211579523E-01
  85.50000  0.830177736298E-01
  85.60000  0.742739255083E-01
  85.70000  0.638200479851E-01
  85.80000  0.527112924565E-01
  85.90000  0.421855576110E-01
  86.00000  0.339528709034E-01
  86.10000  0.302119632131E-01
  86.20000  0.332210153692E-01
  86.30000  0.444894842713E-01
  86.40000  0.638932880987E-01
  86.50000  0.891303589269E-01
  86.60000  0.115861613098E+00
  86.70000  0.138639367346E+00
  86.80000  0.152404772641E+00
  86.90000  0.154071652145E+00
  87.00000  0.143623575468E+00
  87.10000  0.124284114168E+00
  87.20000  0.101636048018E+00
  87.30000  0.819460521952E-01
  87.40000  0.702491146188E-01
  87.50000  0.688433857947E-01
  87.60000  0.767013201630E-01
  87.70000  0.899717482099E-01
  87.80000  0.103357845812E+00
  87.90000  0.111857177564E+00
  88.00000  0.112252935631E+00
  88.10000  0.103878999309E+00
  88.20000  0.884828047610E-01
  88.30000  0.693529692547E-01
  88.40000  0.501265341427E-01
  88.50000  0.337525715103E-01
  88.60000  0.219547987207E-01
  88.70000  0.152774789063E-01
  88.80000  0.135359505929E-01
  88.90000  0.163403663316E-01
  89.00000  0.233791315475E-01
  89.10000  0.343187649854E-01
  89.20000  0.484124447942E-01
  89.30000  0.640948466095E-01
  89.40000  0.788843380745E-01
  89.50000  0.897889345134E-01
  89.60000  0.941715618511E-01
  89.70000  0.907812889111E-01
  89.80000  0.805175071302E-01
  89.90000  0.665376327855E-01
  90.00000  0.535421831875E-01
  90.10000  0.463911463085E-01
  90.20000  0.484928977636E-01
  90.30000  0.605389295732E-01
  90.40000  0.800707657489E-01
  90.50000  0.102083605936E+00
  90.60000  0.120498518736E+00
  90.70000  0.130014784586E+00
  90.80000  0.127711419325E+00
  90.90000  0.113858265136E+00
  91.00000  0.916868493182E-01
  91.10000  0.662466431715E-01
  91.20000  0.427887916344E-01
  91.30000  0.252584457445E-01
  91.40000  0.153929327069E-01
  91.50000  0.126596272771E-01
  91.60000  0.149368949928E-01
  91.70000  0.195774071801E-01
  91.80000  0.243952791034E-01
  91.90000  0.282135684148E-01
  92.00000  0.308425011868E-01
  92.10000  0.326224324069E-01
  92.20000  0.338435960237E-01
  92.30000  0.343747592932E-01
  92.40000  0.336952036559E-01
  92.50000  0.312994496399E-01
  92.60000  0.272396421749E-01
  92.70000  0.224831425605E-01
  92.80000  0.188350239410E-01
  92.90000  0.183761332753E-01
  93.00000  0.226068005317E-01
  93.10000  0.316539503609E-01
  93.20000  0.439141744456E-01
  93.30000  0.563518863964E-01
  93.40000  0.654088193795E-01
  93.50000  0.682180377696E-01
  93.60000  0.636657999444E-01
  93.70000  0.528769772689E-01
  93.80000  0.389080993596E-01
  93.90000  0.257360032806E-01
  94.00000  0.169072317130E-01
  94.10000  0.143501813839E-01
  94.20000  0.177911665880E-01
  94.30000  0.249802326518E-01
  94.40000  0.326174219435E-01
  94.50000  0.376025337418E-01
  94.60000  0.381185555419E-01
  94.70000  0.341440549766E-01
  94.80000  0.272345184469E-01
  94.90000  0.197135222804E-01
  95.00000  0.136468659830E-01
  95.10000  0.100421822151E-01
  95.20000  0.859839896657E-02
  95.30000  0.807806101715E-02
  95.40000  0.710038726419E-02
  95.50000  0.497191458502E-02
  95.60000  0.216100979947E-02
  95.70000  0.185260263716E-03
  95.80000  0.945427606135E-03
  95.90000  0.579146979154E-02
  96.00000  0.147358923723E-01
  96.10000  0.261802564542E-01
  96.20000  0.373113205198E-01
  96.30000  0.450415936393E-01
  96.40000  0.471338911399E-01
  96.50000  0.430607626933E-01
  96.60000  0.342462595030E-01
  96.70000  0.235807669471E-01
  96.80000  0.143895989029E-01
  96.90000  0.925337426163E-02
  97.00000  0.913398078423E-02
  97.10000  0.131325983016E-01
  97.20000  0.189499945536E-01
  97.30000  0.238407952788E-01
  97.40000  0.256668170508E-01
  97.50000  0.236338477019E-01
  97.60000  0.184451337051E-01
  97.70000  0.118563459098E-01
  97.80000  0.586282905437E-02
  97.90000  0.188755924590E-02
  98.00000  0.313126777715E-03
  98.10000  0.529685861250E-03
  98.20000  0.143204041771E-02
  98.30000  0.209919137917E-02
  98.40000  0.231616674186E-02
  98.50000  0.268150054952E-02
  98.60000  0.424533244242E-02
  98.70000  0.785138436143E-02
  98.80000  0.135073549467E-01
  98.90000  0.201121425446E-01
  99.00000  0.257189684845E-01
  99.10000  0.282732352805E-01
  99.20000  0.265371493124E-01
  99.30000  0.208014135056E-01
  99.40000  0.130423526668E-01
  99.50000  0.639359897169E-02
  99.60000  0.408159043361E-02
  99.70000  0.820788462430E-02
  99.80000  0.188487860419E-01
  99.90000  0.338423836001E-01
 100.00000  0.493799503386E-01
 100.10000  0.612114441375E-01
 100.20000  0.660359057015E-01
 100.30000  0.625729016304E-01
 100.40000  0.519311306395E-01
 100.50000  0.371570947789E-01
 100.60000  0.221540512472E-01
 100.70000  0.103880610591E-01
 100.80000  0.385692575994E-02
 100.90000  0.267124435461E-02
 101.00000  0.534172179376E-02
 101.10000  0.959015565100E-02
 101.20000  0.133150782118E-01
 101.30000  0.153175323045E-01
 101.40000  0.155294938410E-01
 101.50000  0.147210201057E-01
 101.60000  0.138885227691E-01
 101.70000  0.136491016405E-01
 101.80000  0.139362505601E-01
 101.90000  0.141297551065E-01
 102.00000  0.135343359755E-01
 102.10000  0.119478059295E-01
 102.20000  0.100093779096E-01
 102.30000  0.911569161088E-02
 102.40000  0.108935280488E-01
 102.50000  0.164340709209E-01
 102.60000  0.256259074760E-01
 102.70000  0.369097354518E-01
 102.80000  0.476172071952E-01
 102.90000  0.548140599958E-01
 103.00000  0.563457570942E-01
 103.10000  0.516786145063E-01
 103.20000  0.421898880820E-01
 103.30000  0.307665305655E-01
 103.40000  0.208424740879E-01
 103.50000  0.152282679248E-01
 103.60000  0.151722031026E-01
 103.70000  0.200025937006E-01
 103.80000  0.274723927713E-01
 103.90000  0.346527674162E-01
 104.00000  0.390133014173E-01
 104.10000  0.392671275121E-01
 104.20000  0.356711186629E-01
 104.30000  0.297049595812E-01
 104.40000  0.233093671125E-01
 104.50000  0.180359087016E-01
 104.60000  0.144787525290E-01
 104.70000  0.122182751937E-01
 104.80000  0.102708111945E-01
 104.90000  0.781076727376E-02
 105.00000  0.480945430511E-02
 105.10000  0.227175009517E-02
 105.20000  0.193115486985E-02
 105.30000  0.550850719984E-02
 105.40000  0.138437033602E-01
 105.50000  0.262839899128E-01
 105.60000  0.406223294901E-01
 105.70000  0.536602300857E-01
 105.80000  0.622116891852E-01
 105.90000  0.641762055755E-01
 106.00000  0.592688374325E-01
 106.10000  0.491222102580E-01
 106.20000  0.367181665058E-01
 106.30000  0.253664623955E-01
 106.40000  0.176190042853E-01
 106.50000  0.145222715549E-01
 106.60000  0.154647587243E-01
 106.70000  0.186332497713E-01
 106.80000  0.218530991809E-01
 106.90000  0.234509315408E-01
 107.00000  0.227960312753E-01
 107.10000  0.203358895398E-01
 107.20000  0.171694570591E-01
 107.30000  0.143988372549E-01
 107.40000  0.125823561558E-01
 107.50000  0.115465829054E-01
 107.60000  0.106342382033E-01
 107.70000  0.925153523643E-02
 107.80000  0.742885579949E-02
 107.90000  0.609108136690E-02
 108.00000  0.685850255074E-02
 108.10000  0.114131180187E-01
 108.20000  0.206748178134E-01
 108.30000  0.341435643597E-01
 108.40000  0.497238033700E-01
 108.50000  0.641668343856E-01
 108.60000  0.740175278302E-01
 108.70000  0.767367807446E-01
 108.80000  0.715817927893E-01
 108.90000  0.599033245610E-01
 109.00000  0.447348112490E-01
 109.10000  0.298171009052E-01
 109.20000  0.184165713751E-01
 109.30000  0.123673786901E-01
 109.40000  0.116721576162E-01
 109.50000  0.147704375548E-01
 109.60000  0.193231963120E-01
 109.70000  0.231714469565E-01
 109.80000  0.250818449473E-01
 109.90000  0.250066891427E-01
 110.00000  0.238066283396E-01
 110.10000  0.226158117463E-01
 110.20000  0.221728200037E-01
 110.30000  0.224375023437E-01
 110.40000  0.226687218664E-01
 110.50000  0.219169583455E-01
 110.60000  0.196870215457E-01
 110.70000  0.164379441350E-01
 110.80000  0.136495067344E-01
 110.90000  0.133724029919E-01
 111.00000  0.174115892169E-01
 111.10000  0.264690286139E-01
 111.20000  0.396144310731E-01
 111.30000  0.543385188225E-01
 111.40000  0.672168963503E-01
 111.50000  0.749661158550E-01
 111.60000  0.755091032627E-01
 111.70000  0.686537840226E-01
 111.80000  0.561334527207E-01
 111.90000  0.410019318765E-01
 112.00000  0.266216829139E-01
 112.10000  0.156299182574E-01
 112.20000  0.925886818820E-02
 112.30000  0.722889689337E-02
 112.40000  0.819534374136E-02
 112.50000  0.105117221596E-01
 112.60000  0.129626629762E-01
 112.70000  0.151613307502E-01
 112.80000  0.174750259030E-01
 112.90000  0.205626438161E-01
 113.00000  0.247817064427E-01
 113.10000  0.297754872686E-01
 113.20000  0.344607555023E-01
 113.30000  0.374449944153E-01
 113.40000  0.376943305875E-01
 113.50000  0.351429091867E-01
 113.60000  0.309410064196E-01
 113.70000  0.271833146456E-01
 113.80000  0.261808840941E-01
 113.90000  0.295453756385E-01
 114.00000  0.374530950625E-01
 114.10000  0.484030608354E-01
 114.20000  0.595963522015E-01
 114.30000  0.678184431269E-01
 114.40000  0.705032040588E-01
 114.50000  0.665812344595E-01
 114.60000  0.567984526265E-01
 114.70000  0.433996781733E-01
 114.80000  0.293204823428E-01
 114.90000  0.172168271237E-01
 115.00000  0.871042800507E-02
 115.10000  0.412082940908E-02
 115.20000  0.274041059056E-02
 115.30000  0.347815879051E-02
 115.40000  0.554977582732E-02
 115.50000  0.888735863733E-02
 115.60000  0.140813777267E-01
 115.70000  0.218891243555E-01
 115.80000  0.325501434690E-01
 115.90000  0.452496292459E-01
 116.00000  0.580197347362E-01
 116.10000  0.681856240577E-01
 116.20000  0.732244864140E-01
 116.30000  0.717133429716E-01
 116.40000  0.639791327516E-01
 116.50000  0.521624959315E-01
 116.60000  0.396281979629E-01
 116.70000  0.299113898328E-01
 116.80000  0.255755167145E-01
 116.90000  0.273980942673E-01
 117.00000  0.341777424379E-01
 117.10000  0.432192978513E-01
 117.20000  0.512988829151E-01
 117.30000  0.557391800067E-01
 117.40000  0.552030253485E-01
 117.50000  0.499448338413E-01
 117.60000  0.414856929761E-01
 117.70000  0.319035664595E-01
 117.80000  0.230628237472E-01
 117.90000  0.160970848544E-01
 118.00000  0.113178968342E-01
 118.10000  0.851615471214E-02
 118.20000  0.744591406264E-02
 118.30000  0.820877263236E-02
 118.40000  0.113204293050E-01
 118.50000  0.174080431584E-01
 118.60000  0.266801314029E-01
 118.70000  0.384406273772E-01
 118.80000  0.509236634267E-01
 118.90000  0.615991248697E-01
 119.00000  0.678933302463E-01
 119.10000  0.680734270932E-01
 119.20000  0.619458315969E-01
 119.30000  0.510661054688E-01
 119.40000  0.383364480927E-01
 119.50000  0.271068760908E-01
 119.60000  0.200984921153E-01
 119.70000  0.185466632215E-01
 119.80000  0.218827680481E-01
 119.90000  0.280652480459E-01
 120.00000  0.344176654756E-01
 120.10000  0.386363895903E-01
 120.20000  0.395729982885E-01
 120.30000  0.374993253260E-01
 120.40000  0.337826976826E-01
 120.50000  0.301433874496E-01
 120.60000  0.278338482591E-01
 120.70000  0.271008191977E-01
 120.80000  0.271593502117E-01
 120.90000  0.266793392539E-01
 121.00000  0.245578702985E-01
 121.10000  0.206214456190E-01
 121.20000  0.159265403925E-01
 121.30000  0.124952868215E-01
 121.40000  0.125650374439E-01
 121.50000  0.176441609114E-01
 121.60000  0.277611568235E-01
 121.70000  0.412289020482E-01
 121.80000  0.550461123935E-01
 121.90000  0.658055101049E-01
 122.00000  0.707762856247E-01
 122.10000  0.687596195351E-01
 122.20000  0.604074125161E-01
 122.30000  0.479069914524E-01
 122.40000  0.341801858128E-01
 122.50000  0.219235197224E-01
 122.60000  0.128568464014E-01
 122.70000  0.743869357744E-02
 122.80000  0.509850340591E-02
 122.90000  0.481944916664E-02
 123.00000  0.577217001243E-02
 123.10000  0.770325880877E-02
 123.20000  0.109162447032E-01
 123.30000  0.158843843588E-01
 123.40000  0.227126407265E-01
 123.50000  0.307410839331E-01
 123.60000  0.385200530325E-01
 123.70000  0.442159517117E-01
 123.80000  0.463016127620E-01
 123.90000  0.442386713746E-01
 124.00000  0.388389286380E-01
 124.10000  0.321106514898E-01
 124.20000  0.266066665122E-01
 124.30000  0.245052279359E-01
 124.40000  0.267796431200E-01
 124.50000  0.327922897351E-01
 124.60000  0.404875568088E-01
 124.70000  0.471208460098E-01
 124.80000  0.502448868353E-01
 124.90000  0.485704010039E-01
 125.00000  0.423699091338E-01
 125.10000  0.332805535383E-01
 125.20000  0.236067903486E-01
 125.30000  0.154247254423E-01
 125.40000  0.986304027590E-02
 125.50000  0.685076875652E-02
 125.60000  0.541599352315E-02
 125.70000  0.437950581488E-02
 125.80000  0.311575467670E-02
 125.90000  0.202346618642E-02
 126.00000  0.247373228670E-02
 126.10000  0.623180584752E-02
 126.20000  0.145837619105E-01
 126.30000  0.275403778838E-01
 126.40000  0.434764041481E-01
 126.50000  0.593970007371E-01
 126.60000  0.717715854726E-01
 126.70000  0.776419738192E-01
 126.80000  0.755930579965E-01
 126.90000  0.662199856092E-01
 127.00000  0.519178625709E-01
 127.10000  0.360803576068E-01
 127.20000  0.220166068783E-01
 127.30000  0.119921541005E-01
 127.40000  0.673299333930E-02
 127.50000  0.553320935361E-02
 127.60000  0.686091282306E-02
 127.70000  0.916635867992E-02
 127.80000  0.115371409956E-01
 127.90000  0.139379184540E-01
 128.00000  0.169716597729E-01
 128.10000  0.213170360699E-01
 128.20000  0.271377094713E-01
 128.30000  0.337640411250E-01
 128.40000  0.398163677470E-01
 128.50000  0.437310189678E-01
 128.60000  0.444583827161E-01
 128.70000  0.420121252688E-01
 128.80000  0.376013817193E-01
 128.90000  0.332522749266E-01
 129.00000  0.310469512523E-01
 129.10000  0.322813750322E-01
 129.20000  0.368911909815E-01
 129.30000  0.433947518682E-01
 129.40000  0.493940681522E-01
 129.50000  0.524449273331E-01
 129.60000  0.509537149672E-01
 129.70000  0.447461671651E-01
 129.80000  0.350884535401E-01
 129.90000  0.241671567618E-01
 130.00000  0.142565710490E-01
 130.10000  0.692553738800E-02
 130.20000  0.260953038399E-02
 130.30000  0.708649147511E-03
 130.40000  0.139548043847E-03
 130.50000  0.694048802033E-04
 130.60000  0.479502215398E-03
 130.70000  0.228086607267E-02
 130.80000  0.690398871608E-02
 130.90000  0.155240661050E-01
 131.00000  0.282589968716E-01
 131.10000  0.437116675864E-01
 131.20000  0.591019345304E-01
 131.30000  0.709963737540E-01
 131.40000  0.763927020781E-01
 131.50000  0.737559783859E-01
 131.60000  0.636041516124E-01
 131.70000  0.484044599022E-01
 131.80000  0.318051430028E-01
 131.90000  0.174829945605E-01
 132.00000  0.803276289026E-02
 132.10000  0.430073745726E-02
 132.20000  0.538277419572E-02
 132.30000  0.924194275290E-02
 132.40000  0.136615518366E-01
 132.50000  0.171322154389E-01
 132.60000  0.193217148027E-01
 132.70000  0.209686909464E-01
 132.80000  0.232921096886E-01
 132.90000  0.272115193564E-01
 133.00000  0.327439338976E-01
 133.10000  0.388545220746E-01
 133.20000  0.438309728455E-01
 133.30000  0.460162011830E-01
 133.40000  0.445726428239E-01
 133.50000  0.399330047949E-01
 133.60000  0.337245077783E-01
 133.70000  0.281793101287E-01
 133.80000  0.252659508661E-01
 133.90000  0.258999426791E-01
 134.00000  0.295631016045E-01
 134.10000  0.344927269504E-01
 134.20000  0.383649330375E-01
 134.30000  0.391918831310E-01
 134.40000  0.360670006394E-01
 134.50000  0.294611182547E-01
 134.60000  0.209656051934E-01
 134.70000  0.126125159656E-01
 134.80000  0.607634452613E-02
 134.90000  0.210264933424E-02
 135.00000  0.399194200688E-03
 135.10000  0.139240150086E-04
 135.20000  0.381071956698E-05
 135.30000  0.662673204285E-04
 135.40000  0.819506416302E-03
 135.50000  0.357521007895E-02
 135.60000  0.967908050001E-02
 135.70000  0.197010926106E-01
 135.80000  0.328457007155E-01
 135.90000  0.468802012922E-01
 136.00000  0.586727922840E-01
 136.10000  0.651751934473E-01
 136.20000  0.644862431711E-01
 136.30000  0.565788268053E-01
 136.40000  0.433898795497E-01
 136.50000  0.282175058239E-01
 136.60000  0.146419472256E-01
 136.70000  0.537631424390E-02
 136.80000  0.148007794239E-02
 136.90000  0.222115288735E-02
 137.00000  0.561085974618E-02
 137.10000  0.936746911831E-02
 137.20000  0.118986800415E-01
 137.30000  0.128986063724E-01
 137.40000  0.133269609865E-01
 137.50000  0.148040802333E-01
 137.60000  0.187034033700E-01
 137.70000  0.253492808973E-01
 137.80000  0.336802778271E-01
 137.90000  0.415374339716E-01
 138.00000  0.464684264818E-01
 138.10000  0.467156983059E-01
 138.20000  0.419733497348E-01
 138.30000  0.335890171579E-01
 138.40000  0.241146910539E-01
 138.50000  0.163789497188E-01
 138.60000  0.124501046167E-01
 138.70000  0.129033907759E-01
 138.80000  0.166783577618E-01
 138.90000  0.215692819008E-01
 139.00000  0.251341918274E-01
 139.10000  0.256441911454E-01
 139.20000  0.226909734207E-01
 139.30000  0.172253688223E-01
 139.40000  0.110451486722E-01
 139.50000  0.598058526314E-02
 139.60000  0.314383741991E-02
 139.70000  0.256502914793E-02
 139.80000  0.335545977684E-02
 139.90000  0.429811936234E-02
 140.00000  0.457338741313E-02
 140.10000  0.426785733035E-02
 140.20000  0.441308070602E-02
 140.30000  0.651557456066E-02
 140.40000  0.117755383775E-01
 140.50000  0.203448300019E-01
 140.60000  0.309752911284E-01
 140.70000  0.412525818839E-01
 140.80000  0.483625882072E-01
 140.90000  0.501028809713E-01
 141.00000  0.457326594981E-01
 141.10000  0.363054534189E-01
 141.20000  0.243321104694E-01
 141.30000  0.128942701655E-01
 141.40000  0.455651453840E-02
 141.50000  0.511640388406E-03
 141.60000  0.299514811264E-03
 141.70000  0.220295268902E-02
 141.80000  0.414208470320E-02
 141.90000  0.467997621441E-02
 142.00000  0.370539654667E-02
 142.10000  0.249486860740E-02
 142.20000  0.311972171090E-02
 142.30000  0.744489432012E-02
 142.40000  0.161463725035E-01
 142.50000  0.281764196231E-01
 142.60000  0.409271856947E-01
 142.70000  0.510567158911E-01
 142.80000  0.556654017396E-01
 142.90000  0.533604935437E-01
 143.00000  0.447846595222E-01
 143.10000  0.323966899735E-01
 143.20000  0.195911131564E-01
 143.30000  0.950571035064E-02
 143.40000  0.398417452591E-02
 143.50000  0.308816664262E-02
 143.60000  0.532115862572E-02
 143.70000  0.843373848995E-02
 143.80000  0.104487126171E-01
 143.90000  0.104694032090E-01
 144.00000  0.894420204350E-02
 144.10000  0.730483605649E-02
 144.20000  0.716879380050E-02
 144.30000  0.948103340623E-02
 144.40000  0.139885156532E-01
 144.50000  0.192872928567E-01
 144.60000  0.234239359940E-01
 144.70000  0.247836940268E-01
 144.80000  0.228657301102E-01
 144.90000  0.185891303735E-01
 145.00000  0.139743888680E-01
 145.10000  0.113175845951E-01
 145.20000  0.122007131792E-01
 145.30000  0.167627636808E-01
 145.40000  0.235549005621E-01
 145.50000  0.300604323037E-01
 145.60000  0.336783298715E-01
 145.70000  0.327681631153E-01
 145.80000  0.273214453894E-01
 145.90000  0.189757105161E-01
 146.00000  0.103609754382E-01
 146.10000  0.404872355072E-02
 146.20000  0.154214866809E-02
 146.30000  0.273054581745E-02
 146.40000  0.603557227265E-02
 146.50000  0.918399089439E-02
 146.60000  0.102740934997E-01
 146.70000  0.867506375292E-02
 146.80000  0.536562921320E-02
 146.90000  0.255378002707E-02
 147.00000  0.272484527063E-02
 147.10000  0.751208123326E-02
 147.20000  0.168671764515E-01
 147.30000  0.288910612218E-01
 147.40000  0.404156804881E-01
 147.50000  0.481171067818E-01
 147.60000  0.497193004541E-01
 147.70000  0.448087171408E-01
 147.80000  0.349393658020E-01
 147.90000  0.229990631619E-01
 148.00000  0.121084741540E-01
 148.10000  0.450922055756E-02
 148.20000  0.889340019527E-03
 148.30000  0.398757888030E-03
 148.40000  0.130862925482E-02
 148.50000  0.199429382048E-02
 148.60000  0.178907017415E-02
 148.70000  0.132132522395E-02
 148.80000  0.218151473518E-02
 148.90000  0.606781558162E-02
 149.00000  0.137976411896E-01
 149.10000  0.246433008169E-01
 149.20000  0.363203538919E-01
 149.30000  0.456800525246E-01
 149.40000  0.498500810628E-01
 149.50000  0.473625708095E-01
 149.60000  0.387953221056E-01
 149.70000  0.266407518624E-01
 149.80000  0.144309630350E-01
 149.90000  0.545582790502E-02
 150.00000  0.158392414487E-02
 150.10000  0.265906047387E-02
 150.20000  0.671121124672E-02
 150.30000  0.108861310153E-01
 150.40000  0.127019869031E-01
 150.50000  0.111079707380E-01
 150.60000  0.690538606616E-02
 150.70000  0.236082964007E-02
 150.80000  0.181267599264E-03
 150.90000  0.228936219547E-02
 151.00000  0.892147173198E-02
 151.10000  0.184348726530E-01
 151.20000  0.279119906902E-01
 151.30000  0.343134519398E-01
 151.40000  0.356999944517E-01
 151.50000  0.320132751449E-01
 151.60000  0.250898957953E-01
 151.70000  0.179037585147E-01
 151.80000  0.133538833550E-01
 151.90000  0.131025172374E-01
 152.00000  0.169431710242E-01
 152.10000  0.229517335444E-01
 152.20000  0.283427249993E-01
 152.30000  0.306577217393E-01
 152.40000  0.287788263151E-01
 152.50000  0.233427061108E-01
 152.60000  0.163935191758E-01
 152.70000  0.104424811974E-01
 152.80000  0.735612351763E-02
 152.90000  0.756512231295E-02
 153.00000  0.994103387666E-02
 153.10000  0.123919179729E-01
 153.20000  0.129081339765E-01
 153.30000  0.105858760470E-01
 153.40000  0.615839457811E-02
 153.50000  0.177489669440E-02
 153.60000  0.962478616511E-04
 153.70000  0.308327365790E-02
 153.80000  0.110035846257E-01
 153.90000  0.221076826643E-01
 154.00000  0.331518922283E-01
 154.10000  0.405874525194E-01
 154.20000  0.419437187772E-01
 154.30000  0.368350813027E-01
 154.40000  0.271622179800E-01
 154.50000  0.164039560284E-01
 154.60000  0.827227554236E-02
 154.70000  0.527208609355E-02
 154.80000  0.775436981634E-02
 154.90000  0.138531229923E-01
 155.00000  0.203331455542E-01
 155.10000  0.239974578420E-01
 155.20000  0.230681874949E-01
 155.30000  0.179627731918E-01
 155.40000  0.111368490246E-01
 155.50000  0.605351246283E-02
 155.60000  0.570427720099E-02
 155.70000  0.112968930643E-01
 155.80000  0.216592530454E-01
 155.90000  0.336135045371E-01
 156.00000  0.431729778094E-01
 156.10000  0.470741906372E-01
 156.20000  0.440190940652E-01
 156.30000  0.351258224938E-01
 156.40000  0.234172536781E-01
 156.50000  0.125762061464E-01
 156.60000  0.549619294186E-02
 156.70000  0.323179077449E-02
 156.80000  0.477271447325E-02
 156.90000  0.770847101713E-02
 157.00000  0.946879148940E-02
 157.10000  0.858169755612E-02
 157.20000  0.538960590659E-02
 157.30000  0.190445560407E-02
 157.40000  0.861970675659E-03
 157.50000  0.438968201112E-02
 157.60000  0.128799884482E-01
 157.70000  0.245806853420E-01
 157.80000  0.361126736548E-01
 157.90000  0.437261017967E-01
 158.00000  0.447824177430E-01
 158.10000  0.388408162154E-01
 158.20000  0.278828698199E-01
 158.30000  0.155656471896E-01
 158.40000  0.580156456909E-02
 158.50000  0.124928263079E-02
 158.60000  0.234109195913E-02
 158.70000  0.724861893368E-02
 158.80000  0.127931826278E-01
 158.90000  0.159066971564E-01
 159.00000  0.150141724028E-01
 159.10000  0.107410266765E-01
 159.20000  0.563598533510E-02
 159.30000  0.302259237719E-02
 159.40000  0.546997341649E-02
 159.50000  0.135444659723E-01
 159.60000  0.253927348511E-01
 159.70000  0.373583555718E-01
 159.80000  0.453939059348E-01
 159.90000  0.466862948569E-01
 160.00000  0.408125893143E-01
 160.10000  0.299327957256E-01
 160.20000  0.179276667236E-01
 160.30000  0.883490835057E-02
 160.40000  0.523688103275E-02
 160.50000  0.727769103979E-02
 160.60000  0.127239180264E-01
 160.70000  0.180404873756E-01
 160.80000  0.200184521192E-01
 160.90000  0.172506212663E-01
 161.00000  0.108094940398E-01
 161.10000  0.381876530897E-02
 161.20000  0.844959088981E-04
 161.30000  0.236362345704E-02
 161.40000  0.110184883430E-01
 161.50000  0.236589697483E-01
 161.60000  0.359654958586E-01
 161.70000  0.433856310282E-01
 161.80000  0.430152752679E-01
 161.90000  0.348770392124E-01
 162.00000  0.220402483764E-01
 162.10000  0.949764348773E-02
 162.20000  0.222946299576E-02
 162.30000  0.323073341364E-02
 162.40000  0.123054469556E-01
 162.50000  0.261262709597E-01
 162.60000  0.395440435288E-01
 162.70000  0.476197099494E-01
 162.80000  0.475550872382E-01
 162.90000  0.397417966996E-01
 163.00000  0.275127158445E-01
 163.10000  0.157157397692E-01
 163.20000  0.871253196194E-02
 163.30000  0.863433875268E-02
 163.40000  0.146083181448E-01
 163.50000  0.232528678367E-01
 163.60000  0.302051934485E-01
 163.70000  0.320149183528E-01
 163.80000  0.275943834452E-01
 163.90000  0.186179032560E-01
 164.00000  0.872042608435E-02
 164.10000  0.186355687414E-02
 164.20000  0.591682534012E-03
 164.30000  0.494109838271E-02
 164.40000  0.124740958711E-01
 164.50000  0.194143036053E-01
 164.60000  0.223744667656E-01
 164.70000  0.199049795169E-01
 164.80000  0.131672372784E-01
 164.90000  0.542001771557E-02
 165.00000  0.534334693848E-03
 165.10000  0.119236789351E-02
 165.20000  0.758338556813E-02
 165.30000  0.172085781335E-01
 165.40000  0.259274089052E-01
 165.50000  0.298243377660E-01
 165.60000  0.270883688487E-01
 165.70000  0.190542599902E-01
 165.80000  0.988457507138E-02
 165.90000  0.494547953658E-02
 166.00000  0.850582985582E-02
 166.10000  0.217189094228E-01
 166.20000  0.417771812433E-01
 166.30000  0.626766542154E-01
 166.40000  0.773677596063E-01
 166.50000  0.804763515049E-01
 166.60000  0.705044046487E-01
 166.70000  0.505909279904E-01
 166.80000  0.274717987650E-01
 166.90000  0.900115500001E-02
 167.00000  0.119055777317E-02
 167.10000  0.593697985139E-02
 167.20000  0.203508581768E-01
 167.30000  0.379601779734E-01
 167.40000  0.513119843765E-01
 167.50000  0.549275620211E-01
 167.60000  0.474253680191E-01
 167.70000  0.319672503983E-01
 167.80000  0.148694899055E-01
 167.90000  0.296852784927E-02
 168.00000  0.833141395400E-03
 168.10000  0.896358691640E-02
 168.20000  0.236957151770E-01
 168.30000  0.388126312139E-01
 168.40000  0.481584620482E-01
 168.50000  0.481444503461E-01
 168.60000  0.391043467382E-01
 168.70000  0.249618860646E-01
 168.80000  0.114000635265E-01
 168.90000  0.335865941563E-02
 169.00000  0.296089671409E-02
 169.10000  0.876580918858E-02
 169.20000  0.166495171913E-01
 169.30000  0.218943088661E-01
 169.40000  0.215254682854E-01
 169.50000  0.158200853503E-01
 169.60000  0.827503996045E-02
 169.70000  0.400939121016E-02
 169.80000  0.729062792898E-02
 169.90000  0.192982752771E-01
 170.00000  0.371761861258E-01
 170.10000  0.548892318311E-01
 170.20000  0.656122794506E-01
 170.30000  0.646781496693E-01
 170.40000  0.518088611505E-01
 170.50000  0.315996765301E-01
 170.60000  0.119338118475E-01
 170.70000  0.888327901776E-03
 170.80000  0.337346729390E-02
 170.90000  0.189257792411E-01
 171.00000  0.416522204579E-01
 171.10000  0.624545891781E-01
 171.20000  0.727035443636E-01
 171.30000  0.678835965043E-01
 171.40000  0.496810268957E-01
 171.50000  0.255782306849E-01
 171.60000  0.602363623934E-02
 171.70000  0.257533854796E-03
 171.80000  0.124675006141E-01
 171.90000  0.398623809735E-01
 172.00000  0.735076657149E-01
 172.10000  0.101651406479E+00
 172.20000  0.114243008682E+00
 172.30000  0.106835819789E+00
 172.40000  0.822907225945E-01
 172.50000  0.495807601182E-01
 172.60000  0.201794341393E-01
 172.70000  0.350981283867E-02
 172.80000  0.332113529957E-02
 172.90000  0.164747131435E-01
 173.00000  0.346147773754E-01
 173.10000  0.479890789262E-01
 173.20000  0.497770098305E-01
 173.30000  0.390667346774E-01
 173.40000  0.211968694691E-01
 173.50000  0.530763660715E-02
 173.60000  0.155650504914E-03
 173.70000  0.100176851349E-01
 173.80000  0.325020474034E-01
 173.90000  0.592887809187E-01
 174.00000  0.795590787672E-01
 174.10000  0.846849080981E-01
 174.20000  0.721499964171E-01
 174.30000  0.469408867629E-01
 174.40000  0.196929147657E-01
 174.50000  0.227226425331E-02
 174.60000  0.262738611657E-02
 174.70000  0.211412786296E-01
 174.80000  0.501578277057E-01
 174.90000  0.770435792744E-01
 175.00000  0.896175210464E-01
 175.10000  0.816881184993E-01
 175.20000  0.562716371390E-01
 175.30000  0.249435178313E-01
 175.40000  0.336701443144E-02
 175.50000  0.470048226425E-02
 175.60000  0.335985770071E-01
 175.70000  0.834266573519E-01
 175.80000  0.138086601874E+00
 175.90000  0.177969175628E+00
 176.00000  0.187769931672E+00
 176.10000  0.162992044978E+00
 176.20000  0.112340887807E+00
 176.30000  0.547954311787E-01
 176.40000  0.123138031342E-01
 176.50000  0.100862109648E-02
 176.60000  0.244068475998E-01
 176.70000  0.717068975139E-01
 176.80000  0.121984492578E+00
 176.90000  0.152840172965E+00
 177.00000  0.150034003155E+00
 177.10000  0.114061679519E+00
 177.20000  0.607101902140E-01
 177.30000  0.150238757417E-01
 177.40000  0.878769132482E-03
 177.50000  0.303624249727E-01
 177.60000  0.975035140906E-01
 177.70000  0.179345567513E+00
 177.80000  0.244445000376E+00
 177.90000  0.265728146270E+00
 178.00000  0.232565082588E+00
 178.10000  0.156848672264E+00
 178.20000  0.699756201685E-01
 178.30000  0.111963531174E-01
 178.40000  0.114672112507E-01
 178.50000  0.792025486860E-01
 178.60000  0.194151256254E+00
 178.70000  0.312888727614E+00
 178.80000  0.385017430132E+00
 178.90000  0.374730489282E+00
 179.00000  0.279667633856E+00
 179.10000  0.139186143947E+00
 179.20000  0.274330360264E-01
 179.30000  0.319177237957E-01
 179.40000  0.223779559265E+00
 179.50000  0.629574720033E+00
 179.60000  0.121470913027E+01
 179.70000  0.188531529810E+01
 179.80000  0.250942845160E+01
 179.90000  0.295177226061E+01
 180.00000  0.311161613535E+01
