    0.1000      0.368157046572E+06
    0.2000      0.307919405211E+06
    0.3000      0.226462579539E+06
    0.4000      0.144206648511E+06
    0.5000      0.777569829526E+05
    0.6000      0.350088386018E+05
    0.7000      0.145862843351E+05
    0.8000      0.907996562380E+04
    0.9000      0.983096694344E+04
    1.0000      0.107257732147E+05
    1.1000      0.954212506900E+04
    1.2000      0.698496093846E+04
    1.3000      0.469047248205E+04
    1.4000      0.362445216288E+04
    1.5000      0.361569742129E+04
    1.6000      0.385909875452E+04
    1.7000      0.369399836405E+04
    1.8000      0.302779027515E+04
    1.9000      0.222123867486E+04
    2.0000      0.168128979804E+04
    2.1000      0.153932899482E+04
    2.2000      0.162293392180E+04
    2.3000      0.165989842056E+04
    2.4000      0.150199404707E+04
    2.5000      0.119892959126E+04
    2.6000      0.907686530900E+03
    2.7000      0.747119721750E+03
    2.8000      0.719133858764E+03
    2.9000      0.736952006847E+03
    3.0000      0.711455174178E+03
    3.1000      0.616674457170E+03
    3.2000      0.491736139219E+03
    3.3000      0.394634646200E+03
    3.4000      0.354378825927E+03
    3.5000      0.356641043778E+03
    3.6000      0.364195659306E+03
    3.7000      0.348218590468E+03
    3.8000      0.305677124261E+03
    3.9000      0.254837610415E+03
    4.0000      0.218004688955E+03
    4.1000      0.206118058253E+03
    4.2000      0.214109992551E+03
    4.3000      0.226788451733E+03
    4.4000      0.229297951044E+03
    4.5000      0.215583408536E+03
    4.6000      0.190797809725E+03
    4.7000      0.167076817072E+03
    4.8000      0.155416445920E+03
    4.9000      0.158552113986E+03
    5.0000      0.169392506004E+03
    5.1000      0.176173319637E+03
    5.2000      0.170812188967E+03
    5.3000      0.154416281670E+03
    5.4000      0.135874490337E+03
    5.5000      0.124761425432E+03
    5.6000      0.124206865096E+03
    5.7000      0.129242231534E+03
    5.8000      0.131524326038E+03
    5.9000      0.126175381953E+03
    6.0000      0.115096468799E+03
    6.1000      0.104473288825E+03
    6.2000      0.991730339557E+02
    6.3000      0.990104374662E+02
    6.4000      0.997399803490E+02
    6.5000      0.973187937593E+02
    6.6000      0.913814416858E+02
    6.7000      0.850337191967E+02
    6.8000      0.816019273684E+02
    6.9000      0.815519951548E+02
    7.0000      0.822814460650E+02
    7.1000      0.806734320076E+02
    7.2000      0.758959792922E+02
    7.3000      0.699805420238E+02
    7.4000      0.658942510233E+02
    7.5000      0.649929054310E+02
    7.6000      0.660440546973E+02
    7.7000      0.664321985700E+02
    7.8000      0.642973156812E+02
    7.9000      0.598068812784E+02
    8.0000      0.547493554616E+02
    8.1000      0.510696869827E+02
    8.2000      0.496041666994E+02
    8.3000      0.498044882334E+02
    8.4000      0.503386411469E+02
    8.5000      0.499477906976E+02
    8.6000      0.480532729642E+02
    8.7000      0.449661397954E+02
    8.8000      0.417338062729E+02
    8.9000      0.396511809280E+02
    9.0000      0.395357890521E+02
    9.1000      0.411134708279E+02
    9.2000      0.430084034306E+02
    9.3000      0.435460295715E+02
    9.4000      0.419364510437E+02
    9.5000      0.389510233408E+02
    9.6000      0.364534551293E+02
    9.7000      0.360231730391E+02
    9.8000      0.377074208635E+02
    9.9000      0.399243394211E+02
   10.0000      0.406463565253E+02
   10.1000      0.389438928472E+02
   10.2000      0.356617905643E+02
   10.3000      0.327098291140E+02
   10.4000      0.315736250586E+02
   10.5000      0.322456720476E+02
   10.6000      0.333703063920E+02
   10.7000      0.333834581447E+02
   10.8000      0.316784337410E+02
   10.9000      0.289218769232E+02
   11.0000      0.264088711533E+02
   11.1000      0.250852849537E+02
   11.2000      0.249991769317E+02
   11.3000      0.254728014185E+02
   11.4000      0.257003881993E+02
   11.5000      0.252566340614E+02
   11.6000      0.242228629976E+02
   11.7000      0.229986473083E+02
   11.8000      0.220358080143E+02
   11.9000      0.216489006029E+02
   12.0000      0.219094856614E+02
   12.1000      0.226003783853E+02
   12.2000      0.232719608273E+02
   12.3000      0.234520015437E+02
   12.4000      0.229393240374E+02
   12.5000      0.219745899235E+02
   12.6000      0.211096614565E+02
   12.7000      0.208219709797E+02
   12.8000      0.211561911061E+02
   12.9000      0.216880744924E+02
   13.0000      0.218524417620E+02
   13.1000      0.213712724424E+02
   13.2000      0.204350999324E+02
   13.3000      0.195090623919E+02
   13.4000      0.189555296270E+02
   13.5000      0.187997905642E+02
   13.6000      0.188055245900E+02
   13.7000      0.187384783717E+02
   13.8000      0.185522210077E+02
   13.9000      0.183470433094E+02
   14.0000      0.181944329041E+02
   14.1000      0.180402518790E+02
   14.2000      0.177910990018E+02
   14.3000      0.174762766274E+02
   14.4000      0.172866649857E+02
   14.5000      0.174164181356E+02
   14.6000      0.178465057649E+02
   14.7000      0.182918251987E+02
   14.8000      0.183947295391E+02
   14.9000      0.180150823290E+02
   15.0000      0.173630297676E+02
   15.1000      0.168483128867E+02
   15.2000      0.167647164453E+02
   15.3000      0.170687705002E+02
   15.4000      0.174265144567E+02
   15.5000      0.174753872205E+02
   15.6000      0.170827695698E+02
   15.7000      0.164107753876E+02
   15.8000      0.157714338241E+02
   15.9000      0.154130330252E+02
   16.0000      0.153946706502E+02
   16.1000      0.156009839853E+02
   16.2000      0.158395197415E+02
   16.3000      0.159387505939E+02
   16.4000      0.158116422643E+02
   16.5000      0.154905312396E+02
   16.6000      0.151300439072E+02
   16.7000      0.149502463099E+02
   16.8000      0.151128395533E+02
   16.9000      0.155920348604E+02
   17.0000      0.161471881210E+02
   17.1000      0.164549600439E+02
   17.2000      0.163317910893E+02
   17.3000      0.158808610846E+02
   17.4000      0.154330291591E+02
   17.5000      0.153083115495E+02
   17.6000      0.155760239536E+02
   17.7000      0.160028283651E+02
   17.8000      0.162308784114E+02
   17.9000      0.160443579346E+02
   18.0000      0.155168973581E+02
   18.1000      0.149364955453E+02
   18.2000      0.145845401114E+02
   18.3000      0.145488691482E+02
   18.4000      0.147012967989E+02
   18.5000      0.148261657289E+02
   18.6000      0.147775953699E+02
   18.7000      0.145502253114E+02
   18.8000      0.142419251972E+02
   18.9000      0.139708735667E+02
   19.0000      0.138171802338E+02
   19.1000      0.138078526872E+02
   19.2000      0.139203403977E+02
   19.3000      0.140851738887E+02
   19.4000      0.142000687813E+02
   19.5000      0.141752104891E+02
   19.6000      0.139953731581E+02
   19.7000      0.137474909938E+02
   19.8000      0.135729944712E+02
   19.9000      0.135657672561E+02
   20.0000      0.136937728349E+02
   20.1000      0.138146449484E+02
   20.2000      0.137805764704E+02
   20.3000      0.135500033806E+02
   20.4000      0.132149919329E+02
   20.5000      0.129243028990E+02
   20.6000      0.127697490128E+02
   20.7000      0.127296258953E+02
   20.8000      0.127072667412E+02
   20.9000      0.126195158376E+02
   21.0000      0.124548681079E+02
   21.1000      0.122602679035E+02
   21.2000      0.120850031837E+02
   21.3000      0.119423538999E+02
   21.4000      0.118195854075E+02
   21.5000      0.117119949343E+02
   21.6000      0.116350225737E+02
   21.7000      0.115991507889E+02
   21.8000      0.115789769877E+02
   21.9000      0.115186179129E+02
   22.0000      0.113778255032E+02
   22.1000      0.111762928932E+02
   22.2000      0.109881112895E+02
   22.3000      0.108832824085E+02
   22.4000      0.108657838506E+02
   22.5000      0.108654027049E+02
   22.6000      0.107936424921E+02
   22.7000      0.106158857620E+02
   22.8000      0.103773551347E+02
   22.9000      0.101625482041E+02
   23.0000      0.100265840447E+02
   23.1000      0.995812976284E+01
   23.2000      0.990051240698E+01
   23.3000      0.980456922889E+01
   23.4000      0.966366918748E+01
   23.5000      0.950566980350E+01
   23.6000      0.935973683198E+01
   23.7000      0.923478253384E+01
   23.8000      0.912620628887E+01
   23.9000      0.903427359612E+01
   24.0000      0.896728533017E+01
   24.1000      0.892459525421E+01
   24.2000      0.888213480030E+01
   24.3000      0.880417473632E+01
   24.4000      0.867662054231E+01
   24.5000      0.852932381932E+01
   24.6000      0.841944463665E+01
   24.7000      0.838400232605E+01
   24.8000      0.840279403058E+01
   24.9000      0.840838654198E+01
   25.0000      0.833893116101E+01
   25.1000      0.818949483011E+01
   25.2000      0.801678484402E+01
   25.3000      0.789261026689E+01
   25.4000      0.784633525434E+01
   25.5000      0.784499693262E+01
   25.6000      0.782507065155E+01
   25.7000      0.774505412932E+01
   25.8000      0.761360211943E+01
   25.9000      0.747413110252E+01
   26.0000      0.736621827997E+01
   26.1000      0.729998037127E+01
   26.2000      0.726085219591E+01
   26.3000      0.723126396581E+01
   26.4000      0.720375742533E+01
   26.5000      0.717572943925E+01
   26.6000      0.713909926455E+01
   26.7000      0.708290608186E+01
   26.8000      0.700901090606E+01
   26.9000      0.694174949047E+01
   27.0000      0.691457202248E+01
   27.1000      0.694022156558E+01
   27.2000      0.699175267636E+01
   27.3000      0.701638254377E+01
   27.4000      0.697510401416E+01
   27.5000      0.687528919532E+01
   27.6000      0.676687550373E+01
   27.7000      0.670371257407E+01
   27.8000      0.670219684830E+01
   27.9000      0.673132496477E+01
   28.0000      0.674032070556E+01
   28.1000      0.669820368172E+01
   28.2000      0.661254100044E+01
   28.3000      0.651635504337E+01
   28.4000      0.644031804105E+01
   28.5000      0.639586947587E+01
   28.6000      0.637890758897E+01
   28.7000      0.638223399061E+01
   28.8000      0.639996521375E+01
   28.9000      0.642138240534E+01
   29.0000      0.642730430433E+01
   29.1000      0.640060306453E+01
   29.2000      0.634492035625E+01
   29.3000      0.629153792962E+01
   29.4000      0.628108450053E+01
   29.5000      0.633036839923E+01
   29.6000      0.641237546349E+01
   29.7000      0.647014479176E+01
   29.8000      0.645705831501E+01
   29.9000      0.637205248315E+01
   30.0000      0.626086947997E+01
   30.1000      0.618220828432E+01
   30.2000      0.616614220381E+01
   30.3000      0.619679484347E+01
   30.4000      0.622943857384E+01
   30.5000      0.622454459799E+01
   30.6000      0.617157833640E+01
   30.7000      0.608884657857E+01
   30.8000      0.600683990192E+01
   30.9000      0.595171322653E+01
   31.0000      0.593797597112E+01
   31.1000      0.596717343248E+01
   31.2000      0.602646427360E+01
   31.3000      0.608852508224E+01
   31.4000      0.612020958346E+01
   31.5000      0.610161527540E+01
   31.6000      0.604382735704E+01
   31.7000      0.598785465239E+01
   31.8000      0.597903354725E+01
   31.9000      0.603269934850E+01
   32.0000      0.611832999957E+01
   32.1000      0.617766534753E+01
   32.2000      0.616531296837E+01
   32.3000      0.608106321615E+01
   32.4000      0.596899061840E+01
   32.5000      0.588494232053E+01
   32.6000      0.585854324589E+01
   32.7000      0.587796973102E+01
   32.8000      0.590527498080E+01
   32.9000      0.590603982536E+01
   33.0000      0.586964920448E+01
   33.1000      0.580898086174E+01
   33.2000      0.574654005009E+01
   33.3000      0.570143861700E+01
   33.4000      0.568455796489E+01
   33.5000      0.569844617507E+01
   33.6000      0.573605552080E+01
   33.7000      0.577912108630E+01
   33.8000      0.580274373839E+01
   33.9000      0.578881353061E+01
   34.0000      0.574025938622E+01
   34.1000      0.568276446307E+01
   34.2000      0.564857604241E+01
   34.3000      0.565277706372E+01
   34.4000      0.568103327714E+01
   34.5000      0.569984876074E+01
   34.6000      0.568170586565E+01
   34.7000      0.562475908860E+01
   34.8000      0.555169471707E+01
   34.9000      0.549046927164E+01
   35.0000      0.545438211408E+01
   35.1000      0.543739418286E+01
   35.2000      0.542538390449E+01
   35.3000      0.541014294621E+01
   35.4000      0.539297710072E+01
   35.5000      0.537719816805E+01
   35.6000      0.536022739136E+01
   35.7000      0.533514126655E+01
   35.8000      0.530005269000E+01
   35.9000      0.526422774781E+01
   36.0000      0.524244904726E+01
   36.1000      0.524132694974E+01
   36.2000      0.525050619344E+01
   36.3000      0.524827136486E+01
   36.4000      0.521785206511E+01
   36.5000      0.516050803411E+01
   36.6000      0.509415644591E+01
   36.7000      0.503927280654E+01
   36.8000      0.500465883328E+01
   36.9000      0.498449665350E+01
   37.0000      0.496688212740E+01
   37.1000      0.494411173872E+01
   37.2000      0.491555334343E+01
   37.3000      0.488312331507E+01
   37.4000      0.484697056451E+01
   37.5000      0.480718826730E+01
   37.6000      0.476888083124E+01
   37.7000      0.474259834926E+01
   37.8000      0.473644632703E+01
   37.9000      0.474599010856E+01
   38.0000      0.475277567064E+01
   38.1000      0.473581438821E+01
   38.2000      0.468803206683E+01
   38.3000      0.462345780198E+01
   38.4000      0.456771243841E+01
   38.5000      0.453870459991E+01
   38.6000      0.453331352854E+01
   38.7000      0.453090532336E+01
   38.8000      0.451015719436E+01
   38.9000      0.446481826553E+01
   39.0000      0.440611309741E+01
   39.1000      0.435180532119E+01
   39.2000      0.431280131158E+01
   39.3000      0.428823264726E+01
   39.4000      0.427060249999E+01
   39.5000      0.425364906730E+01
   39.6000      0.423522709722E+01
   39.7000      0.421459142857E+01
   39.8000      0.418965860982E+01
   39.9000      0.415870661109E+01
   40.0000      0.412451748030E+01
   40.1000      0.409493086194E+01
   40.2000      0.407709472001E+01
   40.3000      0.407004694972E+01
   40.4000      0.406349163176E+01
   40.5000      0.404551347198E+01
   40.6000      0.401304770355E+01
   40.7000      0.397525598685E+01
   40.8000      0.394589749348E+01
   40.9000      0.393113647257E+01
   41.0000      0.392399574881E+01
   41.1000      0.391085900476E+01
   41.2000      0.388422515327E+01
   41.3000      0.384991710666E+01
   41.4000      0.382196313973E+01
   41.5000      0.380976824658E+01
   41.6000      0.380928280387E+01
   41.7000      0.380610570924E+01
   41.8000      0.378754945061E+01
   41.9000      0.375288193520E+01
   42.0000      0.371318841616E+01
   42.1000      0.368190333736E+01
   42.2000      0.366482232251E+01
   42.3000      0.365757851049E+01
   42.4000      0.365096914264E+01
   42.5000      0.363798830382E+01
   42.6000      0.361674328704E+01
   42.7000      0.358898301753E+01
   42.8000      0.355818807365E+01
   42.9000      0.352981761671E+01
   43.0000      0.351175836225E+01
   43.1000      0.351128502655E+01
   43.2000      0.352864928319E+01
   43.3000      0.355286152286E+01
   43.4000      0.356571969321E+01
   43.5000      0.355363980337E+01
   43.6000      0.351880849899E+01
   43.7000      0.347970727737E+01
   43.8000      0.345878363013E+01
   43.9000      0.346587534352E+01
   44.0000      0.349029548536E+01
   44.1000      0.350801384723E+01
   44.2000      0.349842963504E+01
   44.3000      0.345797833811E+01
   44.4000      0.340111086683E+01
   44.5000      0.334955865471E+01
   44.6000      0.331908670282E+01
   44.7000      0.331278062867E+01
   44.8000      0.332301150554E+01
   44.9000      0.333771496034E+01
   45.0000      0.334579719685E+01
   45.1000      0.334019379511E+01
   45.2000      0.332006435638E+01
   45.3000      0.329255441862E+01
   45.4000      0.327166575147E+01
   45.5000      0.327179656857E+01
   45.6000      0.329797264413E+01
   45.7000      0.333964584755E+01
   45.8000      0.337445073243E+01
   45.9000      0.338131256977E+01
   46.0000      0.335424994433E+01
   46.1000      0.330652223327E+01
   46.2000      0.326168365537E+01
   46.3000      0.323814492210E+01
   46.4000      0.323854165395E+01
   46.5000      0.325076791904E+01
   46.6000      0.325816623065E+01
   46.7000      0.325020844724E+01
   46.8000      0.322663138053E+01
   46.9000      0.319468358042E+01
   47.0000      0.316416703103E+01
   47.1000      0.314430827078E+01
   47.2000      0.314231886597E+01
   47.3000      0.316116719689E+01
   47.4000      0.319619980278E+01
   47.5000      0.323398714914E+01
   47.6000      0.325708926668E+01
   47.7000      0.325380145670E+01
   47.8000      0.322641317923E+01
   47.9000      0.319092471445E+01
   48.0000      0.316710785683E+01
   48.1000      0.316556126052E+01
   48.2000      0.318113966977E+01
   48.3000      0.319725537031E+01
   48.4000      0.319724300889E+01
   48.5000      0.317429594116E+01
   48.6000      0.313388247867E+01
   48.7000      0.308906845876E+01
   48.8000      0.305371892671E+01
   48.9000      0.303783516458E+01
   49.0000      0.304548194797E+01
   49.1000      0.307358052515E+01
   49.2000      0.311131954696E+01
   49.3000      0.314244597745E+01
   49.4000      0.315215900480E+01
   49.5000      0.313608439235E+01
   49.6000      0.310489248964E+01
   49.7000      0.307935403523E+01
   49.8000      0.307734519270E+01
   49.9000      0.310126737243E+01
   50.0000      0.313520099880E+01
   50.1000      0.315442970954E+01
   50.2000      0.314089849910E+01
   50.3000      0.309404003237E+01
   50.4000      0.303031344987E+01
   50.5000      0.297310358579E+01
   50.6000      0.294051314674E+01
   50.7000      0.293813261196E+01
   50.8000      0.295893867568E+01
   50.9000      0.298802683967E+01
   51.0000      0.300899406260E+01
   51.1000      0.301026596904E+01
   51.2000      0.299037301336E+01
   51.3000      0.296006786558E+01
   51.4000      0.293850922151E+01
   51.5000      0.294321386767E+01
   51.6000      0.297845091813E+01
   51.7000      0.302991536406E+01
   51.8000      0.307087704523E+01
   51.9000      0.307730462461E+01
   52.0000      0.304243712158E+01
   52.1000      0.298091259756E+01
   52.2000      0.291967324418E+01
   52.3000      0.288204408884E+01
   52.4000      0.287554125704E+01
   52.5000      0.289033187794E+01
   52.6000      0.290741854177E+01
   52.7000      0.290992489348E+01
   52.8000      0.289088604213E+01
   52.9000      0.285503258095E+01
   53.0000      0.281583592975E+01
   53.1000      0.278999217634E+01
   53.2000      0.279069423374E+01
   53.3000      0.282107793907E+01
   53.4000      0.287067090036E+01
   53.5000      0.291820102831E+01
   53.6000      0.294136851172E+01
   53.7000      0.292907711038E+01
   53.8000      0.288837314175E+01
   53.9000      0.284065730771E+01
   54.0000      0.280883411790E+01
   54.1000      0.280366824494E+01
   54.2000      0.281831940840E+01
   54.3000      0.283411419854E+01
   54.4000      0.283280209860E+01
   54.5000      0.280687964623E+01
   54.6000      0.276227947180E+01
   54.7000      0.271372181749E+01
   54.8000      0.267718159771E+01
   54.9000      0.266372835356E+01
   55.0000      0.267621660900E+01
   55.1000      0.270840792875E+01
   55.2000      0.274646541456E+01
   55.3000      0.277358461817E+01
   55.4000      0.277740151388E+01
   55.5000      0.275692604098E+01
   55.6000      0.272411459783E+01
   55.7000      0.269755148609E+01
   55.8000      0.269119343171E+01
   55.9000      0.270541160193E+01
   56.0000      0.272663389170E+01
   56.1000      0.273596171248E+01
   56.2000      0.272079482965E+01
   56.3000      0.268177174500E+01
   56.4000      0.263130680194E+01
   56.5000      0.258605602133E+01
   56.6000      0.255889457473E+01
   56.7000      0.255459987080E+01
   56.8000      0.256973030299E+01
   56.9000      0.259486196620E+01
   57.0000      0.261777391529E+01
   57.1000      0.262753770112E+01
   57.2000      0.261927901521E+01
   57.3000      0.259752278086E+01
   57.4000      0.257500736904E+01
   57.5000      0.256592505775E+01
   57.6000      0.257685444208E+01
   57.7000      0.260148269833E+01
   57.8000      0.262344726827E+01
   57.9000      0.262600676960E+01
   58.0000      0.260215528097E+01
   58.1000      0.255845401591E+01
   58.2000      0.251054856962E+01
   58.3000      0.247415165189E+01
   58.4000      0.245762680043E+01
   58.5000      0.245993467643E+01
   58.6000      0.247335209467E+01
   58.7000      0.248787518179E+01
   58.8000      0.249491819585E+01
   58.9000      0.248992922523E+01
   59.0000      0.247423511278E+01
   59.1000      0.245536243570E+01
   59.2000      0.244429431402E+01
   59.3000      0.244957442078E+01
   59.4000      0.247119234900E+01
   59.5000      0.249877952514E+01
   59.6000      0.251649958850E+01
   59.7000      0.251219393934E+01
   59.8000      0.248475136007E+01
   59.9000      0.244459226372E+01
   60.0000      0.240710264566E+01
   60.1000      0.238382889851E+01
   60.2000      0.237728342278E+01
   60.3000      0.238184107193E+01
   60.4000      0.238864773674E+01
   60.5000      0.239048673470E+01
   60.6000      0.238411117952E+01
   60.7000      0.237035369910E+01
   60.8000      0.235348116444E+01
   60.9000      0.234020324211E+01
   61.0000      0.233746594830E+01
   61.1000      0.234874382322E+01
   61.2000      0.237067893252E+01
   61.3000      0.239311004475E+01
   61.4000      0.240381721876E+01
   61.5000      0.239558946936E+01
   61.6000      0.237077331573E+01
   61.7000      0.233982211669E+01
   61.8000      0.231474898896E+01
   61.9000      0.230217342050E+01
   62.0000      0.230065765165E+01
   62.1000      0.230340633507E+01
   62.2000      0.230342214522E+01
   62.3000      0.229716385981E+01
   62.4000      0.228500367889E+01
   62.5000      0.226973265383E+01
   62.6000      0.225522450954E+01
   62.7000      0.224584748501E+01
   62.8000      0.224551416393E+01
   62.9000      0.225553250833E+01
   63.0000      0.227240642619E+01
   63.1000      0.228803777712E+01
   63.2000      0.229349166568E+01
   63.3000      0.228438138679E+01
   63.4000      0.226392723252E+01
   63.5000      0.224105054594E+01
   63.6000      0.222465790788E+01
   63.7000      0.221829477871E+01
   63.8000      0.221892801985E+01
   63.9000      0.222017570543E+01
   64.0000      0.221693789855E+01
   64.1000      0.220792928981E+01
   64.2000      0.219506750967E+01
   64.3000      0.218141478279E+01
   64.4000      0.216987782324E+01
   64.5000      0.216311621808E+01
   64.6000      0.216334646284E+01
   64.7000      0.217098368744E+01
   64.8000      0.218298622615E+01
   64.9000      0.219304788318E+01
   65.0000      0.219466301992E+01
   65.1000      0.218535920416E+01
   65.2000      0.216874147189E+01
   65.3000      0.215232258174E+01
   65.4000      0.214250495446E+01
   65.5000      0.214051760390E+01
   65.6000      0.214233101212E+01
   65.7000      0.214225013179E+01
   65.8000      0.213701263954E+01
   65.9000      0.212727211235E+01
   66.0000      0.211600290590E+01
   66.1000      0.210596319428E+01
   66.2000      0.209855507508E+01
   66.3000      0.209440957612E+01
   66.4000      0.209411840321E+01
   66.5000      0.209771032674E+01
   66.6000      0.210336228746E+01
   66.7000      0.210721680456E+01
   66.8000      0.210536999439E+01
   66.9000      0.209679190112E+01
   67.0000      0.208454979637E+01
   67.1000      0.207386256630E+01
   67.2000      0.206831731962E+01
   67.3000      0.206737052852E+01
   67.4000      0.206722868343E+01
   67.5000      0.206423300029E+01
   67.6000      0.205772247166E+01
   67.7000      0.205000682167E+01
   67.8000      0.204384429631E+01
   67.9000      0.204001554787E+01
   68.0000      0.203718952528E+01
   68.1000      0.203384295139E+01
   68.2000      0.203001316314E+01
   68.3000      0.202704893826E+01
   68.4000      0.202574931716E+01
   68.5000      0.202499863692E+01
   68.6000      0.202246710155E+01
   68.7000      0.201675309286E+01
   68.8000      0.200879038120E+01
   68.9000      0.200104706343E+01
   69.0000      0.199528882446E+01
   69.1000      0.199115765993E+01
   69.2000      0.198699090570E+01
   69.3000      0.198199280681E+01
   69.4000      0.197743285878E+01
   69.5000      0.197548898801E+01
   69.6000      0.197677813213E+01
   69.7000      0.197908393823E+01
   69.8000      0.197876688001E+01
   69.9000      0.197376072381E+01
   70.0000      0.196543439565E+01
   70.1000      0.195754872389E+01
   70.2000      0.195318480864E+01
   70.3000      0.195234523228E+01
   70.4000      0.195222924765E+01
   70.5000      0.194970290996E+01
   70.6000      0.194362806737E+01
   70.7000      0.193516274900E+01
   70.8000      0.192626882762E+01
   70.9000      0.191825615034E+01
   71.0000      0.191174202040E+01
   71.1000      0.190757015278E+01
   71.2000      0.190707573364E+01
   71.3000      0.191087925244E+01
   71.4000      0.191728830369E+01
   71.5000      0.192228280498E+01
   71.6000      0.192181277257E+01
   71.7000      0.191483050439E+01
   71.8000      0.190441315254E+01
   71.9000      0.189572840131E+01
   72.0000      0.189230098916E+01
   72.1000      0.189356363322E+01
   72.2000      0.189558651791E+01
   72.3000      0.189417803131E+01
   72.4000      0.188770758806E+01
   72.5000      0.187759393238E+01
   72.6000      0.186666649321E+01
   72.7000      0.185729958249E+01
   72.8000      0.185085715217E+01
   72.9000      0.184822713350E+01
   73.0000      0.185005591830E+01
   73.1000      0.185592562478E+01
   73.2000      0.186335375503E+01
   73.3000      0.186821889357E+01
   73.4000      0.186704830474E+01
   73.5000      0.185960334263E+01
   73.6000      0.184944623177E+01
   73.7000      0.184163831836E+01
   73.8000      0.183919086006E+01
   73.9000      0.184106712656E+01
   74.0000      0.184326356894E+01
   74.1000      0.184191358640E+01
   74.2000      0.183581135202E+01
   74.3000      0.182656573822E+01
   74.4000      0.181684017812E+01
   74.5000      0.180862409670E+01
   74.6000      0.180292753224E+01
   74.7000      0.180049659335E+01
   74.8000      0.180208223534E+01
   74.9000      0.180753962857E+01
   75.0000      0.181470089116E+01
   75.1000      0.181965677474E+01
   75.2000      0.181890907198E+01
   75.3000      0.181190088188E+01
   75.4000      0.180170290143E+01
   75.5000      0.179301723741E+01
   75.6000      0.178896558668E+01
   75.7000      0.178920304617E+01
   75.8000      0.179072233732E+01
   75.9000      0.179039695772E+01
   76.0000      0.178700932356E+01
   76.1000      0.178132849717E+01
   76.2000      0.177478085801E+01
   76.3000      0.176839738855E+01
   76.4000      0.176300063531E+01
   76.5000      0.175993747685E+01
   76.6000      0.176092195366E+01
   76.7000      0.176656094264E+01
   76.8000      0.177483687330E+01
   76.9000      0.178134872016E+01
   77.0000      0.178173076122E+01
   77.1000      0.177459877410E+01
   77.2000      0.176263510253E+01
   77.3000      0.175083645623E+01
   77.4000      0.174328169673E+01
   77.5000      0.174091247250E+01
   77.6000      0.174177899262E+01
   77.7000      0.174305171368E+01
   77.8000      0.174285732627E+01
   77.9000      0.174066815123E+01
   78.0000      0.173665009278E+01
   78.1000      0.173126146735E+01
   78.2000      0.172567166117E+01
   78.3000      0.172218085161E+01
   78.4000      0.172343113207E+01
   78.5000      0.173038780004E+01
   78.6000      0.174066724668E+01
   78.7000      0.174903470983E+01
   78.8000      0.175027662373E+01
   78.9000      0.174253460998E+01
   79.0000      0.172856406770E+01
   79.1000      0.171393379824E+01
   79.2000      0.170358430827E+01
   79.3000      0.169930376489E+01
   79.4000      0.169965311043E+01
   79.5000      0.170176210454E+01
   79.6000      0.170318408110E+01
   79.7000      0.170257419149E+01
   79.8000      0.169946233346E+01
   79.9000      0.169416198283E+01
   80.0000      0.168818713046E+01
   80.1000      0.168437249231E+01
   80.2000      0.168571066305E+01
   80.3000      0.169314651671E+01
   80.4000      0.170400407582E+01
   80.5000      0.171274436842E+01
   80.6000      0.171403570462E+01
   80.7000      0.170609364504E+01
   80.8000      0.169180627934E+01
   80.9000      0.167681654065E+01
   81.0000      0.166608018022E+01
   81.1000      0.166142300735E+01
   81.2000      0.166151590676E+01
   81.3000      0.166362383850E+01
   81.4000      0.166535978759E+01
   81.5000      0.166530443142E+01
   81.6000      0.166280815564E+01
   81.7000      0.165797310823E+01
   81.8000      0.165211703638E+01
   81.9000      0.164790341890E+01
   82.0000      0.164821009704E+01
   82.1000      0.165402110084E+01
   82.2000      0.166296353498E+01
   82.3000      0.167005733182E+01
   82.4000      0.167057638411E+01
   82.5000      0.166305687132E+01
   82.6000      0.165018665212E+01
   82.7000      0.163694369110E+01
   82.8000      0.162750652230E+01
   82.9000      0.162324718827E+01
   83.0000      0.162294439309E+01
   83.1000      0.162442897618E+01
   83.2000      0.162597824069E+01
   83.3000      0.162655275450E+01
   83.4000      0.162539977273E+01
   83.5000      0.162208578516E+01
   83.6000      0.161719233726E+01
   83.7000      0.161274712217E+01
   83.8000      0.161136833789E+01
   83.9000      0.161432779420E+01
   84.0000      0.162007053434E+01
   84.1000      0.162470274473E+01
   84.2000      0.162439879208E+01
   84.3000      0.161796233812E+01
   84.4000      0.160753780812E+01
   84.5000      0.159698913380E+01
   84.6000      0.158936966411E+01
   84.7000      0.158548069831E+01
   84.8000      0.158432822812E+01
   84.9000      0.158456512578E+01
   85.0000      0.158538578762E+01
   85.1000      0.158627170726E+01
   85.2000      0.158636419485E+01
   85.3000      0.158459257771E+01
   85.4000      0.158068779611E+01
   85.5000      0.157598890842E+01
   85.6000      0.157288681051E+01
   85.7000      0.157302464384E+01
   85.8000      0.157573641809E+01
   85.9000      0.157822376416E+01
   86.0000      0.157750576879E+01
   86.1000      0.157257434419E+01
   86.2000      0.156498025648E+01
   86.3000      0.155747440501E+01
   86.4000      0.155201070756E+01
   86.5000      0.154881436206E+01
   86.6000      0.154704159510E+01
   86.7000      0.154603177032E+01
   86.8000      0.154577302550E+01
   86.9000      0.154624792625E+01
   87.0000      0.154663120492E+01
   87.1000      0.154549215535E+01
   87.2000      0.154202597970E+01
   87.3000      0.153709880639E+01
   87.4000      0.153288173583E+01
   87.5000      0.153116376646E+01
   87.6000      0.153178923280E+01
   87.7000      0.153267998875E+01
   87.8000      0.153149429577E+01
   87.9000      0.152747394545E+01
   88.0000      0.152188090655E+01
   88.1000      0.151675848323E+01
   88.2000      0.151326914061E+01
   88.3000      0.151111640866E+01
   88.4000      0.150937620837E+01
   88.5000      0.150767465132E+01
   88.6000      0.150643411812E+01
   88.7000      0.150601755219E+01
   88.8000      0.150583676501E+01
   88.9000      0.150455452913E+01
   89.0000      0.150133072498E+01
   89.1000      0.149686811436E+01
   89.2000      0.149307414557E+01
   89.3000      0.149147458734E+01
   89.4000      0.149179723617E+01
   89.5000      0.149208532570E+01
   89.6000      0.149030581911E+01
   89.7000      0.148602045642E+01
   89.8000      0.148063945254E+01
   89.9000      0.147611722871E+01
   90.0000      0.147336962029E+01
   90.1000      0.147183716381E+01
   90.2000      0.147041231317E+01
   90.3000      0.146863257537E+01
   90.4000      0.146691316425E+01
   90.5000      0.146571144266E+01
   90.6000      0.146467946497E+01
   90.7000      0.146285467132E+01
   90.8000      0.145977701449E+01
   90.9000      0.145632889094E+01
   91.0000      0.145424802483E+01
   91.1000      0.145457027676E+01
   91.2000      0.145642259337E+01
   91.3000      0.145740024489E+01
   91.4000      0.145533915005E+01
   91.5000      0.144998323792E+01
   91.6000      0.144311665281E+01
   91.7000      0.143711896601E+01
   91.8000      0.143327906237E+01
   91.9000      0.143128178810E+01
   92.0000      0.143006285232E+01
   92.1000      0.142896080111E+01
   92.2000      0.142800567511E+01
   92.3000      0.142726356347E+01
   92.4000      0.142621780295E+01
   92.5000      0.142408857566E+01
   92.6000      0.142087040638E+01
   92.7000      0.141791259106E+01
   92.8000      0.141714996891E+01
   92.9000      0.141941305615E+01
   93.0000      0.142330229654E+01
   93.1000      0.142578820223E+01
   93.2000      0.142421578433E+01
   93.3000      0.141812312049E+01
   93.4000      0.140943195158E+01
   93.5000      0.140098950590E+01
   93.6000      0.139479352206E+01
   93.7000      0.139128966186E+01
   93.8000      0.138995363426E+01
   93.9000      0.139019121928E+01
   94.0000      0.139154690189E+01
   94.1000      0.139322678620E+01
   94.2000      0.139385161049E+01
   94.3000      0.139214877902E+01
   94.4000      0.138816726532E+01
   94.5000      0.138376941987E+01
   94.6000      0.138159023561E+01
   94.7000      0.138305001408E+01
   94.8000      0.138702635231E+01
   94.9000      0.139038528300E+01
   95.0000      0.139003706637E+01
   95.1000      0.138491224720E+01
   95.2000      0.137640081283E+01
   95.3000      0.136717240993E+01
   95.4000      0.135958013900E+01
   95.5000      0.135489755574E+01
   95.6000      0.135356323561E+01
   95.7000      0.135559828024E+01
   95.8000      0.136043776928E+01
   95.9000      0.136639906822E+01
   96.0000      0.137074703130E+01
   96.1000      0.137091271155E+01
   96.2000      0.136620375531E+01
   96.3000      0.135856350154E+01
   96.4000      0.135149955297E+01
   96.5000      0.134781036284E+01
   96.6000      0.134781461147E+01
   96.7000      0.134940618653E+01
   96.8000      0.134974703034E+01
   96.9000      0.134714678824E+01
   97.0000      0.134176135332E+01
   97.1000      0.133496434286E+01
   97.2000      0.132835652183E+01
   97.3000      0.132335433720E+01
   97.4000      0.132133199791E+01
   97.5000      0.132352377626E+01
   97.6000      0.133019433878E+01
   97.7000      0.133963593983E+01
   97.8000      0.134817145254E+01
   97.9000      0.135172727615E+01
   98.0000      0.134814506798E+01
   98.1000      0.133854948288E+01
   98.2000      0.132667540186E+01
   98.3000      0.131663532027E+01
   98.4000      0.131077994348E+01
   98.5000      0.130905415922E+01
   98.6000      0.130989178440E+01
   98.7000      0.131152972795E+01
   98.8000      0.131266174335E+01
   98.9000      0.131235927584E+01
   99.0000      0.131000565882E+01
   99.1000      0.130576570834E+01
   99.2000      0.130116503049E+01
   99.3000      0.129881359072E+01
   99.4000      0.130090646469E+01
   99.5000      0.130738709775E+01
   99.6000      0.131530353457E+01
   99.7000      0.132015473403E+01
   99.8000      0.131845500444E+01
   99.9000      0.130972998322E+01
  100.0000      0.129661620648E+01
  100.1000      0.128323781012E+01
  100.2000      0.127322383399E+01
  100.3000      0.126863036846E+01
  100.4000      0.126993517783E+01
  100.5000      0.127636448849E+01
  100.6000      0.128594281355E+01
  100.7000      0.129551091021E+01
  100.8000      0.130144499692E+01
  100.9000      0.130125988559E+01
  101.0000      0.129518468382E+01
  101.1000      0.128635029183E+01
  101.2000      0.127907338894E+01
  101.3000      0.127623950803E+01
  101.4000      0.127761522974E+01
  101.5000      0.128025518187E+01
  101.6000      0.128056470333E+01
  101.7000      0.127643005515E+01
  101.8000      0.126806306323E+01
  101.9000      0.125745039222E+01
  102.0000      0.124730999112E+01
  102.1000      0.124038068873E+01
  102.2000      0.123902575088E+01
  102.3000      0.124459101723E+01
  102.4000      0.125637453936E+01
  102.5000      0.127096397591E+01
  102.6000      0.128297827699E+01
  102.7000      0.128736858936E+01
  102.8000      0.128205840325E+01
  102.9000      0.126913217580E+01
  103.0000      0.125367349507E+01
  103.1000      0.124103394493E+01
  103.2000      0.123436432212E+01
  103.3000      0.123381434926E+01
  103.4000      0.123739448657E+01
  103.5000      0.124240011471E+01
  103.6000      0.124638126778E+01
  103.7000      0.124754778629E+01
  103.8000      0.124513578970E+01
  103.9000      0.123996705934E+01
  104.0000      0.123465378714E+01
  104.1000      0.123267551407E+01
  104.2000      0.123636212191E+01
  104.3000      0.124498867176E+01
  104.4000      0.125452105996E+01
  104.5000      0.125952623987E+01
  104.6000      0.125613952634E+01
  104.7000      0.124415315967E+01
  104.8000      0.122697523867E+01
  104.9000      0.120978374666E+01
  105.0000      0.119730347960E+01
  105.1000      0.119244212827E+01
  105.2000      0.119596303907E+01
  105.3000      0.120659569534E+01
  105.4000      0.122117038516E+01
  105.5000      0.123507849234E+01
  105.6000      0.124359529811E+01
  105.7000      0.124390457365E+01
  105.8000      0.123667773619E+01
  105.9000      0.122589947036E+01
  106.0000      0.121670854604E+01
  106.1000      0.121252984350E+01
  106.2000      0.121338522236E+01
  106.3000      0.121639984353E+01
  106.4000      0.121789974145E+01
  106.5000      0.121550211228E+01
  106.6000      0.120897361296E+01
  106.7000      0.119984300015E+01
  106.8000      0.119059753794E+01
  106.9000      0.118409446241E+01
  107.0000      0.118304142082E+01
  107.1000      0.118906597857E+01
  107.2000      0.120145895659E+01
  107.3000      0.121652006550E+01
  107.4000      0.122850712657E+01
  107.5000      0.123214890654E+01
  107.6000      0.122534310360E+01
  107.7000      0.121027269785E+01
  107.8000      0.119219877722E+01
  107.9000      0.117681090942E+01
  108.0000      0.116787863896E+01
  108.1000      0.116640603009E+01
  108.2000      0.117117575399E+01
  108.3000      0.117971806365E+01
  108.4000      0.118898974792E+01
  108.5000      0.119588318083E+01
  108.6000      0.119806223653E+01
  108.7000      0.119509696519E+01
  108.8000      0.118906671243E+01
  108.9000      0.118374241588E+01
  109.0000      0.118244535803E+01
  109.1000      0.118589423882E+01
  109.2000      0.119161198856E+01
  109.3000      0.119539657301E+01
  109.4000      0.119382612100E+01
  109.5000      0.118608180480E+01
  109.6000      0.117407128372E+01
  109.7000      0.116120538243E+01
  109.8000      0.115097569325E+01
  109.9000      0.114612559404E+01
  110.0000      0.114828485035E+01
  110.1000      0.115751297062E+01
  110.2000      0.117168939331E+01
  110.3000      0.118645582416E+01
  110.4000      0.119645511615E+01
  110.5000      0.119765834804E+01
  110.6000      0.118945344010E+01
  110.7000      0.117501940286E+01
  110.8000      0.115962708266E+01
  110.9000      0.114799374779E+01
  111.0000      0.114240019908E+01
  111.1000      0.114250058891E+01
  111.2000      0.114639144044E+01
  111.3000      0.115178810095E+01
  111.4000      0.115659002441E+01
  111.5000      0.115905884130E+01
  111.6000      0.115822072034E+01
  111.7000      0.115456363735E+01
  111.8000      0.115031381843E+01
  111.9000      0.114853846862E+01
  112.0000      0.115125823190E+01
  112.1000      0.115781771348E+01
  112.2000      0.116485451304E+01
  112.3000      0.116808947190E+01
  112.4000      0.116475617339E+01
  112.5000      0.115503046646E+01
  112.6000      0.114168630849E+01
  112.7000      0.112856636335E+01
  112.8000      0.111910226568E+01
  112.9000      0.111561077695E+01
  113.0000      0.111912159566E+01
  113.1000      0.112911791572E+01
  113.2000      0.114311743942E+01
  113.3000      0.115677423486E+01
  113.4000      0.116516653682E+01
  113.5000      0.116498101584E+01
  113.6000      0.115628388069E+01
  113.7000      0.114255521008E+01
  113.8000      0.112882912652E+01
  113.9000      0.111916946579E+01
  114.0000      0.111511027557E+01
  114.1000      0.111579111263E+01
  114.2000      0.111918424216E+01
  114.3000      0.112323359771E+01
  114.4000      0.112628043584E+01
  114.5000      0.112710301834E+01
  114.6000      0.112520788504E+01
  114.7000      0.112140966707E+01
  114.8000      0.111797779867E+01
  114.9000      0.111766866647E+01
  115.0000      0.112192191382E+01
  115.1000      0.112947993609E+01
  115.2000      0.113664853691E+01
  115.3000      0.113924053826E+01
  115.4000      0.113492218967E+01
  115.5000      0.112438820873E+01
  115.6000      0.111076512575E+01
  115.7000      0.109797299365E+01
  115.8000      0.108929209213E+01
  115.9000      0.108676792579E+01
  116.0000      0.109112210486E+01
  116.1000      0.110154492733E+01
  116.2000      0.111534816902E+01
  116.3000      0.112817345169E+01
  116.4000      0.113535178446E+01
  116.5000      0.113402714957E+01
  116.6000      0.112471831384E+01
  116.7000      0.111110839348E+01
  116.8000      0.109807242178E+01
  116.9000      0.108925678151E+01
  117.0000      0.108576596744E+01
  117.1000      0.108651462277E+01
  117.2000      0.108951234804E+01
  117.3000      0.109290762012E+01
  117.4000      0.109527623380E+01
  117.5000      0.109558091657E+01
  117.6000      0.109344659224E+01
  117.7000      0.108972878452E+01
  117.8000      0.108662061461E+01
  117.9000      0.108666285870E+01
  118.0000      0.109101141940E+01
  118.1000      0.109822660683E+01
  118.2000      0.110469704939E+01
  118.3000      0.110659931241E+01
  118.4000      0.110206517247E+01
  118.5000      0.109208639034E+01
  118.6000      0.107973903199E+01
  118.7000      0.106857307481E+01
  118.8000      0.106137579403E+01
  118.9000      0.105979588580E+01
  119.0000      0.106437019445E+01
  119.1000      0.107431351778E+01
  119.2000      0.108712050489E+01
  119.3000      0.109873372555E+01
  119.4000      0.110485887034E+01
  119.5000      0.110298944266E+01
  119.6000      0.109381813998E+01
  119.7000      0.108091640403E+01
  119.8000      0.106880302761E+01
  119.9000      0.106073035784E+01
  120.0000      0.105761997575E+01
  120.1000      0.105852849398E+01
  120.2000      0.106182391035E+01
  120.3000      0.106597625441E+01
  120.4000      0.106962626059E+01
  120.5000      0.107149495492E+01
  120.6000      0.107077840817E+01
  120.7000      0.106789848838E+01
  120.8000      0.106475192839E+01
  120.9000      0.106379879068E+01
  121.0000      0.106637670809E+01
  121.1000      0.107151132027E+01
  121.2000      0.107627987972E+01
  121.3000      0.107757109935E+01
  121.4000      0.107394936634E+01
  121.5000      0.106630667408E+01
  121.6000      0.105705931897E+01
  121.7000      0.104878973239E+01
  121.8000      0.104341627180E+01
  121.9000      0.104215458723E+01
  122.0000      0.104564944754E+01
  122.1000      0.105363478162E+01
  122.2000      0.106429460300E+01
  122.3000      0.107420952052E+01
  122.4000      0.107952045673E+01
  122.5000      0.107785805063E+01
  122.6000      0.106971270857E+01
  122.7000      0.105817224098E+01
  122.8000      0.104718776240E+01
  122.9000      0.103964493356E+01
  123.0000      0.103651678871E+01
  123.1000      0.103731847387E+01
  123.2000      0.104101516721E+01
  123.3000      0.104643568434E+01
  123.4000      0.105208639071E+01
  123.5000      0.105607730405E+01
  123.6000      0.105677584307E+01
  123.7000      0.105389758165E+01
  123.8000      0.104901428686E+01
  123.9000      0.104475405008E+01
  124.0000      0.104309815954E+01
  124.1000      0.104407096600E+01
  124.2000      0.104587187210E+01
  124.3000      0.104629516959E+01
  124.4000      0.104423288059E+01
  124.5000      0.104011762006E+01
  124.6000      0.103521819253E+01
  124.7000      0.103069308754E+01
  124.8000      0.102730125943E+01
  124.9000      0.102576881411E+01
  125.0000      0.102701528047E+01
  125.1000      0.103160990735E+01
  125.2000      0.103878537743E+01
  125.3000      0.104605779112E+01
  125.4000      0.105016254679E+01
  125.5000      0.104885776634E+01
  125.6000      0.104227245335E+01
  125.7000      0.103276228978E+01
  125.8000      0.102345200285E+01
  125.9000      0.101666351959E+01
  126.0000      0.101332966770E+01
  126.1000      0.101344594839E+01
  126.2000      0.101668861113E+01
  126.3000      0.102241327345E+01
  126.4000      0.102917148692E+01
  126.5000      0.103461377381E+01
  126.6000      0.103637152138E+01
  126.7000      0.103347247636E+01
  126.8000      0.102711468665E+01
  126.9000      0.102000792999E+01
  127.0000      0.101469518041E+01
  127.1000      0.101215719237E+01
  127.2000      0.101172343886E+01
  127.3000      0.101213144398E+01
  127.4000      0.101262631390E+01
  127.5000      0.101315163156E+01
  127.6000      0.101372103308E+01
  127.7000      0.101389293993E+01
  127.8000      0.101306508455E+01
  127.9000      0.101131233657E+01
  128.0000      0.100977771004E+01
  128.1000      0.100997545914E+01
  128.2000      0.101246402916E+01
  128.3000      0.101608702284E+01
  128.4000      0.101857502949E+01
  128.5000      0.101809262625E+01
  128.6000      0.101445584280E+01
  128.7000      0.100906285097E+01
  128.8000      0.100375726984E+01
  128.9000      0.999735765750E+00
  129.0000      0.997385806954E+00
  129.1000      0.996887875981E+00
  129.2000      0.998640820605E+00
  129.3000      0.100285633197E+01
  129.4000      0.100869605087E+01
  129.5000      0.101399542214E+01
  129.6000      0.101618598805E+01
  129.7000      0.101387294267E+01
  129.8000      0.100779135001E+01
  129.9000      0.100031507451E+01
  130.0000      0.993932082333E+00
  130.1000      0.989952242291E+00
  130.2000      0.988380955099E+00
  130.3000      0.988737569727E+00
  130.4000      0.990773156528E+00
  130.5000      0.994333277706E+00
  130.6000      0.998662225385E+00
  130.7000      0.100213752147E+01
  130.8000      0.100302150793E+01
  130.9000      0.100072027925E+01
  131.0000      0.996382868838E+00
  131.1000      0.992170982552E+00
  131.2000      0.989738807509E+00
  131.3000      0.989207205547E+00
  131.4000      0.989457536020E+00
  131.5000      0.989347796937E+00
  131.6000      0.988655005017E+00
  131.7000      0.987928947305E+00
  131.8000      0.987584366504E+00
  131.9000      0.987299597554E+00
  132.0000      0.986397499637E+00
  132.1000      0.984787888450E+00
  132.2000      0.983395456741E+00
  132.3000      0.983477987756E+00
  132.4000      0.985387466851E+00
  132.5000      0.987974726478E+00
  132.6000      0.989300493533E+00
  132.7000      0.988090543603E+00
  132.8000      0.984658141598E+00
  132.9000      0.980518194491E+00
  133.0000      0.977141544705E+00
  133.1000      0.975044473781E+00
  133.2000      0.973966772180E+00
  133.3000      0.973741938715E+00
  133.4000      0.974782152748E+00
  133.5000      0.977571321640E+00
  133.6000      0.981683171683E+00
  133.7000      0.985447079627E+00
  133.8000      0.986820222146E+00
  133.9000      0.984828664596E+00
  134.0000      0.980309593306E+00
  134.1000      0.975275891304E+00
  134.2000      0.971477442267E+00
  134.3000      0.969431673304E+00
  134.4000      0.968668788968E+00
  134.5000      0.968729220078E+00
  134.6000      0.969770582939E+00
  134.7000      0.972148910301E+00
  134.8000      0.975488728706E+00
  134.9000      0.978356634684E+00
  135.0000      0.979074534520E+00
  135.1000      0.977026993357E+00
  135.2000      0.973235212064E+00
  135.3000      0.969603115011E+00
  135.4000      0.967486134863E+00
  135.5000      0.966864285488E+00
  135.6000      0.966794137223E+00
  135.7000      0.966574272124E+00
  135.8000      0.966415100497E+00
  135.9000      0.966980292524E+00
  136.0000      0.968360742276E+00
  136.1000      0.969635806564E+00
  136.2000      0.969568005941E+00
  136.3000      0.967786714210E+00
  136.4000      0.965260576888E+00
  136.5000      0.963520093526E+00
  136.6000      0.963323895348E+00
  136.7000      0.964031698445E+00
  136.8000      0.964273536715E+00
  136.9000      0.963249480956E+00
  137.0000      0.961401132966E+00
  137.1000      0.959848486510E+00
  137.2000      0.959221318584E+00
  137.3000      0.959092839025E+00
  137.4000      0.958572929905E+00
  137.5000      0.957408523536E+00
  137.6000      0.956403036349E+00
  137.7000      0.956655984878E+00
  137.8000      0.958346058825E+00
  137.9000      0.960295411462E+00
  138.0000      0.960822146587E+00
  138.1000      0.959126382122E+00
  138.2000      0.955919109055E+00
  138.3000      0.952731028008E+00
  138.4000      0.950608777584E+00
  138.5000      0.949457675677E+00
  138.6000      0.948586816637E+00
  138.7000      0.947777551491E+00
  138.8000      0.947682039361E+00
  138.9000      0.949082234348E+00
  139.0000      0.951761550399E+00
  139.1000      0.954210201165E+00
  139.2000      0.954603506690E+00
  139.3000      0.952226909086E+00
  139.4000      0.948039259319E+00
  139.5000      0.943862090094E+00
  139.6000      0.940977417316E+00
  139.7000      0.939432462525E+00
  139.8000      0.938589202659E+00
  139.9000      0.938198606227E+00
  140.0000      0.938792671583E+00
  140.1000      0.940952809228E+00
  140.2000      0.944240023060E+00
  140.3000      0.946998054349E+00
  140.4000      0.947409413221E+00
  140.5000      0.944916138400E+00
  140.6000      0.940689996257E+00
  140.7000      0.936699993578E+00
  140.8000      0.934239489428E+00
  140.9000      0.933246868073E+00
  141.0000      0.932927212196E+00
  141.1000      0.932895276616E+00
  141.2000      0.933600309821E+00
  141.3000      0.935605416152E+00
  141.4000      0.938535482228E+00
  141.5000      0.940902228563E+00
  141.6000      0.941145921014E+00
  141.7000      0.938970706455E+00
  141.8000      0.935678880529E+00
  141.9000      0.933130071273E+00
  142.0000      0.932267526819E+00
  142.1000      0.932561207224E+00
  142.2000      0.932810825644E+00
  142.3000      0.932433890828E+00
  142.4000      0.931942115333E+00
  142.5000      0.932187706433E+00
  142.6000      0.933236846735E+00
  142.7000      0.934105260198E+00
  142.8000      0.933688806395E+00
  142.9000      0.931960012595E+00
  143.0000      0.930172129044E+00
  143.1000      0.929772487958E+00
  143.2000      0.931027023757E+00
  143.3000      0.932689197997E+00
  143.4000      0.933058764456E+00
  143.5000      0.931437305681E+00
  143.6000      0.928622219193E+00
  143.7000      0.926043892757E+00
  143.8000      0.924473494171E+00
  143.9000      0.923591949970E+00
  144.0000      0.922769201746E+00
  144.1000      0.922128988963E+00
  144.2000      0.922673051425E+00
  144.3000      0.925225147642E+00
  144.4000      0.929230290148E+00
  144.5000      0.932698476193E+00
  144.6000      0.933521455394E+00
  144.7000      0.931048904185E+00
  144.8000      0.926520990334E+00
  144.9000      0.922016175642E+00
  145.0000      0.918944520798E+00
  145.1000      0.917454076182E+00
  145.2000      0.917117069361E+00
  145.3000      0.917956569240E+00
  145.4000      0.920587263848E+00
  145.5000      0.925254009504E+00
  145.6000      0.930810530987E+00
  145.7000      0.934875336977E+00
  145.8000      0.935291517999E+00
  145.9000      0.931692390753E+00
  146.0000      0.925772096626E+00
  146.1000      0.920014873167E+00
  146.2000      0.916033940090E+00
  146.3000      0.913950285174E+00
  146.4000      0.913152727466E+00
  146.5000      0.913429038471E+00
  146.6000      0.915192206872E+00
  146.7000      0.918583562384E+00
  146.8000      0.922508803573E+00
  146.9000      0.924827593641E+00
  147.0000      0.923775366292E+00
  147.1000      0.919390899399E+00
  147.2000      0.913592074470E+00
  147.3000      0.908760949566E+00
  147.4000      0.906087743059E+00
  147.5000      0.905115788715E+00
  147.6000      0.904740530911E+00
  147.7000      0.904528671547E+00
  147.8000      0.905007941222E+00
  147.9000      0.906718974251E+00
  148.0000      0.909140052166E+00
  148.1000      0.910743641557E+00
  148.2000      0.910265665248E+00
  148.3000      0.907964412579E+00
  148.4000      0.905560299263E+00
  148.5000      0.904803609110E+00
  148.6000      0.905976610415E+00
  148.7000      0.907734418563E+00
  148.8000      0.908408827078E+00
  148.9000      0.907500471443E+00
  149.0000      0.905948509356E+00
  149.1000      0.905014709321E+00
  149.2000      0.904990959805E+00
  149.3000      0.905061614855E+00
  149.4000      0.904417854253E+00
  149.5000      0.903396692368E+00
  149.6000      0.903361862545E+00
  149.7000      0.905331113091E+00
  149.8000      0.908687271059E+00
  149.9000      0.911323411744E+00
  150.0000      0.911215343780E+00
  150.1000      0.908019504645E+00
  150.2000      0.903249500715E+00
  150.3000      0.898941453202E+00
  150.4000      0.896134272479E+00
  150.5000      0.894570837994E+00
  150.6000      0.893719034330E+00
  150.7000      0.893857686099E+00
  150.8000      0.895948454248E+00
  150.9000      0.900341364499E+00
  151.0000      0.905677628687E+00
  151.1000      0.909289901515E+00
  151.2000      0.908973628010E+00
  151.3000      0.904619003840E+00
  151.4000      0.898244208651E+00
  151.5000      0.892434473335E+00
  151.6000      0.888639581107E+00
  151.7000      0.886801303300E+00
  151.8000      0.886385316995E+00
  151.9000      0.887501199727E+00
  152.0000      0.890806581828E+00
  152.1000      0.896272104096E+00
  152.2000      0.902200898480E+00
  152.3000      0.905772082841E+00
  152.4000      0.904892852535E+00
  152.5000      0.899774996080E+00
  152.6000      0.892794243842E+00
  152.7000      0.886746276741E+00
  152.8000      0.883069127052E+00
  152.9000      0.881535017841E+00
  153.0000      0.881414319841E+00
  153.1000      0.882691759063E+00
  153.2000      0.885986592631E+00
  153.3000      0.891291989652E+00
  153.4000      0.896989204845E+00
  153.5000      0.900414913409E+00
  153.6000      0.899710715693E+00
  153.7000      0.895316622990E+00
  153.8000      0.889688468680E+00
  153.9000      0.885451043524E+00
  154.0000      0.883649936327E+00
  154.1000      0.883605740071E+00
  154.2000      0.884272905867E+00
  154.3000      0.885564258558E+00
  154.4000      0.888251332768E+00
  154.5000      0.892612267764E+00
  154.6000      0.897367453562E+00
  154.7000      0.900207695363E+00
  154.8000      0.899597334041E+00
  154.9000      0.896164256047E+00
  155.0000      0.892282240593E+00
  155.1000      0.890158784307E+00
  155.2000      0.890181565124E+00
  155.3000      0.891013113383E+00
  155.4000      0.891211293178E+00
  155.5000      0.890693606797E+00
  155.6000      0.890602013524E+00
  155.7000      0.891801862643E+00
  155.8000      0.893658652779E+00
  155.9000      0.894447575056E+00
  156.0000      0.893052979322E+00
  156.1000      0.890235042750E+00
  156.2000      0.888101812727E+00
  156.3000      0.888197087097E+00
  156.4000      0.890029093756E+00
  156.5000      0.891484952277E+00
  156.6000      0.890752194990E+00
  156.7000      0.887905295465E+00
  156.8000      0.884668460705E+00
  156.9000      0.882680245848E+00
  157.0000      0.882043667658E+00
  157.1000      0.881591477350E+00
  157.2000      0.880501682556E+00
  157.3000      0.879491490249E+00
  157.4000      0.880239212468E+00
  157.5000      0.883522722420E+00
  157.6000      0.887957347886E+00
  157.7000      0.890725281860E+00
  157.8000      0.889760812859E+00
  157.9000      0.885400243204E+00
  158.0000      0.879985195853E+00
  158.1000      0.875863322175E+00
  158.2000      0.873725957965E+00
  158.3000      0.872781970872E+00
  158.4000      0.872356730525E+00
  158.5000      0.873066119929E+00
  158.6000      0.876208066485E+00
  158.7000      0.881937022889E+00
  158.8000      0.888172649878E+00
  158.9000      0.891594197557E+00
  159.0000      0.890037434441E+00
  159.1000      0.884163419069E+00
  159.2000      0.876878403442E+00
  159.3000      0.871080867356E+00
  159.4000      0.867834971763E+00
  159.5000      0.866525540901E+00
  159.6000      0.866509467635E+00
  159.7000      0.868307743066E+00
  159.8000      0.872961653334E+00
  159.9000      0.880203272559E+00
  160.0000      0.887478496462E+00
  160.1000      0.891150068842E+00
  160.2000      0.889058983499E+00
  160.3000      0.882179850766E+00
  160.4000      0.873849037974E+00
  160.5000      0.867283786646E+00
  160.6000      0.863652613565E+00
  160.7000      0.862291711139E+00
  160.8000      0.862478156933E+00
  160.9000      0.864670648859E+00
  161.0000      0.869813233761E+00
  161.1000      0.877449703783E+00
  161.2000      0.884797121281E+00
  161.3000      0.888100061487E+00
  161.4000      0.885312817259E+00
  161.5000      0.877714406009E+00
  161.6000      0.868941894879E+00
  161.7000      0.862312560904E+00
  161.8000      0.858857256872E+00
  161.9000      0.857680811747E+00
  162.0000      0.857922415254E+00
  162.1000      0.860063339240E+00
  162.2000      0.865142922474E+00
  162.3000      0.872748424163E+00
  162.4000      0.880069243203E+00
  162.5000      0.883353860125E+00
  162.6000      0.880690371301E+00
  162.7000      0.873579420502E+00
  162.8000      0.865789217695E+00
  162.9000      0.860518457145E+00
  163.0000      0.858450070022E+00
  163.1000      0.858316519027E+00
  163.2000      0.859084665390E+00
  163.3000      0.861324675624E+00
  163.4000      0.866294269282E+00
  163.5000      0.873749533969E+00
  163.6000      0.880944392645E+00
  163.7000      0.884183032338E+00
  163.8000      0.881705192548E+00
  163.9000      0.875216889724E+00
  164.0000      0.868556605004E+00
  164.1000      0.864694786970E+00
  164.2000      0.863829793809E+00
  164.3000      0.864206189390E+00
  164.4000      0.864574996618E+00
  164.5000      0.865648220576E+00
  164.6000      0.869037822854E+00
  164.7000      0.874849003265E+00
  164.8000      0.880583672537E+00
  164.9000      0.882755284081E+00
  165.0000      0.879849248558E+00
  165.1000      0.873780436556E+00
  165.2000      0.868349942966E+00
  165.3000      0.866096137948E+00
  165.4000      0.866497371028E+00
  165.5000      0.867137873634E+00
  165.6000      0.866519322073E+00
  165.7000      0.865613217191E+00
  165.8000      0.866596466963E+00
  165.9000      0.870135850716E+00
  166.0000      0.874122908618E+00
  166.1000      0.875325616623E+00
  166.2000      0.872436241164E+00
  166.3000      0.867478796877E+00
  166.4000      0.864076102267E+00
  166.5000      0.864177031910E+00
  166.6000      0.866407788453E+00
  166.7000      0.867635282605E+00
  166.8000      0.866156252376E+00
  166.9000      0.863323546790E+00
  167.0000      0.862012618660E+00
  167.1000      0.863532828428E+00
  167.2000      0.866173793891E+00
  167.3000      0.866923452519E+00
  167.4000      0.864645756274E+00
  167.5000      0.861450684800E+00
  167.6000      0.860747415400E+00
  167.7000      0.863821959599E+00
  167.8000      0.868350335494E+00
  167.9000      0.870414177341E+00
  168.0000      0.868120046598E+00
  168.1000      0.863299919421E+00
  168.2000      0.859648529645E+00
  168.3000      0.859185882771E+00
  168.4000      0.860582018490E+00
  168.5000      0.860970284105E+00
  168.6000      0.859311474167E+00
  168.7000      0.857760011443E+00
  168.8000      0.859496727877E+00
  168.9000      0.865139448763E+00
  169.0000      0.871427487559E+00
  169.1000      0.873724306343E+00
  169.2000      0.870081376052E+00
  169.3000      0.862964143086E+00
  169.4000      0.856962884762E+00
  169.5000      0.854733483018E+00
  169.6000      0.855122805702E+00
  169.7000      0.855194072306E+00
  169.8000      0.853908153532E+00
  169.9000      0.853534577957E+00
  170.0000      0.857201796399E+00
  170.1000      0.865028544695E+00
  170.2000      0.872908677742E+00
  170.3000      0.875509276958E+00
  170.4000      0.870824642018E+00
  170.5000      0.861941602158E+00
  170.6000      0.854288402165E+00
  170.7000      0.851022795047E+00
  170.8000      0.850996265751E+00
  170.9000      0.851094603117E+00
  171.0000      0.850319448006E+00
  171.1000      0.851218821730E+00
  171.2000      0.857023275096E+00
  171.3000      0.867365814929E+00
  171.4000      0.877152636764E+00
  171.5000      0.880177991922E+00
  171.6000      0.874319116914E+00
  171.7000      0.863386247628E+00
  171.8000      0.853813224585E+00
  171.9000      0.849352372634E+00
  172.0000      0.848828488932E+00
  172.1000      0.848876244637E+00
  172.2000      0.848537770110E+00
  172.3000      0.850729579762E+00
  172.4000      0.858854065717E+00
  172.5000      0.871984136955E+00
  172.6000      0.883827858732E+00
  172.7000      0.887121503568E+00
  172.8000      0.879639749956E+00
  172.9000      0.866143511065E+00
  173.0000      0.854332815430E+00
  173.1000      0.848633696845E+00
  173.2000      0.847694421792E+00
  173.3000      0.847686900143E+00
  173.4000      0.847637613920E+00
  173.5000      0.850977256576E+00
  173.6000      0.861448900925E+00
  173.7000      0.877533456708E+00
  173.8000      0.891481762354E+00
  173.9000      0.894712405090E+00
  174.0000      0.884909165650E+00
  174.1000      0.868104608961E+00
  174.2000      0.853631849506E+00
  174.3000      0.846673855556E+00
  174.4000      0.845429775802E+00
  174.5000      0.845253736762E+00
  174.6000      0.845081002958E+00
  174.7000      0.849145477649E+00
  174.8000      0.861887958316E+00
  174.9000      0.881229632357E+00
  175.0000      0.897594267460E+00
  175.1000      0.900666016352E+00
  175.2000      0.888031342382E+00
  175.3000      0.867480034878E+00
  175.4000      0.850524329753E+00
  175.5000      0.843152361246E+00
  175.6000      0.842546138398E+00
  175.7000      0.842554575091E+00
  175.8000      0.841883438934E+00
  175.9000      0.846149726588E+00
  176.0000      0.861233652105E+00
  176.1000      0.884623674318E+00
  176.2000      0.904223966137E+00
  176.3000      0.907121326837E+00
  176.4000      0.890689391800E+00
  176.5000      0.865349447526E+00
  176.6000      0.845871992450E+00
  176.7000      0.839214948525E+00
  176.8000      0.840488679557E+00
  176.9000      0.840725832570E+00
  177.0000      0.838235670603E+00
  177.1000      0.841404865452E+00
  177.2000      0.859302131670E+00
  177.3000      0.889289886076E+00
  177.4000      0.915000145082E+00
  177.5000      0.918534060693E+00
  177.6000      0.896342230324E+00
  177.7000      0.863377332906E+00
  177.8000      0.840544058592E+00
  177.9000      0.836765229061E+00
  178.0000      0.843000180644E+00
  178.1000      0.844397748662E+00
  178.2000      0.838522734206E+00
  178.3000      0.840390595448E+00
  178.4000      0.867248593762E+00
  178.5000      0.916897725101E+00
  178.6000      0.962207722871E+00
  178.7000      0.970851128248E+00
  178.8000      0.934488770058E+00
  178.9000      0.879596023672E+00
  179.0000      0.846620116368E+00
  179.1000      0.853990061826E+00
  179.2000      0.880859195268E+00
  179.3000      0.888555286933E+00
  179.4000      0.865133106343E+00
  179.5000      0.851917962264E+00
  179.6000      0.921304665828E+00
  179.7000      0.111612276811E+01
  179.8000      0.139822683492E+01
  179.9000      0.165320919356E+01
  180.0000      0.175614162612E+01
