    0.1000      0.493929770191E+06
    0.2000      0.362245359933E+06
    0.3000      0.208623351271E+06
    0.4000      0.882345204581E+05
    0.5000      0.250219132993E+05
    0.6000      0.826180193590E+04
    0.7000      0.112669832446E+05
    0.8000      0.135374078454E+05
    0.9000      0.993688554980E+04
    1.0000      0.512433909696E+04
    1.1000      0.343928327108E+04
    1.2000      0.434156248512E+04
    1.3000      0.488118144316E+04
    1.4000      0.376923377204E+04
    1.5000      0.220261682630E+04
    1.6000      0.167788602894E+04
    1.7000      0.215011328344E+04
    1.8000      0.248050060025E+04
    1.9000      0.202276520117E+04
    2.0000      0.124098102309E+04
    2.1000      0.899089948087E+03
    2.2000      0.110214589681E+04
    2.3000      0.132501235402E+04
    2.4000      0.116109819009E+04
    2.5000      0.760341401102E+03
    2.6000      0.524356749697E+03
    2.7000      0.583353363777E+03
    2.8000      0.709455460409E+03
    2.9000      0.664013970348E+03
    3.0000      0.474249747277E+03
    3.1000      0.335247828984E+03
    3.2000      0.341286142109E+03
    3.3000      0.400995281668E+03
    3.4000      0.390475804396E+03
    3.5000      0.305928508134E+03
    3.6000      0.236132876874E+03
    3.7000      0.232524379935E+03
    3.8000      0.257193268066E+03
    3.9000      0.251285090953E+03
    4.0000      0.211102196005E+03
    4.1000      0.177922558412E+03
    4.2000      0.175574622390E+03
    4.3000      0.185067760160E+03
    4.4000      0.178236650631E+03
    4.5000      0.154602362281E+03
    4.6000      0.135417173125E+03
    4.7000      0.132639612371E+03
    4.8000      0.136656521319E+03
    4.9000      0.132648438274E+03
    5.0000      0.118720674618E+03
    5.1000      0.104555448569E+03
    5.2000      0.981509568046E+02
    5.3000      0.987053387153E+02
    5.4000      0.100121616469E+03
    5.5000      0.972318129643E+02
    5.6000      0.890959219518E+02
    5.7000      0.796011597410E+02
    5.8000      0.751542231393E+02
    5.9000      0.787838846486E+02
    6.0000      0.854159845646E+02
    6.1000      0.857165649120E+02
    6.2000      0.767970089858E+02
    6.3000      0.670745656636E+02
    6.4000      0.671968357344E+02
    6.5000      0.766879464248E+02
    6.6000      0.834762786282E+02
    6.7000      0.782491864306E+02
    6.8000      0.660796040540E+02
    6.9000      0.602905038073E+02
    7.0000      0.660020983734E+02
    7.1000      0.741075742992E+02
    7.2000      0.729757224200E+02
    7.3000      0.626313713467E+02
    7.4000      0.537807774169E+02
    7.5000      0.540295193301E+02
    7.6000      0.593009183086E+02
    7.7000      0.603155408249E+02
    7.8000      0.543769947839E+02
    7.9000      0.474337978516E+02
    8.0000      0.454461888512E+02
    8.1000      0.473919652756E+02
    8.2000      0.481492391283E+02
    8.3000      0.457244021181E+02
    8.4000      0.428701660422E+02
    8.5000      0.422419493526E+02
    8.6000      0.428307226673E+02
    8.7000      0.422472659575E+02
    8.8000      0.406037668330E+02
    8.9000      0.401142432407E+02
    9.0000      0.414135069794E+02
    9.1000      0.423327402362E+02
    9.2000      0.409491804224E+02
    9.3000      0.384138537261E+02
    9.4000      0.374810159683E+02
    9.5000      0.388195004884E+02
    9.6000      0.401633515843E+02
    9.7000      0.392830466827E+02
    9.8000      0.366817735750E+02
    9.9000      0.346861233810E+02
   10.0000      0.345472513789E+02
   10.1000      0.353401016863E+02
   10.2000      0.355178478110E+02
   10.3000      0.346315300630E+02
   10.4000      0.332880547908E+02
   10.5000      0.321735708737E+02
   10.6000      0.316880890853E+02
   10.7000      0.320770893106E+02
   10.8000      0.331440997827E+02
   10.9000      0.339067842270E+02
   11.0000      0.333387521945E+02
   11.1000      0.317849176203E+02
   11.2000      0.310253977646E+02
   11.3000      0.322924172761E+02
   11.4000      0.344981188310E+02
   11.5000      0.352105210746E+02
   11.6000      0.335314473728E+02
   11.7000      0.313114464883E+02
   11.8000      0.309945703866E+02
   11.9000      0.326695426345E+02
   12.0000      0.339981232088E+02
   12.1000      0.330702000905E+02
   12.2000      0.305967427935E+02
   12.3000      0.288540016746E+02
   12.4000      0.289385503563E+02
   12.5000      0.297576499013E+02
   12.6000      0.296617445312E+02
   12.7000      0.283593221889E+02
   12.8000      0.268708760340E+02
   12.9000      0.260749995555E+02
   13.0000      0.259103454008E+02
   13.1000      0.259058544606E+02
   13.2000      0.258624628227E+02
   13.3000      0.257490656912E+02
   13.4000      0.253676321715E+02
   13.5000      0.246090656865E+02
   13.6000      0.239041743309E+02
   13.7000      0.239063801688E+02
   13.8000      0.245800896357E+02
   13.9000      0.249920437466E+02
   14.0000      0.243363527522E+02
   14.1000      0.229790699015E+02
   14.2000      0.220969302728E+02
   14.3000      0.222696168481E+02
   14.4000      0.227907224584E+02
   14.5000      0.225550338796E+02
   14.6000      0.213655170892E+02
   14.7000      0.200536083520E+02
   14.8000      0.194117325476E+02
   14.9000      0.193702273229E+02
   15.0000      0.193153409924E+02
   15.1000      0.188988282023E+02
   15.2000      0.182662810587E+02
   15.3000      0.176562145967E+02
   15.4000      0.171363698682E+02
   15.5000      0.167762254079E+02
   15.6000      0.167482426230E+02
   15.7000      0.170280797819E+02
   15.8000      0.171797487732E+02
   15.9000      0.167608850892E+02
   16.0000      0.159499423512E+02
   16.1000      0.154790606186E+02
   16.2000      0.157807480149E+02
   16.3000      0.163833733400E+02
   16.4000      0.163969369199E+02
   16.5000      0.155537715449E+02
   16.6000      0.145213877932E+02
   16.7000      0.141080969469E+02
   16.8000      0.143571145025E+02
   16.9000      0.145957183180E+02
   17.0000      0.142669452278E+02
   17.1000      0.134859693083E+02
   17.2000      0.127714566875E+02
   17.3000      0.124552479939E+02
   17.4000      0.124835972655E+02
   17.5000      0.126383642177E+02
   17.6000      0.127328267386E+02
   17.7000      0.126245119922E+02
   17.8000      0.122754789291E+02
   17.9000      0.119050906342E+02
   18.0000      0.119102328027E+02
   18.1000      0.124344123448E+02
   18.2000      0.130668780947E+02
   18.3000      0.131851886522E+02
   18.4000      0.126674217981E+02
   18.5000      0.121035410772E+02
   18.6000      0.121525029486E+02
   18.7000      0.127663061961E+02
   18.8000      0.132295005882E+02
   18.9000      0.129826993264E+02
   19.0000      0.122411804571E+02
   19.1000      0.116995375365E+02
   19.2000      0.117391496942E+02
   19.3000      0.120882019873E+02
   19.4000      0.122350283013E+02
   19.5000      0.119956859208E+02
   19.6000      0.115978821598E+02
   19.7000      0.113423436376E+02
   19.8000      0.113377281506E+02
   19.9000      0.115272205287E+02
   20.0000      0.117995320330E+02
   20.1000      0.120086612026E+02
   20.2000      0.120116788817E+02
   20.3000      0.118202993671E+02
   20.4000      0.116753475828E+02
   20.5000      0.118330067070E+02
   20.6000      0.122423170933E+02
   20.7000      0.125379843275E+02
   20.8000      0.124301811272E+02
   20.9000      0.120428652049E+02
   21.0000      0.117725972987E+02
   21.1000      0.118329813251E+02
   21.2000      0.120417865951E+02
   21.3000      0.120812845354E+02
   21.4000      0.118666895701E+02
   21.5000      0.115778902328E+02
   21.6000      0.113952476186E+02
   21.7000      0.113307918691E+02
   21.8000      0.113234197172E+02
   21.9000      0.113671473305E+02
   22.0000      0.114569093029E+02
   22.1000      0.114876478700E+02
   22.2000      0.113460130011E+02
   22.3000      0.111109739699E+02
   22.4000      0.110364557758E+02
   22.5000      0.112503096553E+02
   22.6000      0.115383203575E+02
   22.7000      0.115431472376E+02
   22.8000      0.111813403314E+02
   22.9000      0.107618919481E+02
   23.0000      0.106371611847E+02
   23.1000      0.108014099208E+02
   23.2000      0.109156779924E+02
   23.3000      0.107065474351E+02
   23.4000      0.102515011716E+02
   23.5000      0.985018664267E+01
   23.6000      0.969247899528E+01
   23.7000      0.971389536938E+01
   23.8000      0.972977415003E+01
   23.9000      0.962294732213E+01
   24.0000      0.939748935220E+01
   24.1000      0.913533411613E+01
   24.2000      0.895190624053E+01
   24.3000      0.893890441424E+01
   24.4000      0.906979507187E+01
   24.5000      0.916959795904E+01
   24.6000      0.905805045453E+01
   24.7000      0.875753943101E+01
   24.8000      0.850387760243E+01
   24.9000      0.849309386469E+01
   25.0000      0.864339094076E+01
   25.1000      0.867593635537E+01
   25.2000      0.843687032982E+01
   25.3000      0.807206908252E+01
   25.4000      0.784384607171E+01
   25.5000      0.782566104610E+01
   25.6000      0.784846164026E+01
   25.7000      0.773481415797E+01
   25.8000      0.750250194402E+01
   25.9000      0.729979941180E+01
   26.0000      0.720247220421E+01
   26.1000      0.715120685622E+01
   26.2000      0.707454733529E+01
   26.3000      0.698955197813E+01
   26.4000      0.694396544281E+01
   26.5000      0.691593109562E+01
   26.6000      0.683878096100E+01
   26.7000      0.671212361743E+01
   26.8000      0.662069081729E+01
   26.9000      0.661923621040E+01
   27.0000      0.664683617695E+01
   27.1000      0.659971372149E+01
   27.2000      0.646623694172E+01
   27.3000      0.633878884231E+01
   27.4000      0.629101196088E+01
   27.5000      0.629250182192E+01
   27.6000      0.626829387816E+01
   27.7000      0.620326417729E+01
   27.8000      0.614344218468E+01
   27.9000      0.611205613369E+01
   28.0000      0.608023707630E+01
   28.1000      0.603310851034E+01
   28.2000      0.601390316238E+01
   28.3000      0.606067468094E+01
   28.4000      0.612667396046E+01
   28.5000      0.612130697348E+01
   28.6000      0.603619403761E+01
   28.7000      0.597733465384E+01
   28.8000      0.603628694342E+01
   28.9000      0.616135787802E+01
   29.0000      0.620936906777E+01
   29.1000      0.612345983842E+01
   29.2000      0.600748675958E+01
   29.3000      0.599737800936E+01
   29.4000      0.609465726962E+01
   29.5000      0.617286556645E+01
   29.6000      0.613856194965E+01
   29.7000      0.603617608132E+01
   29.8000      0.597658813392E+01
   29.9000      0.600125118158E+01
   30.0000      0.605459453820E+01
   30.1000      0.607278417597E+01
   30.2000      0.605336642574E+01
   30.3000      0.602968786370E+01
   30.4000      0.601754759832E+01
   30.5000      0.601630499338E+01
   30.6000      0.603819144469E+01
   30.7000      0.609490549906E+01
   30.8000      0.615689754107E+01
   30.9000      0.616743644965E+01
   31.0000      0.611758987196E+01
   31.1000      0.607802354698E+01
   31.2000      0.612118723140E+01
   31.3000      0.622188520356E+01
   31.4000      0.627446715857E+01
   31.5000      0.621941485776E+01
   31.6000      0.611988073712E+01
   31.7000      0.608519148381E+01
   31.8000      0.613716004767E+01
   31.9000      0.618959281683E+01
   32.0000      0.616110868002E+01
   32.1000      0.607064047831E+01
   32.2000      0.599969169782E+01
   32.3000      0.598643965016E+01
   32.4000      0.599404450459E+01
   32.5000      0.597796851558E+01
   32.6000      0.594388611400E+01
   32.7000      0.592074556315E+01
   32.8000      0.590611894648E+01
   32.9000      0.587336909942E+01
   33.0000      0.582478151684E+01
   33.1000      0.579950235936E+01
   33.2000      0.581520724929E+01
   33.3000      0.583002564256E+01
   33.4000      0.578994095702E+01
   33.5000      0.570233233839E+01
   33.6000      0.563127116556E+01
   33.7000      0.561578583840E+01
   33.8000      0.562065864882E+01
   33.9000      0.558543246218E+01
   34.0000      0.550265036833E+01
   34.1000      0.542038587902E+01
   34.2000      0.537343431528E+01
   34.3000      0.534341150308E+01
   34.4000      0.529770954125E+01
   34.5000      0.524122512945E+01
   34.6000      0.520285850087E+01
   34.7000      0.518234245185E+01
   34.8000      0.514402664208E+01
   34.9000      0.507163074593E+01
   35.0000      0.500126948436E+01
   35.1000      0.497638047515E+01
   35.2000      0.498325053279E+01
   35.3000      0.496115399076E+01
   35.4000      0.487987194912E+01
   35.5000      0.478076667157E+01
   35.6000      0.472433151063E+01
   35.7000      0.471404492535E+01
   35.8000      0.469698370488E+01
   35.9000      0.463552200497E+01
   36.0000      0.455126916396E+01
   36.1000      0.448806426924E+01
   36.2000      0.445369467011E+01
   36.3000      0.442055843415E+01
   36.4000      0.437387422777E+01
   36.5000      0.433087757242E+01
   36.6000      0.430618772020E+01
   36.7000      0.428275320578E+01
   36.8000      0.423705021178E+01
   36.9000      0.418042354634E+01
   37.0000      0.414927093000E+01
   37.1000      0.415216379352E+01
   37.2000      0.415071931083E+01
   37.3000      0.410768106829E+01
   37.4000      0.403867360252E+01
   37.5000      0.399411321825E+01
   37.6000      0.399322173332E+01
   37.7000      0.399942344971E+01
   37.8000      0.396993095781E+01
   37.9000      0.391103682657E+01
   38.0000      0.386565390609E+01
   38.1000      0.385478251055E+01
   38.2000      0.385453886134E+01
   38.3000      0.383490625846E+01
   38.4000      0.380002637064E+01
   38.5000      0.377490408275E+01
   38.6000      0.376525680647E+01
   38.7000      0.375297310220E+01
   38.8000      0.373056321594E+01
   38.9000      0.371702422667E+01
   39.0000      0.372730833172E+01
   39.1000      0.374219878344E+01
   39.2000      0.372987636424E+01
   39.3000      0.369370584617E+01
   39.4000      0.367556953213E+01
   39.5000      0.370216557174E+01
   39.6000      0.374461481847E+01
   39.7000      0.374967579300E+01
   39.8000      0.370548192295E+01
   39.9000      0.365655238123E+01
   40.0000      0.364898825265E+01
   40.1000      0.367711787138E+01
   40.2000      0.369649583827E+01
   40.3000      0.367931367820E+01
   40.4000      0.363987581443E+01
   40.5000      0.360776124291E+01
   40.6000      0.359517367506E+01
   40.7000      0.359858820543E+01
   40.8000      0.361605701450E+01
   40.9000      0.364439827077E+01
   41.0000      0.366517605089E+01
   41.1000      0.365614845646E+01
   41.2000      0.362497611075E+01
   41.3000      0.361473325384E+01
   41.4000      0.365778253002E+01
   41.5000      0.372892335640E+01
   41.6000      0.376336843980E+01
   41.7000      0.372737065522E+01
   41.8000      0.365786361292E+01
   41.9000      0.362124118596E+01
   42.0000      0.364056510488E+01
   42.1000      0.367684151143E+01
   42.2000      0.367938666536E+01
   42.3000      0.363868147280E+01
   42.4000      0.358461025266E+01
   42.5000      0.354810628822E+01
   42.6000      0.353949048629E+01
   42.7000      0.355665523163E+01
   42.8000      0.359268959957E+01
   42.9000      0.362863245029E+01
   43.0000      0.363611730402E+01
   43.1000      0.360552792099E+01
   43.2000      0.356757458298E+01
   43.3000      0.356856165992E+01
   43.4000      0.361711295922E+01
   43.5000      0.366668946492E+01
   43.6000      0.366183207317E+01
   43.7000      0.359714339891E+01
   43.8000      0.352042824824E+01
   43.9000      0.347984755980E+01
   44.0000      0.347987817742E+01
   44.1000      0.349099202089E+01
   44.2000      0.348791392292E+01
   44.3000      0.346654168627E+01
   44.4000      0.343266879821E+01
   44.5000      0.339428870142E+01
   44.6000      0.336920236809E+01
   44.7000      0.338187215967E+01
   44.8000      0.343522267615E+01
   44.9000      0.349057779635E+01
   45.0000      0.349482106369E+01
   45.1000      0.343591668708E+01
   45.2000      0.336162617535E+01
   45.3000      0.333215754834E+01
   45.4000      0.335690723561E+01
   45.5000      0.338662315605E+01
   45.6000      0.336699128763E+01
   45.7000      0.329099507675E+01
   45.8000      0.319792583496E+01
   45.9000      0.313307552289E+01
   46.0000      0.311639082967E+01
   46.1000      0.313995077545E+01
   46.2000      0.317774442802E+01
   46.3000      0.319573343798E+01
   46.4000      0.317059299797E+01
   46.5000      0.311476266922E+01
   46.6000      0.307747166297E+01
   46.7000      0.310242737009E+01
   46.8000      0.317674821699E+01
   46.9000      0.323192996498E+01
   47.0000      0.320717835379E+01
   47.1000      0.311087775998E+01
   47.2000      0.301208283461E+01
   47.3000      0.297143625803E+01
   47.4000      0.298704289052E+01
   47.5000      0.300769844694E+01
   47.6000      0.298826233352E+01
   47.7000      0.292559469822E+01
   47.8000      0.285031273457E+01
   47.9000      0.279915122580E+01
   48.0000      0.279560856000E+01
   48.1000      0.283983731683E+01
   48.2000      0.290307552501E+01
   48.3000      0.293858355631E+01
   48.4000      0.291659074323E+01
   48.5000      0.285625778788E+01
   48.6000      0.281378524258E+01
   48.7000      0.282788718347E+01
   48.8000      0.287792127299E+01
   48.9000      0.290312082315E+01
   49.0000      0.286375924055E+01
   49.1000      0.277785056454E+01
   49.2000      0.269801518582E+01
   49.3000      0.266126425011E+01
   49.4000      0.266588644472E+01
   49.5000      0.268733248397E+01
   49.6000      0.270224923508E+01
   49.7000      0.269720550383E+01
   49.8000      0.267024677364E+01
   49.9000      0.263656692312E+01
   50.0000      0.262620195751E+01
   50.1000      0.265963471775E+01
   50.2000      0.271978234233E+01
   50.3000      0.275781495012E+01
   50.4000      0.273724677794E+01
   50.5000      0.267138632736E+01
   50.6000      0.261058689147E+01
   50.7000      0.259222336939E+01
   50.8000      0.260847414274E+01
   50.9000      0.262279261732E+01
   51.0000      0.260918348545E+01
   51.1000      0.257045504345E+01
   51.2000      0.252649535258E+01
   51.3000      0.249726968321E+01
   51.4000      0.249682644051E+01
   51.5000      0.252926426484E+01
   51.6000      0.257951061869E+01
   51.7000      0.261419678157E+01
   51.8000      0.260649085698E+01
   51.9000      0.256533246862E+01
   52.0000      0.253188766722E+01
   52.1000      0.253880244745E+01
   52.2000      0.257497905195E+01
   52.3000      0.259685843266E+01
   52.4000      0.257393944070E+01
   52.5000      0.251739247090E+01
   52.6000      0.246389879443E+01
   52.7000      0.243951855986E+01
   52.8000      0.244395144520E+01
   52.9000      0.246219470057E+01
   53.0000      0.247955849529E+01
   53.1000      0.248502557826E+01
   53.2000      0.247274827564E+01
   53.3000      0.245017113341E+01
   53.4000      0.243959321309E+01
   53.5000      0.245932669757E+01
   53.6000      0.249974535730E+01
   53.7000      0.252598112833E+01
   53.8000      0.251144696840E+01
   53.9000      0.246613842113E+01
   54.0000      0.242596776168E+01
   54.1000      0.241525094010E+01
   54.2000      0.242569944165E+01
   54.3000      0.243237599208E+01
   54.4000      0.242211260072E+01
   54.5000      0.240100234242E+01
   54.6000      0.238039605971E+01
   54.7000      0.236613767712E+01
   54.8000      0.236197395787E+01
   54.9000      0.237260138215E+01
   55.0000      0.239523538375E+01
   55.1000      0.241316656696E+01
   55.2000      0.240838767598E+01
   55.3000      0.238295782253E+01
   55.4000      0.236039978183E+01
   55.5000      0.236047291374E+01
   55.6000      0.237640367823E+01
   55.7000      0.238313733163E+01
   55.8000      0.236648600885E+01
   55.9000      0.233726838574E+01
   56.0000      0.231555278262E+01
   56.1000      0.230820695233E+01
   56.2000      0.230727012071E+01
   56.3000      0.230533926023E+01
   56.4000      0.230336603268E+01
   56.5000      0.230269908708E+01
   56.6000      0.229848959115E+01
   56.7000      0.228730777759E+01
   56.8000      0.227652202900E+01
   56.9000      0.227743284242E+01
   57.0000      0.228865772610E+01
   57.1000      0.229409946399E+01
   57.2000      0.228185012741E+01
   57.3000      0.226014300282E+01
   57.4000      0.224796736203E+01
   57.5000      0.225149175799E+01
   57.6000      0.225705504581E+01
   57.7000      0.224946404122E+01
   57.8000      0.223080594582E+01
   57.9000      0.221574445702E+01
   58.0000      0.221185656967E+01
   58.1000      0.221211802029E+01
   58.2000      0.220720402786E+01
   58.3000      0.219778708453E+01
   58.4000      0.219019427975E+01
   58.5000      0.218501749826E+01
   58.6000      0.217750883188E+01
   58.7000      0.216832886389E+01
   58.8000      0.216573718357E+01
   58.9000      0.217318470594E+01
   59.0000      0.218040606121E+01
   59.1000      0.217394640492E+01
   59.2000      0.215527763120E+01
   59.3000      0.214121658015E+01
   59.4000      0.214372808433E+01
   59.5000      0.215463127687E+01
   59.6000      0.215527193405E+01
   59.7000      0.213857727864E+01
   59.8000      0.211555152891E+01
   59.9000      0.210021673797E+01
   60.0000      0.209473791216E+01
   60.1000      0.209256637208E+01
   60.2000      0.209056637328E+01
   60.3000      0.209087721960E+01
   60.4000      0.209222678602E+01
   60.5000      0.208777005796E+01
   60.6000      0.207556284110E+01
   60.7000      0.206572298224E+01
   60.8000      0.207011645437E+01
   60.9000      0.208566743864E+01
   61.0000      0.209446158890E+01
   61.1000      0.208310673325E+01
   61.2000      0.205775959795E+01
   61.3000      0.203622965154E+01
   61.4000      0.202817470282E+01
   61.5000      0.202820248337E+01
   61.6000      0.202722401258E+01
   61.7000      0.202355982157E+01
   61.8000      0.201978689311E+01
   61.9000      0.201454067806E+01
   62.0000      0.200482965491E+01
   62.1000      0.199539539508E+01
   62.2000      0.199766427205E+01
   62.3000      0.201497278973E+01
   62.4000      0.203327909394E+01
   62.5000      0.203305229816E+01
   62.6000      0.201045582580E+01
   62.7000      0.198195008376E+01
   62.8000      0.196642705940E+01
   62.9000      0.196669067060E+01
   63.0000      0.197094460036E+01
   63.1000      0.196841966979E+01
   63.2000      0.195819636990E+01
   63.3000      0.194439755292E+01
   63.4000      0.193031679489E+01
   63.5000      0.192068309393E+01
   63.6000      0.192376068136E+01
   63.7000      0.194321720722E+01
   63.8000      0.196791538510E+01
   63.9000      0.197710992172E+01
   64.0000      0.196070831567E+01
   64.1000      0.193170080579E+01
   64.2000      0.191373394925E+01
   64.3000      0.191661588309E+01
   64.4000      0.192774442591E+01
   64.5000      0.192780342717E+01
   64.6000      0.191050583725E+01
   64.7000      0.188497838808E+01
   64.8000      0.186355742797E+01
   64.9000      0.185291633258E+01
   65.0000      0.185526861351E+01
   65.1000      0.187007013312E+01
   65.2000      0.189016414424E+01
   65.3000      0.190124711630E+01
   65.4000      0.189298765490E+01
   65.5000      0.187183532489E+01
   65.6000      0.185734150452E+01
   65.7000      0.186203212366E+01
   65.8000      0.187725537929E+01
   65.9000      0.188239681276E+01
   66.0000      0.186683058913E+01
   66.1000      0.183917864038E+01
   66.2000      0.181563329734E+01
   66.3000      0.180432897178E+01
   66.4000      0.180333096752E+01
   66.5000      0.180872279368E+01
   66.6000      0.181795073913E+01
   66.7000      0.182579477270E+01
   66.8000      0.182440465330E+01
   66.9000      0.181213409690E+01
   67.0000      0.179912334939E+01
   67.1000      0.179818901020E+01
   67.2000      0.180953374858E+01
   67.3000      0.181880679769E+01
   67.4000      0.181246326453E+01
   67.5000      0.179210355782E+01
   67.6000      0.177094197445E+01
   67.7000      0.175872052388E+01
   67.8000      0.175458851590E+01
   67.9000      0.175400580577E+01
   68.0000      0.175637939203E+01
   68.1000      0.176217487614E+01
   68.2000      0.176650082508E+01
   68.3000      0.176218791406E+01
   68.4000      0.175004046305E+01
   68.5000      0.174075402371E+01
   68.6000      0.174299246600E+01
   68.7000      0.175206171577E+01
   68.8000      0.175453407618E+01
   68.9000      0.174352973131E+01
   69.0000      0.172546892269E+01
   69.1000      0.171104239700E+01
   69.2000      0.170380425924E+01
   69.3000      0.170067243656E+01
   69.4000      0.170022960897E+01
   69.5000      0.170453740177E+01
   69.6000      0.171218432927E+01
   69.7000      0.171526576994E+01
   69.8000      0.170773704434E+01
   69.9000      0.169455438334E+01
   70.0000      0.168750482371E+01
   70.1000      0.169128645288E+01
   70.2000      0.169761950472E+01
   70.3000      0.169521327378E+01
   70.4000      0.168260510903E+01
   70.5000      0.166794228667E+01
   70.6000      0.165808229669E+01
   70.7000      0.165274229684E+01
   70.8000      0.164989708967E+01
   70.9000      0.165156793793E+01
   71.0000      0.165982534411E+01
   71.1000      0.166940782349E+01
   71.2000      0.167021735604E+01
   71.3000      0.165894807778E+01
   71.4000      0.164443994226E+01
   71.5000      0.163821871207E+01
   71.6000      0.164148337135E+01
   71.7000      0.164485237950E+01
   71.8000      0.164027335946E+01
   71.9000      0.162918676037E+01
   72.0000      0.161795433980E+01
   72.1000      0.160953872528E+01
   72.2000      0.160356792004E+01
   72.3000      0.160219663452E+01
   72.4000      0.160976192507E+01
   72.5000      0.162457946970E+01
   72.6000      0.163551270212E+01
   72.7000      0.163157186735E+01
   72.8000      0.161442207952E+01
   72.9000      0.159754832729E+01
   73.0000      0.159199728123E+01
   73.1000      0.159569776314E+01
   73.2000      0.159824438594E+01
   73.3000      0.159321496973E+01
   73.4000      0.158258128855E+01
   73.5000      0.157099020803E+01
   73.6000      0.156106263677E+01
   73.7000      0.155580022363E+01
   73.8000      0.156058313443E+01
   73.9000      0.157725684346E+01
   74.0000      0.159695428629E+01
   74.1000      0.160429795680E+01
   74.2000      0.159195258754E+01
   74.3000      0.156903425698E+01
   74.4000      0.155228597060E+01
   74.5000      0.154965474044E+01
   74.6000      0.155477104679E+01
   74.7000      0.155651326113E+01
   74.8000      0.155014539148E+01
   74.9000      0.153818737408E+01
   75.0000      0.152491041435E+01
   75.1000      0.151460961740E+01
   75.2000      0.151357627442E+01
   75.3000      0.152721537525E+01
   75.4000      0.155162228460E+01
   75.5000      0.157127960994E+01
   75.6000      0.157056967547E+01
   75.7000      0.154894067026E+01
   75.8000      0.152217788628E+01
   75.9000      0.150732681353E+01
   76.0000      0.150783115217E+01
   76.1000      0.151400171907E+01
   76.2000      0.151498052758E+01
   76.3000      0.150718713176E+01
   76.4000      0.149316997634E+01
   76.5000      0.147805302649E+01
   76.6000      0.146946268606E+01
   76.7000      0.147620068424E+01
   76.8000      0.150042466338E+01
   76.9000      0.153024214678E+01
   77.0000      0.154506753325E+01
   77.1000      0.153284368866E+01
   77.2000      0.150184675892E+01
   77.3000      0.147333073206E+01
   77.4000      0.146239885927E+01
   77.5000      0.146707038642E+01
   77.6000      0.147444518450E+01
   77.7000      0.147371929904E+01
   77.8000      0.146240104332E+01
   77.9000      0.144465707235E+01
   78.0000      0.142898465878E+01
   78.1000      0.142655554187E+01
   78.2000      0.144501464108E+01
   78.3000      0.147887546591E+01
   78.4000      0.150804101506E+01
   78.5000      0.151161833497E+01
   78.6000      0.148625915365E+01
   78.7000      0.144975348045E+01
   78.8000      0.142509636834E+01
   78.9000      0.142138962873E+01
   79.0000      0.142999500180E+01
   79.1000      0.143609454677E+01
   79.2000      0.143099459362E+01
   79.3000      0.141526849954E+01
   79.4000      0.139608850909E+01
   79.5000      0.138465817283E+01
   79.6000      0.139206024737E+01
   79.7000      0.142049176920E+01
   79.8000      0.145637261453E+01
   79.9000      0.147645140274E+01
   80.0000      0.146596959187E+01
   80.1000      0.143200250529E+01
   80.2000      0.139733996843E+01
   80.3000      0.138067398803E+01
   80.4000      0.138311678025E+01
   80.5000      0.139224080999E+01
   80.6000      0.139535878132E+01
   80.7000      0.138767807010E+01
   80.8000      0.137197607614E+01
   80.9000      0.135615478403E+01
   81.0000      0.135131438771E+01
   81.1000      0.136611847826E+01
   81.2000      0.139748933772E+01
   81.3000      0.142764178089E+01
   81.4000      0.143545539774E+01
   81.5000      0.141422181911E+01
   81.6000      0.137780790708E+01
   81.7000      0.134827017674E+01
   81.8000      0.133785149594E+01
   81.9000      0.134283517340E+01
   82.0000      0.135163008348E+01
   82.1000      0.135508214690E+01
   82.2000      0.134989050686E+01
   82.3000      0.133783235325E+01
   82.4000      0.132600031742E+01
   82.5000      0.132543089288E+01
   82.6000      0.134317888972E+01
   82.7000      0.137265316563E+01
   82.8000      0.139451988818E+01
   82.9000      0.139146200387E+01
   83.0000      0.136340108345E+01
   83.1000      0.132733525828E+01
   83.2000      0.130239717324E+01
   83.3000      0.129603122281E+01
   83.4000      0.130315458483E+01
   83.5000      0.131421103168E+01
   83.6000      0.132132146816E+01
   83.7000      0.131981417521E+01
   83.8000      0.131001470600E+01
   83.9000      0.129980138810E+01
   84.0000      0.130131793504E+01
   84.1000      0.131989204551E+01
   84.2000      0.134549420581E+01
   84.3000      0.135846965855E+01
   84.4000      0.134629322168E+01
   84.5000      0.131457104490E+01
   84.6000      0.128132886040E+01
   84.7000      0.126193499020E+01
   84.8000      0.126014638343E+01
   84.9000      0.127055042214E+01
   85.0000      0.128480348929E+01
   85.1000      0.129471658397E+01
   85.2000      0.129430331369E+01
   85.3000      0.128428792959E+01
   85.4000      0.127454020435E+01
   85.5000      0.127732849795E+01
   85.6000      0.129476305344E+01
   85.7000      0.131400343074E+01
   85.8000      0.131761504749E+01
   85.9000      0.129933660165E+01
   86.0000      0.126896654523E+01
   86.1000      0.124267374594E+01
   86.2000      0.123061245687E+01
   86.3000      0.123340556937E+01
   86.4000      0.124613806895E+01
   86.5000      0.126171408566E+01
   86.6000      0.127180616216E+01
   86.7000      0.127026886737E+01
   86.8000      0.125920600631E+01
   86.9000      0.124965608770E+01
   87.0000      0.125214094800E+01
   87.1000      0.126538051636E+01
   87.2000      0.127631470895E+01
   87.3000      0.127252923992E+01
   87.4000      0.125369805816E+01
   87.5000      0.123036502508E+01
   87.6000      0.121363750901E+01
   87.7000      0.120814757290E+01
   87.8000      0.121317520353E+01
   87.9000      0.122574392416E+01
   88.0000      0.124029673985E+01
   88.1000      0.124858793324E+01
   88.2000      0.124493893368E+01
   88.3000      0.123279177116E+01
   88.4000      0.122309212911E+01
   88.5000      0.122370429807E+01
   88.6000      0.123123171012E+01
   88.7000      0.123498330645E+01
   88.8000      0.122835665291E+01
   88.9000      0.121443694358E+01
   89.0000      0.120092624314E+01
   89.1000      0.119266777827E+01
   89.2000      0.119055691111E+01
   89.3000      0.119478317808E+01
   89.4000      0.120489501805E+01
   89.5000      0.121640782739E+01
   89.6000      0.122131954283E+01
   89.7000      0.121519580174E+01
   89.8000      0.120278550564E+01
   89.9000      0.119386257224E+01
   90.0000      0.119312577955E+01
   90.1000      0.119613103025E+01
   90.2000      0.119571228267E+01
   90.3000      0.119015268760E+01
   90.4000      0.118327765386E+01
   90.5000      0.117831855274E+01
   90.6000      0.117501218943E+01
   90.7000      0.117295226800E+01
   90.8000      0.117427773149E+01
   90.9000      0.118032121281E+01
   91.0000      0.118714113833E+01
   91.1000      0.118789769755E+01
   91.2000      0.118050453273E+01
   91.3000      0.117056861623E+01
   91.4000      0.116512180050E+01
   91.5000      0.116494677021E+01
   91.6000      0.116516156752E+01
   91.7000      0.116246132129E+01
   91.8000      0.115883104164E+01
   91.9000      0.115737179228E+01
   92.0000      0.115724256057E+01
   92.1000      0.115528659468E+01
   92.2000      0.115145681477E+01
   92.3000      0.114940235636E+01
   92.4000      0.115096861614E+01
   92.5000      0.115279602991E+01
   92.6000      0.115050618569E+01
   92.7000      0.114484368487E+01
   92.8000      0.114090015877E+01
   92.9000      0.114122637388E+01
   93.0000      0.114243715335E+01
   93.1000      0.114007107439E+01
   93.2000      0.113480928970E+01
   93.3000      0.113134075851E+01
   93.4000      0.113168971346E+01
   93.5000      0.113253636786E+01
   93.6000      0.113007038518E+01
   93.7000      0.112514212382E+01
   93.8000      0.112146902130E+01
   93.9000      0.112005135912E+01
   94.0000      0.111832240449E+01
   94.1000      0.111512657253E+01
   94.2000      0.111357351632E+01
   94.3000      0.111675748544E+01
   94.4000      0.112216015803E+01
   94.5000      0.112328656967E+01
   94.6000      0.111722754246E+01
   94.7000      0.110825963728E+01
   94.8000      0.110266723804E+01
   94.9000      0.110171367618E+01
   95.0000      0.110169343478E+01
   95.1000      0.109985119197E+01
   95.2000      0.109735698006E+01
   95.3000      0.109590448709E+01
   95.4000      0.109425632657E+01
   95.5000      0.109063762095E+01
   95.6000      0.108720666731E+01
   95.7000      0.108876852994E+01
   95.8000      0.109608917934E+01
   95.9000      0.110288768666E+01
   96.0000      0.110164957345E+01
   96.1000      0.109164252122E+01
   96.2000      0.107929681884E+01
   96.3000      0.107103397626E+01
   96.4000      0.106793475453E+01
   96.5000      0.106784187175E+01
   96.6000      0.106985417663E+01
   96.7000      0.107408170905E+01
   96.8000      0.107815852813E+01
   96.9000      0.107770632330E+01
   97.0000      0.107181570553E+01
   97.1000      0.106584284901E+01
   97.2000      0.106612070450E+01
   97.3000      0.107224850793E+01
   97.4000      0.107682679215E+01
   97.5000      0.107332560362E+01
   97.6000      0.106250382838E+01
   97.7000      0.105031585096E+01
   97.8000      0.104152192517E+01
   97.9000      0.103747151193E+01
   98.0000      0.103881459726E+01
   98.1000      0.104651535695E+01
   98.2000      0.105843367357E+01
   98.3000      0.106741978057E+01
   98.4000      0.106636962858E+01
   98.5000      0.105570689671E+01
   98.6000      0.104372047694E+01
   98.7000      0.103833037371E+01
   98.8000      0.103970383993E+01
   98.9000      0.104191370704E+01
   99.0000      0.104030053377E+01
   99.1000      0.103509558183E+01
   99.2000      0.102862436664E+01
   99.3000      0.102230542513E+01
   99.4000      0.101799908515E+01
   99.5000      0.101972438062E+01
   99.6000      0.103023322796E+01
   99.7000      0.104535510397E+01
   99.8000      0.105464776308E+01
   99.9000      0.105009710704E+01
  100.0000      0.103378668183E+01
  100.1000      0.101572013974E+01
  100.2000      0.100461287054E+01
  100.3000      0.100214813649E+01
  100.4000      0.100530752219E+01
  100.5000      0.101102684432E+01
  100.6000      0.101680120768E+01
  100.7000      0.101915321163E+01
  100.8000      0.101553968402E+01
  100.9000      0.100868029712E+01
  101.0000      0.100610432376E+01
  101.1000      0.101267208113E+01
  101.2000      0.102402481849E+01
  101.3000      0.102955721774E+01
  101.4000      0.102239499783E+01
  101.5000      0.100537285262E+01
  101.6000      0.987312603306E+00
  101.7000      0.975493972057E+00
  101.8000      0.972744903785E+00
  101.9000      0.979252641141E+00
  102.0000      0.993170164273E+00
  102.1000      0.100866095523E+01
  102.2000      0.101684340218E+01
  102.3000      0.101238705916E+01
  102.4000      0.999350488467E+00
  102.5000      0.988200943928E+00
  102.6000      0.985940813693E+00
  102.7000      0.990092069825E+00
  102.8000      0.992795952528E+00
  102.9000      0.989222522635E+00
  103.0000      0.980656560052E+00
  103.1000      0.971012174784E+00
  103.2000      0.963516116588E+00
  103.3000      0.961296084261E+00
  103.4000      0.967782940149E+00
  103.5000      0.982981550744E+00
  103.6000      0.999701332237E+00
  103.7000      0.100685465051E+01
  103.8000      0.998741306914E+00
  103.9000      0.980480387263E+00
  104.0000      0.963181143504E+00
  104.1000      0.954357177579E+00
  104.2000      0.953926876715E+00
  104.3000      0.958058742052E+00
  104.4000      0.963768580483E+00
  104.5000      0.968851327210E+00
  104.6000      0.970315094374E+00
  104.7000      0.966479313669E+00
  104.8000      0.960647628945E+00
  104.9000      0.959607966164E+00
  105.0000      0.966418342929E+00
  105.1000      0.975762622103E+00
  105.2000      0.978394564966E+00
  105.3000      0.970134531959E+00
  105.4000      0.955247615860E+00
  105.5000      0.941366963029E+00
  105.6000      0.933236208991E+00
  105.7000      0.932031405075E+00
  105.8000      0.937976986444E+00
  105.9000      0.950115264187E+00
  106.0000      0.963487549731E+00
  106.1000      0.970024761875E+00
  106.2000      0.965063892106E+00
  106.3000      0.952462441510E+00
  106.4000      0.941290144784E+00
  106.5000      0.937216024189E+00
  106.6000      0.938409029312E+00
  106.7000      0.939787066696E+00
  106.8000      0.939048033661E+00
  106.9000      0.937134652184E+00
  107.0000      0.934676079444E+00
  107.1000      0.931152885891E+00
  107.2000      0.927943916368E+00
  107.3000      0.929207394056E+00
  107.4000      0.937180509083E+00
  107.5000      0.947445521553E+00
  107.6000      0.951466028807E+00
  107.7000      0.944676469970E+00
  107.8000      0.930798132783E+00
  107.9000      0.917609236850E+00
  108.0000      0.909982000997E+00
  108.1000      0.908247708704E+00
  108.2000      0.911571107809E+00
  108.3000      0.919557234445E+00
  108.4000      0.929701646593E+00
  108.5000      0.936127568664E+00
  108.6000      0.933965417833E+00
  108.7000      0.924927259773E+00
  108.8000      0.916318018886E+00
  108.9000      0.913643533104E+00
  109.0000      0.915510431116E+00
  109.1000      0.916635501045E+00
  109.2000      0.914342338102E+00
  109.3000      0.910257607058E+00
  109.4000      0.906503932030E+00
  109.5000      0.903137577941E+00
  109.6000      0.900420684340E+00
  109.7000      0.901191787094E+00
  109.8000      0.908026935498E+00
  109.9000      0.918183817067E+00
  110.0000      0.924017131341E+00
  110.1000      0.919966859067E+00
  110.2000      0.908130639700E+00
  110.3000      0.895759254472E+00
  110.4000      0.888203388533E+00
  110.5000      0.885916901148E+00
  110.6000      0.887549301420E+00
  110.7000      0.892864275344E+00
  110.8000      0.900944820414E+00
  110.9000      0.907560682354E+00
  111.0000      0.907600455563E+00
  111.1000      0.900774165134E+00
  111.2000      0.892823079121E+00
  111.3000      0.889632211399E+00
  111.4000      0.891183553592E+00
  111.5000      0.892719632280E+00
  111.6000      0.890998027109E+00
  111.7000      0.887284322836E+00
  111.8000      0.884117573189E+00
  111.9000      0.881682855603E+00
  112.0000      0.879213444960E+00
  112.1000      0.878428330328E+00
  112.2000      0.882506388503E+00
  112.3000      0.890945898481E+00
  112.4000      0.897715009756E+00
  112.5000      0.896506479181E+00
  112.6000      0.887222623419E+00
  112.7000      0.875742581341E+00
  112.8000      0.867694696884E+00
  112.9000      0.864318863483E+00
  113.0000      0.864561770753E+00
  113.1000      0.868521210024E+00
  113.2000      0.876362824468E+00
  113.3000      0.884812402816E+00
  113.4000      0.887948382777E+00
  113.5000      0.883010232769E+00
  113.6000      0.873947768938E+00
  113.7000      0.867484442947E+00
  113.8000      0.866237504107E+00
  113.9000      0.867294928553E+00
  114.0000      0.867173630803E+00
  114.1000      0.865856730077E+00
  114.2000      0.864980472063E+00
  114.3000      0.864167619185E+00
  114.4000      0.861767267853E+00
  114.5000      0.858837115849E+00
  114.6000      0.859506850795E+00
  114.7000      0.865781998039E+00
  114.8000      0.873469710444E+00
  114.9000      0.875421375067E+00
  115.0000      0.868759241932E+00
  115.1000      0.857380351208E+00
  115.2000      0.847315366660E+00
  115.3000      0.841562567010E+00
  115.4000      0.840362985464E+00
  115.5000      0.844272296181E+00
  115.6000      0.853777792714E+00
  115.7000      0.865664505712E+00
  115.8000      0.872732379017E+00
  115.9000      0.869617907743E+00
  116.0000      0.858426036676E+00
  116.1000      0.846876732405E+00
  116.2000      0.840850607452E+00
  116.3000      0.840134837142E+00
  116.4000      0.841409445325E+00
  116.5000      0.843026987341E+00
  116.6000      0.845112269422E+00
  116.7000      0.846525780919E+00
  116.8000      0.844948887118E+00
  116.9000      0.840844182918E+00
  117.0000      0.838930050937E+00
  117.1000      0.843340787610E+00
  117.2000      0.851815769200E+00
  117.3000      0.856773715146E+00
  117.4000      0.852697622588E+00
  117.5000      0.841196130805E+00
  117.6000      0.828417242421E+00
  117.7000      0.819292809457E+00
  117.8000      0.815802288557E+00
  117.9000      0.819180190050E+00
  118.0000      0.830170392876E+00
  118.1000      0.845656623658E+00
  118.2000      0.857437510065E+00
  118.3000      0.857596207176E+00
  118.4000      0.845777327224E+00
  118.5000      0.829755361534E+00
  118.6000      0.818276992001E+00
  118.7000      0.814378388743E+00
  118.8000      0.815874362571E+00
  118.9000      0.820080838478E+00
  119.0000      0.825600677260E+00
  119.1000      0.830235156872E+00
  119.2000      0.830623309073E+00
  119.3000      0.826080556517E+00
  119.4000      0.821281618972E+00
  119.5000      0.822347684426E+00
  119.6000      0.829742248555E+00
  119.7000      0.836741622420E+00
  119.8000      0.835901869062E+00
  119.9000      0.826062044058E+00
  120.0000      0.812292004905E+00
  120.1000      0.800528275883E+00
  120.2000      0.794304946290E+00
  120.3000      0.795881115369E+00
  120.4000      0.806827727513E+00
  120.5000      0.824871501560E+00
  120.6000      0.841561439412E+00
  120.7000      0.846612647716E+00
  120.8000      0.836369237036E+00
  120.9000      0.817214765999E+00
  121.0000      0.799857386707E+00
  121.1000      0.790983077177E+00
  121.2000      0.790855771010E+00
  121.3000      0.796916121523E+00
  121.4000      0.806587510221E+00
  121.5000      0.816238310675E+00
  121.6000      0.820717013099E+00
  121.7000      0.817222355500E+00
  121.8000      0.809434287721E+00
  121.9000      0.805163523727E+00
  122.0000      0.808510993030E+00
  122.1000      0.815384581007E+00
  122.2000      0.817807605064E+00
  122.3000      0.811827532691E+00
  122.4000      0.800128220954E+00
  122.5000      0.788085220204E+00
  122.6000      0.779833499113E+00
  122.7000      0.778491490322E+00
  122.8000      0.786938592848E+00
  122.9000      0.804810014324E+00
  123.0000      0.824809353870E+00
  123.1000      0.835249757846E+00
  123.2000      0.828851102109E+00
  123.3000      0.809029862363E+00
  123.4000      0.786769699093E+00
  123.5000      0.771859729386E+00
  123.6000      0.767830813896E+00
  123.7000      0.773628917903E+00
  123.8000      0.786553852190E+00
  123.9000      0.801934167230E+00
  124.0000      0.812541643108E+00
  124.1000      0.812454510552E+00
  124.2000      0.802844765213E+00
  124.3000      0.792039254791E+00
  124.4000      0.788000526267E+00
  124.5000      0.791069337076E+00
  124.6000      0.794975128691E+00
  124.7000      0.794099525941E+00
  124.8000      0.788111715401E+00
  124.9000      0.780032971329E+00
  125.0000      0.772674802913E+00
  125.1000      0.768686247924E+00
  125.2000      0.771944457131E+00
  125.3000      0.785011046385E+00
  125.4000      0.803949329587E+00
  125.5000      0.818014023140E+00
  125.6000      0.817257620593E+00
  125.7000      0.800966398185E+00
  125.8000      0.777939802244E+00
  125.9000      0.758999123399E+00
  126.0000      0.750385255515E+00
  126.1000      0.753428078548E+00
  126.2000      0.766866274725E+00
  126.3000      0.786524381925E+00
  126.4000      0.804021325166E+00
  126.5000      0.810043190784E+00
  126.6000      0.801612572840E+00
  126.7000      0.785397045911E+00
  126.8000      0.772082677908E+00
  126.9000      0.767359527640E+00
  127.0000      0.769087724464E+00
  127.1000      0.772249146111E+00
  127.2000      0.774233885580E+00
  127.3000      0.774708699655E+00
  127.4000      0.773081029377E+00
  127.5000      0.769218613664E+00
  127.6000      0.766331278567E+00
  127.7000      0.769828087978E+00
  127.8000      0.781122077129E+00
  127.9000      0.793703941903E+00
  128.0000      0.797643324651E+00
  128.1000      0.788456480151E+00
  128.2000      0.770657806214E+00
  128.3000      0.752968218204E+00
  128.4000      0.741905632521E+00
  128.5000      0.740390560700E+00
  128.6000      0.749525207398E+00
  128.7000      0.767869508951E+00
  128.8000      0.788588409478E+00
  128.9000      0.800772432092E+00
  129.0000      0.796964850994E+00
  129.1000      0.779751081499E+00
  129.2000      0.759622391633E+00
  129.3000      0.746195364046E+00
  129.4000      0.742321444994E+00
  129.5000      0.745883657121E+00
  129.6000      0.754220464144E+00
  129.7000      0.764713285112E+00
  129.8000      0.772881993523E+00
  129.9000      0.773872546673E+00
  130.0000      0.767511630108E+00
  130.1000      0.759991245687E+00
  130.2000      0.758206900071E+00
  130.3000      0.762571954414E+00
  130.4000      0.766938029558E+00
  130.5000      0.765556168734E+00
  130.6000      0.758462337058E+00
  130.7000      0.749703422153E+00
  130.8000      0.742580708669E+00
  130.9000      0.738729912708E+00
  131.0000      0.740495532399E+00
  131.1000      0.750444124904E+00
  131.2000      0.766704258124E+00
  131.3000      0.780790536278E+00
  131.4000      0.783089333763E+00
  131.5000      0.771254197513E+00
  131.6000      0.752130698307E+00
  131.7000      0.735381188518E+00
  131.8000      0.726634537211E+00
  131.9000      0.726904476971E+00
  132.0000      0.735665918447E+00
  132.1000      0.751087180486E+00
  132.2000      0.767445742025E+00
  132.3000      0.776023675176E+00
  132.4000      0.771606380208E+00
  132.5000      0.757771419753E+00
  132.6000      0.743918316265E+00
  132.7000      0.736849793737E+00
  132.8000      0.736395811571E+00
  132.9000      0.738896385768E+00
  133.0000      0.742360658060E+00
  133.1000      0.746518617269E+00
  133.2000      0.749677645222E+00
  133.3000      0.749018446470E+00
  133.4000      0.744890700527E+00
  133.5000      0.742305481143E+00
  133.6000      0.745792261438E+00
  133.7000      0.753403170975E+00
  133.8000      0.757915423629E+00
  133.9000      0.754283433506E+00
  134.0000      0.744346397589E+00
  134.1000      0.733781880258E+00
  134.2000      0.726469925355E+00
  134.3000      0.723557532092E+00
  134.4000      0.726379070824E+00
  134.5000      0.736568584160E+00
  134.6000      0.751855958333E+00
  134.7000      0.764181599413E+00
  134.8000      0.765107264108E+00
  134.9000      0.753556468162E+00
  135.0000      0.736782070647E+00
  135.1000      0.723501011062E+00
  135.2000      0.717542100875E+00
  135.3000      0.718400629734E+00
  135.4000      0.725190937620E+00
  135.5000      0.736950324564E+00
  135.6000      0.749523894072E+00
  135.7000      0.755803374457E+00
  135.8000      0.751639317770E+00
  135.9000      0.740624534428E+00
  136.0000      0.730936667212E+00
  136.1000      0.727419009493E+00
  136.2000      0.728298053860E+00
  136.3000      0.729602168778E+00
  136.4000      0.730353801823E+00
  136.5000      0.731801776678E+00
  136.6000      0.733365725170E+00
  136.7000      0.732552685939E+00
  136.8000      0.729369079519E+00
  136.9000      0.728074460838E+00
  137.0000      0.732349508329E+00
  137.1000      0.739762573024E+00
  137.2000      0.743400383081E+00
  137.3000      0.739226954406E+00
  137.4000      0.730024630815E+00
  137.5000      0.721495558017E+00
  137.6000      0.716490654593E+00
  137.7000      0.714787793239E+00
  137.8000      0.716910381052E+00
  137.9000      0.724636299441E+00
  138.0000      0.736634009222E+00
  138.1000      0.746206816022E+00
  138.2000      0.746265642261E+00
  138.3000      0.736467148282E+00
  138.4000      0.723586354077E+00
  138.5000      0.714628028266E+00
  138.6000      0.711337946493E+00
  138.7000      0.711994058116E+00
  138.8000      0.716008316483E+00
  138.9000      0.723864829869E+00
  139.0000      0.733099429027E+00
  139.1000      0.737821289529E+00
  139.2000      0.734321197525E+00
  139.3000      0.725765903469E+00
  139.4000      0.719135390526E+00
  139.5000      0.717812596435E+00
  139.6000      0.719158363242E+00
  139.7000      0.719500039174E+00
  139.8000      0.719010823053E+00
  139.9000      0.719968482382E+00
  140.0000      0.721956526045E+00
  140.1000      0.721858663018E+00
  140.2000      0.718888157446E+00
  140.3000      0.716841842559E+00
  140.4000      0.719420446460E+00
  140.5000      0.724724337178E+00
  140.6000      0.726857659710E+00
  140.7000      0.722914971054E+00
  140.8000      0.716130481137E+00
  140.9000      0.711353238116E+00
  141.0000      0.709546401721E+00
  141.1000      0.708692688949E+00
  141.2000      0.708705080250E+00
  141.3000      0.712183128729E+00
  141.4000      0.719501537666E+00
  141.5000      0.725816506477E+00
  141.6000      0.725448090439E+00
  141.7000      0.718484101829E+00
  141.8000      0.710735030416E+00
  141.9000      0.707019785284E+00
  142.0000      0.706719253122E+00
  142.1000      0.706908847506E+00
  142.2000      0.707567493287E+00
  142.3000      0.710966606070E+00
  142.4000      0.716549253510E+00
  142.5000      0.719670737603E+00
  142.6000      0.716978334009E+00
  142.7000      0.711111000150E+00
  142.8000      0.707752797154E+00
  142.9000      0.708715442585E+00
  143.0000      0.710398884830E+00
  143.1000      0.709417893588E+00
  143.2000      0.707192962918E+00
  143.3000      0.707181252744E+00
  143.4000      0.709268249331E+00
  143.5000      0.709828774763E+00
  143.6000      0.707383539829E+00
  143.7000      0.705306534096E+00
  143.8000      0.707208918040E+00
  143.9000      0.711449448527E+00
  144.0000      0.712838723024E+00
  144.1000      0.709432975394E+00
  144.2000      0.704971748088E+00
  144.3000      0.703663956378E+00
  144.4000      0.704841293286E+00
  144.5000      0.704907417431E+00
  144.6000      0.703279153272E+00
  144.7000      0.703318421473E+00
  144.8000      0.706844878398E+00
  144.9000      0.710508955358E+00
  145.0000      0.709795557117E+00
  145.1000      0.705246187141E+00
  145.2000      0.701953134332E+00
  145.3000      0.702831719781E+00
  145.4000      0.705057768530E+00
  145.5000      0.704513765216E+00
  145.6000      0.701661500702E+00
  145.7000      0.700445186945E+00
  145.8000      0.702139762623E+00
  145.9000      0.703403184420E+00
  146.0000      0.701469129599E+00
  146.1000      0.698728373615E+00
  146.2000      0.699635666153E+00
  146.3000      0.704098487039E+00
  146.4000      0.706919426300E+00
  146.5000      0.704412318999E+00
  146.6000      0.699069723181E+00
  146.7000      0.695919035814E+00
  146.8000      0.695994485150E+00
  146.9000      0.696158564528E+00
  147.0000      0.694962053145E+00
  147.1000      0.695379695423E+00
  147.2000      0.700056193329E+00
  147.3000      0.706084002858E+00
  147.4000      0.707499578495E+00
  147.5000      0.702657815245E+00
  147.6000      0.696349756648E+00
  147.7000      0.693694382451E+00
  147.8000      0.694290789152E+00
  147.9000      0.694428024078E+00
  148.0000      0.693433668287E+00
  148.1000      0.694533652771E+00
  148.2000      0.699074820672E+00
  148.3000      0.703070395097E+00
  148.4000      0.701821936178E+00
  148.5000      0.696409209628E+00
  148.6000      0.692650075642E+00
  148.7000      0.693640383437E+00
  148.8000      0.696146379213E+00
  148.9000      0.695664334003E+00
  149.0000      0.692700398143E+00
  149.1000      0.691405995336E+00
  149.2000      0.693024681073E+00
  149.3000      0.694090521510E+00
  149.4000      0.692080724480E+00
  149.5000      0.689953574778E+00
  149.6000      0.692363381538E+00
  149.7000      0.698564576699E+00
  149.8000      0.702291198032E+00
  149.9000      0.699288892974E+00
  150.0000      0.692346241917E+00
  150.1000      0.687206267958E+00
  150.2000      0.685537576987E+00
  150.3000      0.684783812505E+00
  150.4000      0.684166641371E+00
  150.5000      0.687003318812E+00
  150.6000      0.695232523990E+00
  150.7000      0.704185200730E+00
  150.8000      0.706151729925E+00
  150.9000      0.698972884440E+00
  151.0000      0.688384215077E+00
  151.1000      0.681165494298E+00
  151.2000      0.678536512342E+00
  151.3000      0.678094598541E+00
  151.4000      0.679900286283E+00
  151.5000      0.686685147871E+00
  151.6000      0.697659534735E+00
  151.7000      0.705823549178E+00
  151.8000      0.704336223134E+00
  151.9000      0.694317070453E+00
  152.0000      0.683618543459E+00
  152.1000      0.678124870700E+00
  152.2000      0.677038770884E+00
  152.3000      0.677390090512E+00
  152.4000      0.679836292056E+00
  152.5000      0.686762154829E+00
  152.6000      0.695942740818E+00
  152.7000      0.700316257548E+00
  152.8000      0.695725199045E+00
  152.9000      0.686367622141E+00
  153.0000      0.680079443617E+00
  153.1000      0.679488283731E+00
  153.2000      0.680687935668E+00
  153.3000      0.680322313115E+00
  153.4000      0.680332577880E+00
  153.5000      0.683751124930E+00
  153.6000      0.688499695758E+00
  153.7000      0.689163007682E+00
  153.8000      0.684709522716E+00
  153.9000      0.680792752774E+00
  154.0000      0.682593065390E+00
  154.1000      0.687831962009E+00
  154.2000      0.689738225203E+00
  154.3000      0.685870536636E+00
  154.4000      0.680632633714E+00
  154.5000      0.678571743599E+00
  154.6000      0.678631073023E+00
  154.7000      0.677526122110E+00
  154.8000      0.676508909964E+00
  154.9000      0.680560737320E+00
  155.0000      0.690375096024E+00
  155.1000      0.698825156359E+00
  155.2000      0.698040570655E+00
  155.3000      0.688312038702E+00
  155.4000      0.677185409160E+00
  155.5000      0.670543187672E+00
  155.6000      0.668018308806E+00
  155.7000      0.667851366682E+00
  155.8000      0.672218735652E+00
  155.9000      0.683855789345E+00
  156.0000      0.698683986349E+00
  156.1000      0.706424356073E+00
  156.2000      0.700542210960E+00
  156.3000      0.685271215740E+00
  156.4000      0.670683263427E+00
  156.5000      0.662603340295E+00
  156.6000      0.660250883804E+00
  156.7000      0.662533291275E+00
  156.8000      0.671618046650E+00
  156.9000      0.687617601948E+00
  157.0000      0.702908602306E+00
  157.1000      0.706638118907E+00
  157.2000      0.695655987161E+00
  157.3000      0.678016255477E+00
  157.4000      0.664374449305E+00
  157.5000      0.658470744704E+00
  157.6000      0.658074707570E+00
  157.7000      0.662410758582E+00
  157.8000      0.673559204164E+00
  157.9000      0.689712395351E+00
  158.0000      0.701708660631E+00
  158.1000      0.700502005206E+00
  158.2000      0.687137881259E+00
  158.3000      0.671904809501E+00
  158.4000      0.663396642426E+00
  158.5000      0.661567347909E+00
  158.6000      0.662567026853E+00
  158.7000      0.666456878986E+00
  158.8000      0.675868483998E+00
  158.9000      0.688267777874E+00
  159.0000      0.694888889937E+00
  159.1000      0.689960996339E+00
  159.2000      0.678166863269E+00
  159.3000      0.669565730457E+00
  159.4000      0.668294161282E+00
  159.5000      0.669898422709E+00
  159.6000      0.669820577305E+00
  159.7000      0.670063010750E+00
  159.8000      0.674602388217E+00
  159.9000      0.681217226584E+00
  160.0000      0.682851136655E+00
  160.1000      0.677361210024E+00
  160.2000      0.671461161506E+00
  160.3000      0.672349862738E+00
  160.4000      0.678219673804E+00
  160.5000      0.680877142605E+00
  160.6000      0.676772320325E+00
  160.7000      0.671035528419E+00
  160.8000      0.669451245979E+00
  160.9000      0.670602822426E+00
  161.0000      0.669600404227E+00
  161.1000      0.667250933126E+00
  161.2000      0.670156277511E+00
  161.3000      0.680600188916E+00
  161.4000      0.690792627730E+00
  161.5000      0.690779006119E+00
  161.6000      0.680096734256E+00
  161.7000      0.667671409418E+00
  161.8000      0.660726941215E+00
  161.9000      0.658337969042E+00
  162.0000      0.657486761161E+00
  162.1000      0.660782460690E+00
  162.2000      0.672897399829E+00
  162.3000      0.690398408864E+00
  162.4000      0.700920302991E+00
  162.5000      0.695309620532E+00
  162.6000      0.677669300825E+00
  162.7000      0.660263474584E+00
  162.8000      0.650559734629E+00
  162.9000      0.647461816174E+00
  163.0000      0.649396712472E+00
  163.1000      0.659695206783E+00
  163.2000      0.679843475410E+00
  163.3000      0.700894968373E+00
  163.4000      0.708074840896E+00
  163.5000      0.695434220690E+00
  163.6000      0.672198383317E+00
  163.7000      0.652637526831E+00
  163.8000      0.642960610780E+00
  163.9000      0.641294177949E+00
  164.0000      0.647139452264E+00
  164.1000      0.663667495051E+00
  164.2000      0.688632432781E+00
  164.3000      0.708801427429E+00
  164.4000      0.709661468068E+00
  164.5000      0.690313281357E+00
  164.6000      0.664480410169E+00
  164.7000      0.646257564008E+00
  164.8000      0.639006417889E+00
  164.9000      0.639804413579E+00
  165.0000      0.649218399474E+00
  165.1000      0.669855986937E+00
  165.2000      0.695934876726E+00
  165.3000      0.711748625219E+00
  165.4000      0.705441427869E+00
  165.5000      0.681829618454E+00
  165.6000      0.657328661366E+00
  165.7000      0.643416242551E+00
  165.8000      0.639654203097E+00
  165.9000      0.642558344757E+00
  166.0000      0.654141976774E+00
  166.1000      0.676270247897E+00
  166.2000      0.700131793869E+00
  166.3000      0.709440190875E+00
  166.4000      0.696776681023E+00
  166.5000      0.672269906277E+00
  166.6000      0.652603508459E+00
  166.7000      0.644571759234E+00
  166.8000      0.643884604816E+00
  166.9000      0.647564165811E+00
  167.0000      0.659514208653E+00
  167.1000      0.680696126716E+00
  167.2000      0.699975931258E+00
  167.3000      0.702305958645E+00
  167.4000      0.685720411357E+00
  167.5000      0.664246540924E+00
  167.6000      0.652094767577E+00
  167.7000      0.649980038876E+00
  167.8000      0.650653534823E+00
  167.9000      0.653124364964E+00
  168.0000      0.663533279406E+00
  168.1000      0.681718204425E+00
  168.2000      0.695009475062E+00
  168.3000      0.691134350986E+00
  168.4000      0.673752154247E+00
  168.5000      0.658652375037E+00
  168.6000      0.655065438297E+00
  168.7000      0.657306650996E+00
  168.8000      0.656978169074E+00
  168.9000      0.656631826182E+00
  169.0000      0.664572857546E+00
  169.1000      0.679069501741E+00
  169.2000      0.686671393469E+00
  169.3000      0.679030567530E+00
  169.4000      0.664805961413E+00
  169.5000      0.658976499870E+00
  169.6000      0.663841339635E+00
  169.7000      0.668089752017E+00
  169.8000      0.664549354816E+00
  169.9000      0.660520611172E+00
  170.0000      0.665793074142E+00
  170.1000      0.676433832126E+00
  170.2000      0.679005983686E+00
  170.3000      0.669909743205E+00
  170.4000      0.661595326902E+00
  170.5000      0.665640668375E+00
  170.6000      0.676374641914E+00
  170.7000      0.678711470685E+00
  170.8000      0.669300714568E+00
  170.9000      0.660763431858E+00
  171.0000      0.663142606046E+00
  171.1000      0.669775897810E+00
  171.2000      0.668302218377E+00
  171.3000      0.660440414789E+00
  171.4000      0.660681528572E+00
  171.5000      0.674646026966E+00
  171.6000      0.688468267215E+00
  171.7000      0.685862508936E+00
  171.8000      0.669700739924E+00
  171.9000      0.657692177853E+00
  172.0000      0.658465780559E+00
  172.1000      0.662304875306E+00
  172.2000      0.659097171065E+00
  172.3000      0.655919203333E+00
  172.4000      0.666946758220E+00
  172.5000      0.689562570842E+00
  172.6000      0.702578444377E+00
  172.7000      0.691852891442E+00
  172.8000      0.668531222912E+00
  172.9000      0.654260520951E+00
  173.0000      0.654186004806E+00
  173.1000      0.655505039352E+00
  173.2000      0.651733991018E+00
  173.3000      0.655041999358E+00
  173.4000      0.676766569645E+00
  173.5000      0.704487562582E+00
  173.6000      0.711739645095E+00
  173.7000      0.690257731241E+00
  173.8000      0.660652854590E+00
  173.9000      0.646239957737E+00
  174.0000      0.646422895809E+00
  174.1000      0.645942888238E+00
  174.2000      0.643741861710E+00
  174.3000      0.656460995055E+00
  174.4000      0.689649755572E+00
  174.5000      0.719818064774E+00
  174.6000      0.717925992602E+00
  174.7000      0.685267521804E+00
  174.8000      0.652149877349E+00
  174.9000      0.640493544835E+00
  175.0000      0.642055499421E+00
  175.1000      0.640768302171E+00
  175.2000      0.643127201863E+00
  175.3000      0.668820698332E+00
  175.4000      0.713770983830E+00
  175.5000      0.742329350086E+00
  175.6000      0.726572045562E+00
  175.7000      0.681546232403E+00
  175.8000      0.646943197837E+00
  175.9000      0.639505720551E+00
  176.0000      0.641626374344E+00
  176.1000      0.638941261892E+00
  176.2000      0.647902774628E+00
  176.3000      0.688990530167E+00
  176.4000      0.743829208363E+00
  176.5000      0.764088550100E+00
  176.6000      0.728346814046E+00
  176.7000      0.670534438286E+00
  176.8000      0.638338391553E+00
  176.9000      0.637584157497E+00
  177.0000      0.639103931806E+00
  177.1000      0.634395633478E+00
  177.2000      0.653924542870E+00
  177.3000      0.715998047631E+00
  177.4000      0.780813888703E+00
  177.5000      0.785799605457E+00
  177.6000      0.723441579092E+00
  177.7000      0.654205134277E+00
  177.8000      0.631624730725E+00
  177.9000      0.641334556325E+00
  178.0000      0.639293873665E+00
  178.1000      0.631386604712E+00
  178.2000      0.671183346139E+00
  178.3000      0.769488829078E+00
  178.4000      0.848282308693E+00
  178.5000      0.823540563203E+00
  178.6000      0.716849133317E+00
  178.7000      0.636707804191E+00
  178.8000      0.641636704825E+00
  178.9000      0.671625913119E+00
  179.0000      0.652656697061E+00
  179.1000      0.630491126531E+00
  179.2000      0.724114507105E+00
  179.3000      0.932434502570E+00
  179.4000      0.106635979732E+01
  179.5000      0.955331740064E+00
  179.6000      0.705141360689E+00
  179.7000      0.652260701564E+00
  179.8000      0.998107811795E+00
  179.9000      0.152922356231E+01
  180.0000      0.178540542275E+01
