 # E =   0.269980232419996       eV =    2177.69688000000       1/cm
 #  1801
# DFFCSO.  ACCUM LEV(I),J(I) =  1  0 LEV(F),J(F) =  1  0       , M =  0, WEIGHTED BY  1.00000
   0.10000  0.661841052341E+07
   0.20000  0.395142730396E+07
   0.30000  0.154474796588E+07
   0.40000  0.379437516105E+06
   0.50000  0.177891372106E+06
   0.60000  0.220586567458E+06
   0.70000  0.173534904735E+06
   0.80000  0.990014166216E+05
   0.90000  0.764282429765E+05
   1.00000  0.736869892959E+05
   1.10000  0.581893823552E+05
   1.20000  0.442908148141E+05
   1.30000  0.409287060138E+05
   1.40000  0.354995054708E+05
   1.50000  0.247024626363E+05
   1.60000  0.186320104758E+05
   1.70000  0.193557480578E+05
   1.80000  0.192640644410E+05
   1.90000  0.157762818366E+05
   2.00000  0.130777486118E+05
   2.10000  0.126524383376E+05
   2.20000  0.115852852503E+05
   2.30000  0.883987059631E+04
   2.40000  0.699651846765E+04
   2.50000  0.756484558475E+04
   2.60000  0.860026862517E+04
   2.70000  0.806536089316E+04
   2.80000  0.673631603158E+04
   2.90000  0.616334235046E+04
   3.00000  0.595303331750E+04
   3.10000  0.506447970923E+04
   3.20000  0.410826591488E+04
   3.30000  0.425487131186E+04
   3.40000  0.503170411185E+04
   3.50000  0.506950383347E+04
   3.60000  0.422943536993E+04
   3.70000  0.347426265573E+04
   3.80000  0.319633833597E+04
   3.90000  0.293154385516E+04
   4.00000  0.247742985676E+04
   4.10000  0.229231961357E+04
   4.20000  0.266502991029E+04
   4.30000  0.313526307157E+04
   4.40000  0.308999012071E+04
   4.50000  0.259263922007E+04
   4.60000  0.217756969977E+04
   4.70000  0.201946167033E+04
   4.80000  0.184907289500E+04
   4.90000  0.161297997238E+04
   5.00000  0.160731685571E+04
   5.10000  0.188194233982E+04
   5.20000  0.204626341126E+04
   5.30000  0.182617776876E+04
   5.40000  0.142481740108E+04
   5.50000  0.117447177097E+04
   5.60000  0.111276773377E+04
   5.70000  0.107689331623E+04
   5.80000  0.104643938722E+04
   5.90000  0.117220483505E+04
   6.00000  0.146942178857E+04
   6.10000  0.168472177036E+04
   6.20000  0.159520738432E+04
   6.30000  0.130306192311E+04
   6.40000  0.106751922157E+04
   6.50000  0.958854362677E+03
   6.60000  0.871666722788E+03
   6.70000  0.788481580754E+03
   6.80000  0.810143646875E+03
   6.90000  0.943746863372E+03
   7.00000  0.103784058792E+04
   7.10000  0.966848657347E+03
   7.20000  0.782426648727E+03
   7.30000  0.632008334122E+03
   7.40000  0.576646801042E+03
   7.50000  0.560739693419E+03
   7.60000  0.553441830538E+03
   7.70000  0.615256218838E+03
   7.80000  0.768561592595E+03
   7.90000  0.897731023075E+03
   8.00000  0.873629665487E+03
   8.10000  0.719329744412E+03
   8.20000  0.565691389278E+03
   8.30000  0.484923105226E+03
   8.40000  0.447705215442E+03
   8.50000  0.423490903357E+03
   8.60000  0.446305488823E+03
   8.70000  0.553538512350E+03
   8.80000  0.695855579515E+03
   8.90000  0.761572622767E+03
   9.00000  0.700639088630E+03
   9.10000  0.577007971071E+03
   9.20000  0.474534290456E+03
   9.30000  0.403886511451E+03
   9.40000  0.340686771813E+03
   9.50000  0.302570549995E+03
   9.60000  0.329208930288E+03
   9.70000  0.408611955383E+03
   9.80000  0.472687066128E+03
   9.90000  0.468615605124E+03
  10.00000  0.409911128646E+03
  10.10000  0.347163431377E+03
  10.20000  0.303312634654E+03
  10.30000  0.263622774118E+03
  10.40000  0.228673950911E+03
  10.50000  0.235495993999E+03
  10.60000  0.301527319987E+03
  10.70000  0.381190266591E+03
  10.80000  0.411717866676E+03
  10.90000  0.382724972945E+03
  11.00000  0.333427715256E+03
  11.10000  0.295202053086E+03
  11.20000  0.263540077667E+03
  11.30000  0.227363495048E+03
  11.40000  0.205462496233E+03
  11.50000  0.232679142696E+03
  11.60000  0.308390574596E+03
  11.70000  0.382264617749E+03
  11.80000  0.406522632641E+03
  11.90000  0.383629918320E+03
  12.00000  0.345326287886E+03
  12.10000  0.304769795111E+03
  12.20000  0.253619981448E+03
  12.30000  0.195709596055E+03
  12.40000  0.159059217136E+03
  12.50000  0.168422077552E+03
  12.60000  0.214745678000E+03
  12.70000  0.261296251755E+03
  12.80000  0.281218513529E+03
  12.90000  0.278335805590E+03
  13.00000  0.265269185258E+03
  13.10000  0.237880450918E+03
  13.20000  0.188095927462E+03
  13.30000  0.130273698402E+03
  13.40000  0.944386575661E+02
  13.50000  0.950486299322E+02
  13.60000  0.118764102912E+03
  13.70000  0.143241552696E+03
  13.80000  0.160007937141E+03
  13.90000  0.174389156376E+03
  14.00000  0.185877156415E+03
  14.10000  0.179969358726E+03
  14.20000  0.148174752392E+03
  14.30000  0.107308764291E+03
  14.40000  0.849154296497E+02
  14.50000  0.893718756356E+02
  14.60000  0.106521474072E+03
  14.70000  0.122745964247E+03
  14.80000  0.139228536630E+03
  14.90000  0.161692030569E+03
  15.00000  0.183958169759E+03
  15.10000  0.189102366493E+03
  15.20000  0.169296716653E+03
  15.30000  0.138952667728E+03
  15.40000  0.120381890815E+03
  15.50000  0.119598367871E+03
  15.60000  0.125796589017E+03
  15.70000  0.131872584629E+03
  15.80000  0.143199789219E+03
  15.90000  0.164416243992E+03
  16.00000  0.186891362449E+03
  16.10000  0.194757822575E+03
  16.20000  0.181685752566E+03
  16.30000  0.158124167383E+03
  16.40000  0.139395518654E+03
  16.50000  0.129086222814E+03
  16.60000  0.120215043681E+03
  16.70000  0.111087527524E+03
  16.80000  0.110036402553E+03
  16.90000  0.121912880433E+03
  17.00000  0.138171141196E+03
  17.10000  0.145040095309E+03
  17.20000  0.137762523017E+03
  17.30000  0.123526314717E+03
  17.40000  0.111280150049E+03
  17.50000  0.101364997594E+03
  17.60000  0.882313329832E+02
  17.70000  0.724222293005E+02
  17.80000  0.632069287394E+02
  17.90000  0.664233298698E+02
  18.00000  0.757199340592E+02
  18.10000  0.801961560256E+02
  18.20000  0.766405154196E+02
  18.30000  0.703760195841E+02
  18.40000  0.663385754107E+02
  18.50000  0.627817036247E+02
  18.60000  0.548563798925E+02
  18.70000  0.433008968035E+02
  18.80000  0.359142077411E+02
  18.90000  0.380783849098E+02
  19.00000  0.454561623531E+02
  19.10000  0.499241965046E+02
  19.20000  0.496109593022E+02
  19.30000  0.487940959053E+02
  19.40000  0.500245500163E+02
  19.50000  0.505219231626E+02
  19.60000  0.466008687054E+02
  19.70000  0.397344933320E+02
  19.80000  0.363592276900E+02
  19.90000  0.405386401478E+02
  20.00000  0.486951035312E+02
  20.10000  0.544837276383E+02
  20.20000  0.570315680585E+02
  20.30000  0.602667629173E+02
  20.40000  0.653385423699E+02
  20.50000  0.682438346435E+02
  20.60000  0.654923835629E+02
  20.70000  0.593991660204E+02
  20.80000  0.563534980516E+02
  20.90000  0.599567566669E+02
  21.00000  0.669833991552E+02
  21.10000  0.718474484693E+02
  21.20000  0.741012735469E+02
  21.30000  0.780242016854E+02
  21.40000  0.848791099271E+02
  21.50000  0.898752560852E+02
  21.60000  0.883147630084E+02
  21.70000  0.818889286835E+02
  21.80000  0.770344823156E+02
  21.90000  0.778789632115E+02
  22.00000  0.820384525311E+02
  22.10000  0.842774477437E+02
  22.20000  0.837640481921E+02
  22.30000  0.849805805007E+02
  22.40000  0.905085013984E+02
  22.50000  0.962554411951E+02
  22.60000  0.963233803821E+02
  22.70000  0.904487835148E+02
  22.80000  0.841123668521E+02
  22.90000  0.820170764141E+02
  23.00000  0.831364293151E+02
  23.10000  0.828408765020E+02
  23.20000  0.794947534108E+02
  23.30000  0.770230915222E+02
  23.40000  0.794008670194E+02
  23.50000  0.845284305628E+02
  23.60000  0.864583014089E+02
  23.70000  0.827725445886E+02
  23.80000  0.769710901803E+02
  23.90000  0.735809846754E+02
  24.00000  0.728337446715E+02
  24.10000  0.710196768230E+02
  24.20000  0.657746010101E+02
  24.30000  0.598140732294E+02
  24.40000  0.578623788462E+02
  24.50000  0.604152865495E+02
  24.60000  0.630429644492E+02
  24.70000  0.621556492794E+02
  24.80000  0.589920550612E+02
  24.90000  0.570174047186E+02
  25.00000  0.570753154434E+02
  25.10000  0.563293577270E+02
  25.20000  0.518420167045E+02
  25.30000  0.445700135545E+02
  25.40000  0.387366168969E+02
  25.50000  0.369067176254E+02
  25.60000  0.372664644029E+02
  25.70000  0.367790347785E+02
  25.80000  0.353227602446E+02
  25.90000  0.351299103410E+02
  26.00000  0.371350351731E+02
  26.10000  0.392923283253E+02
  26.20000  0.385382494993E+02
  26.30000  0.340734060757E+02
  26.40000  0.282958606989E+02
  26.50000  0.240098404535E+02
  26.60000  0.213983988489E+02
  26.70000  0.189204378337E+02
  26.80000  0.164171122177E+02
  26.90000  0.155626142824E+02
  27.00000  0.173913067544E+02
  27.10000  0.206875399541E+02
  27.20000  0.229964064517E+02
  27.30000  0.228105424401E+02
  27.40000  0.207274695274E+02
  27.50000  0.182962406295E+02
  27.60000  0.158938907842E+02
  27.70000  0.127026559461E+02
  27.80000  0.881923801932E+01
  27.90000  0.595845189076E+01
  28.00000  0.556676081820E+01
  28.10000  0.725463872110E+01
  28.20000  0.944829377716E+01
  28.30000  0.109687852805E+02
  28.40000  0.118151513380E+02
  28.50000  0.125430798956E+02
  28.60000  0.129045164046E+02
  28.70000  0.117052412247E+02
  28.80000  0.853712600571E+01
  28.90000  0.486303823293E+01
  29.00000  0.257943539004E+01
  29.10000  0.213851763950E+01
  29.20000  0.269675660686E+01
  29.30000  0.350772859484E+01
  29.40000  0.464957510102E+01
  29.50000  0.656018260929E+01
  29.60000  0.893706499697E+01
  29.70000  0.103386673115E+02
  29.80000  0.950105849484E+01
  29.90000  0.690095610013E+01
  30.00000  0.423081546988E+01
  30.10000  0.253534737370E+01
  30.20000  0.164402409282E+01
  30.30000  0.115583205527E+01
  30.40000  0.122539614201E+01
  30.50000  0.237528135167E+01
  30.60000  0.471102749748E+01
  30.70000  0.730451922782E+01
  30.80000  0.873576619571E+01
  30.90000  0.849057425108E+01
  31.00000  0.729649454605E+01
  31.10000  0.593407055594E+01
  31.20000  0.446372675289E+01
  31.30000  0.279720887815E+01
  31.40000  0.131934706245E+01
  31.50000  0.705789885251E+00
  31.60000  0.138695759567E+01
  31.70000  0.311761490967E+01
  31.80000  0.506872340512E+01
  31.90000  0.660993085702E+01
  32.00000  0.776900757692E+01
  32.10000  0.858541760071E+01
  32.20000  0.854848593311E+01
  32.30000  0.722882443259E+01
  32.40000  0.503950835008E+01
  32.50000  0.294513298318E+01
  32.60000  0.168534534659E+01
  32.70000  0.138739942408E+01
  32.80000  0.171602179375E+01
  32.90000  0.245125083309E+01
  33.00000  0.384648798899E+01
  33.10000  0.601166703203E+01
  33.20000  0.814000440256E+01
  33.30000  0.904066423290E+01
  33.40000  0.838984170851E+01
  33.50000  0.693165851744E+01
  33.60000  0.555856301684E+01
  33.70000  0.454290876864E+01
  33.80000  0.355830081684E+01
  33.90000  0.235522802908E+01
  34.00000  0.142986792481E+01
  34.10000  0.167216631827E+01
  34.20000  0.318533205296E+01
  34.30000  0.498559590993E+01
  34.40000  0.612026667871E+01
  34.50000  0.658161700320E+01
  34.60000  0.692711621270E+01
  34.70000  0.739875695351E+01
  34.80000  0.756027940661E+01
  34.90000  0.672052046325E+01
  35.00000  0.482407437176E+01
  35.10000  0.279260425494E+01
  35.20000  0.164445851938E+01
  35.30000  0.149078732350E+01
  35.40000  0.179479812397E+01
  35.50000  0.229622245550E+01
  35.60000  0.320916759674E+01
  35.70000  0.469665491870E+01
  35.80000  0.643250089253E+01
  35.90000  0.763926917477E+01
  36.00000  0.765878031612E+01
  36.10000  0.659971570094E+01
  36.20000  0.517113016056E+01
  36.30000  0.384292670264E+01
  36.40000  0.258551990001E+01
  36.50000  0.142285385913E+01
  36.60000  0.723418431100E+00
  36.70000  0.853476955635E+00
  36.80000  0.181814409841E+01
  36.90000  0.321857947121E+01
  37.00000  0.449534942023E+01
  37.10000  0.536444996109E+01
  37.20000  0.592871775710E+01
  37.30000  0.620019756168E+01
  37.40000  0.583843440772E+01
  37.50000  0.465292751681E+01
  37.60000  0.304281522413E+01
  37.70000  0.167256636175E+01
  37.80000  0.930103686371E+00
  37.90000  0.780726430590E+00
  38.00000  0.966046730669E+00
  38.10000  0.136203602499E+01
  38.20000  0.214470109613E+01
  38.30000  0.338437438845E+01
  38.40000  0.458849499417E+01
  38.50000  0.505772142847E+01
  38.60000  0.464465509697E+01
  38.70000  0.382566647645E+01
  38.80000  0.311495772932E+01
  38.90000  0.263184725859E+01
  39.00000  0.213614467848E+01
  39.10000  0.141500758339E+01
  39.20000  0.699144215665E+00
  39.30000  0.519104445527E+00
  39.40000  0.102678992369E+01
  39.50000  0.176359536315E+01
  39.60000  0.224966703062E+01
  39.70000  0.248647151627E+01
  39.80000  0.276241814080E+01
  39.90000  0.320955604807E+01
  40.00000  0.360079565677E+01
  40.10000  0.350268468812E+01
  40.20000  0.274129876160E+01
  40.30000  0.169632194220E+01
  40.40000  0.916591073421E+00
  40.50000  0.548046760311E+00
  40.60000  0.392697431608E+00
  40.70000  0.350944596445E+00
  40.80000  0.528035773129E+00
  40.90000  0.102784666085E+01
  41.00000  0.178199309530E+01
  41.10000  0.249530341016E+01
  41.20000  0.281867291870E+01
  41.30000  0.269210827913E+01
  41.40000  0.236043520864E+01
  41.50000  0.198822266263E+01
  41.60000  0.151751200637E+01
  41.70000  0.937988003354E+00
  41.80000  0.414618501318E+00
  41.90000  0.123350917691E+00
  42.00000  0.132998321090E+00
  42.10000  0.385735574132E+00
  42.20000  0.722414233282E+00
  42.30000  0.104820102392E+01
  42.40000  0.142523379821E+01
  42.50000  0.184492765344E+01
  42.60000  0.207186306304E+01
  42.70000  0.191375629641E+01
  42.80000  0.147779602483E+01
  42.90000  0.102139092293E+01
  43.00000  0.706184613050E+00
  43.10000  0.533950759121E+00
  43.20000  0.391297192652E+00
  43.30000  0.208407935948E+00
  43.40000  0.122692593136E+00
  43.50000  0.316606952402E+00
  43.60000  0.696824818458E+00
  43.70000  0.970644263069E+00
  43.80000  0.101546514054E+01
  43.90000  0.964660359705E+00
  44.00000  0.989836500205E+00
  44.10000  0.112872244070E+01
  44.20000  0.123761096930E+01
  44.30000  0.109828331892E+01
  44.40000  0.691827693522E+00
  44.50000  0.279683209020E+00
  44.60000  0.885966687871E-01
  44.70000  0.736381379277E-01
  44.80000  0.925211345608E-01
  44.90000  0.120334311992E+00
  45.00000  0.220795074711E+00
  45.10000  0.451048111119E+00
  45.20000  0.783763255046E+00
  45.30000  0.104832568347E+01
  45.40000  0.106521190375E+01
  45.50000  0.870813186368E+00
  45.60000  0.651049057650E+00
  45.70000  0.486766955775E+00
  45.80000  0.337222844220E+00
  45.90000  0.189045065137E+00
  46.00000  0.688488280709E-01
  46.10000  0.338968799908E-02
  46.20000  0.326573458643E-01
  46.30000  0.155133254514E+00
  46.40000  0.289557997268E+00
  46.50000  0.394663631961E+00
  46.60000  0.518023404203E+00
  46.70000  0.648708009496E+00
  46.80000  0.684320217715E+00
  46.90000  0.591700983879E+00
  47.00000  0.443691458770E+00
  47.10000  0.306579393908E+00
  47.20000  0.210023171224E+00
  47.30000  0.157667720370E+00
  47.40000  0.104123806662E+00
  47.50000  0.286934302879E-01
  47.60000  0.155998569118E-01
  47.70000  0.125649735982E+00
  47.80000  0.265386985497E+00
  47.90000  0.316612598987E+00
  48.00000  0.291333391731E+00
  48.10000  0.273556895490E+00
  48.20000  0.319627868195E+00
  48.30000  0.428041960578E+00
  48.40000  0.506877955148E+00
  48.50000  0.435676564368E+00
  48.60000  0.236238221824E+00
  48.70000  0.650655561491E-01
  48.80000  0.395725898515E-02
  48.90000  0.140407056432E-02
  49.00000  0.555612575600E-02
  49.10000  0.163144954539E-01
  49.20000  0.526589618679E-01
  49.30000  0.150263705048E+00
  49.40000  0.307014604513E+00
  49.50000  0.421774680559E+00
  49.60000  0.404587493249E+00
  49.70000  0.304431198331E+00
  49.80000  0.219541391466E+00
  49.90000  0.171544412274E+00
  50.00000  0.143809164103E+00
  50.10000  0.126447556578E+00
  50.20000  0.918544240141E-01
  50.30000  0.344512190810E-01
  50.40000  0.579057268548E-02
  50.50000  0.307629801202E-01
  50.60000  0.736481179934E-01
  50.70000  0.125014884660E+00
  50.80000  0.201806660853E+00
  50.90000  0.267153995155E+00
  51.00000  0.274029083365E+00
  51.10000  0.243898511594E+00
  51.20000  0.211929979528E+00
  51.30000  0.175875745607E+00
  51.40000  0.140723845835E+00
  51.50000  0.114623878109E+00
  51.60000  0.743985934778E-01
  51.70000  0.260033156972E-01
  51.80000  0.278617684614E-01
  51.90000  0.841214746375E-01
  52.00000  0.121479722981E+00
  52.10000  0.108123109848E+00
  52.20000  0.857869857500E-01
  52.30000  0.946295393314E-01
  52.40000  0.153037597600E+00
  52.50000  0.250649212554E+00
  52.60000  0.311412350122E+00
  52.70000  0.261436761023E+00
  52.80000  0.142704614785E+00
  52.90000  0.557006040247E-01
  53.00000  0.281398210514E-01
  53.10000  0.301721942138E-01
  53.20000  0.426559587497E-01
  53.30000  0.500121245848E-01
  53.40000  0.520170501693E-01
  53.50000  0.881007795117E-01
  53.60000  0.165850791109E+00
  53.70000  0.217383495524E+00
  53.80000  0.199791039227E+00
  53.90000  0.154082820286E+00
  54.00000  0.125081144339E+00
  54.10000  0.120513483584E+00
  54.20000  0.143006240692E+00
  54.30000  0.170130624903E+00
  54.40000  0.150005492228E+00
  54.50000  0.822117541806E-01
  54.60000  0.276136540250E-01
  54.70000  0.169226948204E-01
  54.80000  0.387757897553E-01
  54.90000  0.907877902441E-01
  55.00000  0.154491348758E+00
  55.10000  0.181308485870E+00
  55.20000  0.165416376365E+00
  55.30000  0.151007259760E+00
  55.40000  0.151523764263E+00
  55.50000  0.148671247543E+00
  55.60000  0.143251733352E+00
  55.70000  0.133069471770E+00
  55.80000  0.102942033900E+00
  55.90000  0.764137677161E-01
  56.00000  0.903783991352E-01
  56.10000  0.118045020981E+00
  56.20000  0.109351175970E+00
  56.30000  0.739728400710E-01
  56.40000  0.526643879597E-01
  56.50000  0.670853254032E-01
  56.60000  0.128555346846E+00
  56.70000  0.215500577334E+00
  56.80000  0.253931166831E+00
  56.90000  0.203871278011E+00
  57.00000  0.120888281973E+00
  57.10000  0.728458596242E-01
  57.20000  0.681426952838E-01
  57.30000  0.903285579398E-01
  57.40000  0.117514086249E+00
  57.50000  0.117179824208E+00
  57.60000  0.940106571233E-01
  57.70000  0.960364786815E-01
  57.80000  0.130266461697E+00
  57.90000  0.150096596210E+00
  58.00000  0.139069621259E+00
  58.10000  0.122247537198E+00
  58.20000  0.114935134992E+00
  58.30000  0.128098344123E+00
  58.40000  0.170240116216E+00
  58.50000  0.204326736417E+00
  58.60000  0.179141112462E+00
  58.70000  0.110521898978E+00
  58.80000  0.567277652466E-01
  58.90000  0.438212720256E-01
  59.00000  0.722027820135E-01
  59.10000  0.131924072516E+00
  59.20000  0.178068407485E+00
  59.30000  0.169135838244E+00
  59.40000  0.131096325953E+00
  59.50000  0.113893310489E+00
  59.60000  0.122121952018E+00
  59.70000  0.140128856968E+00
  59.80000  0.160387756584E+00
  59.90000  0.162730976249E+00
  60.00000  0.138451960452E+00
  60.10000  0.122501372227E+00
  60.20000  0.135900222463E+00
  60.30000  0.143961124384E+00
  60.40000  0.120531919094E+00
  60.50000  0.873459092627E-01
  60.60000  0.707680983650E-01
  60.70000  0.863616098322E-01
  60.80000  0.144592685968E+00
  60.90000  0.212560746248E+00
  61.00000  0.223999869275E+00
  61.10000  0.168697496045E+00
  61.20000  0.105782208311E+00
  61.30000  0.811410396399E-01
  61.40000  0.988074193361E-01
  61.50000  0.144777456470E+00
  61.60000  0.180949638367E+00
  61.70000  0.167763174387E+00
  61.80000  0.124586965880E+00
  61.90000  0.104342109256E+00
  62.00000  0.113890109173E+00
  62.10000  0.125719269019E+00
  62.20000  0.132142926775E+00
  62.30000  0.134207730969E+00
  62.40000  0.130867029024E+00
  62.50000  0.141883312941E+00
  62.60000  0.177625949611E+00
  62.70000  0.198996497054E+00
  62.80000  0.171019157255E+00
  62.90000  0.117955555929E+00
  63.00000  0.813957129266E-01
  63.10000  0.794037603016E-01
  63.20000  0.118010399728E+00
  63.30000  0.176316674788E+00
  63.40000  0.198462112594E+00
  63.50000  0.161016534502E+00
  63.60000  0.108437133572E+00
  63.70000  0.870414820143E-01
  63.80000  0.101748517351E+00
  63.90000  0.141439077224E+00
  64.00000  0.181760966432E+00
  64.10000  0.185667159099E+00
  64.20000  0.154108789327E+00
  64.30000  0.131240054798E+00
  64.40000  0.133514563344E+00
  64.50000  0.135830369236E+00
  64.60000  0.126781768576E+00
  64.70000  0.114850778650E+00
  64.80000  0.105178961266E+00
  64.90000  0.113563147074E+00
  65.00000  0.153628947738E+00
  65.10000  0.192282265365E+00
  65.20000  0.182121755498E+00
  65.30000  0.132329688553E+00
  65.40000  0.900784974670E-01
  65.50000  0.830160796280E-01
  65.60000  0.116711507368E+00
  65.70000  0.174438967727E+00
  65.80000  0.205637044203E+00
  65.90000  0.176229977962E+00
  66.00000  0.119559140481E+00
  66.10000  0.876271580162E-01
  66.20000  0.906449538632E-01
  66.30000  0.115671604436E+00
  66.40000  0.147027371364E+00
  66.50000  0.158422940103E+00
  66.60000  0.142629405192E+00
  66.70000  0.131584114907E+00
  66.80000  0.142889952941E+00
  66.90000  0.151038437597E+00
  67.00000  0.138602992343E+00
  67.10000  0.118943480724E+00
  67.20000  0.104817331525E+00
  67.30000  0.107194087448E+00
  67.40000  0.138877197156E+00
  67.50000  0.178194351346E+00
  67.60000  0.177719850914E+00
  67.70000  0.132513906831E+00
  67.80000  0.856552143893E-01
  67.90000  0.700798299125E-01
  68.00000  0.932766366273E-01
  68.10000  0.146125317877E+00
  68.20000  0.189188057847E+00
  68.30000  0.180295783922E+00
  68.40000  0.133297255215E+00
  68.50000  0.978657160319E-01
  68.60000  0.933664490666E-01
  68.70000  0.109274927210E+00
  68.80000  0.133459154484E+00
  68.90000  0.145963420992E+00
  69.00000  0.133394160258E+00
  69.10000  0.118607299815E+00
  69.20000  0.126084402480E+00
  69.30000  0.137939933106E+00
  69.40000  0.129501818745E+00
  69.50000  0.108998113609E+00
  69.60000  0.935678254510E-01
  69.70000  0.935736796634E-01
  69.80000  0.121119628704E+00
  69.90000  0.164237823063E+00
  70.00000  0.177698060008E+00
  70.10000  0.142033986405E+00
  70.20000  0.920527688599E-01
  70.30000  0.663445226184E-01
  70.40000  0.762652337044E-01
  70.50000  0.117384722259E+00
  70.60000  0.161713186503E+00
  70.70000  0.166587584195E+00
  70.80000  0.129277237101E+00
  70.90000  0.925074744029E-01
  71.00000  0.832641661535E-01
  71.10000  0.948021339477E-01
  71.20000  0.116505051639E+00
  71.30000  0.133920787577E+00
  71.40000  0.129439851387E+00
  71.50000  0.113881639249E+00
  71.60000  0.114509539412E+00
  71.70000  0.125821177388E+00
  71.80000  0.122210325120E+00
  71.90000  0.103898380309E+00
  72.00000  0.871165284503E-01
  72.10000  0.809691115763E-01
  72.20000  0.968458648463E-01
  72.30000  0.134578691377E+00
  72.40000  0.158717109027E+00
  72.50000  0.138526090264E+00
  72.60000  0.937326315405E-01
  72.70000  0.632546994294E-01
  72.80000  0.638378482517E-01
  72.90000  0.957510506489E-01
  73.00000  0.140906470446E+00
  73.10000  0.158664688876E+00
  73.20000  0.130893712973E+00
  73.30000  0.900852430395E-01
  73.40000  0.715746806306E-01
  73.50000  0.770390633604E-01
  73.60000  0.966153258440E-01
  73.70000  0.118173040723E+00
  73.80000  0.121499261588E+00
  73.90000  0.106083631092E+00
  74.00000  0.987231096177E-01
  74.10000  0.107458455986E+00
  74.20000  0.110662483003E+00
  74.30000  0.999485464164E-01
  74.40000  0.870138335293E-01
  74.50000  0.790278531339E-01
  74.60000  0.845044887277E-01
  74.70000  0.111771904111E+00
  74.80000  0.139294067713E+00
  74.90000  0.132472640507E+00
  75.00000  0.953060368524E-01
  75.10000  0.620629624933E-01
  75.20000  0.537082201948E-01
  75.30000  0.747902915564E-01
  75.40000  0.116779215629E+00
  75.50000  0.145626666824E+00
  75.60000  0.131354006906E+00
  75.70000  0.913414428549E-01
  75.80000  0.643885252649E-01
  75.90000  0.631979826918E-01
  76.00000  0.813901168336E-01
  76.10000  0.108213578994E+00
  76.20000  0.121164817005E+00
  76.30000  0.107663273839E+00
  76.40000  0.894387963634E-01
  76.50000  0.881495129531E-01
  76.60000  0.934113172285E-01
  76.70000  0.916217052935E-01
  76.80000  0.866427327867E-01
  76.90000  0.812795028645E-01
  77.00000  0.792147989737E-01
  77.10000  0.937740806361E-01
  77.20000  0.119289951375E+00
  77.30000  0.124533480574E+00
  77.40000  0.991713004891E-01
  77.50000  0.679054979586E-01
  77.60000  0.534130640708E-01
  77.70000  0.637587239182E-01
  77.80000  0.985186036483E-01
  77.90000  0.133491166615E+00
  78.00000  0.132696778335E+00
  78.10000  0.968685619604E-01
  78.20000  0.622853796608E-01
  78.30000  0.522851447256E-01
  78.40000  0.668837690552E-01
  78.50000  0.977799824987E-01
  78.60000  0.122191572477E+00
  78.70000  0.116325126893E+00
  78.80000  0.910419680578E-01
  78.90000  0.765309439533E-01
  79.00000  0.780810870085E-01
  79.10000  0.834798536070E-01
  79.20000  0.892022069689E-01
  79.30000  0.914643392961E-01
  79.40000  0.859185710574E-01
  79.50000  0.855275620310E-01
  79.60000  0.100374006862E+00
  79.70000  0.111258212972E+00
  79.80000  0.993713854171E-01
  79.90000  0.761418196147E-01
  80.00000  0.605773826307E-01
  80.10000  0.615784865413E-01
  80.20000  0.851699450647E-01
  80.30000  0.120148461072E+00
  80.40000  0.132063042198E+00
  80.50000  0.105994526908E+00
  80.60000  0.684961486842E-01
  80.70000  0.493663967140E-01
  80.80000  0.567939458897E-01
  80.90000  0.872655221509E-01
  81.00000  0.121116549892E+00
  81.10000  0.126668604120E+00
  81.20000  0.999806060391E-01
  81.30000  0.720178824635E-01
  81.40000  0.639342343639E-01
  81.50000  0.716450225758E-01
  81.60000  0.879345994297E-01
  81.70000  0.102523556170E+00
  81.80000  0.100843884561E+00
  81.90000  0.888021040377E-01
  82.00000  0.874896271497E-01
  82.10000  0.956023500136E-01
  82.20000  0.950021661634E-01
  82.30000  0.846534004449E-01
  82.40000  0.748438863971E-01
  82.50000  0.703815169836E-01
  82.60000  0.795765459074E-01
  82.70000  0.105425744414E+00
  82.80000  0.124224017119E+00
  82.90000  0.111606468515E+00
  83.00000  0.792163975684E-01
  83.10000  0.553110624654E-01
  83.20000  0.539283640559E-01
  83.30000  0.778779022579E-01
  83.40000  0.115397527369E+00
  83.50000  0.133662244778E+00
  83.60000  0.113480312065E+00
  83.70000  0.773291285206E-01
  83.80000  0.568110049580E-01
  83.90000  0.600705359333E-01
  84.00000  0.820927089404E-01
  84.10000  0.109524662338E+00
  84.20000  0.118240420809E+00
  84.30000  0.101315501450E+00
  84.40000  0.824693233530E-01
  84.50000  0.792263126316E-01
  84.60000  0.836291194729E-01
  84.70000  0.876322016675E-01
  84.80000  0.907376804683E-01
  84.90000  0.885657489733E-01
  85.00000  0.850440691693E-01
  85.10000  0.941792786841E-01
  85.20000  0.110255180720E+00
  85.30000  0.109912063087E+00
  85.40000  0.901875951218E-01
  85.50000  0.697787308488E-01
  85.60000  0.621395940556E-01
  85.70000  0.742447664731E-01
  85.80000  0.105593946160E+00
  85.90000  0.131686514478E+00
  86.00000  0.123780734301E+00
  86.10000  0.892076858023E-01
  86.20000  0.598984022587E-01
  86.30000  0.543259864720E-01
  86.40000  0.742768654787E-01
  86.50000  0.109530478057E+00
  86.60000  0.131776029429E+00
  86.70000  0.119261173605E+00
  86.80000  0.879907493228E-01
  86.90000  0.684341598993E-01
  87.00000  0.688008729866E-01
  87.10000  0.827016354680E-01
  87.20000  0.101866672245E+00
  87.30000  0.110459555724E+00
  87.40000  0.100729543684E+00
  87.50000  0.897041639192E-01
  87.60000  0.918184107272E-01
  87.70000  0.965104733207E-01
  87.80000  0.930273186295E-01
  87.90000  0.862116219287E-01
  88.00000  0.805662207821E-01
  88.10000  0.803624838606E-01
  88.20000  0.951528071320E-01
  88.30000  0.117746923907E+00
  88.40000  0.121634285026E+00
  88.50000  0.990713528264E-01
  88.60000  0.714405973105E-01
  88.70000  0.588675467241E-01
  88.80000  0.690831188496E-01
  88.90000  0.100734746512E+00
  89.00000  0.131588582716E+00
  89.10000  0.130695220993E+00
  89.20000  0.987564542153E-01
  89.30000  0.669480692541E-01
  89.40000  0.571549799364E-01
  89.50000  0.714996066665E-01
  89.60000  0.101870222280E+00
  89.70000  0.125633839541E+00
  89.80000  0.120248060154E+00
  89.90000  0.946492831737E-01
  90.00000  0.767406539772E-01
  90.10000  0.756078155573E-01
  90.20000  0.838146566795E-01
  90.30000  0.958067418164E-01
  90.40000  0.102684131497E+00
  90.50000  0.971575513494E-01
  90.60000  0.908318679746E-01
  90.70000  0.965427768040E-01
  90.80000  0.103520095499E+00
  90.90000  0.977077830898E-01
  91.00000  0.847536188443E-01
  91.10000  0.751232007779E-01
  91.20000  0.744797776677E-01
  91.30000  0.901181870959E-01
  91.40000  0.116147764615E+00
  91.50000  0.125798757882E+00
  91.60000  0.105546865618E+00
  91.70000  0.746787628213E-01
  91.80000  0.573709434442E-01
  91.90000  0.632404756854E-01
  92.00000  0.916979623922E-01
  92.10000  0.124629624556E+00
  92.20000  0.131062305802E+00
  92.30000  0.104377003866E+00
  92.40000  0.719386828385E-01
  92.50000  0.583261456284E-01
  92.60000  0.672955932419E-01
  92.70000  0.926266226783E-01
  92.80000  0.116843414972E+00
  92.90000  0.117524188764E+00
  93.00000  0.966869622353E-01
  93.10000  0.792452938678E-01
  93.20000  0.767776691055E-01
  93.30000  0.820979335389E-01
  93.40000  0.900623208533E-01
  93.50000  0.958926249926E-01
  93.60000  0.926861731102E-01
  93.70000  0.876198378093E-01
  93.80000  0.935434248087E-01
  93.90000  0.102580727660E+00
  94.00000  0.984146827377E-01
  94.10000  0.839359801897E-01
  94.20000  0.718637232214E-01
  94.30000  0.690242107218E-01
  94.40000  0.817761033327E-01
  94.50000  0.107565790529E+00
  94.60000  0.122443247466E+00
  94.70000  0.107736336966E+00
  94.80000  0.772115050422E-01
  94.90000  0.563338498547E-01
  95.00000  0.570724183278E-01
  95.10000  0.805150338831E-01
  95.20000  0.113449597520E+00
  95.30000  0.126625862932E+00
  95.40000  0.106353625355E+00
  95.50000  0.740883354567E-01
  95.60000  0.565525332956E-01
  95.70000  0.606871296035E-01
  95.80000  0.821138883557E-01
  95.90000  0.107184637542E+00
  96.00000  0.113568331627E+00
  96.10000  0.964075050991E-01
  96.20000  0.772501111179E-01
  96.30000  0.719298798122E-01
  96.40000  0.759307733400E-01
  96.50000  0.834139182320E-01
  96.60000  0.906072243577E-01
  96.70000  0.897195952164E-01
  96.80000  0.835419078441E-01
  96.90000  0.857893805717E-01
  97.00000  0.945795183067E-01
  97.10000  0.939661782866E-01
  97.20000  0.822630806839E-01
  97.30000  0.707305612965E-01
  97.40000  0.659677635343E-01
  97.50000  0.736045971318E-01
  97.60000  0.955060365383E-01
  97.70000  0.113522734693E+00
  97.80000  0.105900479016E+00
  97.90000  0.788833320275E-01
  98.00000  0.563146184059E-01
  98.10000  0.521747792035E-01
  98.20000  0.696968309402E-01
  98.30000  0.100910761862E+00
  98.40000  0.119896773533E+00
  98.50000  0.106819172471E+00
  98.60000  0.755039543869E-01
  98.70000  0.536993130191E-01
  98.80000  0.529308648157E-01
  98.90000  0.713630888893E-01
  99.00000  0.982166272218E-01
  99.10000  0.110930146411E+00
  99.20000  0.974356108574E-01
  99.30000  0.747522767623E-01
  99.40000  0.638946084485E-01
  99.50000  0.661068225713E-01
  99.60000  0.755891696256E-01
  99.70000  0.873006361688E-01
  99.80000  0.906085619044E-01
  99.90000  0.827255997919E-01
 100.00000  0.777129875274E-01
 100.10000  0.821653229152E-01
 100.20000  0.845213076910E-01
 100.30000  0.789104172973E-01
 100.40000  0.719696920410E-01
 100.50000  0.674669373192E-01
 100.60000  0.690636201163E-01
 100.70000  0.831206730174E-01
 100.80000  0.100345649877E+00
 100.90000  0.996370553216E-01
 101.00000  0.793302587567E-01
 101.10000  0.582976942259E-01
 101.20000  0.505816126851E-01
 101.30000  0.611803083701E-01
 101.40000  0.878410620980E-01
 101.50000  0.110435979507E+00
 101.60000  0.105243706499E+00
 101.70000  0.770396066512E-01
 101.80000  0.518916481467E-01
 101.90000  0.457859209404E-01
 102.00000  0.604874107930E-01
 102.10000  0.885407011317E-01
 102.20000  0.108020302380E+00
 102.30000  0.997401456361E-01
 102.40000  0.739177223667E-01
 102.50000  0.554631369360E-01
 102.60000  0.536712231561E-01
 102.70000  0.651746152671E-01
 102.80000  0.834783579929E-01
 102.90000  0.938834820569E-01
 103.00000  0.861100315199E-01
 103.10000  0.721291013583E-01
 103.20000  0.676367309599E-01
 103.30000  0.698735185538E-01
 103.40000  0.716564785830E-01
 103.50000  0.735471795357E-01
 103.60000  0.734228162081E-01
 103.70000  0.701000133661E-01
 103.80000  0.728006627046E-01
 103.90000  0.835607890113E-01
 104.00000  0.873057183709E-01
 104.10000  0.765070532552E-01
 104.20000  0.620662496989E-01
 104.30000  0.542484872049E-01
 104.40000  0.575473780225E-01
 104.50000  0.753494691241E-01
 104.60000  0.968607092025E-01
 104.70000  0.991051552229E-01
 104.80000  0.778730494407E-01
 104.90000  0.533985802207E-01
 105.00000  0.431003977275E-01
 105.10000  0.521092682797E-01
 105.20000  0.778203899453E-01
 105.30000  0.102177155724E+00
 105.40000  0.101179787585E+00
 105.50000  0.759576742993E-01
 105.60000  0.511381415054E-01
 105.70000  0.434133678635E-01
 105.80000  0.542508687754E-01
 105.90000  0.779692713883E-01
 106.00000  0.972010155522E-01
 106.10000  0.933812569586E-01
 106.20000  0.724691280293E-01
 106.30000  0.565694974436E-01
 106.40000  0.543030558552E-01
 106.50000  0.616114470387E-01
 106.60000  0.744850237475E-01
 106.70000  0.834626128747E-01
 106.80000  0.791016209604E-01
 106.90000  0.695187577447E-01
 107.00000  0.680977394948E-01
 107.10000  0.712560215902E-01
 107.20000  0.704218551770E-01
 107.30000  0.678048021555E-01
 107.40000  0.656878167281E-01
 107.50000  0.636670052433E-01
 107.60000  0.685315843294E-01
 107.70000  0.818069383907E-01
 107.80000  0.880301816692E-01
 107.90000  0.771817232426E-01
 108.00000  0.600835026180E-01
 108.10000  0.499907174114E-01
 108.20000  0.522276971485E-01
 108.30000  0.696201193825E-01
 108.40000  0.928780164904E-01
 108.50000  0.989478513567E-01
 108.60000  0.799101253903E-01
 108.70000  0.543587278107E-01
 108.80000  0.416530322184E-01
 108.90000  0.479764718081E-01
 109.00000  0.716366962799E-01
 109.10000  0.972949889930E-01
 109.20000  0.100720990488E+00
 109.30000  0.785475319067E-01
 109.40000  0.532631961022E-01
 109.50000  0.432926511032E-01
 109.60000  0.512689599565E-01
 109.70000  0.728092939099E-01
 109.80000  0.932365365734E-01
 109.90000  0.932897899782E-01
 110.00000  0.745682096148E-01
 110.10000  0.579016010374E-01
 110.20000  0.541119068838E-01
 110.30000  0.599075089586E-01
 110.40000  0.717033869853E-01
 110.50000  0.817413172533E-01
 110.60000  0.795667289154E-01
 110.70000  0.701285971276E-01
 110.80000  0.673514840148E-01
 110.90000  0.703864281073E-01
 111.00000  0.702918157546E-01
 111.10000  0.680123862446E-01
 111.20000  0.663738540303E-01
 111.30000  0.642296682584E-01
 111.40000  0.670924991170E-01
 111.50000  0.789033662483E-01
 111.60000  0.868609543628E-01
 111.70000  0.788532702561E-01
 111.80000  0.627983485189E-01
 111.90000  0.520150399975E-01
 112.00000  0.520507387767E-01
 112.10000  0.663161282502E-01
 112.20000  0.889363358499E-01
 112.30000  0.985072581185E-01
 112.40000  0.832316478958E-01
 112.50000  0.581040219356E-01
 112.60000  0.432317701657E-01
 112.70000  0.463656127968E-01
 112.80000  0.674385098207E-01
 112.90000  0.941179845091E-01
 113.00000  0.102057282121E+00
 113.10000  0.828453873448E-01
 113.20000  0.561317163099E-01
 113.30000  0.428090737326E-01
 113.40000  0.481809228001E-01
 113.50000  0.692091159739E-01
 113.60000  0.925237649240E-01
 113.70000  0.968633049056E-01
 113.80000  0.787687667966E-01
 113.90000  0.583345142248E-01
 114.00000  0.509181437862E-01
 114.10000  0.561256390847E-01
 114.20000  0.701510576406E-01
 114.30000  0.842872240761E-01
 114.40000  0.848748818157E-01
 114.50000  0.730633204801E-01
 114.60000  0.647715109724E-01
 114.70000  0.651493682091E-01
 114.80000  0.671601877407E-01
 114.90000  0.692719043032E-01
 115.00000  0.715956445394E-01
 115.10000  0.698547367922E-01
 115.20000  0.679063714765E-01
 115.30000  0.739918247050E-01
 115.40000  0.813637495022E-01
 115.50000  0.777359847961E-01
 115.60000  0.665460269449E-01
 115.70000  0.580528987782E-01
 115.80000  0.561459293821E-01
 115.90000  0.648346749796E-01
 116.00000  0.834585608661E-01
 116.10000  0.950091592379E-01
 116.20000  0.849452300612E-01
 116.30000  0.629575977871E-01
 116.40000  0.475925005150E-01
 116.50000  0.473719747586E-01
 116.60000  0.643156625945E-01
 116.70000  0.903340735990E-01
 116.80000  0.102449114552E+00
 116.90000  0.872923828764E-01
 117.00000  0.601109016999E-01
 117.10000  0.433011267843E-01
 117.20000  0.454721054658E-01
 117.30000  0.657579235956E-01
 117.40000  0.923747466287E-01
 117.50000  0.101927378828E+00
 117.60000  0.849212352990E-01
 117.70000  0.595965209644E-01
 117.80000  0.465347695130E-01
 117.90000  0.503326711880E-01
 118.00000  0.679073818782E-01
 118.10000  0.886522040899E-01
 118.20000  0.939286491667E-01
 118.30000  0.793147637017E-01
 118.40000  0.623601937841E-01
 118.50000  0.565747355810E-01
 118.60000  0.600452964331E-01
 118.70000  0.694303287724E-01
 118.80000  0.798646990414E-01
 118.90000  0.808756763838E-01
 119.00000  0.726251705221E-01
 119.10000  0.682844726339E-01
 119.20000  0.708741145351E-01
 119.30000  0.716213357919E-01
 119.40000  0.694390708163E-01
 119.50000  0.681423933163E-01
 119.60000  0.663067111828E-01
 119.70000  0.668936529804E-01
 119.80000  0.761271885370E-01
 119.90000  0.857949851526E-01
 120.00000  0.819141849134E-01
 120.10000  0.678019230339E-01
 120.20000  0.564500932397E-01
 120.30000  0.538470135919E-01
 120.40000  0.634476696231E-01
 120.50000  0.838601901994E-01
 120.60000  0.976245489214E-01
 120.70000  0.884893900966E-01
 120.80000  0.651758149379E-01
 120.90000  0.477971308646E-01
 121.00000  0.462918876036E-01
 121.10000  0.626407100149E-01
 121.20000  0.892855651592E-01
 121.30000  0.103561417220E+00
 121.40000  0.901960126473E-01
 121.50000  0.627595810584E-01
 121.60000  0.444632896696E-01
 121.70000  0.450081990141E-01
 121.80000  0.639348161693E-01
 121.90000  0.906988857869E-01
 122.00000  0.102380213112E+00
 122.10000  0.872970649047E-01
 122.20000  0.618486201123E-01
 122.30000  0.474265033903E-01
 122.40000  0.497487191747E-01
 122.50000  0.662272038220E-01
 122.60000  0.873831766719E-01
 122.70000  0.946173023232E-01
 122.80000  0.811794089687E-01
 122.90000  0.633485680111E-01
 123.00000  0.561323003523E-01
 123.10000  0.588756104037E-01
 123.20000  0.682882847845E-01
 123.30000  0.798086290745E-01
 123.40000  0.822911381435E-01
 123.50000  0.738000349383E-01
 123.60000  0.674238464015E-01
 123.70000  0.686597789197E-01
 123.80000  0.698986555377E-01
 123.90000  0.691771281867E-01
 124.00000  0.695129452510E-01
 124.10000  0.682933225475E-01
 124.20000  0.670726001366E-01
 124.30000  0.733939692618E-01
 124.40000  0.822220113770E-01
 124.50000  0.801578736295E-01
 124.60000  0.685171792407E-01
 124.70000  0.587145835952E-01
 124.80000  0.556413502668E-01
 124.90000  0.623712637769E-01
 125.00000  0.798970908059E-01
 125.10000  0.938518160510E-01
 125.20000  0.874643918817E-01
 125.30000  0.665709179585E-01
 125.40000  0.497773107072E-01
 125.50000  0.467937955465E-01
 125.60000  0.602694564141E-01
 125.70000  0.852619773946E-01
 125.80000  0.101092920060E+00
 125.90000  0.905518580877E-01
 126.00000  0.641179379334E-01
 126.10000  0.446698399763E-01
 126.20000  0.431809805302E-01
 126.30000  0.605422090908E-01
 126.40000  0.879672683560E-01
 126.50000  0.102524619122E+00
 126.60000  0.892497364016E-01
 126.70000  0.621855824213E-01
 126.80000  0.445412367067E-01
 126.90000  0.450195929035E-01
 127.00000  0.623759614172E-01
 127.10000  0.870456819981E-01
 127.20000  0.980013982645E-01
 127.30000  0.843669447871E-01
 127.40000  0.617135110978E-01
 127.50000  0.494927077935E-01
 127.60000  0.514043283696E-01
 127.70000  0.646882564818E-01
 127.80000  0.823254139653E-01
 127.90000  0.885794860452E-01
 128.00000  0.773561850944E-01
 128.10000  0.632530462677E-01
 128.20000  0.585849779099E-01
 128.30000  0.606208525433E-01
 128.40000  0.664620532795E-01
 128.50000  0.744681185175E-01
 128.60000  0.761929606567E-01
 128.70000  0.698835287498E-01
 128.80000  0.667919818274E-01
 128.90000  0.700714419005E-01
 129.00000  0.705909482546E-01
 129.10000  0.670170999001E-01
 129.20000  0.648190433801E-01
 129.30000  0.631889480586E-01
 129.40000  0.634251873250E-01
 129.50000  0.717445795400E-01
 129.60000  0.817876799362E-01
 129.70000  0.793347671795E-01
 129.80000  0.661572503224E-01
 129.90000  0.551135725098E-01
 130.00000  0.518321229809E-01
 130.10000  0.589720341771E-01
 130.20000  0.770872525733E-01
 130.30000  0.915912263303E-01
 130.40000  0.853420017045E-01
 130.50000  0.641672267116E-01
 130.60000  0.471091761239E-01
 130.70000  0.438781133878E-01
 130.80000  0.568855082625E-01
 130.90000  0.815922892915E-01
 131.00000  0.977559811583E-01
 131.10000  0.877910336744E-01
 131.20000  0.616840613128E-01
 131.30000  0.422331890813E-01
 131.40000  0.402989453387E-01
 131.50000  0.569197849078E-01
 131.60000  0.841069486310E-01
 131.70000  0.992591995264E-01
 131.80000  0.866077872301E-01
 131.90000  0.595029143856E-01
 132.00000  0.413294386750E-01
 132.10000  0.412040821026E-01
 132.20000  0.583875519193E-01
 132.30000  0.838191660384E-01
 132.40000  0.959242484708E-01
 132.50000  0.823836667838E-01
 132.60000  0.583742261940E-01
 132.70000  0.445447460362E-01
 132.80000  0.459415725556E-01
 132.90000  0.604050069108E-01
 133.00000  0.804447035162E-01
 133.10000  0.883989018303E-01
 133.20000  0.761806365811E-01
 133.30000  0.588273441487E-01
 133.40000  0.513487472522E-01
 133.50000  0.533180740560E-01
 133.60000  0.621348123153E-01
 133.70000  0.742869362248E-01
 133.80000  0.779778257016E-01
 133.90000  0.692656672727E-01
 134.00000  0.610446100813E-01
 134.10000  0.606581281953E-01
 134.20000  0.618687110228E-01
 134.30000  0.629674217816E-01
 134.40000  0.661633536750E-01
 134.50000  0.663182378000E-01
 134.60000  0.628357502948E-01
 134.70000  0.648089648407E-01
 134.80000  0.710345765204E-01
 134.90000  0.701241221078E-01
 135.00000  0.626179850653E-01
 135.10000  0.572337932971E-01
 135.20000  0.551224664469E-01
 135.30000  0.577962468460E-01
 135.40000  0.695382551347E-01
 135.50000  0.809239210229E-01
 135.60000  0.768381658231E-01
 135.70000  0.611419896979E-01
 135.80000  0.487825408229E-01
 135.90000  0.458567275354E-01
 136.00000  0.546337530858E-01
 136.10000  0.743981707646E-01
 136.20000  0.888984955138E-01
 136.30000  0.811504521085E-01
 136.40000  0.588848629095E-01
 136.50000  0.420031152605E-01
 136.60000  0.395526195256E-01
 136.70000  0.533944654177E-01
 136.80000  0.784662160704E-01
 136.90000  0.938646573773E-01
 137.00000  0.826694693408E-01
 137.10000  0.563867711157E-01
 137.20000  0.378228985228E-01
 137.30000  0.367117373792E-01
 137.40000  0.537540456898E-01
 137.50000  0.809098837393E-01
 137.60000  0.952054482518E-01
 137.70000  0.814749159413E-01
 137.80000  0.542656209895E-01
 137.90000  0.367894108815E-01
 138.00000  0.373097003366E-01
 138.10000  0.551475173913E-01
 138.20000  0.811408286286E-01
 138.30000  0.928390793206E-01
 138.40000  0.780469172670E-01
 138.50000  0.530970286419E-01
 138.60000  0.390223848380E-01
 138.70000  0.408760037071E-01
 138.80000  0.569185095558E-01
 138.90000  0.789123774203E-01
 139.00000  0.871866259650E-01
 139.10000  0.731372924740E-01
 139.20000  0.533056399764E-01
 139.30000  0.442239720690E-01
 139.40000  0.466183319213E-01
 139.50000  0.584522422769E-01
 139.60000  0.743446153286E-01
 139.70000  0.790614391486E-01
 139.80000  0.676094606893E-01
 139.90000  0.550838755626E-01
 140.00000  0.517384837297E-01
 140.10000  0.535662113128E-01
 140.20000  0.592740547469E-01
 140.30000  0.678846989498E-01
 140.40000  0.695123173383E-01
 140.50000  0.622829062316E-01
 140.60000  0.583554784995E-01
 140.70000  0.606546580460E-01
 140.80000  0.607177158946E-01
 140.90000  0.591108523304E-01
 141.00000  0.602248647644E-01
 141.10000  0.596585030826E-01
 141.20000  0.578135330200E-01
 141.30000  0.627917881344E-01
 141.40000  0.699372858490E-01
 141.50000  0.671735993102E-01
 141.60000  0.579163680458E-01
 141.70000  0.521991909023E-01
 141.80000  0.505435309073E-01
 141.90000  0.546231483680E-01
 142.00000  0.678712631766E-01
 142.10000  0.785647672649E-01
 142.20000  0.722400371845E-01
 142.30000  0.558588409304E-01
 142.40000  0.446721047485E-01
 142.50000  0.430198642158E-01
 142.60000  0.528745706354E-01
 142.70000  0.729619378040E-01
 142.80000  0.856477956830E-01
 142.90000  0.754860639522E-01
 143.00000  0.532738779379E-01
 143.10000  0.384301889804E-01
 143.20000  0.376704567022E-01
 143.30000  0.524847859142E-01
 143.40000  0.774098501643E-01
 143.50000  0.905156600265E-01
 143.60000  0.767559670077E-01
 143.70000  0.505958439254E-01
 143.80000  0.340930125204E-01
 143.90000  0.347739143683E-01
 144.00000  0.531711185916E-01
 144.10000  0.806246079657E-01
 144.20000  0.927688833594E-01
 144.30000  0.761479071245E-01
 144.40000  0.482860594926E-01
 144.50000  0.320569688985E-01
 144.60000  0.343153436065E-01
 144.70000  0.545228420517E-01
 144.80000  0.821546796798E-01
 144.90000  0.922998101984E-01
 145.00000  0.739697663259E-01
 145.10000  0.467698253352E-01
 145.20000  0.324751626525E-01
 145.30000  0.360337002488E-01
 145.40000  0.560829322406E-01
 145.50000  0.817412582697E-01
 145.60000  0.892799728884E-01
 145.70000  0.706777419589E-01
 145.80000  0.463850335093E-01
 145.90000  0.352658184551E-01
 146.00000  0.394885887230E-01
 146.10000  0.574218414295E-01
 146.20000  0.793406952093E-01
 146.30000  0.841148234263E-01
 146.40000  0.668028109369E-01
 146.50000  0.473427168446E-01
 146.60000  0.401400709357E-01
 146.70000  0.441316587990E-01
 146.80000  0.581918401771E-01
 146.90000  0.751143754401E-01
 147.00000  0.773741544289E-01
 147.10000  0.628750476628E-01
 147.20000  0.497029652486E-01
 147.30000  0.466440736135E-01
 147.40000  0.493747968858E-01
 147.50000  0.581598825812E-01
 147.60000  0.693938987572E-01
 147.70000  0.697123920792E-01
 147.80000  0.593579672063E-01
 147.90000  0.533701151724E-01
 148.00000  0.542118310510E-01
 148.10000  0.546508737969E-01
 148.20000  0.572212097310E-01
 148.30000  0.626317046337E-01
 148.40000  0.617915880996E-01
 148.50000  0.566009124953E-01
 148.60000  0.581068064712E-01
 148.70000  0.622229770180E-01
 148.80000  0.594628856935E-01
 148.90000  0.553962306068E-01
 149.00000  0.553455347366E-01
 149.10000  0.542155597787E-01
 149.20000  0.548122288875E-01
 149.30000  0.635629618189E-01
 149.40000  0.700592724778E-01
 149.50000  0.634189570981E-01
 149.60000  0.528144899199E-01
 149.70000  0.480642783504E-01
 149.80000  0.474810624020E-01
 149.90000  0.540538439473E-01
 150.00000  0.693160804228E-01
 150.10000  0.771565766487E-01
 150.20000  0.662545134745E-01
 150.30000  0.496919581260E-01
 150.40000  0.412827678644E-01
 150.50000  0.419504021954E-01
 150.60000  0.542567558190E-01
 150.70000  0.749196761721E-01
 150.80000  0.830506004070E-01
 150.90000  0.678439562327E-01
 151.00000  0.463068514919E-01
 151.10000  0.354297457590E-01
 151.20000  0.378452892413E-01
 151.30000  0.552525054470E-01
 151.40000  0.799531700508E-01
 151.50000  0.874117245936E-01
 151.60000  0.682005693477E-01
 151.70000  0.429742170278E-01
 151.80000  0.308470277489E-01
 151.90000  0.352553274330E-01
 152.00000  0.568102917173E-01
 152.10000  0.840626780089E-01
 152.20000  0.900614533872E-01
 152.30000  0.674608901866E-01
 152.40000  0.400165882254E-01
 152.50000  0.277748089093E-01
 152.60000  0.341524327650E-01
 152.70000  0.586694008682E-01
 152.80000  0.869845156218E-01
 152.90000  0.909669143044E-01
 153.00000  0.658537039750E-01
 153.10000  0.377313118848E-01
 153.20000  0.263412820225E-01
 153.30000  0.344069895528E-01
 153.40000  0.605633856935E-01
 153.50000  0.885518380089E-01
 153.60000  0.902186544708E-01
 153.70000  0.636613316966E-01
 153.80000  0.363609841225E-01
 153.90000  0.265599268379E-01
 154.00000  0.358074396323E-01
 154.10000  0.622393586005E-01
 154.20000  0.886917421254E-01
 154.30000  0.880022499421E-01
 154.40000  0.611836602651E-01
 154.50000  0.360742671073E-01
 154.60000  0.283380239759E-01
 154.70000  0.380853839303E-01
 154.80000  0.634759714680E-01
 154.90000  0.874190643604E-01
 155.00000  0.845710740489E-01
 155.10000  0.587104506407E-01
 155.20000  0.369588731077E-01
 155.30000  0.314949013523E-01
 155.40000  0.409437361477E-01
 155.50000  0.640988629230E-01
 155.60000  0.848273336658E-01
 155.70000  0.802209043960E-01
 155.80000  0.565008206365E-01
 155.90000  0.390229399373E-01
 156.00000  0.357843456025E-01
 156.10000  0.440824779009E-01
 156.20000  0.639897285188E-01
 156.30000  0.810747161258E-01
 156.40000  0.752646965893E-01
 156.50000  0.547673565931E-01
 156.60000  0.422009744574E-01
 156.70000  0.409169770777E-01
 156.80000  0.472189589516E-01
 156.90000  0.630880970439E-01
 157.00000  0.763659031130E-01
 157.10000  0.700090524291E-01
 157.20000  0.536656764145E-01
 157.30000  0.463642292138E-01
 157.40000  0.465824506923E-01
 157.50000  0.501039456532E-01
 157.60000  0.613889369948E-01
 157.70000  0.709342606946E-01
 157.80000  0.647363713172E-01
 157.90000  0.532919436224E-01
 158.00000  0.513365922579E-01
 158.10000  0.524723062140E-01
 158.20000  0.525352047419E-01
 158.30000  0.589390402864E-01
 158.40000  0.650272984728E-01
 158.50000  0.596943787496E-01
 158.60000  0.536879301266E-01
 158.70000  0.569140522618E-01
 158.80000  0.583013340577E-01
 158.90000  0.543672872922E-01
 159.00000  0.558315109416E-01
 159.10000  0.588943650386E-01
 159.20000  0.550904460035E-01
 159.30000  0.548494113051E-01
 159.40000  0.628828346673E-01
 159.50000  0.638231582610E-01
 159.60000  0.555144766932E-01
 159.70000  0.521961701355E-01
 159.80000  0.527742014851E-01
 159.90000  0.510874513090E-01
 160.00000  0.567340235287E-01
 160.10000  0.690327705229E-01
 160.20000  0.688380535727E-01
 160.30000  0.559465808375E-01
 160.40000  0.481864989515E-01
 160.50000  0.468828995110E-01
 160.60000  0.478011878282E-01
 160.70000  0.592684899537E-01
 160.80000  0.751666517034E-01
 160.90000  0.731952283600E-01
 161.00000  0.556810265173E-01
 161.10000  0.439668347049E-01
 161.20000  0.414053083064E-01
 161.30000  0.453015031148E-01
 161.40000  0.623571547369E-01
 161.50000  0.811080704526E-01
 161.60000  0.767928561566E-01
 161.70000  0.547747139516E-01
 161.80000  0.397024689945E-01
 161.90000  0.364911481398E-01
 162.00000  0.436172811290E-01
 162.10000  0.658915801231E-01
 162.20000  0.867077779345E-01
 162.30000  0.795761263576E-01
 162.40000  0.533154727660E-01
 162.50000  0.355513533147E-01
 162.60000  0.322532594950E-01
 162.70000  0.427419696132E-01
 162.80000  0.697579977809E-01
 162.90000  0.918459270753E-01
 163.00000  0.815311322236E-01
 163.10000  0.514108801974E-01
 163.20000  0.316547142079E-01
 163.30000  0.287649071988E-01
 163.40000  0.426367077883E-01
 163.50000  0.738404035767E-01
 163.60000  0.964290317650E-01
 163.70000  0.826743581425E-01
 163.80000  0.491747498147E-01
 163.90000  0.281270966819E-01
 164.00000  0.260568477554E-01
 164.10000  0.432322589135E-01
 164.20000  0.780213832454E-01
 164.30000  0.100384772330E+00
 164.40000  0.830417239522E-01
 164.50000  0.467155997498E-01
 164.60000  0.250500727323E-01
 164.70000  0.241182441201E-01
 164.80000  0.444339407819E-01
 164.90000  0.821852664642E-01
 165.00000  0.103659636922E+00
 165.10000  0.826821546424E-01
 165.20000  0.441314647241E-01
 165.30000  0.224730251648E-01
 165.40000  0.229040099125E-01
 165.50000  0.461317389202E-01
 165.60000  0.862256841481E-01
 165.70000  0.106221208436E+00
 165.80000  0.816567235652E-01
 165.90000  0.415108855779E-01
 166.00000  0.204195859166E-01
 166.10000  0.223463418814E-01
 166.20000  0.482131045775E-01
 166.30000  0.900550073911E-01
 166.40000  0.108062322729E+00
 166.50000  0.800399360738E-01
 166.60000  0.389357993477E-01
 166.70000  0.188948510478E-01
 166.80000  0.223655104912E-01
 166.90000  0.505739187642E-01
 167.00000  0.936116197282E-01
 167.10000  0.109203256971E+00
 167.20000  0.779192898916E-01
 167.30000  0.364824858770E-01
 167.40000  0.178898483649E-01
 167.50000  0.228770755587E-01
 167.60000  0.531256430167E-01
 167.70000  0.968637141145E-01
 167.80000  0.109691005647E+00
 167.90000  0.753924475916E-01
 168.00000  0.342203443675E-01
 168.10000  0.173836548731E-01
 168.20000  0.237965708827E-01
 168.30000  0.558001289753E-01
 168.40000  0.998111585042E-01
 168.50000  0.109597101286E+00
 168.60000  0.725636123731E-01
 168.70000  0.322105088951E-01
 168.80000  0.173455208696E-01
 168.90000  0.250439322266E-01
 169.00000  0.585537660204E-01
 169.10000  0.102486246369E+00
 169.20000  0.109014208188E+00
 169.30000  0.695394255122E-01
 169.40000  0.305050616077E-01
 169.50000  0.177377562502E-01
 169.60000  0.265476328607E-01
 169.70000  0.613697260788E-01
 169.80000  0.104951124453E+00
 169.90000  0.108049090242E+00
 170.00000  0.664225686922E-01
 170.10000  0.291455836859E-01
 170.20000  0.185178588285E-01
 170.30000  0.282462090461E-01
 170.40000  0.642555808329E-01
 170.50000  0.107289544952E+00
 170.60000  0.106810447253E+00
 170.70000  0.633023044385E-01
 170.80000  0.281602874628E-01
 170.90000  0.196385190211E-01
 171.00000  0.300858415700E-01
 171.10000  0.672365166183E-01
 171.20000  0.109595324914E+00
 171.30000  0.105395183214E+00
 171.40000  0.602452007292E-01
 171.50000  0.275616920142E-01
 171.60000  0.210465660311E-01
 171.70000  0.320162783176E-01
 171.80000  0.703497030708E-01
 171.90000  0.111965678946E+00
 172.00000  0.103881057733E+00
 172.10000  0.572917820917E-01
 172.20000  0.273484063888E-01
 172.30000  0.226837613177E-01
 172.40000  0.339897639502E-01
 172.50000  0.736474298946E-01
 172.60000  0.114507753591E+00
 172.70000  0.102331471016E+00
 172.80000  0.544619704283E-01
 172.90000  0.275128548971E-01
 173.00000  0.244914578861E-01
 173.10000  0.359658932366E-01
 173.20000  0.772125836921E-01
 173.30000  0.117359832164E+00
 173.40000  0.100809850118E+00
 173.50000  0.517656267485E-01
 173.60000  0.280532791986E-01
 173.70000  0.264182505799E-01
 173.80000  0.379204438864E-01
 173.90000  0.811832667058E-01
 174.00000  0.120720925124E+00
 174.10000  0.993937875592E-01
 174.20000  0.492101949645E-01
 174.30000  0.289870703324E-01
 174.40000  0.284277168919E-01
 174.50000  0.398524846287E-01
 174.60000  0.857813461370E-01
 174.70000  0.124882931545E+00
 174.80000  0.981799516322E-01
 174.90000  0.467997834129E-01
 175.00000  0.303664369404E-01
 175.10000  0.305049472333E-01
 175.20000  0.417855544264E-01
 175.30000  0.913492405772E-01
 175.40000  0.130274315579E+00
 175.50000  0.972811101826E-01
 175.60000  0.445280531781E-01
 175.70000  0.323074538837E-01
 175.80000  0.326664558994E-01
 175.90000  0.437653021211E-01
 176.00000  0.984228275018E-01
 176.10000  0.137554614737E+00
 176.20000  0.968303471259E-01
 176.30000  0.423758307644E-01
 176.40000  0.350627541927E-01
 176.50000  0.349887732570E-01
 176.60000  0.458643093382E-01
 176.70000  0.107915856903E+00
 176.80000  0.147859415735E+00
 176.90000  0.970201827666E-01
 177.00000  0.403316676159E-01
 177.10000  0.392192332807E-01
 177.20000  0.376959781912E-01
 177.30000  0.482136867930E-01
 177.40000  0.121624634439E+00
 177.50000  0.163476587320E+00
 177.60000  0.982303123823E-01
 177.70000  0.384786463684E-01
 177.80000  0.463056178216E-01
 177.90000  0.414465555549E-01
 178.00000  0.511086318848E-01
 178.10000  0.143821522384E+00
 178.20000  0.190034453368E+00
 178.30000  0.101428435311E+00
 178.40000  0.373647663625E-01
 178.50000  0.612174132501E-01
 178.60000  0.485519392665E-01
 178.70000  0.554166157113E-01
 178.80000  0.188170172645E+00
 178.90000  0.246521361672E+00
 179.00000  0.109925190808E+00
 179.10000  0.406150348341E-01
 179.20000  0.108374773520E+00
 179.30000  0.720488878825E-01
 179.40000  0.657387897704E-01
 179.50000  0.339941514252E+00
 179.60000  0.470093533965E+00
 179.70000  0.146429137734E+00
 179.80000  0.141263383152E+00
 179.90000  0.952767562710E+00
 180.00000  0.152311360274E+01
