 # E =   0.799941429392581       eV =    6452.43520000000       1/cm
 #  1801
# DFFCSO.  ACCUM LEV(I),J(I) =  1  0 LEV(F),J(F) =  1  0       , M =  0, WEIGHTED BY  1.00000
   0.10000  0.106872566915E+08
   0.20000  0.278834711575E+07
   0.30000  0.373090810741E+06
   0.40000  0.489584625134E+06
   0.50000  0.227513380576E+06
   0.60000  0.162091223705E+06
   0.70000  0.154628852622E+06
   0.80000  0.858166520729E+05
   0.90000  0.852514415387E+05
   1.00000  0.532189690792E+05
   1.10000  0.454965164968E+05
   1.20000  0.502319712092E+05
   1.30000  0.285031235897E+05
   1.40000  0.224396118208E+05
   1.50000  0.197025044896E+05
   1.60000  0.129119304236E+05
   1.70000  0.161601280950E+05
   1.80000  0.155098631005E+05
   1.90000  0.916719565824E+04
   2.00000  0.101933571158E+05
   2.10000  0.106693368990E+05
   2.20000  0.985270239404E+04
   2.30000  0.118521372131E+05
   2.40000  0.871426153842E+04
   2.50000  0.529502942775E+04
   2.60000  0.625487228437E+04
   2.70000  0.595664591852E+04
   2.80000  0.529864403635E+04
   2.90000  0.600202963150E+04
   3.00000  0.475521041686E+04
   3.10000  0.308005586301E+04
   3.20000  0.406059975681E+04
   3.30000  0.445166790439E+04
   3.40000  0.376827625757E+04
   3.50000  0.357577092474E+04
   3.60000  0.237572728584E+04
   3.70000  0.134499561234E+04
   3.80000  0.196321652776E+04
   3.90000  0.256652166520E+04
   4.00000  0.251820888793E+04
   4.10000  0.276474674333E+04
   4.20000  0.246828154249E+04
   4.30000  0.162623651696E+04
   4.40000  0.192119529162E+04
   4.50000  0.240724727921E+04
   4.60000  0.206225546531E+04
   4.70000  0.180708143006E+04
   4.80000  0.164143422800E+04
   4.90000  0.109426599355E+04
   5.00000  0.962721419885E+03
   5.10000  0.150788087090E+04
   5.20000  0.162216340931E+04
   5.30000  0.134300482344E+04
   5.40000  0.112261167166E+04
   5.50000  0.681067581218E+03
   5.60000  0.355019737830E+03
   5.70000  0.560882755120E+03
   5.80000  0.872418797635E+03
   5.90000  0.919306127433E+03
   6.00000  0.942228717358E+03
   6.10000  0.801807617828E+03
   6.20000  0.442980723904E+03
   6.30000  0.430386970636E+03
   6.40000  0.682961612841E+03
   6.50000  0.773373395962E+03
   6.60000  0.816873131170E+03
   6.70000  0.908449857074E+03
   6.80000  0.748746911213E+03
   6.90000  0.501568271428E+03
   7.00000  0.606752862137E+03
   7.10000  0.779099952406E+03
   7.20000  0.776847719517E+03
   7.30000  0.817082994662E+03
   7.40000  0.846362555192E+03
   7.50000  0.654041775968E+03
   7.60000  0.480180422856E+03
   7.70000  0.572197900688E+03
   7.80000  0.658778629357E+03
   7.90000  0.655493499852E+03
   8.00000  0.706468819989E+03
   8.10000  0.680672927817E+03
   8.20000  0.493939457730E+03
   8.30000  0.367432108067E+03
   8.40000  0.405742240738E+03
   8.50000  0.427656405884E+03
   8.60000  0.443675120507E+03
   8.70000  0.507666411930E+03
   8.80000  0.467032753102E+03
   8.90000  0.320926672231E+03
   9.00000  0.238097793844E+03
   9.10000  0.240133902437E+03
   9.20000  0.227629449800E+03
   9.30000  0.256539271162E+03
   9.40000  0.327880176417E+03
   9.50000  0.298184651904E+03
   9.60000  0.201377209063E+03
   9.70000  0.155675059631E+03
   9.80000  0.143719676669E+03
   9.90000  0.114293125345E+03
  10.00000  0.135634455847E+03
  10.10000  0.196637861394E+03
  10.20000  0.181332017285E+03
  10.30000  0.125362603770E+03
  10.40000  0.104428570702E+03
  10.50000  0.909766409862E+02
  10.60000  0.587848347083E+02
  10.70000  0.664967042569E+02
  10.80000  0.107962097684E+03
  10.90000  0.102592430535E+03
  11.00000  0.767047537004E+02
  11.10000  0.712191509763E+02
  11.20000  0.610067872701E+02
  11.30000  0.359437317398E+02
  11.40000  0.372274732575E+02
  11.50000  0.617100069800E+02
  11.60000  0.592746607133E+02
  11.70000  0.498422168979E+02
  11.80000  0.513003557146E+02
  11.90000  0.428977801523E+02
  12.00000  0.250473375516E+02
  12.10000  0.240653382493E+02
  12.20000  0.365266258377E+02
  12.30000  0.327485511218E+02
  12.40000  0.297687291717E+02
  12.50000  0.335004681372E+02
  12.60000  0.266624999809E+02
  12.70000  0.152719646304E+02
  12.80000  0.156328464744E+02
  12.90000  0.229548282801E+02
  13.00000  0.187534664347E+02
  13.10000  0.179540586032E+02
  13.20000  0.219073988650E+02
  13.30000  0.161221135315E+02
  13.40000  0.874675116700E+01
  13.50000  0.104442239711E+02
  13.60000  0.160677732565E+02
  13.70000  0.125358883690E+02
  13.80000  0.119768258895E+02
  13.90000  0.151306140573E+02
  14.00000  0.101558350028E+02
  14.10000  0.467261761130E+01
  14.20000  0.572119359725E+01
  14.30000  0.963034055177E+01
  14.40000  0.728346641325E+01
  14.50000  0.743077644095E+01
  14.60000  0.103708414997E+02
  14.70000  0.642814837367E+01
  14.80000  0.232928645929E+01
  14.90000  0.258453605649E+01
  15.00000  0.481933891344E+01
  15.10000  0.331780684045E+01
  15.20000  0.451793061531E+01
  15.30000  0.804373548192E+01
  15.40000  0.508038358176E+01
  15.50000  0.178120157326E+01
  15.60000  0.184433571128E+01
  15.70000  0.319737325800E+01
  15.80000  0.149357895037E+01
  15.90000  0.207466973148E+01
  16.00000  0.569763060845E+01
  16.10000  0.405904572353E+01
  16.20000  0.164577815114E+01
  16.30000  0.202186262492E+01
  16.40000  0.358849397212E+01
  16.50000  0.170619335762E+01
  16.60000  0.186234570568E+00
  16.70000  0.246854266363E+01
  16.80000  0.215943668439E+01
  16.90000  0.115703372399E+01
  17.00000  0.195062884167E+01
  17.10000  0.415404797384E+01
  17.20000  0.320841397735E+01
  17.30000  0.222068987595E+00
  17.40000  0.416696751018E+00
  17.50000  0.756432302621E+00
  17.60000  0.128671213444E+01
  17.70000  0.206386915522E+01
  17.80000  0.381680318156E+01
  17.90000  0.409348156081E+01
  18.00000  0.153362875163E+01
  18.10000  0.302325261177E+00
  18.20000  0.100162086402E+00
  18.30000  0.125294309775E+01
  18.40000  0.165258660790E+01
  18.50000  0.180899518957E+01
  18.60000  0.253918581486E+01
  18.70000  0.214979520626E+01
  18.80000  0.174442065549E+01
  18.90000  0.862662145523E+00
  19.00000  0.142708529898E+01
  19.10000  0.159869792000E+01
  19.20000  0.520059067277E+00
  19.30000  0.554578076673E+00
  19.40000  0.150083099736E+01
  19.50000  0.270406056738E+01
  19.60000  0.163737734868E+01
  19.70000  0.895525769302E+00
  19.80000  0.103474515446E+01
  19.90000  0.397295920695E+00
  20.00000  0.134390483589E+00
  20.10000  0.885599209394E+00
  20.20000  0.281267664045E+01
  20.30000  0.228153786421E+01
  20.40000  0.684365204507E+00
  20.50000  0.510850488704E+00
  20.60000  0.813469879035E+00
  20.70000  0.923335125181E+00
  20.80000  0.556587510773E+00
  20.90000  0.162336428230E+01
  21.00000  0.175663189297E+01
  21.10000  0.578495428594E+00
  21.20000  0.279176461412E+00
  21.30000  0.107043992483E+01
  21.40000  0.197375546513E+01
  21.50000  0.104855034782E+01
  21.60000  0.685569506121E+00
  21.70000  0.982452701330E+00
  21.80000  0.949950433220E+00
  21.90000  0.856746483467E+00
  22.00000  0.997791724937E+00
  22.10000  0.187286930987E+01
  22.20000  0.121520479377E+01
  22.30000  0.208180528319E+00
  22.40000  0.192020079883E+00
  22.50000  0.973792889153E+00
  22.60000  0.152901192269E+01
  22.70000  0.905475147920E+00
  22.80000  0.989519464933E+00
  22.90000  0.101198088206E+01
  23.00000  0.777474014020E+00
  23.10000  0.553886957438E+00
  23.20000  0.838119039455E+00
  23.30000  0.149081934846E+01
  23.40000  0.741329091446E+00
  23.50000  0.123419743875E+00
  23.60000  0.251952937949E+00
  23.70000  0.945861227292E+00
  23.80000  0.104929521439E+01
  23.90000  0.458577769922E+00
  24.00000  0.626551040418E+00
  24.10000  0.517820027064E+00
  24.20000  0.350034181260E+00
  24.30000  0.266145628579E+00
  24.40000  0.798699008988E+00
  24.50000  0.118470294782E+01
  24.60000  0.405679687869E+00
  24.70000  0.482077485019E-01
  24.80000  0.185916162724E+00
  24.90000  0.681105216004E+00
  25.00000  0.533950508101E+00
  25.10000  0.228432316718E+00
  25.20000  0.447141502470E+00
  25.30000  0.256911015212E+00
  25.40000  0.158435165487E+00
  25.50000  0.142696168694E+00
  25.60000  0.669276486356E+00
  25.70000  0.759982398385E+00
  25.80000  0.157877662944E+00
  25.90000  0.477591300245E-01
  26.00000  0.219506814673E+00
  26.10000  0.606343024484E+00
  26.20000  0.365578730884E+00
  26.30000  0.249180710279E+00
  26.40000  0.370189575506E+00
  26.50000  0.158349245470E+00
  26.60000  0.921492213315E-01
  26.70000  0.128120369889E+00
  26.80000  0.636029028396E+00
  26.90000  0.543440403033E+00
  27.00000  0.108171058491E+00
  27.10000  0.111017016239E+00
  27.20000  0.344950472428E+00
  27.30000  0.637283642333E+00
  27.40000  0.352011352487E+00
  27.50000  0.373076845586E+00
  27.60000  0.404874252996E+00
  27.70000  0.199011770139E+00
  27.80000  0.119279363244E+00
  27.90000  0.243810981395E+00
  28.00000  0.696153355366E+00
  28.10000  0.426560772368E+00
  28.20000  0.815027408396E-01
  28.30000  0.132677924754E+00
  28.40000  0.435444360381E+00
  28.50000  0.626078196520E+00
  28.60000  0.370386490926E+00
  28.70000  0.499603956755E+00
  28.80000  0.468845164490E+00
  28.90000  0.295416930650E+00
  29.00000  0.213563120025E+00
  29.10000  0.436245165558E+00
  29.20000  0.770147664484E+00
  29.30000  0.354973714583E+00
  29.40000  0.554332090452E-01
  29.50000  0.130842568654E+00
  29.60000  0.487101128708E+00
  29.70000  0.551905484023E+00
  29.80000  0.309517784813E+00
  29.90000  0.449531183314E+00
  30.00000  0.398114778255E+00
  30.10000  0.307546589011E+00
  30.20000  0.259481660293E+00
  30.30000  0.562765185636E+00
  30.40000  0.759773093856E+00
  30.50000  0.294625105006E+00
  30.60000  0.559834166271E-01
  30.70000  0.169987005497E+00
  30.80000  0.535261773061E+00
  30.90000  0.445322590199E+00
  31.00000  0.186617582616E+00
  31.10000  0.269635881813E+00
  31.20000  0.236662716082E+00
  31.30000  0.226553161851E+00
  31.40000  0.194937800395E+00
  31.50000  0.499247309598E+00
  31.60000  0.561297767886E+00
  31.70000  0.171534507391E+00
  31.80000  0.445232362551E-01
  31.90000  0.207564314753E+00
  32.00000  0.525401426421E+00
  32.10000  0.325560185910E+00
  32.20000  0.111085340513E+00
  32.30000  0.151687367545E+00
  32.40000  0.147711888994E+00
  32.50000  0.157354875351E+00
  32.60000  0.119772818176E+00
  32.70000  0.377393806238E+00
  32.80000  0.332884567943E+00
  32.90000  0.635357415656E-01
  33.00000  0.300710268776E-01
  33.10000  0.229772726560E+00
  33.20000  0.471349052574E+00
  33.30000  0.238650531598E+00
  33.40000  0.124512418710E+00
  33.50000  0.151775703990E+00
  33.60000  0.166466965282E+00
  33.70000  0.150499723718E+00
  33.80000  0.140574413450E+00
  33.90000  0.365055752447E+00
  34.00000  0.237794374283E+00
  34.10000  0.364888413198E-01
  34.20000  0.498099230629E-01
  34.30000  0.307406168661E+00
  34.40000  0.481432602461E+00
  34.50000  0.237823669860E+00
  34.60000  0.187781640137E+00
  34.70000  0.224873221442E+00
  34.80000  0.283367024474E+00
  34.90000  0.239900743491E+00
  35.00000  0.263101324476E+00
  35.10000  0.432860257022E+00
  35.20000  0.240199997658E+00
  35.30000  0.630295897311E-01
  35.40000  0.102207595344E+00
  35.50000  0.416187151746E+00
  35.60000  0.502219810640E+00
  35.70000  0.220425014481E+00
  35.80000  0.178494535059E+00
  35.90000  0.272209584473E+00
  36.00000  0.415678356331E+00
  36.10000  0.344042932050E+00
  36.20000  0.356840471985E+00
  36.30000  0.452007381328E+00
  36.40000  0.271618483261E+00
  36.50000  0.144160823511E+00
  36.60000  0.195057879548E+00
  36.70000  0.493885816940E+00
  36.80000  0.457116255118E+00
  36.90000  0.148251449918E+00
  37.00000  0.103987461242E+00
  37.10000  0.261628798422E+00
  37.20000  0.444571466931E+00
  37.30000  0.316565040002E+00
  37.40000  0.293730788778E+00
  37.50000  0.341617530942E+00
  37.60000  0.253858012369E+00
  37.70000  0.195849694066E+00
  37.80000  0.245665928278E+00
  37.90000  0.477637492953E+00
  38.00000  0.353554821098E+00
  38.10000  0.905137522209E-01
  38.20000  0.661335987685E-01
  38.30000  0.252522711857E+00
  38.40000  0.392657966650E+00
  38.50000  0.209665624157E+00
  38.60000  0.172270125053E+00
  38.70000  0.201925674545E+00
  38.80000  0.199640493671E+00
  38.90000  0.173217630620E+00
  39.00000  0.222227973144E+00
  39.10000  0.389626315265E+00
  39.20000  0.237626716559E+00
  39.30000  0.584691913448E-01
  39.40000  0.665531142707E-01
  39.50000  0.264895176330E+00
  39.60000  0.334274331424E+00
  39.70000  0.133897521933E+00
  39.80000  0.107193991884E+00
  39.90000  0.135564491591E+00
  40.00000  0.178042228937E+00
  40.10000  0.146287576695E+00
  40.20000  0.205945206770E+00
  40.30000  0.321472903627E+00
  40.40000  0.167101560902E+00
  40.50000  0.510153964347E-01
  40.60000  0.941769131878E-01
  40.70000  0.310443213214E+00
  40.80000  0.312102304274E+00
  40.90000  0.107937415077E+00
  41.00000  0.875301733036E-01
  41.10000  0.139237615897E+00
  41.20000  0.211269355281E+00
  41.30000  0.156662400124E+00
  41.40000  0.214407491726E+00
  41.50000  0.279130061456E+00
  41.60000  0.143546539749E+00
  41.70000  0.711876961322E-01
  41.80000  0.150663414352E+00
  41.90000  0.376359775869E+00
  42.00000  0.311566277350E+00
  42.10000  0.100707808844E+00
  42.20000  0.833850132905E-01
  42.30000  0.192058532327E+00
  42.40000  0.285023409101E+00
  42.50000  0.182373582025E+00
  42.60000  0.198248361361E+00
  42.70000  0.222177898707E+00
  42.80000  0.146237561158E+00
  42.90000  0.110402603249E+00
  43.00000  0.201888919306E+00
  43.10000  0.398072897831E+00
  43.20000  0.283644895153E+00
  43.30000  0.923472178421E-01
  43.40000  0.978388975355E-01
  43.50000  0.276738353483E+00
  43.60000  0.363646349021E+00
  43.70000  0.194546559559E+00
  43.80000  0.150023055989E+00
  43.90000  0.169592097251E+00
  44.00000  0.185187321489E+00
  44.10000  0.157326315003E+00
  44.20000  0.203019459890E+00
  44.30000  0.325124855850E+00
  44.40000  0.206419469842E+00
  44.50000  0.794085544439E-01
  44.60000  0.115735366453E+00
  44.70000  0.330022933482E+00
  44.80000  0.380177397607E+00
  44.90000  0.174597873102E+00
  45.00000  0.107802517879E+00
  45.10000  0.170534257074E+00
  45.20000  0.271070126038E+00
  45.30000  0.210673783153E+00
  45.40000  0.171846250213E+00
  45.50000  0.214189083138E+00
  45.60000  0.142773909883E+00
  45.70000  0.888961598637E-01
  45.80000  0.116209937529E+00
  45.90000  0.292405116638E+00
  46.00000  0.290596429410E+00
  46.10000  0.110175142469E+00
  46.20000  0.707528790150E-01
  46.30000  0.187852202251E+00
  46.40000  0.328837341004E+00
  46.50000  0.228761916498E+00
  46.60000  0.140067517737E+00
  46.70000  0.153146600873E+00
  46.80000  0.161795333550E+00
  46.90000  0.151035772768E+00
  47.00000  0.128947282873E+00
  47.10000  0.224568098434E+00
  47.20000  0.182661263080E+00
  47.30000  0.605193204261E-01
  47.40000  0.457812703238E-01
  47.50000  0.175915178301E+00
  47.60000  0.297883838778E+00
  47.70000  0.175934139438E+00
  47.80000  0.941434149159E-01
  47.90000  0.127519635906E+00
  48.00000  0.214552912837E+00
  48.10000  0.217129284715E+00
  48.20000  0.158579810237E+00
  48.30000  0.200615148762E+00
  48.40000  0.157066171088E+00
  48.50000  0.920172680933E-01
  48.60000  0.765937258391E-01
  48.70000  0.186846612518E+00
  48.80000  0.255334904499E+00
  48.90000  0.116979882210E+00
  49.00000  0.485530906967E-01
  49.10000  0.110119981715E+00
  49.20000  0.250569112255E+00
  49.30000  0.241195424004E+00
  49.40000  0.162316468355E+00
  49.50000  0.187288452679E+00
  49.60000  0.190674344816E+00
  49.70000  0.187165397642E+00
  49.80000  0.166443127284E+00
  49.90000  0.252391481286E+00
  50.00000  0.271086586203E+00
  50.10000  0.129891708344E+00
  50.20000  0.650184834058E-01
  50.30000  0.146023318348E+00
  50.40000  0.302147991051E+00
  50.50000  0.241853855027E+00
  50.60000  0.118715431645E+00
  50.70000  0.133443451901E+00
  50.80000  0.220783937313E+00
  50.90000  0.277299202798E+00
  51.00000  0.229507221044E+00
  51.10000  0.271296667925E+00
  51.20000  0.279514122896E+00
  51.30000  0.205012328233E+00
  51.40000  0.168336262204E+00
  51.50000  0.249571750721E+00
  51.60000  0.375843823838E+00
  51.70000  0.261595902154E+00
  51.80000  0.107469760548E+00
  51.90000  0.119038692456E+00
  52.00000  0.273117476093E+00
  52.10000  0.331943685378E+00
  52.20000  0.204011879512E+00
  52.30000  0.172235730271E+00
  52.40000  0.212202433031E+00
  52.50000  0.257016919098E+00
  52.60000  0.241672090690E+00
  52.70000  0.270101349208E+00
  52.80000  0.342492098976E+00
  52.90000  0.255387700727E+00
  53.00000  0.158862825807E+00
  53.10000  0.182803102562E+00
  53.20000  0.342994847094E+00
  53.30000  0.357259563481E+00
  53.40000  0.173872096039E+00
  53.50000  0.101784510095E+00
  53.60000  0.184385787870E+00
  53.70000  0.303065994914E+00
  53.80000  0.245234476426E+00
  53.90000  0.173204504868E+00
  54.00000  0.195571882580E+00
  54.10000  0.201245807055E+00
  54.20000  0.193731796542E+00
  54.30000  0.195000448807E+00
  54.40000  0.295759150058E+00
  54.50000  0.284964021500E+00
  54.60000  0.152249037096E+00
  54.70000  0.109413002150E+00
  54.80000  0.215144943163E+00
  54.90000  0.336805061173E+00
  55.00000  0.229386722223E+00
  55.10000  0.101937315870E+00
  55.20000  0.112591471819E+00
  55.30000  0.205192658871E+00
  55.40000  0.230822692900E+00
  55.50000  0.156454714091E+00
  55.60000  0.167166482790E+00
  55.70000  0.166883829995E+00
  55.80000  0.138555744499E+00
  55.90000  0.123077978650E+00
  56.00000  0.192478440107E+00
  56.10000  0.270691163384E+00
  56.20000  0.171106828445E+00
  56.30000  0.764630813248E-01
  56.40000  0.107104402902E+00
  56.50000  0.241537207632E+00
  56.60000  0.254601385831E+00
  56.70000  0.124485810684E+00
  56.80000  0.858433185856E-01
  56.90000  0.127819366440E+00
  57.00000  0.185872278195E+00
  57.10000  0.148622355030E+00
  57.20000  0.131253716239E+00
  57.30000  0.154952854654E+00
  57.40000  0.115182738108E+00
  57.50000  0.847615700206E-01
  57.60000  0.103942222060E+00
  57.70000  0.207103036263E+00
  57.80000  0.196399975277E+00
  57.90000  0.822544649624E-01
  58.00000  0.542420866847E-01
  58.10000  0.136846927005E+00
  58.20000  0.230534234903E+00
  58.30000  0.158049133345E+00
  58.40000  0.813216651024E-01
  58.50000  0.897548601033E-01
  58.60000  0.133220426989E+00
  58.70000  0.143350445747E+00
  58.80000  0.104248054465E+00
  58.90000  0.131302806973E+00
  59.00000  0.116133555819E+00
  59.10000  0.701600328149E-01
  59.20000  0.573802104705E-01
  59.30000  0.121461656884E+00
  59.40000  0.189166848329E+00
  59.50000  0.109358662219E+00
  59.60000  0.399121178827E-01
  59.70000  0.646067816888E-01
  59.80000  0.163728226960E+00
  59.90000  0.178805869313E+00
  60.00000  0.924674937880E-01
  60.10000  0.745144436205E-01
  60.20000  0.945360202423E-01
  60.30000  0.125436746510E+00
  60.40000  0.100420497488E+00
  60.50000  0.997070590719E-01
  60.60000  0.120658969844E+00
  60.70000  0.745300908505E-01
  60.80000  0.438587243890E-01
  60.90000  0.603413556701E-01
  61.00000  0.145924393058E+00
  61.10000  0.140244567420E+00
  61.20000  0.522871335495E-01
  61.30000  0.343978892027E-01
  61.40000  0.954548278074E-01
  61.50000  0.170057341305E+00
  61.60000  0.121405065775E+00
  61.70000  0.725215747653E-01
  61.80000  0.803725206569E-01
  61.90000  0.103388471485E+00
  62.00000  0.109195715098E+00
  62.10000  0.839513544723E-01
  62.20000  0.112460098885E+00
  62.30000  0.952943987034E-01
  62.40000  0.490087238887E-01
  62.50000  0.368729757874E-01
  62.60000  0.892242327140E-01
  62.70000  0.147827406406E+00
  62.80000  0.838002122306E-01
  62.90000  0.289867378198E-01
  63.00000  0.488074742671E-01
  63.10000  0.128606310041E+00
  63.20000  0.146515693786E+00
  63.30000  0.815171800754E-01
  63.40000  0.709981985107E-01
  63.50000  0.845218715516E-01
  63.60000  0.107980760117E+00
  63.70000  0.887250333200E-01
  63.80000  0.872913963590E-01
  63.90000  0.103908908720E+00
  64.00000  0.625487802908E-01
  64.10000  0.354689200061E-01
  64.20000  0.434893144009E-01
  64.30000  0.109281449076E+00
  64.40000  0.106005630760E+00
  64.50000  0.351580248648E-01
  64.60000  0.203071260781E-01
  64.70000  0.657251216705E-01
  64.80000  0.128761271820E+00
  64.90000  0.930677902358E-01
  65.00000  0.537381879961E-01
  65.10000  0.601069236232E-01
  65.20000  0.805590356084E-01
  65.30000  0.902153449428E-01
  65.40000  0.643193898996E-01
  65.50000  0.802354652425E-01
  65.60000  0.670453172442E-01
  65.70000  0.360386856801E-01
  65.80000  0.245865687141E-01
  65.90000  0.506919289920E-01
  66.00000  0.907863999004E-01
  66.10000  0.449325878425E-01
  66.20000  0.820441549312E-02
  66.30000  0.175729332379E-01
  66.40000  0.705149471725E-01
  66.50000  0.872653987220E-01
  66.60000  0.414871058066E-01
  66.70000  0.364768456319E-01
  66.80000  0.447669348736E-01
  66.90000  0.665864582615E-01
  67.00000  0.544309705983E-01
  67.10000  0.479948059293E-01
  67.20000  0.595616315689E-01
  67.30000  0.328506407470E-01
  67.40000  0.202968135954E-01
  67.50000  0.175210475619E-01
  67.60000  0.540822426906E-01
  67.70000  0.521382234138E-01
  67.80000  0.902676939938E-02
  67.90000  0.252078519038E-02
  68.00000  0.224847976527E-01
  68.10000  0.626323293381E-01
  68.20000  0.420924681945E-01
  68.30000  0.238035911627E-01
  68.40000  0.301168849667E-01
  68.50000  0.380765099206E-01
  68.60000  0.477318500278E-01
  68.70000  0.326972334361E-01
  68.80000  0.498793665603E-01
  68.90000  0.402228015734E-01
  69.00000  0.181148747659E-01
  69.10000  0.116636408484E-01
  69.20000  0.262856068450E-01
  69.30000  0.557756694729E-01
  69.40000  0.232407382767E-01
  69.50000  0.139668340360E-02
  69.60000  0.558041782178E-02
  69.70000  0.371419990736E-01
  69.80000  0.507366370815E-01
  69.90000  0.227359162468E-01
  70.00000  0.271034007257E-01
  70.10000  0.291179953822E-01
  70.20000  0.413856924068E-01
  70.30000  0.360157081147E-01
  70.40000  0.396400432737E-01
  70.50000  0.549184986956E-01
  70.60000  0.289190186835E-01
  70.70000  0.164601833706E-01
  70.80000  0.162019800512E-01
  70.90000  0.507010180849E-01
  71.00000  0.504019994981E-01
  71.10000  0.949482968355E-02
  71.20000  0.170922625461E-02
  71.30000  0.184855724680E-01
  71.40000  0.552692511438E-01
  71.50000  0.377824499437E-01
  71.60000  0.196156908518E-01
  71.70000  0.262964513682E-01
  71.80000  0.357625367570E-01
  71.90000  0.477468200097E-01
  72.00000  0.357441395569E-01
  72.10000  0.531554630904E-01
  72.20000  0.482076373348E-01
  72.30000  0.281515766707E-01
  72.40000  0.220720075227E-01
  72.50000  0.374703045083E-01
  72.60000  0.685636169652E-01
  72.70000  0.359643555123E-01
  72.80000  0.563586919340E-02
  72.90000  0.759803593185E-02
  73.00000  0.445383411376E-01
  73.10000  0.612578646483E-01
  73.20000  0.231452624374E-01
  73.30000  0.150947000311E-01
  73.40000  0.246955190938E-01
  73.50000  0.511418531424E-01
  73.60000  0.473425034733E-01
  73.70000  0.372896398466E-01
  73.80000  0.495438284287E-01
  73.90000  0.387177642314E-01
  74.00000  0.358134675843E-01
  74.10000  0.317548859511E-01
  74.20000  0.585761502428E-01
  74.30000  0.618026718834E-01
  74.40000  0.228693199398E-01
  74.50000  0.928382043862E-02
  74.60000  0.253297553572E-01
  74.70000  0.666105453601E-01
  74.80000  0.466148507147E-01
  74.90000  0.986388787159E-02
  75.00000  0.964612325709E-02
  75.10000  0.356284815319E-01
  75.20000  0.605706261405E-01
  75.30000  0.347830481367E-01
  75.40000  0.294764140425E-01
  75.50000  0.333850009361E-01
  75.60000  0.398794886186E-01
  75.70000  0.405651584774E-01
  75.80000  0.371483233427E-01
  75.90000  0.574777892585E-01
  76.00000  0.396072410507E-01
  76.10000  0.203919683557E-01
  76.20000  0.172743455213E-01
  76.30000  0.450952387423E-01
  76.40000  0.626716368360E-01
  76.50000  0.228750134259E-01
  76.60000  0.352515887761E-02
  76.70000  0.133822609848E-01
  76.80000  0.514984636220E-01
  76.90000  0.488723535882E-01
  77.00000  0.164297495513E-01
  77.10000  0.157775743228E-01
  77.20000  0.258057306711E-01
  77.30000  0.456154107327E-01
  77.40000  0.325695263371E-01
  77.50000  0.320521394778E-01
  77.60000  0.371706408530E-01
  77.70000  0.255674362739E-01
  77.80000  0.231265268033E-01
  77.90000  0.232137348527E-01
  78.00000  0.498125268102E-01
  78.10000  0.381446986387E-01
  78.20000  0.921864515802E-02
  78.30000  0.460993709795E-02
  78.40000  0.260342761900E-01
  78.50000  0.535869862953E-01
  78.60000  0.248813913150E-01
  78.70000  0.490842085758E-02
  78.80000  0.901877218263E-02
  78.90000  0.333150086040E-01
  79.00000  0.419502614759E-01
  79.10000  0.193338943887E-01
  79.20000  0.224222995445E-01
  79.30000  0.212987815884E-01
  79.40000  0.269447964415E-01
  79.50000  0.222197987006E-01
  79.60000  0.271890449583E-01
  79.70000  0.402499892726E-01
  79.80000  0.188160503029E-01
  79.90000  0.858697210397E-02
  80.00000  0.106028972001E-01
  80.10000  0.405551435239E-01
  80.20000  0.418213288591E-01
  80.30000  0.894029954073E-02
  80.40000  0.207935092689E-02
  80.50000  0.165148889180E-01
  80.60000  0.470441054185E-01
  80.70000  0.316474729843E-01
  80.80000  0.121886388054E-01
  80.90000  0.149524994906E-01
  81.00000  0.249383308172E-01
  81.10000  0.361079995873E-01
  81.20000  0.220739884041E-01
  81.30000  0.300204429779E-01
  81.40000  0.277781922822E-01
  81.50000  0.181454098973E-01
  81.60000  0.152553478439E-01
  81.70000  0.243076116121E-01
  81.80000  0.487024342948E-01
  81.90000  0.271702686757E-01
  82.00000  0.558353259366E-02
  82.10000  0.735911522916E-02
  82.20000  0.392670969003E-01
  82.30000  0.555785007156E-01
  82.40000  0.211078248957E-01
  82.50000  0.756108535853E-02
  82.60000  0.180018445072E-01
  82.70000  0.489755357739E-01
  82.80000  0.450437519720E-01
  82.90000  0.217614723054E-01
  83.00000  0.237367870701E-01
  83.10000  0.267943777645E-01
  83.20000  0.367365046142E-01
  83.30000  0.269522350587E-01
  83.40000  0.346477365061E-01
  83.50000  0.390352228560E-01
  83.60000  0.209755886121E-01
  83.70000  0.150138277951E-01
  83.80000  0.235056836935E-01
  83.90000  0.565481183816E-01
  84.00000  0.444150213030E-01
  84.10000  0.120748569852E-01
  84.20000  0.892582018825E-02
  84.30000  0.393325183960E-01
  84.40000  0.699835081713E-01
  84.50000  0.386193155468E-01
  84.60000  0.132187554245E-01
  84.70000  0.191688628456E-01
  84.80000  0.498365175700E-01
  84.90000  0.575201174884E-01
  85.00000  0.284872039044E-01
  85.10000  0.247937800809E-01
  85.20000  0.271432221471E-01
  85.30000  0.373086204958E-01
  85.40000  0.307584518289E-01
  85.50000  0.310962604458E-01
  85.60000  0.420968452457E-01
  85.70000  0.254336276423E-01
  85.80000  0.167587610792E-01
  85.90000  0.201871884244E-01
  86.00000  0.525800245321E-01
  86.10000  0.549791126282E-01
  86.20000  0.195771806139E-01
  86.30000  0.903170493870E-02
  86.40000  0.311007550429E-01
  86.50000  0.694499615828E-01
  86.60000  0.492591625103E-01
  86.70000  0.144900432603E-01
  86.80000  0.132085270556E-01
  86.90000  0.388744282626E-01
  87.00000  0.575159561022E-01
  87.10000  0.292049227067E-01
  87.20000  0.172613838023E-01
  87.30000  0.194490998071E-01
  87.40000  0.297284161478E-01
  87.50000  0.292299994115E-01
  87.60000  0.215136020488E-01
  87.70000  0.339468368861E-01
  87.80000  0.237885178401E-01
  87.90000  0.151927974176E-01
  88.00000  0.143359618945E-01
  88.10000  0.372690935910E-01
  88.20000  0.514997124770E-01
  88.30000  0.218101213408E-01
  88.40000  0.681977274935E-02
  88.50000  0.172195268514E-01
  88.60000  0.523876548308E-01
  88.70000  0.474423102702E-01
  88.80000  0.124327655049E-01
  88.90000  0.533632590979E-02
  89.00000  0.207920983514E-01
  89.10000  0.442737422790E-01
  89.20000  0.253702197487E-01
  89.30000  0.940449332269E-02
  89.40000  0.109855240147E-01
  89.50000  0.173705382443E-01
  89.60000  0.230302449486E-01
  89.70000  0.133814171792E-01
  89.80000  0.242953177109E-01
  89.90000  0.203871764244E-01
  90.00000  0.111364550455E-01
  90.10000  0.957634671271E-02
  90.20000  0.222513882287E-01
  90.30000  0.424392581377E-01
  90.40000  0.214272775048E-01
  90.50000  0.466496272726E-02
  90.60000  0.711150156870E-02
  90.70000  0.331363889955E-01
  90.80000  0.408238566793E-01
  90.90000  0.112412374932E-01
  91.00000  0.181421744258E-02
  91.10000  0.849328037594E-02
  91.20000  0.300323827523E-01
  91.30000  0.227893918716E-01
  91.40000  0.673290472315E-02
  91.50000  0.916427705045E-02
  91.60000  0.104491099684E-01
  91.70000  0.182406574375E-01
  91.80000  0.111226920601E-01
  91.90000  0.198897529827E-01
  92.00000  0.219958792531E-01
  92.10000  0.100760007210E-01
  92.20000  0.829057042534E-02
  92.30000  0.145612796907E-01
  92.40000  0.372501575421E-01
  92.50000  0.249344964332E-01
  92.60000  0.493645958087E-02
  92.70000  0.357435627788E-02
  92.80000  0.222916808740E-01
  92.90000  0.394097170028E-01
  93.00000  0.151947829590E-01
  93.10000  0.186262087516E-02
  93.20000  0.498713338610E-02
  93.30000  0.243007106087E-01
  93.40000  0.271529423828E-01
  93.50000  0.894514070248E-02
  93.60000  0.102801999619E-01
  93.70000  0.109744955506E-01
  93.80000  0.197769829147E-01
  93.90000  0.153669854381E-01
  94.00000  0.179457030245E-01
  94.10000  0.254132331053E-01
  94.20000  0.139677301438E-01
  94.30000  0.114390680850E-01
  94.40000  0.128209654640E-01
  94.50000  0.341737900810E-01
  94.60000  0.320648815520E-01
  94.70000  0.917649226348E-02
  94.80000  0.422133665074E-02
  94.90000  0.177234053062E-01
  95.00000  0.424936372384E-01
  95.10000  0.251813972436E-01
  95.20000  0.388303284471E-02
  95.30000  0.432104540523E-02
  95.40000  0.238811611442E-01
  95.50000  0.374381646981E-01
  95.60000  0.155831462413E-01
  95.70000  0.864244146999E-02
  95.80000  0.115319627240E-01
  95.90000  0.246869918509E-01
  96.00000  0.248742940271E-01
  96.10000  0.158473296298E-01
  96.20000  0.227782618320E-01
  96.30000  0.174223362027E-01
  96.40000  0.176562040510E-01
  96.50000  0.150486526509E-01
  96.60000  0.275936952781E-01
  96.70000  0.348939798154E-01
  96.80000  0.153865687982E-01
  96.90000  0.802454805527E-02
  97.00000  0.145534464454E-01
  97.10000  0.410565395779E-01
  97.20000  0.350621654772E-01
  97.30000  0.841319252083E-02
  97.40000  0.372410694170E-02
  97.50000  0.205729303644E-01
  97.60000  0.439504879474E-01
  97.70000  0.244144535370E-01
  97.80000  0.562558738315E-02
  97.90000  0.717695924226E-02
  98.00000  0.243260945500E-01
  98.10000  0.335034543716E-01
  98.20000  0.149821323591E-01
  98.30000  0.133840579361E-01
  98.40000  0.141128754602E-01
  98.50000  0.210786659845E-01
  98.60000  0.195855460301E-01
  98.70000  0.180476290756E-01
  98.80000  0.277495881235E-01
  98.90000  0.175249106491E-01
  99.00000  0.131791934938E-01
  99.10000  0.127562987974E-01
  99.20000  0.304368173605E-01
  99.30000  0.355255061456E-01
  99.40000  0.129554876182E-01
  99.50000  0.525355469672E-02
  99.60000  0.132052815474E-01
  99.70000  0.377518331038E-01
  99.80000  0.284507939227E-01
  99.90000  0.475780599877E-02
 100.00000  0.188447704644E-02
 100.10000  0.154865785875E-01
 100.20000  0.328285884962E-01
 100.30000  0.151813174506E-01
 100.40000  0.426296719460E-02
 100.50000  0.591492129412E-02
 100.60000  0.168306592179E-01
 100.70000  0.223596912297E-01
 100.80000  0.107622098405E-01
 100.90000  0.150735876546E-01
 101.00000  0.128940255134E-01
 101.10000  0.154430282014E-01
 101.20000  0.140044182518E-01
 101.30000  0.167896618455E-01
 101.40000  0.254839018920E-01
 101.50000  0.131759099662E-01
 101.60000  0.920249064012E-02
 101.70000  0.837389059934E-02
 101.80000  0.226610262257E-01
 101.90000  0.237864206286E-01
 102.00000  0.549429911881E-02
 102.10000  0.167111862893E-02
 102.20000  0.580232840860E-02
 102.30000  0.229934172577E-01
 102.40000  0.142961519763E-01
 102.50000  0.658281939685E-03
 102.60000  0.754082539175E-03
 102.70000  0.867908579266E-02
 102.80000  0.210633722119E-01
 102.90000  0.874029369115E-02
 103.00000  0.580647720176E-02
 103.10000  0.666501827787E-02
 103.20000  0.136760774817E-01
 103.30000  0.176538387333E-01
 103.40000  0.925521003713E-02
 103.50000  0.139871600499E-01
 103.60000  0.997288113269E-02
 103.70000  0.126591027857E-01
 103.80000  0.101834752152E-01
 103.90000  0.107349402663E-01
 104.00000  0.159827859247E-01
 104.10000  0.575085253739E-02
 104.20000  0.509018197100E-02
 104.30000  0.265268688489E-02
 104.40000  0.132383588895E-01
 104.50000  0.133761339553E-01
 104.60000  0.819012780803E-03
 104.70000  0.218074783358E-03
 104.80000  0.360263268847E-02
 104.90000  0.194241650632E-01
 105.00000  0.119764812974E-01
 105.10000  0.224425624390E-02
 105.20000  0.315159276633E-02
 105.30000  0.118203985613E-01
 105.40000  0.236180600998E-01
 105.50000  0.107155764241E-01
 105.60000  0.727901544028E-02
 105.70000  0.744713613019E-02
 105.80000  0.152814249732E-01
 105.90000  0.172711741600E-01
 106.00000  0.741992674988E-02
 106.10000  0.109630939922E-01
 106.20000  0.646216385358E-02
 106.30000  0.857707422634E-02
 106.40000  0.522472002187E-02
 106.50000  0.877044947749E-02
 106.60000  0.151425208432E-01
 106.70000  0.346398770365E-02
 106.80000  0.969411020075E-03
 106.90000  0.250163653382E-02
 107.00000  0.207625423532E-01
 107.10000  0.209827018703E-01
 107.20000  0.368122893322E-02
 107.30000  0.128890177359E-02
 107.40000  0.119232813130E-01
 107.50000  0.331791072360E-01
 107.60000  0.212135640113E-01
 107.70000  0.535883558158E-02
 107.80000  0.565382673609E-02
 107.90000  0.191233257554E-01
 108.00000  0.299600441294E-01
 108.10000  0.125739785315E-01
 108.20000  0.738683869574E-02
 108.30000  0.760493455916E-02
 108.40000  0.146716697077E-01
 108.50000  0.142144769315E-01
 108.60000  0.796809816915E-02
 108.70000  0.154277622415E-01
 108.80000  0.878946051077E-02
 108.90000  0.638812347669E-02
 109.00000  0.555767058302E-02
 109.10000  0.199793501235E-01
 109.20000  0.292161170789E-01
 109.30000  0.109008370428E-01
 109.40000  0.360163223800E-02
 109.50000  0.116476651799E-01
 109.60000  0.384512961099E-01
 109.70000  0.349890723653E-01
 109.80000  0.942987098636E-02
 109.90000  0.435782187454E-02
 110.00000  0.200454815516E-01
 110.10000  0.422468196656E-01
 110.20000  0.244621821572E-01
 110.30000  0.498102926081E-02
 110.40000  0.521605234947E-02
 110.50000  0.202296252438E-01
 110.60000  0.289941063451E-01
 110.70000  0.111971738834E-01
 110.80000  0.810267536532E-02
 110.90000  0.902577561154E-02
 111.00000  0.161047221014E-01
 111.10000  0.157673317384E-01
 111.20000  0.133658710188E-01
 111.30000  0.225027518229E-01
 111.40000  0.153917612613E-01
 111.50000  0.132635754267E-01
 111.60000  0.133043376648E-01
 111.70000  0.284087953522E-01
 111.80000  0.348639857923E-01
 111.90000  0.162683819469E-01
 112.00000  0.969766054756E-02
 112.10000  0.161550319633E-01
 112.20000  0.386840104250E-01
 112.30000  0.318143756715E-01
 112.40000  0.869387668785E-02
 112.50000  0.436409307995E-02
 112.60000  0.175180380193E-01
 112.70000  0.360284347359E-01
 112.80000  0.183263237874E-01
 112.90000  0.208266600886E-02
 113.00000  0.290431534597E-02
 113.10000  0.188700553522E-01
 113.20000  0.277905410993E-01
 113.30000  0.997354731750E-02
 113.40000  0.591780822948E-02
 113.50000  0.875330367229E-02
 113.60000  0.220626994057E-01
 113.70000  0.219680301020E-01
 113.80000  0.131360854510E-01
 113.90000  0.168069903887E-01
 114.00000  0.159011724380E-01
 114.10000  0.225816893638E-01
 114.20000  0.182135858904E-01
 114.30000  0.211529490679E-01
 114.40000  0.235164253241E-01
 114.50000  0.158907594925E-01
 114.60000  0.160438202483E-01
 114.70000  0.144734543761E-01
 114.80000  0.264356335144E-01
 114.90000  0.208647947182E-01
 115.00000  0.854012694221E-02
 115.10000  0.639057304239E-02
 115.20000  0.138286493246E-01
 115.30000  0.284469135031E-01
 115.40000  0.137849687842E-01
 115.50000  0.178912158918E-02
 115.60000  0.258166233802E-02
 115.70000  0.199896193492E-01
 115.80000  0.293649493718E-01
 115.90000  0.941436482349E-02
 116.00000  0.210466546488E-02
 116.10000  0.794992465123E-02
 116.20000  0.292723592848E-01
 116.30000  0.279225745272E-01
 116.40000  0.963805931853E-02
 116.50000  0.794514061210E-02
 116.60000  0.160289712391E-01
 116.70000  0.321259288726E-01
 116.80000  0.216912932556E-01
 116.90000  0.123437291013E-01
 117.00000  0.130693471892E-01
 117.10000  0.179368827877E-01
 117.20000  0.238255237584E-01
 117.30000  0.137839555270E-01
 117.40000  0.166981820577E-01
 117.50000  0.140142767226E-01
 117.60000  0.120936689600E-01
 117.70000  0.110179380536E-01
 117.80000  0.125513323694E-01
 117.90000  0.235247771144E-01
 118.00000  0.122951678831E-01
 118.10000  0.480801168494E-02
 118.20000  0.512066236863E-02
 118.30000  0.220654930629E-01
 118.40000  0.305636329845E-01
 118.50000  0.102414256162E-01
 118.60000  0.215215547965E-02
 118.70000  0.986723016685E-02
 118.80000  0.349588906013E-01
 118.90000  0.314618824472E-01
 119.00000  0.806371750324E-02
 119.10000  0.405039950010E-02
 119.20000  0.179633617613E-01
 119.30000  0.385893848799E-01
 119.40000  0.231153262348E-01
 119.50000  0.657481550616E-02
 119.60000  0.707690006321E-02
 119.70000  0.204456013556E-01
 119.80000  0.289963570712E-01
 119.90000  0.125708519852E-01
 120.00000  0.959810483379E-02
 120.10000  0.981307109460E-02
 120.20000  0.162748981191E-01
 120.30000  0.155409871015E-01
 120.40000  0.116964454487E-01
 120.50000  0.192846617102E-01
 120.60000  0.123544069731E-01
 120.70000  0.106516909360E-01
 120.80000  0.990832199620E-02
 120.90000  0.233357523115E-01
 121.00000  0.298132883209E-01
 121.10000  0.126899957637E-01
 121.20000  0.691738624132E-02
 121.30000  0.135583057640E-01
 121.40000  0.366679965773E-01
 121.50000  0.311751789378E-01
 121.60000  0.857415992841E-02
 121.70000  0.456102419310E-02
 121.80000  0.192117004937E-01
 121.90000  0.393787384086E-01
 122.00000  0.214498095896E-01
 122.10000  0.327857625608E-02
 122.20000  0.399973080012E-02
 122.30000  0.218220272217E-01
 122.40000  0.312965679773E-01
 122.50000  0.109500367782E-01
 122.60000  0.418279157465E-02
 122.70000  0.748404705349E-02
 122.80000  0.224276314535E-01
 122.90000  0.218983791808E-01
 123.00000  0.105140048603E-01
 123.10000  0.130594402168E-01
 123.20000  0.136745667627E-01
 123.30000  0.219354856099E-01
 123.40000  0.173306725280E-01
 123.50000  0.191313995806E-01
 123.60000  0.220604342014E-01
 123.70000  0.164259781221E-01
 123.80000  0.179800313069E-01
 123.90000  0.161313526998E-01
 124.00000  0.274754984766E-01
 124.10000  0.228468605186E-01
 124.20000  0.121125681818E-01
 124.30000  0.103957401623E-01
 124.40000  0.165840498746E-01
 124.50000  0.303632160514E-01
 124.60000  0.162896094939E-01
 124.70000  0.476505759043E-02
 124.80000  0.475413021757E-02
 124.90000  0.208803802019E-01
 125.00000  0.299931087052E-01
 125.10000  0.965171914076E-02
 125.20000  0.121280160253E-02
 125.30000  0.681714367102E-02
 125.40000  0.296450607685E-01
 125.50000  0.287134671446E-01
 125.60000  0.734062838519E-02
 125.70000  0.362024052437E-02
 125.80000  0.154848264641E-01
 125.90000  0.371458777875E-01
 126.00000  0.250395969136E-01
 126.10000  0.840282541373E-02
 126.20000  0.878527942217E-02
 126.30000  0.234623150351E-01
 126.40000  0.359477226152E-01
 126.50000  0.184968731275E-01
 126.60000  0.113884251650E-01
 126.70000  0.129381985492E-01
 126.80000  0.245942771465E-01
 126.90000  0.259836887378E-01
 127.00000  0.145862098666E-01
 127.10000  0.174570512572E-01
 127.20000  0.152033315325E-01
 127.30000  0.196029941490E-01
 127.40000  0.163788391120E-01
 127.50000  0.205734322909E-01
 127.60000  0.267991977099E-01
 127.70000  0.160977980073E-01
 127.80000  0.137922916826E-01
 127.90000  0.160136171593E-01
 128.00000  0.353303141118E-01
 128.10000  0.339574588799E-01
 128.20000  0.144540713319E-01
 128.30000  0.103220568634E-01
 128.40000  0.238638265534E-01
 128.50000  0.475091987765E-01
 128.60000  0.317221885487E-01
 128.70000  0.937719384906E-02
 128.80000  0.905175234751E-02
 128.90000  0.321566386180E-01
 129.00000  0.476554774567E-01
 129.10000  0.212951741756E-01
 129.20000  0.488768416103E-02
 129.30000  0.107554238132E-01
 129.40000  0.365332766228E-01
 129.50000  0.384612341812E-01
 129.60000  0.129616206332E-01
 129.70000  0.686266913288E-02
 129.80000  0.164751938373E-01
 129.90000  0.374571544372E-01
 130.00000  0.287618236012E-01
 130.10000  0.136669053139E-01
 130.20000  0.143303402200E-01
 130.30000  0.227700521456E-01
 130.40000  0.344256123834E-01
 130.50000  0.224604022304E-01
 130.60000  0.196966757032E-01
 130.70000  0.197355814007E-01
 130.80000  0.237087215227E-01
 130.90000  0.261480003309E-01
 131.00000  0.188688337446E-01
 131.10000  0.242861380571E-01
 131.20000  0.186096378017E-01
 131.30000  0.179572820394E-01
 131.40000  0.156442484091E-01
 131.50000  0.191014825371E-01
 131.60000  0.261227837492E-01
 131.70000  0.136193237691E-01
 131.80000  0.996362723941E-02
 131.90000  0.992453589089E-02
 132.00000  0.257496454088E-01
 132.10000  0.272992063049E-01
 132.20000  0.923370393682E-02
 132.30000  0.508008559032E-02
 132.40000  0.139840231424E-01
 132.50000  0.373386689868E-01
 132.60000  0.275761674626E-01
 132.70000  0.688836331980E-02
 132.80000  0.555802925559E-02
 132.90000  0.257408519711E-01
 133.00000  0.463002149670E-01
 133.10000  0.239882891340E-01
 133.20000  0.547550427400E-02
 133.30000  0.960931965315E-02
 133.40000  0.366056328351E-01
 133.50000  0.444960359568E-01
 133.60000  0.159741014134E-01
 133.70000  0.472311558239E-02
 133.80000  0.139737467064E-01
 133.90000  0.391460599200E-01
 134.00000  0.325780258846E-01
 134.10000  0.969080316125E-02
 134.20000  0.730268549984E-02
 134.30000  0.179597603675E-01
 134.40000  0.345261618521E-01
 134.50000  0.214265964510E-01
 134.60000  0.132541560611E-01
 134.70000  0.151288728164E-01
 134.80000  0.223657647983E-01
 134.90000  0.289791582836E-01
 135.00000  0.202256960899E-01
 135.10000  0.256298301839E-01
 135.20000  0.235439892021E-01
 135.30000  0.246738830988E-01
 135.40000  0.245590561617E-01
 135.50000  0.262606752789E-01
 135.60000  0.355183549815E-01
 135.70000  0.244793362275E-01
 135.80000  0.206933711016E-01
 135.90000  0.192177611462E-01
 136.00000  0.311821769164E-01
 136.10000  0.345255192472E-01
 136.20000  0.165822443677E-01
 136.30000  0.115204992475E-01
 136.40000  0.143557404444E-01
 136.50000  0.328225458527E-01
 136.60000  0.260475192965E-01
 136.70000  0.696680128656E-02
 136.80000  0.397861971043E-02
 136.90000  0.155517385892E-01
 137.00000  0.349084442799E-01
 137.10000  0.183869715057E-01
 137.20000  0.240870445898E-02
 137.30000  0.375905954365E-02
 137.40000  0.252524366996E-01
 137.50000  0.383410442715E-01
 137.60000  0.146200910600E-01
 137.70000  0.338682666383E-02
 137.80000  0.106809976214E-01
 137.90000  0.380510190516E-01
 138.00000  0.383133663013E-01
 138.10000  0.122685754531E-01
 138.20000  0.643426521278E-02
 138.30000  0.194356958411E-01
 138.40000  0.440631927551E-01
 138.50000  0.304330662175E-01
 138.60000  0.956207161850E-02
 138.70000  0.871908982442E-02
 138.80000  0.238558792255E-01
 138.90000  0.378329894527E-01
 139.00000  0.181497896359E-01
 139.10000  0.923178283957E-02
 139.20000  0.103423475617E-01
 139.30000  0.223197763652E-01
 139.40000  0.247012496356E-01
 139.50000  0.120565900226E-01
 139.60000  0.153385627913E-01
 139.70000  0.130871704416E-01
 139.80000  0.186866484079E-01
 139.90000  0.159914959562E-01
 140.00000  0.191158994298E-01
 140.10000  0.262293415709E-01
 140.20000  0.165259140577E-01
 140.30000  0.164898802703E-01
 140.40000  0.169343131557E-01
 140.50000  0.337032923163E-01
 140.60000  0.333471548228E-01
 140.70000  0.169872148535E-01
 140.80000  0.145941738219E-01
 140.90000  0.226926443045E-01
 141.00000  0.431562381698E-01
 141.10000  0.298285791473E-01
 141.20000  0.121558703219E-01
 141.30000  0.108367203300E-01
 141.40000  0.269349947421E-01
 141.50000  0.414219764113E-01
 141.60000  0.184097368998E-01
 141.70000  0.497620232577E-02
 141.80000  0.743554267152E-02
 141.90000  0.297607144182E-01
 142.00000  0.334305791317E-01
 142.10000  0.818467793640E-02
 142.20000  0.112333092509E-02
 142.30000  0.966152863604E-02
 142.40000  0.347334971207E-01
 142.50000  0.266938924255E-01
 142.60000  0.503416062188E-02
 142.70000  0.345002755378E-02
 142.80000  0.193117583450E-01
 142.90000  0.410424178155E-01
 143.00000  0.228337654635E-01
 143.10000  0.742554810817E-02
 143.20000  0.975190944927E-02
 143.30000  0.311491418659E-01
 143.40000  0.423935248925E-01
 143.50000  0.188668995290E-01
 143.60000  0.105732221724E-01
 143.70000  0.153669919966E-01
 143.80000  0.368992429685E-01
 143.90000  0.344527815629E-01
 144.00000  0.141971593815E-01
 144.10000  0.122669103196E-01
 144.20000  0.173792106823E-01
 144.30000  0.328738439173E-01
 144.40000  0.214679206489E-01
 144.50000  0.130733187350E-01
 144.60000  0.138389076349E-01
 144.70000  0.164175077297E-01
 144.80000  0.231926164134E-01
 144.90000  0.136229144540E-01
 145.00000  0.195113617404E-01
 145.10000  0.167631419514E-01
 145.20000  0.149217854362E-01
 145.30000  0.155616192923E-01
 145.40000  0.177343373866E-01
 145.50000  0.313852675249E-01
 145.60000  0.197903683656E-01
 145.70000  0.140694177520E-01
 145.80000  0.143620164554E-01
 145.90000  0.309786322253E-01
 146.00000  0.407003634592E-01
 146.10000  0.196156688587E-01
 146.20000  0.126155622037E-01
 146.30000  0.180260743623E-01
 146.40000  0.436873735421E-01
 146.50000  0.401440836122E-01
 146.60000  0.144247660398E-01
 146.70000  0.930179444160E-02
 146.80000  0.228400553094E-01
 146.90000  0.481944012287E-01
 147.00000  0.298366361479E-01
 147.10000  0.683024261234E-02
 147.20000  0.601149948186E-02
 147.30000  0.277454716310E-01
 147.40000  0.444806799246E-01
 147.50000  0.171190892886E-01
 147.60000  0.200729336337E-02
 147.70000  0.663185848494E-02
 147.80000  0.337405605582E-01
 147.90000  0.372533932113E-01
 148.00000  0.918430293710E-02
 148.10000  0.238468066294E-02
 148.20000  0.126725920841E-01
 148.30000  0.400216353500E-01
 148.40000  0.299113500962E-01
 148.50000  0.726706274008E-02
 148.60000  0.600530047042E-02
 148.70000  0.219985252601E-01
 148.80000  0.435079528305E-01
 148.90000  0.231480014190E-01
 149.00000  0.845038535977E-02
 149.10000  0.103240488998E-01
 149.20000  0.312972512006E-01
 149.30000  0.416739284534E-01
 149.40000  0.173758559684E-01
 149.50000  0.104914071259E-01
 149.60000  0.148316944783E-01
 149.70000  0.373647440962E-01
 149.80000  0.344091928241E-01
 149.90000  0.142323034303E-01
 150.00000  0.133223319300E-01
 150.10000  0.193322343431E-01
 150.20000  0.373105711236E-01
 150.30000  0.248489576163E-01
 150.40000  0.163269609969E-01
 150.50000  0.175465811690E-01
 150.60000  0.224125332199E-01
 150.70000  0.310785112831E-01
 150.80000  0.195668747312E-01
 150.90000  0.254443108413E-01
 151.00000  0.226304230149E-01
 151.10000  0.227808886314E-01
 151.20000  0.234200534580E-01
 151.30000  0.246286948628E-01
 151.40000  0.388824224711E-01
 151.50000  0.259063973600E-01
 151.60000  0.204943147997E-01
 151.70000  0.201475210252E-01
 151.80000  0.384083694062E-01
 151.90000  0.480765678348E-01
 152.00000  0.239169225061E-01
 152.10000  0.163104628988E-01
 152.20000  0.221615343167E-01
 152.30000  0.506625084024E-01
 152.40000  0.449181534369E-01
 152.50000  0.163845719982E-01
 152.60000  0.112826266427E-01
 152.70000  0.257262785069E-01
 152.80000  0.522548894825E-01
 152.90000  0.307667480047E-01
 153.00000  0.781684319993E-02
 153.10000  0.715078059893E-02
 153.20000  0.284285690756E-01
 153.30000  0.441851824250E-01
 153.40000  0.154332381082E-01
 153.50000  0.262051693897E-02
 153.60000  0.593458632756E-02
 153.70000  0.320816354410E-01
 153.80000  0.343576773655E-01
 153.90000  0.632827362304E-02
 154.00000  0.749451669016E-03
 154.10000  0.102436605912E-01
 154.20000  0.400596265899E-01
 154.30000  0.285141567934E-01
 154.40000  0.348485909315E-02
 154.50000  0.199065550486E-02
 154.60000  0.240223034168E-01
 154.70000  0.528811894311E-01
 154.80000  0.268504291320E-01
 154.90000  0.483034836754E-02
 155.00000  0.972355026102E-02
 155.10000  0.470434473278E-01
 155.20000  0.639666624607E-01
 155.30000  0.255257962262E-01
 155.40000  0.886251252391E-02
 155.50000  0.235923236194E-01
 155.60000  0.672190198575E-01
 155.70000  0.617127073121E-01
 155.80000  0.206215175552E-01
 155.90000  0.126680686863E-01
 156.00000  0.346723180454E-01
 156.10000  0.687757246444E-01
 156.20000  0.433442363683E-01
 156.30000  0.147250327031E-01
 156.40000  0.145544130998E-01
 156.50000  0.360784254956E-01
 156.60000  0.518019248051E-01
 156.70000  0.234073128564E-01
 156.80000  0.156829851957E-01
 156.90000  0.163275029783E-01
 157.00000  0.317080871101E-01
 157.10000  0.326305957129E-01
 157.20000  0.177855490512E-01
 157.30000  0.238237244840E-01
 157.40000  0.188011168811E-01
 157.50000  0.288619842634E-01
 157.60000  0.233405035625E-01
 157.70000  0.245418084361E-01
 157.80000  0.294751244237E-01
 157.90000  0.214372005890E-01
 158.00000  0.299569373279E-01
 158.10000  0.225042849666E-01
 158.20000  0.313765151804E-01
 158.30000  0.281356879522E-01
 158.40000  0.264405410469E-01
 158.50000  0.327396168294E-01
 158.60000  0.242449294454E-01
 158.70000  0.331448768029E-01
 158.80000  0.252866274530E-01
 158.90000  0.330260583841E-01
 159.00000  0.315669651807E-01
 159.10000  0.257541000516E-01
 159.20000  0.321445602478E-01
 159.30000  0.234792024823E-01
 159.40000  0.326203403185E-01
 159.50000  0.237300610282E-01
 159.60000  0.296324530773E-01
 159.70000  0.312839409637E-01
 159.80000  0.196642686529E-01
 159.90000  0.223072020722E-01
 160.00000  0.194418246504E-01
 160.10000  0.425815478313E-01
 160.20000  0.327567435899E-01
 160.30000  0.149159963074E-01
 160.40000  0.138471874402E-01
 160.50000  0.327069620419E-01
 160.60000  0.633862062329E-01
 160.70000  0.345518148409E-01
 160.80000  0.128600558662E-01
 160.90000  0.172573699588E-01
 161.00000  0.584953987466E-01
 161.10000  0.755966171859E-01
 161.20000  0.300087982409E-01
 161.30000  0.121514037949E-01
 161.40000  0.269876689875E-01
 161.50000  0.752433072023E-01
 161.60000  0.653649866502E-01
 161.70000  0.183763490106E-01
 161.80000  0.100202370584E-01
 161.90000  0.331594306971E-01
 162.00000  0.717031254819E-01
 162.10000  0.401522425500E-01
 162.20000  0.771235304372E-02
 162.30000  0.705235644801E-02
 162.40000  0.350888240034E-01
 162.50000  0.564852379341E-01
 162.60000  0.177870036827E-01
 162.70000  0.251894084752E-02
 162.80000  0.566990644438E-02
 162.90000  0.394199369184E-01
 163.00000  0.430677411573E-01
 163.10000  0.636597195132E-02
 163.20000  0.360560144063E-03
 163.30000  0.113885112313E-01
 163.40000  0.524072711413E-01
 163.50000  0.371488554603E-01
 163.60000  0.360977797246E-02
 163.70000  0.187803815870E-02
 163.80000  0.311110794117E-01
 163.90000  0.720219959687E-01
 164.00000  0.352810283171E-01
 164.10000  0.517629918589E-02
 164.20000  0.108026363595E-01
 164.30000  0.610697410258E-01
 164.40000  0.843766977618E-01
 164.50000  0.297405802202E-01
 164.60000  0.707160172866E-02
 164.70000  0.245415106145E-01
 164.80000  0.837912275177E-01
 164.90000  0.756182140455E-01
 165.00000  0.180956110811E-01
 165.10000  0.711394400392E-02
 165.20000  0.356194306459E-01
 165.30000  0.854150876938E-01
 165.40000  0.492327655780E-01
 165.50000  0.746205672878E-02
 165.60000  0.675019605984E-02
 165.70000  0.414094032764E-01
 165.80000  0.698828132871E-01
 165.90000  0.236219230309E-01
 166.00000  0.540843860763E-02
 166.10000  0.907227306926E-02
 166.20000  0.461826225287E-01
 166.30000  0.516962296705E-01
 166.40000  0.127137599623E-01
 166.50000  0.107419277080E-01
 166.60000  0.165529498519E-01
 166.70000  0.544081778048E-01
 166.80000  0.402055728200E-01
 166.90000  0.150453146349E-01
 167.00000  0.169010623093E-01
 167.10000  0.302114469641E-01
 167.20000  0.640685005831E-01
 167.30000  0.338544914286E-01
 167.40000  0.202694659513E-01
 167.50000  0.202573498611E-01
 167.60000  0.475252965445E-01
 167.70000  0.670786707200E-01
 167.80000  0.270684299942E-01
 167.90000  0.212174372769E-01
 168.00000  0.224123385460E-01
 168.10000  0.618985408364E-01
 168.20000  0.575558425630E-01
 168.30000  0.194786558814E-01
 168.40000  0.186489965244E-01
 168.50000  0.264400007179E-01
 168.60000  0.666648553006E-01
 168.70000  0.392133810936E-01
 168.80000  0.164462723051E-01
 168.90000  0.168997820079E-01
 169.00000  0.331727371236E-01
 169.10000  0.605247605866E-01
 169.20000  0.237996958084E-01
 169.30000  0.222234511013E-01
 169.40000  0.189165849091E-01
 169.50000  0.418392774859E-01
 169.60000  0.493828376226E-01
 169.70000  0.222867408840E-01
 169.80000  0.348104558405E-01
 169.90000  0.253749577606E-01
 170.00000  0.511685829026E-01
 170.10000  0.409135303968E-01
 170.20000  0.351625231494E-01
 170.30000  0.457785555116E-01
 170.40000  0.339794653276E-01
 170.50000  0.569335919797E-01
 170.60000  0.365490958104E-01
 170.70000  0.504596619977E-01
 170.80000  0.456533379877E-01
 170.90000  0.401409298886E-01
 171.00000  0.530925928395E-01
 171.10000  0.327486755895E-01
 171.20000  0.550370390120E-01
 171.30000  0.338600262943E-01
 171.40000  0.421245297693E-01
 171.50000  0.395001069739E-01
 171.60000  0.297193952220E-01
 171.70000  0.474012388552E-01
 171.80000  0.213046140049E-01
 171.90000  0.421438586646E-01
 172.00000  0.239996706719E-01
 172.10000  0.321455971236E-01
 172.20000  0.356597371741E-01
 172.30000  0.187903322329E-01
 172.40000  0.406896944438E-01
 172.50000  0.161197945773E-01
 172.60000  0.424128015689E-01
 172.70000  0.277237559020E-01
 172.80000  0.275217287254E-01
 172.90000  0.370831679422E-01
 173.00000  0.236867147294E-01
 173.10000  0.587654737770E-01
 173.20000  0.279764770499E-01
 173.30000  0.421499742868E-01
 173.40000  0.350550729307E-01
 173.50000  0.497249616333E-01
 173.60000  0.748281237588E-01
 173.70000  0.352167602474E-01
 173.80000  0.540024208533E-01
 173.90000  0.382640363837E-01
 174.00000  0.834079049188E-01
 174.10000  0.774615463074E-01
 174.20000  0.407168488688E-01
 174.30000  0.526363781423E-01
 174.40000  0.437308315703E-01
 174.50000  0.102616434863E+00
 174.60000  0.576230182634E-01
 174.70000  0.382157999551E-01
 174.80000  0.360677028180E-01
 174.90000  0.491851232632E-01
 175.00000  0.955630190855E-01
 175.10000  0.271107035080E-01
 175.20000  0.334930377517E-01
 175.30000  0.165371734714E-01
 175.40000  0.591199139089E-01
 175.50000  0.709624537050E-01
 175.60000  0.960421833411E-02
 175.70000  0.325230554266E-01
 175.80000  0.823705522486E-02
 175.90000  0.759669093944E-01
 176.00000  0.440004152674E-01
 176.10000  0.149677768202E-01
 176.20000  0.305485506276E-01
 176.30000  0.199303253393E-01
 176.40000  0.968911627371E-01
 176.50000  0.269418979290E-01
 176.60000  0.368589805649E-01
 176.70000  0.274384621146E-01
 176.80000  0.622515845557E-01
 176.90000  0.119743871570E+00
 177.00000  0.296745947973E-01
 177.10000  0.655026738616E-01
 177.20000  0.363476442838E-01
 177.30000  0.136173491090E+00
 177.40000  0.133083500924E+00
 177.50000  0.489494793446E-01
 177.60000  0.840766039418E-01
 177.70000  0.615467167035E-01
 177.80000  0.208366225107E+00
 177.90000  0.110371451753E+00
 178.00000  0.674513183327E-01
 178.10000  0.713538842372E-01
 178.20000  0.935800548271E-01
 178.30000  0.232757563613E+00
 178.40000  0.487767865820E-01
 178.50000  0.863925341336E-01
 178.60000  0.313861534758E-01
 178.70000  0.144749799782E+00
 178.80000  0.204414119520E+00
 178.90000  0.665384814498E-02
 179.00000  0.139988709653E+00
 179.10000  0.108447810452E-02
 179.20000  0.273528324397E+00
 179.30000  0.156514821072E+00
 179.40000  0.902561194272E-01
 179.50000  0.274818037051E+00
 179.60000  0.395194251309E-01
 179.70000  0.752735779675E+00
 179.80000  0.100396038853E+00
 179.90000  0.143157875886E+01
 180.00000  0.403781840047E+01
