 # E =   0.699948750718508       eV =    5645.88080000000       1/cm
 #  1801
# DFFCSO.  ACCUM LEV(I),J(I) =  1  0 LEV(F),J(F) =  1  0       , M =  0, WEIGHTED BY  1.00000
   0.10000  0.102395183803E+08
   0.20000  0.307245152841E+07
   0.30000  0.346633624279E+06
   0.40000  0.412992400631E+06
   0.50000  0.284547757973E+06
   0.60000  0.149529556602E+06
   0.70000  0.157021279918E+06
   0.80000  0.944705188401E+05
   0.90000  0.870965461673E+05
   1.00000  0.776425515689E+05
   1.10000  0.394525196138E+05
   1.20000  0.362939318765E+05
   1.30000  0.308329014594E+05
   1.40000  0.212764307212E+05
   1.50000  0.236274064160E+05
   1.60000  0.177278174270E+05
   1.70000  0.105002605262E+05
   1.80000  0.135796452653E+05
   1.90000  0.144646736864E+05
   2.00000  0.120128877073E+05
   2.10000  0.131593362879E+05
   2.20000  0.107946657023E+05
   2.30000  0.686416889888E+04
   2.40000  0.852991374415E+04
   2.50000  0.879344863773E+04
   2.60000  0.629854313916E+04
   2.70000  0.564035444743E+04
   2.80000  0.448222651300E+04
   2.90000  0.299196992350E+04
   3.00000  0.411024415905E+04
   3.10000  0.551878224476E+04
   3.20000  0.483550669022E+04
   3.30000  0.433811657989E+04
   3.40000  0.422112734597E+04
   3.50000  0.314496050550E+04
   3.60000  0.316630886753E+04
   3.70000  0.400167150377E+04
   3.80000  0.328786895227E+04
   3.90000  0.214016826317E+04
   4.00000  0.181244216209E+04
   4.10000  0.149468071767E+04
   4.20000  0.134187204526E+04
   4.30000  0.214033595692E+04
   4.40000  0.268692533571E+04
   4.50000  0.210278198093E+04
   4.60000  0.161955696685E+04
   4.70000  0.144742987162E+04
   4.80000  0.115051173528E+04
   4.90000  0.133171819762E+04
   5.00000  0.186363718524E+04
   5.10000  0.185927208848E+04
   5.20000  0.144282842700E+04
   5.30000  0.129303629931E+04
   5.40000  0.119931071827E+04
   5.50000  0.103973936854E+04
   5.60000  0.130349455673E+04
   5.70000  0.156389248034E+04
   5.80000  0.124942899138E+04
   5.90000  0.828382499565E+03
   6.00000  0.674880802169E+03
   6.10000  0.559581499163E+03
   6.20000  0.513717574730E+03
   6.30000  0.807383633957E+03
   6.40000  0.104509740106E+04
   6.50000  0.831634191294E+03
   6.60000  0.550386669155E+03
   6.70000  0.413636545694E+03
   6.80000  0.287102238302E+03
   6.90000  0.295257069504E+03
   7.00000  0.545656587911E+03
   7.10000  0.746627136370E+03
   7.20000  0.676678413903E+03
   7.30000  0.559758542546E+03
   7.40000  0.476246899184E+03
   7.50000  0.345151534367E+03
   7.60000  0.356155405044E+03
   7.70000  0.557721836622E+03
   7.80000  0.694034791382E+03
   7.90000  0.667816463984E+03
   8.00000  0.633501006911E+03
   8.10000  0.589213885460E+03
   8.20000  0.441022094772E+03
   8.30000  0.388727071705E+03
   8.40000  0.528068743300E+03
   8.50000  0.625046583544E+03
   8.60000  0.600453440257E+03
   8.70000  0.589168266574E+03
   8.80000  0.577525544923E+03
   8.90000  0.445408434475E+03
   9.00000  0.326824488285E+03
   9.10000  0.381328000828E+03
   9.20000  0.456036806022E+03
   9.30000  0.444158900616E+03
   9.40000  0.444706553837E+03
   9.50000  0.464362747739E+03
   9.60000  0.390315022001E+03
   9.70000  0.265096590373E+03
   9.80000  0.244999923079E+03
   9.90000  0.283398213255E+03
  10.00000  0.277278042516E+03
  10.10000  0.279675892282E+03
  10.20000  0.309857902366E+03
  10.30000  0.287356939774E+03
  10.40000  0.202458370620E+03
  10.50000  0.155460174760E+03
  10.60000  0.161371518059E+03
  10.70000  0.151611093756E+03
  10.80000  0.150566567110E+03
  10.90000  0.179794517206E+03
  11.00000  0.183097908290E+03
  11.10000  0.140555304685E+03
  11.20000  0.104784002613E+03
  11.30000  0.100821492649E+03
  11.40000  0.884054459428E+02
  11.50000  0.792514096906E+02
  11.60000  0.102465550959E+03
  11.70000  0.115929382304E+03
  11.80000  0.957595870467E+02
  11.90000  0.742471805216E+02
  12.00000  0.720098402318E+02
  12.10000  0.620670504476E+02
  12.20000  0.431194318870E+02
  12.30000  0.519535081217E+02
  12.40000  0.680632072766E+02
  12.50000  0.599002159948E+02
  12.60000  0.472982095722E+02
  12.70000  0.497543979035E+02
  12.80000  0.498270171521E+02
  12.90000  0.328698505023E+02
  13.00000  0.281702450412E+02
  13.10000  0.402398237828E+02
  13.20000  0.386407143546E+02
  13.30000  0.293999715982E+02
  13.40000  0.316465589395E+02
  13.50000  0.380902795581E+02
  13.60000  0.306147370968E+02
  13.70000  0.209857021896E+02
  13.80000  0.264127581648E+02
  13.90000  0.276580226632E+02
  14.00000  0.192208088223E+02
  14.10000  0.176644042477E+02
  14.20000  0.232157145653E+02
  14.30000  0.226954485131E+02
  14.40000  0.151338694010E+02
  14.50000  0.164395583055E+02
  14.60000  0.202734990052E+02
  14.70000  0.145661947428E+02
  14.80000  0.107067813019E+02
  14.90000  0.136270649753E+02
  15.00000  0.154834977691E+02
  15.10000  0.110634779200E+02
  15.20000  0.940869749305E+01
  15.30000  0.137988456142E+02
  15.40000  0.120096194080E+02
  15.50000  0.778825620945E+01
  15.60000  0.885891194889E+01
  15.70000  0.110650203251E+02
  15.80000  0.924986936688E+01
  15.90000  0.572036593085E+01
  16.00000  0.746597567226E+01
  16.10000  0.825955893360E+01
  16.20000  0.516978888057E+01
  16.30000  0.534815823049E+01
  16.40000  0.742340790288E+01
  16.50000  0.760693172769E+01
  16.60000  0.485353321450E+01
  16.70000  0.367127765514E+01
  16.80000  0.439432243852E+01
  16.90000  0.257667455870E+01
  17.00000  0.265010763579E+01
  17.10000  0.494656512992E+01
  17.20000  0.594288903780E+01
  17.30000  0.522408177620E+01
  17.40000  0.398010681718E+01
  17.50000  0.398861651404E+01
  17.60000  0.199280619963E+01
  17.70000  0.292194278469E+00
  17.80000  0.199921064939E+01
  17.90000  0.311794367115E+01
  18.00000  0.322186631220E+01
  18.10000  0.356651782759E+01
  18.20000  0.512291185235E+01
  18.30000  0.477147187655E+01
  18.40000  0.117713962046E+01
  18.50000  0.826675347909E-01
  18.60000  0.721047791584E+00
  18.70000  0.647459330434E+00
  18.80000  0.977141510083E+00
  18.90000  0.309142685407E+01
  19.00000  0.572335887543E+01
  19.10000  0.395754795759E+01
  19.20000  0.710516836899E+00
  19.30000  0.245067385917E-01
  19.40000  0.430718390660E-01
  19.50000  0.910946887627E-01
  19.60000  0.661730126727E+00
  19.70000  0.323441067297E+01
  19.80000  0.458958293449E+01
  19.90000  0.235723036759E+01
  20.00000  0.609569824968E+00
  20.10000  0.373121446711E+00
  20.20000  0.811647308769E+00
  20.30000  0.674206021213E+00
  20.40000  0.733522088038E+00
  20.50000  0.229254447895E+01
  20.60000  0.249362830843E+01
  20.70000  0.166820116072E+01
  20.80000  0.125710183547E+01
  20.90000  0.148851465096E+01
  21.00000  0.193933272660E+01
  21.10000  0.890331783252E+00
  21.20000  0.244827257265E+00
  21.30000  0.712399693875E+00
  21.40000  0.144668710640E+01
  21.50000  0.216235455707E+01
  21.60000  0.186058340417E+01
  21.70000  0.188839380898E+01
  21.80000  0.172586519949E+01
  21.90000  0.733088777935E+00
  22.00000  0.195544852007E+00
  22.10000  0.393432145362E+00
  22.20000  0.172035950712E+01
  22.30000  0.207462635627E+01
  22.40000  0.112046310867E+01
  22.50000  0.875728057940E+00
  22.60000  0.104388661769E+01
  22.70000  0.128879768060E+01
  22.80000  0.817236633159E+00
  22.90000  0.669611444210E+00
  23.00000  0.134219024534E+01
  23.10000  0.935874266799E+00
  23.20000  0.309329083712E+00
  23.30000  0.413147095599E+00
  23.40000  0.136985446139E+01
  23.50000  0.188664907718E+01
  23.60000  0.864358707267E+00
  23.70000  0.366727204709E+00
  23.80000  0.459512068723E+00
  23.90000  0.470820519742E+00
  24.00000  0.434535636273E+00
  24.10000  0.537337762810E+00
  24.20000  0.135078426162E+01
  24.30000  0.123112102506E+01
  24.40000  0.346984624049E+00
  24.50000  0.996582002812E-01
  24.60000  0.413327590143E+00
  24.70000  0.992350987477E+00
  24.80000  0.725858971072E+00
  24.90000  0.459127262244E+00
  25.00000  0.700933721379E+00
  25.10000  0.579610917649E+00
  25.20000  0.475401613756E+00
  25.30000  0.359138498294E+00
  25.40000  0.734524039309E+00
  25.50000  0.982396051605E+00
  25.60000  0.356549682005E+00
  25.70000  0.575081476488E-01
  25.80000  0.192529983759E+00
  25.90000  0.702092055995E+00
  26.00000  0.854397717386E+00
  26.10000  0.467683522151E+00
  26.20000  0.557681914200E+00
  26.30000  0.517454611989E+00
  26.40000  0.357046216789E+00
  26.50000  0.248520379331E+00
  26.60000  0.393582276043E+00
  26.70000  0.901140591755E+00
  26.80000  0.610240556539E+00
  26.90000  0.117095930151E+00
  27.00000  0.895659297776E-01
  27.10000  0.401806182406E+00
  27.20000  0.746502069691E+00
  27.30000  0.421625579835E+00
  27.40000  0.310577728505E+00
  27.50000  0.429614567984E+00
  27.60000  0.299327167813E+00
  27.70000  0.242607110376E+00
  27.80000  0.250793012232E+00
  27.90000  0.703658557938E+00
  28.00000  0.776118534511E+00
  28.10000  0.238422873740E+00
  28.20000  0.420143569561E-01
  28.30000  0.174305967517E+00
  28.40000  0.572069181131E+00
  28.50000  0.511909501134E+00
  28.60000  0.207833903464E+00
  28.70000  0.304879967073E+00
  28.80000  0.270489271752E+00
  28.90000  0.241439857730E+00
  29.00000  0.183082704392E+00
  29.10000  0.370473730963E+00
  29.20000  0.684704591407E+00
  29.30000  0.359757229843E+00
  29.40000  0.571563252304E-01
  29.50000  0.782553766334E-01
  29.60000  0.410695155975E+00
  29.70000  0.633007012279E+00
  29.80000  0.292559400096E+00
  29.90000  0.189897559499E+00
  30.00000  0.224610769668E+00
  30.10000  0.219768126029E+00
  30.20000  0.206740097734E+00
  30.30000  0.170523921610E+00
  30.40000  0.471474144565E+00
  30.50000  0.428168438519E+00
  30.60000  0.985869041016E-01
  30.70000  0.310093947908E-01
  30.80000  0.214008976000E+00
  30.90000  0.569922504289E+00
  31.00000  0.424888281525E+00
  31.10000  0.171135696073E+00
  31.20000  0.208543911465E+00
  31.30000  0.214105052137E+00
  31.40000  0.259459201512E+00
  31.50000  0.168181715133E+00
  31.60000  0.294619497426E+00
  31.70000  0.434225833252E+00
  31.80000  0.165442605086E+00
  31.90000  0.184461962620E-01
  32.00000  0.662618178020E-01
  32.10000  0.361632171878E+00
  32.20000  0.457050576509E+00
  32.30000  0.195391928851E+00
  32.40000  0.186364789816E+00
  32.50000  0.216791684895E+00
  32.60000  0.260049814908E+00
  32.70000  0.233105666724E+00
  32.80000  0.227727417923E+00
  32.90000  0.437932378598E+00
  33.00000  0.299666151422E+00
  33.10000  0.630693174849E-01
  33.20000  0.288990330370E-01
  33.30000  0.210647758206E+00
  33.40000  0.452140659112E+00
  33.50000  0.265830358294E+00
  33.60000  0.134118097685E+00
  33.70000  0.191269254246E+00
  33.80000  0.230132209642E+00
  33.90000  0.273326813163E+00
  34.00000  0.221032668423E+00
  34.10000  0.407748470864E+00
  34.20000  0.463823068544E+00
  34.30000  0.197529216867E+00
  34.40000  0.714192475780E-01
  34.50000  0.162810585989E+00
  34.60000  0.474677478911E+00
  34.70000  0.448449616254E+00
  34.80000  0.151842677285E+00
  34.90000  0.116494761032E+00
  35.00000  0.184778779599E+00
  35.10000  0.304777853870E+00
  35.20000  0.258506887072E+00
  35.30000  0.273284619292E+00
  35.40000  0.440784689349E+00
  35.50000  0.308433038219E+00
  35.60000  0.141517431719E+00
  35.70000  0.138488201091E+00
  35.80000  0.403489854766E+00
  35.90000  0.600207574504E+00
  36.00000  0.312720118545E+00
  36.10000  0.953040082998E-01
  36.20000  0.128409104822E+00
  36.30000  0.313472935875E+00
  36.40000  0.378702427209E+00
  36.50000  0.208126692534E+00
  36.60000  0.241173161619E+00
  36.70000  0.253366972525E+00
  36.80000  0.159988977262E+00
  36.90000  0.115715778258E+00
  37.00000  0.197982258147E+00
  37.10000  0.460466173439E+00
  37.20000  0.384389445761E+00
  37.30000  0.118133269572E+00
  37.40000  0.682983279832E-01
  37.50000  0.218147809254E+00
  37.60000  0.423881333886E+00
  37.70000  0.294647760449E+00
  37.80000  0.143531678105E+00
  37.90000  0.165638870379E+00
  38.00000  0.151377608697E+00
  38.10000  0.150505406397E+00
  38.20000  0.102429381072E+00
  38.30000  0.220510275539E+00
  38.40000  0.299939848587E+00
  38.50000  0.115907094651E+00
  38.60000  0.220185792551E-01
  38.70000  0.750233742515E-01
  38.80000  0.281723852733E+00
  38.90000  0.320908531544E+00
  39.00000  0.145875949261E+00
  39.10000  0.132874972121E+00
  39.20000  0.148950635107E+00
  39.30000  0.177831715338E+00
  39.40000  0.148273584065E+00
  39.50000  0.147410903137E+00
  39.60000  0.269686722673E+00
  39.70000  0.174133564336E+00
  39.80000  0.360353739576E-01
  39.90000  0.244799600111E-01
  40.00000  0.160081402361E+00
  40.10000  0.311594115232E+00
  40.20000  0.189450956140E+00
  40.30000  0.114435226155E+00
  40.40000  0.154998178302E+00
  40.50000  0.197262502728E+00
  40.60000  0.226352821013E+00
  40.70000  0.192514242531E+00
  40.80000  0.311997804277E+00
  40.90000  0.332980228032E+00
  41.00000  0.159824428081E+00
  41.10000  0.765501801640E-01
  41.20000  0.153319518392E+00
  41.30000  0.373700559681E+00
  41.40000  0.342158654774E+00
  41.50000  0.132779210516E+00
  41.60000  0.103485658586E+00
  41.70000  0.182870882950E+00
  41.80000  0.297973236495E+00
  41.90000  0.262464108261E+00
  42.00000  0.259411438774E+00
  42.10000  0.359995545465E+00
  42.20000  0.286858496931E+00
  42.30000  0.187465121102E+00
  42.40000  0.189410248576E+00
  42.50000  0.390283550677E+00
  42.60000  0.520622798507E+00
  42.70000  0.297339446870E+00
  42.80000  0.114385415641E+00
  42.90000  0.150947209032E+00
  43.00000  0.342463733026E+00
  43.10000  0.397519021866E+00
  43.20000  0.228712786477E+00
  43.30000  0.198011628627E+00
  43.40000  0.222437732873E+00
  43.50000  0.218112256102E+00
  43.60000  0.195253970258E+00
  43.70000  0.232215525216E+00
  43.80000  0.400003774332E+00
  43.90000  0.345321893314E+00
  44.00000  0.152292020720E+00
  44.10000  0.106478360964E+00
  44.20000  0.258077361627E+00
  44.30000  0.446636977449E+00
  44.40000  0.323990086470E+00
  44.50000  0.139279226565E+00
  44.60000  0.128982832249E+00
  44.70000  0.199415439647E+00
  44.80000  0.254584073785E+00
  44.90000  0.176767722281E+00
  45.00000  0.188443700390E+00
  45.10000  0.226712991814E+00
  45.20000  0.133958980014E+00
  45.30000  0.715966968132E-01
  45.40000  0.101456899058E+00
  45.50000  0.272941731004E+00
  45.60000  0.305165732483E+00
  45.70000  0.130838935961E+00
  45.80000  0.623148443546E-01
  45.90000  0.121202979597E+00
  46.00000  0.250460808962E+00
  46.10000  0.234408041467E+00
  46.20000  0.133633548319E+00
  46.30000  0.148264734608E+00
  46.40000  0.132829275017E+00
  46.50000  0.108519096559E+00
  46.60000  0.817079961021E-01
  46.70000  0.133368604965E+00
  46.80000  0.227667744046E+00
  46.90000  0.133018524880E+00
  47.00000  0.310594217580E-01
  47.10000  0.382883024111E-01
  47.20000  0.152390571649E+00
  47.30000  0.236106255071E+00
  47.40000  0.137306186184E+00
  47.50000  0.930632969714E-01
  47.60000  0.111919474992E+00
  47.70000  0.132574867028E+00
  47.80000  0.137357059129E+00
  47.90000  0.110879650731E+00
  48.00000  0.181726866113E+00
  48.10000  0.171646310219E+00
  48.20000  0.677565318710E-01
  48.30000  0.300582860335E-01
  48.40000  0.835086291431E-01
  48.50000  0.210980905404E+00
  48.60000  0.173852652069E+00
  48.70000  0.612353021015E-01
  48.80000  0.563035843346E-01
  48.90000  0.104362681744E+00
  49.00000  0.171814818347E+00
  49.10000  0.138552249255E+00
  49.20000  0.133605899515E+00
  49.30000  0.177024785073E+00
  49.40000  0.127210800864E+00
  49.50000  0.835551609725E-01
  49.60000  0.835639406372E-01
  49.70000  0.191757934924E+00
  49.80000  0.245985666718E+00
  49.90000  0.117057337867E+00
  50.00000  0.381036828214E-01
  50.10000  0.719427748039E-01
  50.20000  0.192884088641E+00
  50.30000  0.220748166944E+00
  50.40000  0.125872307078E+00
  50.50000  0.121232476345E+00
  50.60000  0.140266599307E+00
  50.70000  0.155288592546E+00
  50.80000  0.146091391244E+00
  50.90000  0.165556307959E+00
  51.00000  0.257559413951E+00
  51.10000  0.209620090416E+00
  51.20000  0.997723832892E-01
  51.30000  0.789124543470E-01
  51.40000  0.186279087414E+00
  51.50000  0.307187530234E+00
  51.60000  0.212860745509E+00
  51.70000  0.907156112896E-01
  51.80000  0.954429672053E-01
  51.90000  0.184881808354E+00
  52.00000  0.250682234402E+00
  52.10000  0.187661621697E+00
  52.20000  0.178766933199E+00
  52.30000  0.204593034245E+00
  52.40000  0.176134026305E+00
  52.50000  0.151957094162E+00
  52.60000  0.166415890639E+00
  52.70000  0.280922539931E+00
  52.80000  0.287440678651E+00
  52.90000  0.145698871855E+00
  53.00000  0.778847380913E-01
  53.10000  0.144177088451E+00
  53.20000  0.285496973725E+00
  53.30000  0.261253821367E+00
  53.40000  0.127571507206E+00
  53.50000  0.102050624775E+00
  53.60000  0.147649443017E+00
  53.70000  0.208243439909E+00
  53.80000  0.182370103438E+00
  53.90000  0.170572619283E+00
  54.00000  0.216587552877E+00
  54.10000  0.175335648355E+00
  54.20000  0.119927497697E+00
  54.30000  0.115984291636E+00
  54.40000  0.216250509084E+00
  54.50000  0.283679211452E+00
  54.60000  0.165365255686E+00
  54.70000  0.639384418332E-01
  54.80000  0.807941527199E-01
  54.90000  0.188189189250E+00
  55.00000  0.223462345161E+00
  55.10000  0.124202637788E+00
  55.20000  0.913727724859E-01
  55.30000  0.107281536347E+00
  55.40000  0.125337922168E+00
  55.50000  0.120144545661E+00
  55.60000  0.120249720312E+00
  55.70000  0.192839612096E+00
  55.80000  0.172811180195E+00
  55.90000  0.856612480307E-01
  56.00000  0.610791312589E-01
  56.10000  0.135369032872E+00
  56.20000  0.241127145361E+00
  56.30000  0.179768272291E+00
  56.40000  0.695725500517E-01
  56.50000  0.582046800800E-01
  56.60000  0.116146168535E+00
  56.70000  0.169647484978E+00
  56.80000  0.119412003466E+00
  56.90000  0.998439095166E-01
  57.00000  0.121398785942E+00
  57.10000  0.976127852258E-01
  57.20000  0.778769514227E-01
  57.30000  0.875811445434E-01
  57.40000  0.182873777497E+00
  57.50000  0.213469580040E+00
  57.60000  0.111347758635E+00
  57.70000  0.553546928455E-01
  57.80000  0.103523545752E+00
  57.90000  0.221850028872E+00
  58.00000  0.224107535186E+00
  58.10000  0.118517279029E+00
  58.20000  0.899006472705E-01
  58.30000  0.116538929724E+00
  58.40000  0.157892523405E+00
  58.50000  0.139886861064E+00
  58.60000  0.126135048139E+00
  58.70000  0.169175115828E+00
  58.80000  0.139108647342E+00
  58.90000  0.856201574624E-01
  59.00000  0.827541798394E-01
  59.10000  0.176979156472E+00
  59.20000  0.265203986444E+00
  59.30000  0.184018336715E+00
  59.40000  0.898934826997E-01
  59.50000  0.106397116648E+00
  59.60000  0.217661063892E+00
  59.70000  0.277907755023E+00
  59.80000  0.191207745474E+00
  59.90000  0.137558816334E+00
  60.00000  0.150996077128E+00
  60.10000  0.179101955871E+00
  60.20000  0.178424272618E+00
  60.30000  0.154276241719E+00
  60.40000  0.198390941002E+00
  60.50000  0.194743677192E+00
  60.60000  0.122209776915E+00
  60.70000  0.907221406325E-01
  60.80000  0.152875705910E+00
  60.90000  0.272185289728E+00
  61.00000  0.245890083892E+00
  61.10000  0.128585949979E+00
  61.20000  0.104094614871E+00
  61.30000  0.190825436847E+00
  61.40000  0.293284328755E+00
  61.50000  0.248714246629E+00
  61.60000  0.166089855714E+00
  61.70000  0.164016528765E+00
  61.80000  0.190031057242E+00
  61.90000  0.207667866001E+00
  62.00000  0.176528587550E+00
  62.10000  0.189605700854E+00
  62.20000  0.212844465384E+00
  62.30000  0.153424205823E+00
  62.40000  0.101139409116E+00
  62.50000  0.116575766778E+00
  62.60000  0.220139317297E+00
  62.70000  0.254103541715E+00
  62.80000  0.148735526766E+00
  62.90000  0.850073349410E-01
  63.00000  0.130760528620E+00
  63.10000  0.243007281903E+00
  63.20000  0.257176479257E+00
  63.30000  0.166806948288E+00
  63.40000  0.138077964804E+00
  63.50000  0.161082957862E+00
  63.60000  0.196442148415E+00
  63.70000  0.181908850197E+00
  63.80000  0.159270769349E+00
  63.90000  0.185425069905E+00
  64.00000  0.157291122199E+00
  64.10000  0.105275753969E+00
  64.20000  0.891710121858E-01
  64.30000  0.147206793728E+00
  64.40000  0.214687963678E+00
  64.50000  0.151279534169E+00
  64.60000  0.677739987934E-01
  64.70000  0.715844210704E-01
  64.80000  0.158825792673E+00
  64.90000  0.220146053717E+00
  65.00000  0.155093452858E+00
  65.10000  0.102295107574E+00
  65.20000  0.113911440293E+00
  65.30000  0.151863907406E+00
  65.40000  0.165928216973E+00
  65.50000  0.132875780955E+00
  65.60000  0.144667617901E+00
  65.70000  0.144468676176E+00
  65.80000  0.102562134999E+00
  65.90000  0.771636045046E-01
  66.00000  0.961793858132E-01
  66.10000  0.166667033186E+00
  66.20000  0.152049810662E+00
  66.30000  0.679277415083E-01
  66.40000  0.417844018627E-01
  66.50000  0.933798043662E-01
  66.60000  0.174142685108E+00
  66.70000  0.151373991873E+00
  66.80000  0.855949532751E-01
  66.90000  0.818815484456E-01
  67.00000  0.111840952630E+00
  67.10000  0.145127215284E+00
  67.20000  0.124145119166E+00
  67.30000  0.117070717238E+00
  67.40000  0.133958598409E+00
  67.50000  0.105690273817E+00
  67.60000  0.782911925808E-01
  67.70000  0.755603678705E-01
  67.80000  0.130595865449E+00
  67.90000  0.157077765655E+00
  68.00000  0.864969366855E-01
  68.10000  0.370494616584E-01
  68.20000  0.577165310490E-01
  68.30000  0.135977488459E+00
  68.40000  0.156534877383E+00
  68.50000  0.895913456186E-01
  68.60000  0.637023760823E-01
  68.70000  0.845361517605E-01
  68.80000  0.126396826156E+00
  68.90000  0.127759310489E+00
  69.00000  0.102420325726E+00
  69.10000  0.118450616073E+00
  69.20000  0.109889143235E+00
  69.30000  0.857174102299E-01
  69.40000  0.733796412813E-01
  69.50000  0.101253374548E+00
  69.60000  0.150137124421E+00
  69.70000  0.109738353919E+00
  69.80000  0.457510178177E-01
  69.90000  0.392085414366E-01
  70.00000  0.980213254625E-01
  70.10000  0.152126990091E+00
  70.20000  0.103448829367E+00
  70.30000  0.519845737590E-01
  70.40000  0.584107030578E-01
  70.50000  0.100110091766E+00
  70.60000  0.127673481654E+00
  70.70000  0.970720790494E-01
  70.80000  0.931937744188E-01
  70.90000  0.100710032477E+00
  71.00000  0.877801647557E-01
  71.10000  0.781442033584E-01
  71.20000  0.804355859529E-01
  71.30000  0.125717748032E+00
  71.40000  0.122676948197E+00
  71.50000  0.616486456698E-01
  71.60000  0.348503681550E-01
  71.70000  0.657094881997E-01
  71.80000  0.132926569478E+00
  71.90000  0.119753410986E+00
  72.00000  0.528687180490E-01
  72.10000  0.373116255696E-01
  72.20000  0.701171184131E-01
  72.30000  0.118724696242E+00
  72.40000  0.103026909971E+00
  72.50000  0.721138830996E-01
  72.60000  0.793269900335E-01
  72.70000  0.813101895298E-01
  72.80000  0.844152609711E-01
  72.90000  0.756576219356E-01
  73.00000  0.963943860668E-01
  73.10000  0.119376926988E+00
  73.20000  0.795593755587E-01
  73.30000  0.442902524865E-01
  73.40000  0.494928128212E-01
  73.50000  0.106592778865E+00
  73.60000  0.131290182654E+00
  73.70000  0.697223648674E-01
  73.80000  0.287279877104E-01
  73.90000  0.443021133200E-01
  74.00000  0.101383705233E+00
  74.10000  0.115630987803E+00
  74.20000  0.662800908626E-01
  74.30000  0.504845338333E-01
  74.40000  0.609516959743E-01
  74.50000  0.826972969553E-01
  74.60000  0.825128549910E-01
  74.70000  0.700662206578E-01
  74.80000  0.896597282527E-01
  74.90000  0.799709160451E-01
  75.00000  0.554443514581E-01
  75.10000  0.471447498118E-01
  75.20000  0.735088025255E-01
  75.30000  0.116599120301E+00
  75.40000  0.852100916381E-01
  75.50000  0.334957835043E-01
  75.60000  0.272292727636E-01
  75.70000  0.713629649545E-01
  75.80000  0.114543979126E+00
  75.90000  0.748425692353E-01
  76.00000  0.298750565504E-01
  76.10000  0.305587078699E-01
  76.20000  0.617950463380E-01
  76.30000  0.855488611301E-01
  76.40000  0.570353878971E-01
  76.50000  0.456873593741E-01
  76.60000  0.503760617493E-01
  76.70000  0.477859608666E-01
  76.80000  0.474184909741E-01
  76.90000  0.429413786331E-01
  77.00000  0.698791708347E-01
  77.10000  0.713694525476E-01
  77.20000  0.353251080515E-01
  77.30000  0.201662648918E-01
  77.40000  0.366228261920E-01
  77.50000  0.834568370362E-01
  77.60000  0.764097448722E-01
  77.70000  0.266211757159E-01
  77.80000  0.115351233059E-01
  77.90000  0.322410799835E-01
  78.00000  0.719586899688E-01
  78.10000  0.586348408304E-01
  78.20000  0.226234993487E-01
  78.30000  0.196411667663E-01
  78.40000  0.267433734719E-01
  78.50000  0.420865989240E-01
  78.60000  0.315672142366E-01
  78.70000  0.283164157993E-01
  78.80000  0.402112365866E-01
  78.90000  0.252270772062E-01
  79.00000  0.160681234299E-01
  79.10000  0.151143980350E-01
  79.20000  0.421052607869E-01
  79.30000  0.604747493249E-01
  79.40000  0.272094322474E-01
  79.50000  0.606723582072E-02
  79.60000  0.121286303072E-01
  79.70000  0.478311354987E-01
  79.80000  0.606643138781E-01
  79.90000  0.238996524505E-01
  80.00000  0.842954054625E-02
  80.10000  0.133588994292E-01
  80.20000  0.345975729361E-01
  80.30000  0.375588392694E-01
  80.40000  0.166407287535E-01
  80.50000  0.209719722648E-01
  80.60000  0.181863322544E-01
  80.70000  0.150086127074E-01
  80.80000  0.127917487764E-01
  80.90000  0.181234550739E-01
  81.00000  0.430300787458E-01
  81.10000  0.295273486302E-01
  81.20000  0.674978627849E-02
  81.30000  0.475074058610E-02
  81.40000  0.281259479429E-01
  81.50000  0.596027732617E-01
  81.60000  0.369515400345E-01
  81.70000  0.915251652949E-02
  81.80000  0.897202142776E-02
  81.90000  0.303595790400E-01
  82.00000  0.519710586191E-01
  82.10000  0.291478160861E-01
  82.20000  0.148361939565E-01
  82.30000  0.166810561234E-01
  82.40000  0.202075412167E-01
  82.50000  0.260444374662E-01
  82.60000  0.158178194753E-01
  82.70000  0.273024788628E-01
  82.80000  0.302383890821E-01
  82.90000  0.122739357858E-01
  83.00000  0.680936608439E-02
  83.10000  0.140456736837E-01
  83.20000  0.470664516106E-01
  83.30000  0.469540026500E-01
  83.40000  0.143876919635E-01
  83.50000  0.514762054936E-02
  83.60000  0.210996301664E-01
  83.70000  0.572945724317E-01
  83.80000  0.505677990565E-01
  83.90000  0.178204902553E-01
  84.00000  0.122250327464E-01
  84.10000  0.225922902403E-01
  84.20000  0.444715867402E-01
  84.30000  0.344947356718E-01
  84.40000  0.186918684888E-01
  84.50000  0.227904945848E-01
  84.60000  0.184362065456E-01
  84.70000  0.203918698515E-01
  84.80000  0.151268653624E-01
  84.90000  0.254497766224E-01
  85.00000  0.393306560389E-01
  85.10000  0.190050775479E-01
  85.20000  0.604058065232E-02
  85.30000  0.890324365853E-02
  85.40000  0.384084500897E-01
  85.50000  0.544587223514E-01
  85.60000  0.234887506183E-01
  85.70000  0.576328521863E-02
  85.80000  0.124491041052E-01
  85.90000  0.431595001348E-01
  86.00000  0.529104453446E-01
  86.10000  0.227141100817E-01
  86.20000  0.120863479237E-01
  86.30000  0.158370968228E-01
  86.40000  0.320367511084E-01
  86.50000  0.337658084511E-01
  86.60000  0.178176808568E-01
  86.70000  0.230384592397E-01
  86.80000  0.193452211256E-01
  86.90000  0.156021972538E-01
  87.00000  0.134449909340E-01
  87.10000  0.182130933446E-01
  87.20000  0.388585057383E-01
  87.30000  0.259993219442E-01
  87.40000  0.667969953770E-02
  87.50000  0.476480663116E-02
  87.60000  0.243151782279E-01
  87.70000  0.507133340677E-01
  87.80000  0.304811924989E-01
  87.90000  0.649320669030E-02
  88.00000  0.638039312737E-02
  88.10000  0.269281627742E-01
  88.20000  0.477362830730E-01
  88.30000  0.267636859198E-01
  88.40000  0.114635791362E-01
  88.50000  0.130324028605E-01
  88.60000  0.220081016039E-01
  88.70000  0.314591672385E-01
  88.80000  0.185566737076E-01
  88.90000  0.213336962394E-01
  89.00000  0.230606745244E-01
  89.10000  0.147975349515E-01
  89.20000  0.138048010221E-01
  89.30000  0.138020216971E-01
  89.40000  0.344869444000E-01
  89.50000  0.335755973955E-01
  89.60000  0.105514217850E-01
  89.70000  0.402570267687E-02
  89.80000  0.142531288110E-01
  89.90000  0.436406676214E-01
  90.00000  0.382285610120E-01
  90.10000  0.983813052797E-02
  90.20000  0.395774768892E-02
  90.30000  0.162859200213E-01
  90.40000  0.422550810182E-01
  90.50000  0.337725105616E-01
  90.60000  0.124318984809E-01
  90.70000  0.120451715022E-01
  90.80000  0.174612052870E-01
  90.90000  0.312349702103E-01
  91.00000  0.237025198781E-01
  91.10000  0.187390329458E-01
  91.20000  0.249988770949E-01
  91.30000  0.176103667012E-01
  91.40000  0.168919688827E-01
  91.50000  0.139488665290E-01
  91.60000  0.269246570899E-01
  91.70000  0.370667553368E-01
  91.80000  0.167594494076E-01
  91.90000  0.584398265157E-02
  92.00000  0.840709662857E-02
  92.10000  0.329027814853E-01
  92.20000  0.425768312808E-01
  92.30000  0.154569034415E-01
  92.40000  0.277145445994E-02
  92.50000  0.843848430674E-02
  92.60000  0.335934553964E-01
  92.70000  0.395396916875E-01
  92.80000  0.151896054964E-01
  92.90000  0.897370838136E-02
  93.00000  0.128777033397E-01
  93.10000  0.282869541431E-01
  93.20000  0.296331624466E-01
  93.30000  0.165065173105E-01
  93.40000  0.209975038724E-01
  93.50000  0.181459128541E-01
  93.60000  0.184022211430E-01
  93.70000  0.167067118216E-01
  93.80000  0.184543693562E-01
  93.90000  0.327370543373E-01
  94.00000  0.210100460692E-01
  94.10000  0.808737682863E-02
  94.20000  0.625807089589E-02
  94.30000  0.203373162737E-01
  94.40000  0.395852661377E-01
  94.50000  0.212076749443E-01
  94.60000  0.308928298653E-02
  94.70000  0.326705822775E-02
  94.80000  0.218227452162E-01
  94.90000  0.395983758702E-01
  95.00000  0.200161395814E-01
  95.10000  0.638258308781E-02
  95.20000  0.823592537426E-02
  95.30000  0.212948153238E-01
  95.40000  0.323237614753E-01
  95.50000  0.177156301686E-01
  95.60000  0.156105951678E-01
  95.70000  0.167406164060E-01
  95.80000  0.169808649288E-01
  95.90000  0.196536431715E-01
  96.00000  0.145108036773E-01
  96.10000  0.259493873378E-01
  96.20000  0.239084645753E-01
  96.30000  0.103598379157E-01
  96.40000  0.724795093847E-02
  96.50000  0.123244993866E-01
  96.60000  0.338575352866E-01
  96.70000  0.277644490158E-01
  96.80000  0.598675299577E-02
  96.90000  0.173922702384E-02
  97.00000  0.130025127705E-01
  97.10000  0.371014503034E-01
  97.20000  0.280182820031E-01
  97.30000  0.710713429959E-02
  97.40000  0.552594887988E-02
  97.50000  0.154381850944E-01
  97.60000  0.337655665845E-01
  97.70000  0.243757178830E-01
  97.80000  0.130206465987E-01
  97.90000  0.154926429910E-01
  98.00000  0.166184201557E-01
  98.10000  0.239557168853E-01
  98.20000  0.177213486726E-01
  98.30000  0.209418168988E-01
  98.40000  0.265572164311E-01
  98.50000  0.153272696403E-01
  98.60000  0.117923323081E-01
  98.70000  0.113043704147E-01
  98.80000  0.285227234759E-01
  98.90000  0.349823634479E-01
  99.00000  0.133238924484E-01
  99.10000  0.363759289847E-02
  99.20000  0.878286836870E-02
  99.30000  0.339004831237E-01
  99.40000  0.386785457308E-01
  99.50000  0.130364426195E-01
  99.60000  0.378319044747E-02
  99.70000  0.111592978147E-01
  99.80000  0.349861423715E-01
  99.90000  0.365607181882E-01
 100.00000  0.152531796270E-01
 100.10000  0.119502634722E-01
 100.20000  0.162086183995E-01
 100.30000  0.303424800805E-01
 100.40000  0.290113767943E-01
 100.50000  0.191182303826E-01
 100.60000  0.243381029418E-01
 100.70000  0.207296931964E-01
 100.80000  0.210234891246E-01
 100.90000  0.187416682578E-01
 101.00000  0.235319985772E-01
 101.10000  0.364429500716E-01
 101.20000  0.231258133962E-01
 101.30000  0.111143022690E-01
 101.40000  0.102930045247E-01
 101.50000  0.279497979604E-01
 101.60000  0.450386837169E-01
 101.70000  0.239737310304E-01
 101.80000  0.576360545098E-02
 101.90000  0.764105852657E-02
 102.00000  0.316954878807E-01
 102.10000  0.482052701656E-01
 102.20000  0.243711399297E-01
 102.30000  0.782302320582E-02
 102.40000  0.114364585171E-01
 102.50000  0.329474212693E-01
 102.60000  0.446603152944E-01
 102.70000  0.242771083488E-01
 102.80000  0.160821666964E-01
 102.90000  0.186714743266E-01
 103.00000  0.296157367067E-01
 103.10000  0.345482918008E-01
 103.20000  0.231815852445E-01
 103.30000  0.269994740544E-01
 103.40000  0.256031491280E-01
 103.50000  0.220447785723E-01
 103.60000  0.211824769449E-01
 103.70000  0.219970451416E-01
 103.80000  0.376952336537E-01
 103.90000  0.306706481758E-01
 104.00000  0.140149062734E-01
 104.10000  0.103780978149E-01
 104.20000  0.226568607701E-01
 104.30000  0.463533935488E-01
 104.40000  0.339026781942E-01
 104.50000  0.979155886130E-02
 104.60000  0.643010413346E-02
 104.70000  0.251814561036E-01
 104.80000  0.503932257907E-01
 104.90000  0.344308719277E-01
 105.00000  0.104762840752E-01
 105.10000  0.901894759111E-02
 105.20000  0.266182973629E-01
 105.30000  0.467553474758E-01
 105.40000  0.307234785712E-01
 105.50000  0.143660763965E-01
 105.60000  0.149546731012E-01
 105.70000  0.242907029064E-01
 105.80000  0.353898750033E-01
 105.90000  0.236282488370E-01
 106.00000  0.202266652889E-01
 106.10000  0.220577074747E-01
 106.20000  0.191997872202E-01
 106.30000  0.210575992940E-01
 106.40000  0.170864026171E-01
 106.50000  0.280720742933E-01
 106.60000  0.296486758608E-01
 106.70000  0.146799838136E-01
 106.80000  0.990512836764E-02
 106.90000  0.143611747221E-01
 107.00000  0.363611535126E-01
 107.10000  0.358087255409E-01
 107.20000  0.122901977403E-01
 107.30000  0.462638091478E-02
 107.40000  0.146144224331E-01
 107.50000  0.407396683724E-01
 107.60000  0.368681480996E-01
 107.70000  0.109171429507E-01
 107.80000  0.413995885494E-02
 107.90000  0.146515763605E-01
 108.00000  0.375462535614E-01
 108.10000  0.310620318408E-01
 108.20000  0.998829741980E-02
 108.30000  0.720790127934E-02
 108.40000  0.133253869548E-01
 108.50000  0.279498711598E-01
 108.60000  0.213890591935E-01
 108.70000  0.113921929000E-01
 108.80000  0.140919135935E-01
 108.90000  0.124274365168E-01
 109.00000  0.170561732569E-01
 109.10000  0.131538145761E-01
 109.20000  0.167525052075E-01
 109.30000  0.239612481338E-01
 109.40000  0.132011489399E-01
 109.50000  0.898760336754E-02
 109.60000  0.890955661098E-02
 109.70000  0.238406994089E-01
 109.80000  0.325705634415E-01
 109.90000  0.138908665967E-01
 110.00000  0.417779268951E-02
 110.10000  0.710504580017E-02
 110.20000  0.276352849034E-01
 110.30000  0.347327166139E-01
 110.40000  0.121157498296E-01
 110.50000  0.176928711694E-02
 110.60000  0.574342712017E-02
 110.70000  0.253688849861E-01
 110.80000  0.293460649136E-01
 110.90000  0.882200505417E-02
 111.00000  0.292058167516E-02
 111.10000  0.570129733588E-02
 111.20000  0.193241664429E-01
 111.30000  0.206396807055E-01
 111.40000  0.797354193035E-02
 111.50000  0.974677115515E-02
 111.60000  0.904381067361E-02
 111.70000  0.137992160318E-01
 111.80000  0.136841312939E-01
 111.90000  0.117057017603E-01
 112.00000  0.209983013962E-01
 112.10000  0.147575467599E-01
 112.20000  0.101872912654E-01
 112.30000  0.953174675136E-02
 112.40000  0.170924220935E-01
 112.50000  0.308093125665E-01
 112.60000  0.183005460615E-01
 112.70000  0.662792560570E-02
 112.80000  0.597132830484E-02
 112.90000  0.191956024859E-01
 113.00000  0.335031589404E-01
 113.10000  0.165425404400E-01
 113.20000  0.253969795183E-02
 113.30000  0.252494323955E-02
 113.40000  0.169418831961E-01
 113.50000  0.292638432453E-01
 113.60000  0.119685221758E-01
 113.70000  0.137829259498E-02
 113.80000  0.242881311697E-02
 113.90000  0.141681707978E-01
 114.00000  0.234166249001E-01
 114.10000  0.100735759893E-01
 114.20000  0.693416539547E-02
 114.30000  0.826787267476E-02
 114.40000  0.141812642223E-01
 114.50000  0.198172286807E-01
 114.60000  0.126056335422E-01
 114.70000  0.175239400803E-01
 114.80000  0.170257930710E-01
 114.90000  0.150380842508E-01
 115.00000  0.167549691525E-01
 115.10000  0.154119796937E-01
 115.20000  0.263341669441E-01
 115.30000  0.220678500355E-01
 115.40000  0.122991366487E-01
 115.50000  0.108179809672E-01
 115.60000  0.141469407428E-01
 115.70000  0.286228622313E-01
 115.80000  0.205799671358E-01
 115.90000  0.594356963234E-02
 116.00000  0.342828601109E-02
 116.10000  0.104661208046E-01
 116.20000  0.268700625220E-01
 116.30000  0.169116201779E-01
 116.40000  0.181914717850E-02
 116.50000  0.633492557179E-03
 116.60000  0.100457944216E-01
 116.70000  0.267721020614E-01
 116.80000  0.168055516124E-01
 116.90000  0.479756292641E-02
 117.00000  0.563049119656E-02
 117.10000  0.145512826972E-01
 117.20000  0.289611926519E-01
 117.30000  0.196702275239E-01
 117.40000  0.123777917284E-01
 117.50000  0.139845326145E-01
 117.60000  0.185042304091E-01
 117.70000  0.277277470098E-01
 117.80000  0.194605507147E-01
 117.90000  0.177847859825E-01
 118.00000  0.187292921137E-01
 118.10000  0.160724441680E-01
 118.20000  0.190913343099E-01
 118.30000  0.134561482985E-01
 118.40000  0.188810816106E-01
 118.50000  0.190050302335E-01
 118.60000  0.901573918792E-02
 118.70000  0.740224026499E-02
 118.80000  0.686886613784E-02
 118.90000  0.205355457233E-01
 119.00000  0.202541953580E-01
 119.10000  0.466256417202E-02
 119.20000  0.974218891015E-03
 119.30000  0.639328659935E-02
 119.40000  0.267622912735E-01
 119.50000  0.254632841028E-01
 119.60000  0.644583128748E-02
 119.70000  0.239607564630E-02
 119.80000  0.113768276169E-01
 119.90000  0.336724754646E-01
 120.00000  0.299165102204E-01
 120.10000  0.101511041475E-01
 120.20000  0.671889528516E-02
 120.30000  0.148962900002E-01
 120.40000  0.335333576905E-01
 120.50000  0.271361696240E-01
 120.60000  0.107720425417E-01
 120.70000  0.934624151489E-02
 120.80000  0.129707040909E-01
 120.90000  0.244927147219E-01
 121.00000  0.176706883229E-01
 121.10000  0.971173092175E-02
 121.20000  0.119023290765E-01
 121.30000  0.901332535868E-02
 121.40000  0.128095049337E-01
 121.50000  0.868500367478E-02
 121.60000  0.123246101676E-01
 121.70000  0.183411166631E-01
 121.80000  0.827916734501E-02
 121.90000  0.541704601187E-02
 122.00000  0.557769216872E-02
 122.10000  0.200212586969E-01
 122.20000  0.278716708729E-01
 122.30000  0.109412006191E-01
 122.40000  0.323124122308E-02
 122.50000  0.692430869058E-02
 122.60000  0.279089994321E-01
 122.70000  0.346841100971E-01
 122.80000  0.127238967828E-01
 122.90000  0.274449947520E-02
 123.00000  0.800015236729E-02
 123.10000  0.303105139106E-01
 123.20000  0.342296349105E-01
 123.30000  0.109418543452E-01
 123.40000  0.198617004237E-02
 123.50000  0.698917219376E-02
 123.60000  0.266331461044E-01
 123.70000  0.278597855143E-01
 123.80000  0.783041429085E-02
 123.90000  0.297351292654E-02
 124.00000  0.640435205698E-02
 124.10000  0.211226247376E-01
 124.20000  0.209196380424E-01
 124.30000  0.779954992774E-02
 124.40000  0.860068981247E-02
 124.50000  0.916489137196E-02
 124.60000  0.177632081882E-01
 124.70000  0.171436878162E-01
 124.80000  0.123781513085E-01
 124.90000  0.183310409976E-01
 125.00000  0.144974606010E-01
 125.10000  0.163010843707E-01
 125.20000  0.155297764090E-01
 125.30000  0.185546934493E-01
 125.40000  0.278281313372E-01
 125.50000  0.184097390421E-01
 125.60000  0.135663013848E-01
 125.70000  0.127804645777E-01
 125.80000  0.222653260936E-01
 125.90000  0.330825889327E-01
 126.00000  0.181847010146E-01
 126.10000  0.826365162778E-02
 126.20000  0.815819156903E-02
 126.30000  0.228635769491E-01
 126.40000  0.341876977858E-01
 126.50000  0.154244595711E-01
 126.60000  0.321940084978E-02
 126.70000  0.467435987856E-02
 126.80000  0.230446696786E-01
 126.90000  0.340596939224E-01
 127.00000  0.137498003736E-01
 127.10000  0.218831337234E-02
 127.20000  0.516700153259E-02
 127.30000  0.244840813574E-01
 127.40000  0.339046135088E-01
 127.50000  0.142454026767E-01
 127.60000  0.551651182295E-02
 127.70000  0.864283580392E-02
 127.80000  0.252410190082E-01
 127.90000  0.316595145504E-01
 128.00000  0.147358997516E-01
 128.10000  0.103407520330E-01
 128.20000  0.117079004532E-01
 128.30000  0.223975407432E-01
 128.40000  0.253452388065E-01
 128.50000  0.134127728519E-01
 128.60000  0.144572268373E-01
 128.70000  0.126789584511E-01
 128.80000  0.160202217581E-01
 128.90000  0.163698990389E-01
 129.00000  0.113681269045E-01
 129.10000  0.182277961009E-01
 129.20000  0.127153070502E-01
 129.30000  0.913675737924E-02
 129.40000  0.836585498941E-02
 129.50000  0.108155210136E-01
 129.60000  0.225136880876E-01
 129.70000  0.132106044882E-01
 129.80000  0.437991693111E-02
 129.90000  0.359704577523E-02
 130.00000  0.120522379513E-01
 130.10000  0.263344513645E-01
 130.20000  0.136748305774E-01
 130.30000  0.195871619439E-02
 130.40000  0.159473361563E-02
 130.50000  0.132540658197E-01
 130.60000  0.275388942938E-01
 130.70000  0.126836268275E-01
 130.80000  0.812958435698E-03
 130.90000  0.877035339439E-03
 131.00000  0.127744015148E-01
 131.10000  0.251830803949E-01
 131.20000  0.997328200510E-02
 131.30000  0.555266287064E-03
 131.40000  0.872366722176E-03
 131.50000  0.107557003774E-01
 131.60000  0.204874894904E-01
 131.70000  0.687756769740E-02
 131.80000  0.173819314573E-02
 131.90000  0.195421018307E-02
 132.00000  0.853860998717E-02
 132.10000  0.156000761773E-01
 132.20000  0.496187548464E-02
 132.30000  0.472014179862E-02
 132.40000  0.427680124120E-02
 132.50000  0.709630405870E-02
 132.60000  0.118369622633E-01
 132.70000  0.463946889860E-02
 132.80000  0.881448026658E-02
 132.90000  0.707198268493E-02
 133.00000  0.622316995638E-02
 133.10000  0.903783628235E-02
 133.20000  0.505413207931E-02
 133.30000  0.126140364859E-01
 133.40000  0.907896630498E-02
 133.50000  0.500915003667E-02
 133.60000  0.629806613155E-02
 133.70000  0.511125589086E-02
 133.80000  0.150928777847E-01
 133.90000  0.959755542200E-02
 134.00000  0.298471006726E-02
 134.10000  0.325394229201E-02
 134.20000  0.464833633975E-02
 134.30000  0.164489674794E-01
 134.40000  0.916024168511E-02
 134.50000  0.860410615336E-03
 134.60000  0.743836586396E-03
 134.70000  0.463870722415E-02
 134.80000  0.177969636982E-01
 134.90000  0.905171008553E-02
 135.00000  0.626466990579E-04
 135.10000  0.126655643239E-03
 135.20000  0.605055165693E-02
 135.30000  0.197230041401E-01
 135.40000  0.987300795379E-02
 135.50000  0.134761514321E-02
 135.60000  0.180906459403E-02
 135.70000  0.836615440585E-02
 135.80000  0.210508161354E-01
 135.90000  0.106010564435E-01
 136.00000  0.400268010951E-02
 136.10000  0.467226636098E-02
 136.20000  0.959936700220E-02
 136.30000  0.195526645219E-01
 136.40000  0.960203693258E-02
 136.50000  0.686288004278E-02
 136.60000  0.738727561001E-02
 136.70000  0.831947527478E-02
 136.80000  0.144315459092E-01
 136.90000  0.686869984052E-02
 137.00000  0.100694001838E-01
 137.10000  0.101027789276E-01
 137.20000  0.546894469342E-02
 137.30000  0.778263218548E-02
 137.40000  0.461170836589E-02
 137.50000  0.149244426943E-01
 137.60000  0.139375667019E-01
 137.70000  0.339145103672E-02
 137.80000  0.282194315734E-02
 137.90000  0.486851158262E-02
 138.00000  0.214397665124E-01
 138.10000  0.185605130137E-01
 138.20000  0.303602536303E-02
 138.30000  0.783014217183E-03
 138.40000  0.695125490089E-02
 138.50000  0.269160211349E-01
 138.60000  0.214083334287E-01
 138.70000  0.313489256793E-02
 138.80000  0.434583246686E-03
 138.90000  0.828746112364E-02
 139.00000  0.281672824398E-01
 139.10000  0.202592330493E-01
 139.20000  0.247006941429E-02
 139.30000  0.532320694119E-03
 139.40000  0.759510157368E-02
 139.50000  0.249060430972E-01
 139.60000  0.159285904759E-01
 139.70000  0.180175799636E-02
 139.80000  0.145683556399E-02
 139.90000  0.613407365128E-02
 140.00000  0.200015558817E-01
 140.10000  0.115337219426E-01
 140.20000  0.285090266429E-02
 140.30000  0.413576915727E-02
 140.40000  0.590555703555E-02
 140.50000  0.166652983569E-01
 140.60000  0.957742489719E-02
 140.70000  0.624861943516E-02
 140.80000  0.850228777800E-02
 140.90000  0.761910447809E-02
 141.00000  0.160046411207E-01
 141.10000  0.102384717344E-01
 141.20000  0.110582700314E-01
 141.30000  0.134145921747E-01
 141.40000  0.102309912728E-01
 141.50000  0.165770788159E-01
 141.60000  0.116521031567E-01
 141.70000  0.155856612278E-01
 141.80000  0.173512427662E-01
 141.90000  0.115925964306E-01
 142.00000  0.155289032930E-01
 142.10000  0.114186113771E-01
 142.20000  0.186165689140E-01
 142.30000  0.194591870941E-01
 142.40000  0.101685724061E-01
 142.50000  0.111665226339E-01
 142.60000  0.902143869377E-02
 142.70000  0.209646021399E-01
 142.80000  0.209142407816E-01
 142.90000  0.712076338422E-02
 143.00000  0.528331714724E-02
 143.10000  0.709399708353E-02
 143.20000  0.253811588755E-01
 143.30000  0.243372187058E-01
 143.40000  0.563677109947E-02
 143.50000  0.171324441067E-02
 143.60000  0.868113476518E-02
 143.70000  0.330512048870E-01
 143.80000  0.301561324016E-01
 143.90000  0.696859827701E-02
 144.00000  0.182157385237E-02
 144.10000  0.129417281489E-01
 144.20000  0.404851429073E-01
 144.30000  0.345173406817E-01
 144.40000  0.855836721320E-02
 144.50000  0.312375634214E-02
 144.60000  0.155984356819E-01
 144.70000  0.422271549032E-01
 144.80000  0.330045153686E-01
 144.90000  0.762445958618E-02
 145.00000  0.321110333571E-02
 145.10000  0.141307325263E-01
 145.20000  0.368149471611E-01
 145.30000  0.258712511518E-01
 145.40000  0.509558247545E-02
 145.50000  0.298905385691E-02
 145.60000  0.105159148471E-01
 145.70000  0.282559934294E-01
 145.80000  0.178334732179E-01
 145.90000  0.437447959502E-02
 146.00000  0.495489752073E-02
 146.10000  0.852588739712E-02
 146.20000  0.219267498923E-01
 146.30000  0.134931614382E-01
 146.40000  0.757720919557E-02
 146.50000  0.101231529114E-01
 146.60000  0.102022558325E-01
 146.70000  0.205451619633E-01
 146.80000  0.142069492870E-01
 146.90000  0.141146990227E-01
 147.00000  0.173686746732E-01
 147.10000  0.147743112508E-01
 147.20000  0.229725424799E-01
 147.30000  0.178127312040E-01
 147.40000  0.213248619390E-01
 147.50000  0.240231058025E-01
 147.60000  0.189564748196E-01
 147.70000  0.248772655530E-01
 147.80000  0.199110688560E-01
 147.90000  0.258017821908E-01
 148.00000  0.270933640609E-01
 148.10000  0.188514065480E-01
 148.20000  0.217824241457E-01
 148.30000  0.172662787917E-01
 148.40000  0.263023008831E-01
 148.50000  0.261662576310E-01
 148.60000  0.138509817731E-01
 148.70000  0.136394072422E-01
 148.80000  0.115752538421E-01
 148.90000  0.260334190179E-01
 149.00000  0.249763339956E-01
 149.10000  0.808285476284E-02
 149.20000  0.541696204091E-02
 149.30000  0.820256422274E-02
 149.40000  0.297043500755E-01
 149.50000  0.276235171289E-01
 149.60000  0.597282686050E-02
 149.70000  0.165130881097E-02
 149.80000  0.100236509852E-01
 149.90000  0.376290384273E-01
 150.00000  0.333304126099E-01
 150.10000  0.727263578766E-02
 150.20000  0.186441441977E-02
 150.30000  0.143493501205E-01
 150.40000  0.448935554423E-01
 150.50000  0.371603776516E-01
 150.60000  0.832701168052E-02
 150.70000  0.262216118524E-02
 150.80000  0.167111402977E-01
 150.90000  0.467205897073E-01
 151.00000  0.355949600571E-01
 151.10000  0.696385274006E-02
 151.20000  0.210235555042E-02
 151.30000  0.155420464903E-01
 151.40000  0.426962544255E-01
 151.50000  0.294703092758E-01
 151.60000  0.417239642041E-02
 151.70000  0.106377861219E-02
 151.80000  0.124413938147E-01
 151.90000  0.359258344840E-01
 152.00000  0.222268593534E-01
 152.10000  0.225156052357E-02
 152.20000  0.116984320982E-02
 152.30000  0.101205803351E-01
 152.40000  0.303672849577E-01
 152.50000  0.174120687984E-01
 152.60000  0.325092141517E-02
 152.70000  0.396249230467E-02
 152.80000  0.109526260193E-01
 152.90000  0.289037420753E-01
 153.00000  0.171105480466E-01
 153.10000  0.807564541920E-02
 153.20000  0.993115844367E-02
 153.30000  0.153864319643E-01
 153.40000  0.314420851151E-01
 153.50000  0.203425792494E-01
 153.60000  0.151480700092E-01
 153.70000  0.170838051366E-01
 153.80000  0.206002544719E-01
 153.90000  0.341802155494E-01
 154.00000  0.230293735040E-01
 154.10000  0.207459057824E-01
 154.20000  0.217279065415E-01
 154.30000  0.222786625189E-01
 154.40000  0.325312387219E-01
 154.50000  0.214371409755E-01
 154.60000  0.224002005559E-01
 154.70000  0.220436564705E-01
 154.80000  0.187807115575E-01
 154.90000  0.255306607691E-01
 155.00000  0.159089238053E-01
 155.10000  0.215546164421E-01
 155.20000  0.200395266406E-01
 155.30000  0.126395425204E-01
 155.40000  0.164714952837E-01
 155.50000  0.101931262318E-01
 155.60000  0.217791280031E-01
 155.70000  0.191205619256E-01
 155.80000  0.757677925712E-02
 155.90000  0.926177264339E-02
 156.00000  0.744278382790E-02
 156.10000  0.249695837299E-01
 156.20000  0.206446850229E-01
 156.30000  0.519089188829E-02
 156.40000  0.535563730470E-02
 156.50000  0.798370278131E-02
 156.60000  0.302652033178E-01
 156.70000  0.235781696314E-01
 156.80000  0.485867202942E-02
 156.90000  0.403865859999E-02
 157.00000  0.104029544305E-01
 157.10000  0.358275763091E-01
 157.20000  0.263473883457E-01
 157.30000  0.531533728658E-02
 157.40000  0.394054560926E-02
 157.50000  0.131724080801E-01
 157.60000  0.403265119087E-01
 157.70000  0.279053849927E-01
 157.80000  0.541866503945E-02
 157.90000  0.372998940741E-02
 158.00000  0.151815678210E-01
 158.10000  0.431211753775E-01
 158.20000  0.277655554978E-01
 158.30000  0.443973342103E-02
 158.40000  0.263668349748E-02
 158.50000  0.160724263223E-01
 158.60000  0.443159958081E-01
 158.70000  0.262124476388E-01
 158.80000  0.269195015672E-02
 158.90000  0.113988315726E-02
 159.00000  0.165382823588E-01
 159.10000  0.447415323548E-01
 159.20000  0.242777479317E-01
 159.30000  0.145800437846E-02
 159.40000  0.550428259573E-03
 159.50000  0.175388845830E-01
 159.60000  0.450341155595E-01
 159.70000  0.227069695185E-01
 159.80000  0.166285690238E-02
 159.90000  0.148882735365E-02
 160.00000  0.190038300731E-01
 160.10000  0.447361722128E-01
 160.20000  0.211588435244E-01
 160.30000  0.297764798307E-02
 160.40000  0.325190176185E-02
 160.50000  0.199108206615E-01
 160.60000  0.429508228329E-01
 160.70000  0.189231778969E-01
 160.80000  0.447605260703E-02
 160.90000  0.475904592220E-02
 161.00000  0.196532268148E-01
 161.10000  0.397523969341E-01
 161.20000  0.160605206302E-01
 161.30000  0.564764700609E-02
 161.40000  0.557185775096E-02
 161.50000  0.187685609985E-01
 161.60000  0.363753497026E-01
 161.70000  0.133745208708E-01
 161.80000  0.654385478223E-02
 161.90000  0.592065809762E-02
 162.00000  0.182798380711E-01
 162.10000  0.340502480208E-01
 162.20000  0.115415559431E-01
 162.30000  0.743699233696E-02
 162.40000  0.625472052500E-02
 162.50000  0.187150650985E-01
 162.60000  0.329769388754E-01
 162.70000  0.106282495963E-01
 162.80000  0.869453954094E-02
 162.90000  0.696731519121E-02
 163.00000  0.197436252549E-01
 163.10000  0.322757309051E-01
 163.20000  0.102878551864E-01
 163.30000  0.107991915847E-01
 163.40000  0.829942108977E-02
 163.50000  0.204833313607E-01
 163.60000  0.307268462960E-01
 163.70000  0.102627817855E-01
 163.80000  0.142964589330E-01
 163.90000  0.103726937117E-01
 164.00000  0.202518734664E-01
 164.10000  0.278002127615E-01
 164.20000  0.107888788590E-01
 164.30000  0.195842066595E-01
 164.40000  0.132248857095E-01
 164.50000  0.191590351703E-01
 164.60000  0.241049558545E-01
 164.70000  0.123547418371E-01
 164.80000  0.263816239979E-01
 164.90000  0.165122432834E-01
 165.00000  0.177974371407E-01
 165.10000  0.206421473322E-01
 165.20000  0.148165803849E-01
 165.30000  0.332363789671E-01
 165.40000  0.191515666523E-01
 165.50000  0.163859857365E-01
 165.60000  0.176981574412E-01
 165.70000  0.170109754141E-01
 165.80000  0.380363731017E-01
 165.90000  0.197741139309E-01
 166.00000  0.145931752312E-01
 166.10000  0.147900309704E-01
 166.20000  0.177036412923E-01
 166.30000  0.395848610080E-01
 166.40000  0.179259004084E-01
 166.50000  0.122470038251E-01
 166.60000  0.115846221932E-01
 166.70000  0.168998131427E-01
 166.80000  0.386959014360E-01
 166.90000  0.146435695454E-01
 167.00000  0.979825089148E-02
 167.10000  0.843024914517E-02
 167.20000  0.159209312017E-01
 167.30000  0.375165994545E-01
 167.40000  0.116166285634E-01
 167.50000  0.790942835747E-02
 167.60000  0.595119638608E-02
 167.70000  0.162530941293E-01
 167.80000  0.378499545442E-01
 167.90000  0.993696861743E-02
 168.00000  0.690926159540E-02
 168.10000  0.452319055696E-02
 168.20000  0.186015875779E-01
 168.30000  0.402512226598E-01
 168.40000  0.976528115073E-02
 168.50000  0.682934839282E-02
 168.60000  0.425704574521E-02
 168.70000  0.229106244343E-01
 168.80000  0.443528231495E-01
 168.90000  0.107508715417E-01
 169.00000  0.752860340710E-02
 169.10000  0.497253332982E-02
 169.20000  0.286311454123E-01
 169.30000  0.493270694846E-01
 169.40000  0.121059391405E-01
 169.50000  0.824558508983E-02
 169.60000  0.578051573967E-02
 169.70000  0.347101271077E-01
 169.80000  0.539984843092E-01
 169.90000  0.125394043030E-01
 170.00000  0.758765444372E-02
 170.10000  0.543171180889E-02
 170.20000  0.401683005503E-01
 170.30000  0.575017984389E-01
 170.40000  0.112798357278E-01
 170.50000  0.509739056612E-02
 170.60000  0.391964253450E-02
 170.70000  0.451683303991E-01
 170.80000  0.600630293227E-01
 170.90000  0.915487435565E-02
 171.00000  0.239758542949E-02
 171.10000  0.282264721929E-02
 171.20000  0.503225437853E-01
 171.30000  0.618802662012E-01
 171.40000  0.735322349148E-02
 171.50000  0.143751987955E-02
 171.60000  0.294417035846E-02
 171.70000  0.543928123675E-01
 171.80000  0.612491843356E-01
 171.90000  0.547736268129E-02
 172.00000  0.231278909864E-02
 172.10000  0.299319574650E-02
 172.20000  0.548213472448E-01
 172.30000  0.561903960344E-01
 172.40000  0.281866436315E-02
 172.50000  0.437398525609E-02
 172.60000  0.209963908519E-02
 172.70000  0.519118576724E-01
 172.80000  0.484346590582E-01
 172.90000  0.711802099741E-03
 173.00000  0.770829639012E-02
 173.10000  0.154767787059E-02
 173.20000  0.501054816480E-01
 173.30000  0.429009756856E-01
 173.40000  0.608099582100E-03
 173.50000  0.110970135541E-01
 173.60000  0.233725918934E-02
 173.70000  0.539538178146E-01
 173.80000  0.429154469170E-01
 173.90000  0.110264014657E-02
 174.00000  0.112737768551E-01
 174.10000  0.413387456827E-02
 174.20000  0.655704630685E-01
 174.30000  0.488778551319E-01
 174.40000  0.520549702623E-03
 174.50000  0.760142137352E-02
 174.60000  0.812410216262E-02
 174.70000  0.853359733679E-01
 174.80000  0.598508665288E-01
 174.90000  0.308365495451E-03
 175.00000  0.429803025109E-02
 175.10000  0.159546984223E-01
 175.20000  0.109224204484E+00
 175.30000  0.711495752614E-01
 175.40000  0.169149646043E-02
 175.50000  0.471444529757E-02
 175.60000  0.238335127078E-01
 175.70000  0.125809682306E+00
 175.80000  0.730418559434E-01
 175.90000  0.280660119447E-02
 176.00000  0.811375439367E-02
 176.10000  0.244197624552E-01
 176.20000  0.124714229817E+00
 176.30000  0.600221029717E-01
 176.40000  0.439598953030E-02
 176.50000  0.151025206795E-01
 176.60000  0.173215829912E-01
 176.70000  0.110096345611E+00
 176.80000  0.397867350613E-01
 176.90000  0.122976027002E-01
 177.00000  0.282420153059E-01
 177.10000  0.104460230263E-01
 177.20000  0.991559987431E-01
 177.30000  0.254858751633E-01
 177.40000  0.270585934216E-01
 177.50000  0.427299539340E-01
 177.60000  0.101165148068E-01
 177.70000  0.109392549544E+00
 177.80000  0.229931017296E-01
 177.90000  0.384897367207E-01
 178.00000  0.468351770684E-01
 178.10000  0.207036271334E-01
 178.20000  0.157410121471E+00
 178.30000  0.340968815118E-01
 178.40000  0.399915726964E-01
 178.50000  0.386452101890E-01
 178.60000  0.551704173019E-01
 178.70000  0.268105180897E+00
 178.80000  0.638249968599E-01
 178.90000  0.424903754001E-01
 179.00000  0.328766368029E-01
 179.10000  0.133935459174E+00
 179.20000  0.486983299994E+00
 179.30000  0.110214476012E+00
 179.40000  0.834390251003E-01
 179.50000  0.587025169363E-01
 179.60000  0.309466970841E+00
 179.70000  0.111163231997E+01
 179.80000  0.154989233347E+00
 179.90000  0.103837000351E+01
 180.00000  0.302725124505E+01
