    0.1000      0.917624463784E+06
    0.2000      0.401252549822E+06
    0.3000      0.111106278229E+06
    0.4000      0.314355919688E+05
    0.5000      0.182355821558E+05
    0.6000      0.154506054966E+05
    0.7000      0.999374724073E+04
    0.8000      0.577604550657E+04
    0.9000      0.454996146420E+04
    1.0000      0.380735667872E+04
    1.1000      0.321758067387E+04
    1.2000      0.238406387667E+04
    1.3000      0.173087030703E+04
    1.4000      0.163187461241E+04
    1.5000      0.138208044331E+04
    1.6000      0.108491072778E+04
    1.7000      0.950815806800E+03
    1.8000      0.863588748976E+03
    1.9000      0.804720833137E+03
    2.0000      0.692076162685E+03
    2.1000      0.602355976931E+03
    2.2000      0.571106387921E+03
    2.3000      0.503870331591E+03
    2.4000      0.450845875947E+03
    2.5000      0.424990588255E+03
    2.6000      0.399834659911E+03
    2.7000      0.375375447152E+03
    2.8000      0.336016790107E+03
    2.9000      0.316422380516E+03
    3.0000      0.309831397167E+03
    3.1000      0.281340305276E+03
    3.2000      0.257752184484E+03
    3.3000      0.244111185335E+03
    3.4000      0.235281009348E+03
    3.5000      0.228977603231E+03
    3.6000      0.211790985702E+03
    3.7000      0.200405960841E+03
    3.8000      0.195019900419E+03
    3.9000      0.181706020883E+03
    4.0000      0.172883892380E+03
    4.1000      0.167482629468E+03
    4.2000      0.160663517404E+03
    4.3000      0.155488118996E+03
    4.4000      0.148073170609E+03
    4.5000      0.142578489192E+03
    4.6000      0.138871910082E+03
    4.7000      0.132062747120E+03
    4.8000      0.126870222626E+03
    4.9000      0.123625835445E+03
    5.0000      0.119995626653E+03
    5.1000      0.116127766513E+03
    5.2000      0.111942346602E+03
    5.3000      0.109001846894E+03
    5.4000      0.105972423406E+03
    5.5000      0.102502226971E+03
    5.6000      0.997700043880E+02
    5.7000      0.965967390010E+02
    5.8000      0.940473525985E+02
    5.9000      0.917780597934E+02
    6.0000      0.890257374575E+02
    6.1000      0.875774208072E+02
    6.2000      0.853965110480E+02
    6.3000      0.823236174984E+02
    6.4000      0.805191204974E+02
    6.5000      0.783687164629E+02
    6.6000      0.764219901890E+02
    6.7000      0.753006401716E+02
    6.8000      0.732334240384E+02
    6.9000      0.714206761848E+02
    7.0000      0.698962144827E+02
    7.1000      0.676826951067E+02
    7.2000      0.661794486646E+02
    7.3000      0.650127571965E+02
    7.4000      0.633486685140E+02
    7.5000      0.619741230274E+02
    7.6000      0.605473862155E+02
    7.7000      0.588997931306E+02
    7.8000      0.575946255187E+02
    7.9000      0.563871226707E+02
    8.0000      0.550265009955E+02
    8.1000      0.538095310907E+02
    8.2000      0.526134052599E+02
    8.3000      0.512243534744E+02
    8.4000      0.500669613053E+02
    8.5000      0.491546885720E+02
    8.6000      0.479896757709E+02
    8.7000      0.469256816230E+02
    8.8000      0.459476186353E+02
    8.9000      0.447169350092E+02
    9.0000      0.437897649040E+02
    9.1000      0.430590411999E+02
    9.2000      0.420698597925E+02
    9.3000      0.412893470633E+02
    9.4000      0.404799054288E+02
    9.5000      0.394178431615E+02
    9.6000      0.387070245081E+02
    9.7000      0.381126357061E+02
    9.8000      0.373323580711E+02
    9.9000      0.367679671962E+02
   10.0000      0.361155706470E+02
   10.1000      0.352648610072E+02
   10.2000      0.347242039910E+02
   10.3000      0.342494783133E+02
   10.4000      0.336381821060E+02
   10.5000      0.332409392036E+02
   10.6000      0.327311066803E+02
   10.7000      0.320338909086E+02
   10.8000      0.316309315891E+02
   10.9000      0.312546981477E+02
   11.0000      0.307676881428E+02
   11.1000      0.304992828754E+02
   11.2000      0.300747485023E+02
   11.3000      0.294947578711E+02
   11.4000      0.291823201259E+02
   11.5000      0.288373025659E+02
   11.6000      0.284392886402E+02
   11.7000      0.282372713144E+02
   11.8000      0.278572270156E+02
   11.9000      0.273751472150E+02
   12.0000      0.270909104035E+02
   12.1000      0.267582406007E+02
   12.2000      0.264080016367E+02
   12.3000      0.261932861620E+02
   12.4000      0.258397482095E+02
   12.5000      0.254068679173E+02
   12.6000      0.251190812724E+02
   12.7000      0.248168132700E+02
   12.8000      0.244713960254E+02
   12.9000      0.242309718290E+02
   13.0000      0.238941573077E+02
   13.1000      0.234505499433E+02
   13.2000      0.231630575438E+02
   13.3000      0.228835631570E+02
   13.4000      0.225261118428E+02
   13.5000      0.222963365539E+02
   13.6000      0.219615993265E+02
   13.7000      0.215033896662E+02
   13.8000      0.212362969203E+02
   13.9000      0.209548431744E+02
   14.0000      0.206095727284E+02
   14.1000      0.204155314845E+02
   14.2000      0.200826573082E+02
   14.3000      0.196543907246E+02
   14.4000      0.194100315322E+02
   14.5000      0.191236466837E+02
   14.6000      0.188217935016E+02
   14.7000      0.186543904485E+02
   14.8000      0.183521553990E+02
   14.9000      0.179982328506E+02
   15.0000      0.177810355722E+02
   15.1000      0.175300768727E+02
   15.2000      0.172820567187E+02
   15.3000      0.171255311538E+02
   15.4000      0.168815794812E+02
   15.5000      0.165984953404E+02
   15.6000      0.164181854023E+02
   15.7000      0.162417266595E+02
   15.8000      0.160393959108E+02
   15.9000      0.159037404663E+02
   16.0000      0.157259437848E+02
   16.1000      0.154874546125E+02
   16.2000      0.153577237018E+02
   16.3000      0.152578683053E+02
   16.4000      0.150901309468E+02
   16.5000      0.149924572438E+02
   16.6000      0.148599618553E+02
   16.7000      0.146430985625E+02
   16.8000      0.145575302179E+02
   16.9000      0.144995318137E+02
   17.0000      0.143586524507E+02
   17.1000      0.142981981445E+02
   17.2000      0.141874537065E+02
   17.3000      0.139914917272E+02
   17.4000      0.139290730791E+02
   17.5000      0.138778372804E+02
   17.6000      0.137535008025E+02
   17.7000      0.137012857927E+02
   17.8000      0.135923042536E+02
   17.9000      0.134136582430E+02
   18.0000      0.133447912439E+02
   18.1000      0.132825563244E+02
   18.2000      0.131589135638E+02
   18.3000      0.130840273524E+02
   18.4000      0.129713277950E+02
   18.5000      0.128026466875E+02
   18.6000      0.127137065897E+02
   18.7000      0.126430234884E+02
   18.8000      0.125060784517E+02
   18.9000      0.123936932599E+02
   19.0000      0.122742277274E+02
   19.1000      0.121016231945E+02
   19.2000      0.119913402179E+02
   19.3000      0.119173290576E+02
   19.4000      0.117641200857E+02
   19.5000      0.116237126500E+02
   19.6000      0.115022232636E+02
   19.7000      0.113262143822E+02
   19.8000      0.112067500052E+02
   19.9000      0.111341905220E+02
   20.0000      0.109732993034E+02
   20.1000      0.108209764455E+02
   20.2000      0.107025502614E+02
   20.3000      0.105339972453E+02
   20.4000      0.104181044986E+02
   20.5000      0.103532046108E+02
   20.6000      0.102037301519E+02
   20.7000      0.100591283399E+02
   20.8000      0.995786954354E+01
   20.9000      0.981686880585E+01
   21.0000      0.971592594178E+01
   21.1000      0.966543470087E+01
   21.2000      0.954037473574E+01
   21.3000      0.941177634362E+01
   21.4000      0.933641377489E+01
   21.5000      0.923430257628E+01
   21.6000      0.915398006170E+01
   21.7000      0.912404348252E+01
   21.8000      0.903071427347E+01
   21.9000      0.892355985348E+01
   22.0000      0.887898549093E+01
   22.1000      0.881783243884E+01
   22.2000      0.875845348323E+01
   22.3000      0.874693261459E+01
   22.4000      0.868158177820E+01
   22.5000      0.859369006032E+01
   22.6000      0.857309374022E+01
   22.7000      0.854438385400E+01
   22.8000      0.850080342342E+01
   22.9000      0.849923320541E+01
   23.0000      0.845549254793E+01
   23.1000      0.838328178395E+01
   23.2000      0.837501363790E+01
   23.3000      0.836591638749E+01
   23.4000      0.832580937292E+01
   23.5000      0.831642697284E+01
   23.6000      0.828031076414E+01
   23.7000      0.821186144223E+01
   23.8000      0.819891381127E+01
   23.9000      0.819475805964E+01
   24.0000      0.814569769951E+01
   24.1000      0.811556566769E+01
   24.2000      0.807814327620E+01
   24.3000      0.800621979673E+01
   24.4000      0.797953022043E+01
   24.5000      0.797137373528E+01
   24.6000      0.790672672158E+01
   24.7000      0.785051086891E+01
   24.8000      0.780574666509E+01
   24.9000      0.772613542684E+01
   25.0000      0.768121835801E+01
   25.1000      0.766211842586E+01
   25.2000      0.758068897475E+01
   25.3000      0.749989011313E+01
   25.4000      0.744560429652E+01
   25.5000      0.736008409760E+01
   25.6000      0.729800984157E+01
   25.7000      0.726517865202E+01
   25.8000      0.717315669266E+01
   25.9000      0.707633626227E+01
   26.0000      0.701664483186E+01
   26.1000      0.693479380705E+01
   26.2000      0.686384899382E+01
   26.3000      0.682258815602E+01
   26.4000      0.673466307473E+01
   26.5000      0.663757278089E+01
   26.6000      0.658381196809E+01
   26.7000      0.652009079674E+01
   26.8000      0.645154256440E+01
   26.9000      0.640927722652E+01
   27.0000      0.633741729293E+01
   27.1000      0.625091713084E+01
   27.2000      0.620901958770E+01
   27.3000      0.616947199000E+01
   27.4000      0.610876024065E+01
   27.5000      0.606947079149E+01
   27.6000      0.601992732807E+01
   27.7000      0.595186295583E+01
   27.8000      0.592620635617E+01
   27.9000      0.591366548742E+01
   28.0000      0.586682172522E+01
   28.1000      0.583537740654E+01
   28.2000      0.581131946332E+01
   28.3000      0.576701486728E+01
   28.4000      0.575777930793E+01
   28.5000      0.576830939260E+01
   28.6000      0.573703385965E+01
   28.7000      0.571358066441E+01
   28.8000      0.571096962891E+01
   28.9000      0.568912581048E+01
   29.0000      0.568948639090E+01
   29.1000      0.571144400836E+01
   29.2000      0.569076232077E+01
   29.3000      0.566873591367E+01
   29.4000      0.567555459729E+01
   29.5000      0.566654674047E+01
   29.6000      0.566287553514E+01
   29.7000      0.567910210699E+01
   29.8000      0.565929031240E+01
   29.9000      0.563022033225E+01
   30.0000      0.563458179382E+01
   30.1000      0.563028167703E+01
   30.2000      0.561510438882E+01
   30.3000      0.561673072230E+01
   30.4000      0.559500583648E+01
   30.5000      0.555822076574E+01
   30.6000      0.555410027574E+01
   30.7000      0.554868277935E+01
   30.8000      0.551827551999E+01
   30.9000      0.549905158771E+01
   31.0000      0.547101092407E+01
   31.1000      0.542468359534E+01
   31.2000      0.540475688483E+01
   31.3000      0.539003621638E+01
   31.4000      0.534216667349E+01
   31.5000      0.529926165471E+01
   31.6000      0.526235410175E+01
   31.7000      0.520832425492E+01
   31.8000      0.517082908738E+01
   31.9000      0.514409461955E+01
   32.0000      0.508422679939E+01
   32.1000      0.502387883071E+01
   32.2000      0.498270029887E+01
   32.3000      0.492995552505E+01
   32.4000      0.488192819735E+01
   32.5000      0.484854221834E+01
   32.6000      0.478985689779E+01
   32.7000      0.472647017410E+01
   32.8000      0.469081962629E+01
   32.9000      0.465115193886E+01
   33.0000      0.460350593481E+01
   33.1000      0.457052250245E+01
   33.2000      0.452369930603E+01
   33.3000      0.446793150124E+01
   33.4000      0.444073933942E+01
   33.5000      0.441606005107E+01
   33.6000      0.437235725889E+01
   33.7000      0.434021915263E+01
   33.8000      0.430752590665E+01
   33.9000      0.426435275752E+01
   34.0000      0.424539746578E+01
   34.1000      0.423546821941E+01
   34.2000      0.420207369032E+01
   34.3000      0.417689735005E+01
   34.4000      0.416443721595E+01
   34.5000      0.414342314865E+01
   34.6000      0.413776631903E+01
   34.7000      0.414466926258E+01
   34.8000      0.412868426782E+01
   34.9000      0.411498349743E+01
   35.0000      0.412098859469E+01
   35.1000      0.412037401368E+01
   35.2000      0.412186523423E+01
   35.3000      0.413486442760E+01
   35.4000      0.413045984136E+01
   35.5000      0.412253528508E+01
   35.6000      0.413566936598E+01
   35.7000      0.414604835375E+01
   35.8000      0.414676638178E+01
   35.9000      0.415577115197E+01
   36.0000      0.415704749225E+01
   36.1000      0.415070625440E+01
   36.2000      0.416064638591E+01
   36.3000      0.417159792665E+01
   36.4000      0.416486110334E+01
   36.5000      0.416154792798E+01
   36.6000      0.416116715633E+01
   36.7000      0.415208515919E+01
   36.8000      0.415132068663E+01
   36.9000      0.415549122288E+01
   37.0000      0.414044554947E+01
   37.1000      0.412443269191E+01
   37.2000      0.412030986334E+01
   37.3000      0.410885277104E+01
   37.4000      0.409554810255E+01
   37.5000      0.408837691034E+01
   37.6000      0.406482626892E+01
   37.7000      0.403532858004E+01
   37.8000      0.402073896634E+01
   37.9000      0.400100945200E+01
   38.0000      0.397006862622E+01
   38.1000      0.394461401121E+01
   38.2000      0.391077261790E+01
   38.3000      0.386947491928E+01
   38.4000      0.384244750765E+01
   38.5000      0.381512777548E+01
   38.6000      0.377308601591E+01
   38.7000      0.373559808306E+01
   38.8000      0.369955730713E+01
   38.9000      0.365714249787E+01
   39.0000      0.362415329915E+01
   39.1000      0.359486131616E+01
   39.2000      0.355173869504E+01
   39.3000      0.351098628624E+01
   39.4000      0.347942810680E+01
   39.5000      0.344432168291E+01
   39.6000      0.341182084656E+01
   39.7000      0.338559170137E+01
   39.8000      0.335074216979E+01
   39.9000      0.331603209477E+01
   40.0000      0.329394536385E+01
   40.1000      0.327156916014E+01
   40.2000      0.324489373261E+01
   40.3000      0.322422415020E+01
   40.4000      0.320167342525E+01
   40.5000      0.317715334097E+01
   40.6000      0.316324171985E+01
   40.7000      0.315178475470E+01
   40.8000      0.313234650796E+01
   40.9000      0.311741053609E+01
   41.0000      0.310760013498E+01
   41.1000      0.309617038389E+01
   41.2000      0.309115404833E+01
   41.3000      0.309136362822E+01
   41.4000      0.308483161518E+01
   41.5000      0.308104336777E+01
   41.6000      0.308656813904E+01
   41.7000      0.309150349641E+01
   41.8000      0.309667112925E+01
   41.9000      0.310678872365E+01
   42.0000      0.311277695205E+01
   42.1000      0.311815640562E+01
   42.2000      0.313163491646E+01
   42.3000      0.314478292308E+01
   42.4000      0.315238956124E+01
   42.5000      0.316263576423E+01
   42.6000      0.317234491761E+01
   42.7000      0.317921007045E+01
   42.8000      0.319034921675E+01
   42.9000      0.320207009842E+01
   43.0000      0.320626848442E+01
   43.1000      0.321091834431E+01
   43.2000      0.321851361269E+01
   43.3000      0.322291928683E+01
   43.4000      0.322687065931E+01
   43.5000      0.323189011161E+01
   43.6000      0.323059889805E+01
   43.7000      0.322769141546E+01
   43.8000      0.322858072087E+01
   43.9000      0.322679808736E+01
   44.0000      0.322091520175E+01
   44.1000      0.321581754297E+01
   44.2000      0.320727120452E+01
   44.3000      0.319616242623E+01
   44.4000      0.318761302567E+01
   44.5000      0.317742155758E+01
   44.6000      0.316212719041E+01
   44.7000      0.314690952946E+01
   44.8000      0.313049254998E+01
   44.9000      0.311141208177E+01
   45.0000      0.309266201793E+01
   45.1000      0.307284666123E+01
   45.2000      0.304883245981E+01
   45.3000      0.302424809557E+01
   45.4000      0.299958552901E+01
   45.5000      0.297326204721E+01
   45.6000      0.294608451883E+01
   45.7000      0.291869743363E+01
   45.8000      0.288991471103E+01
   45.9000      0.286121419263E+01
   46.0000      0.283287007445E+01
   46.1000      0.280472728290E+01
   46.2000      0.277657492201E+01
   46.3000      0.274902668701E+01
   46.4000      0.272234723169E+01
   46.5000      0.269673500387E+01
   46.6000      0.267110167897E+01
   46.7000      0.264660837392E+01
   46.8000      0.262360122179E+01
   46.9000      0.260151258473E+01
   47.0000      0.258042504328E+01
   47.1000      0.256107599352E+01
   47.2000      0.254214119513E+01
   47.3000      0.252457641646E+01
   47.4000      0.250933529531E+01
   47.5000      0.249556095958E+01
   47.6000      0.248223836157E+01
   47.7000      0.247081634533E+01
   47.8000      0.246107961641E+01
   47.9000      0.245261298801E+01
   48.0000      0.244567575795E+01
   48.1000      0.244055791644E+01
   48.2000      0.243564037569E+01
   48.3000      0.243190286648E+01
   48.4000      0.243075999207E+01
   48.5000      0.243082688549E+01
   48.6000      0.243045235047E+01
   48.7000      0.243195280633E+01
   48.8000      0.243478004437E+01
   48.9000      0.243795527362E+01
   49.0000      0.244359739145E+01
   49.1000      0.245099804005E+01
   49.2000      0.245624602457E+01
   49.3000      0.246279515851E+01
   49.4000      0.247265307830E+01
   49.5000      0.248197026462E+01
   49.6000      0.249110278187E+01
   49.7000      0.250199963013E+01
   49.8000      0.251012812016E+01
   49.9000      0.251754227034E+01
   50.0000      0.252880618281E+01
   50.1000      0.253887459179E+01
   50.2000      0.254471281359E+01
   50.3000      0.255169282091E+01
   50.4000      0.255784991110E+01
   50.5000      0.256159263746E+01
   50.6000      0.256782565563E+01
   50.7000      0.257375961609E+01
   50.8000      0.257358981048E+01
   50.9000      0.257379914169E+01
   51.0000      0.257664580511E+01
   51.1000      0.257665530910E+01
   51.2000      0.257568491961E+01
   51.3000      0.257552172007E+01
   51.4000      0.257024800257E+01
   51.5000      0.256359984838E+01
   51.6000      0.256106494690E+01
   51.7000      0.255607436357E+01
   51.8000      0.254585972341E+01
   51.9000      0.253665236752E+01
   52.0000      0.252589588630E+01
   52.1000      0.251222614256E+01
   52.2000      0.250145323466E+01
   52.3000      0.248998780599E+01
   52.4000      0.247148153982E+01
   52.5000      0.245357208665E+01
   52.6000      0.243888997806E+01
   52.7000      0.242114547646E+01
   52.8000      0.240258515973E+01
   52.9000      0.238541547984E+01
   53.0000      0.236321018878E+01
   53.1000      0.234031498022E+01
   53.2000      0.232317842131E+01
   53.3000      0.230429005964E+01
   53.4000      0.228049357970E+01
   53.5000      0.225921751179E+01
   53.6000      0.223810744632E+01
   53.7000      0.221521514958E+01
   53.8000      0.219669983989E+01
   53.9000      0.217895887488E+01
   54.0000      0.215522508782E+01
   54.1000      0.213365509913E+01
   54.2000      0.211738660447E+01
   54.3000      0.209929684458E+01
   54.4000      0.208113643668E+01
   54.5000      0.206581899818E+01
   54.6000      0.204711625065E+01
   54.7000      0.202874470347E+01
   54.8000      0.201735439587E+01
   54.9000      0.200532550459E+01
   55.0000      0.198862190812E+01
   55.1000      0.197536413303E+01
   55.2000      0.196412766239E+01
   55.3000      0.195154627190E+01
   55.4000      0.194333060884E+01
   55.5000      0.193688181715E+01
   55.6000      0.192468102232E+01
   55.7000      0.191488613148E+01
   55.8000      0.191217485007E+01
   55.9000      0.190782425650E+01
   56.0000      0.190209929276E+01
   56.1000      0.190006924101E+01
   56.2000      0.189574281373E+01
   56.3000      0.189124910472E+01
   56.4000      0.189435661398E+01
   56.5000      0.189700858598E+01
   56.6000      0.189313996412E+01
   56.7000      0.189281019651E+01
   56.8000      0.189599981985E+01
   56.9000      0.189662405031E+01
   57.0000      0.190006201355E+01
   57.1000      0.190518717005E+01
   57.2000      0.190339531226E+01
   57.3000      0.190295525534E+01
   57.4000      0.191007931739E+01
   57.5000      0.191428580316E+01
   57.6000      0.191447500247E+01
   57.7000      0.191788204604E+01
   57.8000      0.191917572065E+01
   57.9000      0.191876790708E+01
   58.0000      0.192462472541E+01
   58.1000      0.192929781950E+01
   58.2000      0.192578157391E+01
   58.3000      0.192476066037E+01
   58.4000      0.192781184561E+01
   58.5000      0.192711013834E+01
   58.6000      0.192640537385E+01
   58.7000      0.192697720268E+01
   58.8000      0.192120357838E+01
   58.9000      0.191526869429E+01
   59.0000      0.191607532406E+01
   59.1000      0.191382147191E+01
   59.2000      0.190520559884E+01
   59.3000      0.189923218117E+01
   59.4000      0.189370277032E+01
   59.5000      0.188544037530E+01
   59.6000      0.188049664309E+01
   59.7000      0.187547466147E+01
   59.8000      0.186310668627E+01
   59.9000      0.185220563473E+01
   60.0000      0.184734497509E+01
   60.1000      0.183918050937E+01
   60.2000      0.182749867186E+01
   60.3000      0.181822944405E+01
   60.4000      0.180671817958E+01
   60.5000      0.179376015429E+01
   60.6000      0.178610891622E+01
   60.7000      0.177720519630E+01
   60.8000      0.176107479785E+01
   60.9000      0.174743904467E+01
   61.0000      0.173826466002E+01
   61.1000      0.172605212964E+01
   61.2000      0.171348866873E+01
   61.3000      0.170291941710E+01
   61.4000      0.168816374840E+01
   61.5000      0.167383650146E+01
   61.6000      0.166629229147E+01
   61.7000      0.165693855786E+01
   61.8000      0.164204595157E+01
   61.9000      0.163053996794E+01
   62.0000      0.162146957604E+01
   62.1000      0.161036121406E+01
   62.2000      0.160174942556E+01
   62.3000      0.159409572046E+01
   62.4000      0.158115924471E+01
   62.5000      0.156989329724E+01
   62.6000      0.156475023768E+01
   62.7000      0.155727894899E+01
   62.8000      0.154632244025E+01
   62.9000      0.153828703523E+01
   63.0000      0.153042571486E+01
   63.1000      0.152164311150E+01
   63.2000      0.151669366132E+01
   63.3000      0.151180576881E+01
   63.4000      0.150226698412E+01
   63.5000      0.149513046762E+01
   63.6000      0.149268151233E+01
   63.7000      0.148845241922E+01
   63.8000      0.148297016480E+01
   63.9000      0.147971593371E+01
   64.0000      0.147545688481E+01
   64.1000      0.147120273278E+01
   64.2000      0.147070024354E+01
   64.3000      0.146958172382E+01
   64.4000      0.146472566658E+01
   64.5000      0.146187632707E+01
   64.6000      0.146180823085E+01
   64.7000      0.146021628714E+01
   64.8000      0.145823992411E+01
   64.9000      0.145745622343E+01
   65.0000      0.145518905415E+01
   65.1000      0.145323570939E+01
   65.2000      0.145416742656E+01
   65.3000      0.145438971776E+01
   65.4000      0.145212384233E+01
   65.5000      0.145143142707E+01
   65.6000      0.145242221172E+01
   65.7000      0.145248183333E+01
   65.8000      0.145244119187E+01
   65.9000      0.145298405853E+01
   66.0000      0.145239647928E+01
   66.1000      0.145188981073E+01
   66.2000      0.145272772746E+01
   66.3000      0.145276755880E+01
   66.4000      0.145097767214E+01
   66.5000      0.144964418000E+01
   66.6000      0.144891293299E+01
   66.7000      0.144726480729E+01
   66.8000      0.144484510275E+01
   66.9000      0.144253355380E+01
   67.0000      0.143976651516E+01
   67.1000      0.143673045246E+01
   67.2000      0.143406594745E+01
   67.3000      0.143124065694E+01
   67.4000      0.142745170546E+01
   67.5000      0.142398615372E+01
   67.6000      0.142153914037E+01
   67.7000      0.141875781847E+01
   67.8000      0.141499565536E+01
   67.9000      0.141183983031E+01
   68.0000      0.140935807551E+01
   68.1000      0.140644922942E+01
   68.2000      0.140337691046E+01
   68.3000      0.140060468537E+01
   68.4000      0.139711455551E+01
   68.5000      0.139357679454E+01
   68.6000      0.139108848042E+01
   68.7000      0.138810558014E+01
   68.8000      0.138340232987E+01
   68.9000      0.137926628562E+01
   69.0000      0.137627961187E+01
   69.1000      0.137237369824E+01
   69.2000      0.136757143460E+01
   69.3000      0.136332743044E+01
   69.4000      0.135867146200E+01
   69.5000      0.135369059720E+01
   69.6000      0.134982417989E+01
   69.7000      0.134563533805E+01
   69.8000      0.133943106392E+01
   69.9000      0.133401794654E+01
   70.0000      0.133049486884E+01
   70.1000      0.132587642847E+01
   70.2000      0.131992619562E+01
   70.3000      0.131503773968E+01
   70.4000      0.131012655081E+01
   70.5000      0.130475107177E+01
   70.6000      0.130083736922E+01
   70.7000      0.129677698867E+01
   70.8000      0.129029400406E+01
   70.9000      0.128503104880E+01
   71.0000      0.128252484483E+01
   71.1000      0.127871221803E+01
   71.2000      0.127335531477E+01
   71.3000      0.126966905144E+01
   71.4000      0.126621041527E+01
   71.5000      0.126236034109E+01
   71.6000      0.126056183034E+01
   71.7000      0.125866969981E+01
   71.8000      0.125399009997E+01
   71.9000      0.125097554080E+01
   72.0000      0.125119019844E+01
   72.1000      0.124976342523E+01
   72.2000      0.124661223450E+01
   72.3000      0.124520804156E+01
   72.4000      0.124377147577E+01
   72.5000      0.124172893886E+01
   72.6000      0.124160695559E+01
   72.7000      0.124093782214E+01
   72.8000      0.123712027669E+01
   72.9000      0.123473853906E+01
   73.0000      0.123511485247E+01
   73.1000      0.123350290101E+01
   73.2000      0.123003291921E+01
   73.3000      0.122797986194E+01
   73.4000      0.122570108380E+01
   73.5000      0.122278634922E+01
   73.6000      0.122151951635E+01
   73.7000      0.121974124546E+01
   73.8000      0.121531584546E+01
   73.9000      0.121232552145E+01
   74.0000      0.121190911650E+01
   74.1000      0.120995179981E+01
   74.2000      0.120652818617E+01
   74.3000      0.120460297238E+01
   74.4000      0.120288961755E+01
   74.5000      0.120073913555E+01
   74.6000      0.119992283448E+01
   74.7000      0.119889423849E+01
   74.8000      0.119582378943E+01
   74.9000      0.119389589360E+01
   75.0000      0.119412328028E+01
   75.1000      0.119297477550E+01
   75.2000      0.119027484531E+01
   75.3000      0.118878818142E+01
   75.4000      0.118760725857E+01
   75.5000      0.118572265846E+01
   75.6000      0.118451387212E+01
   75.7000      0.118314316954E+01
   75.8000      0.118007221786E+01
   75.9000      0.117772370687E+01
   76.0000      0.117706030195E+01
   76.1000      0.117516162375E+01
   76.2000      0.117175590687E+01
   76.3000      0.116934439807E+01
   76.4000      0.116726865966E+01
   76.5000      0.116439978610E+01
   76.6000      0.116179685361E+01
   76.7000      0.115903989578E+01
   76.8000      0.115490290479E+01
   76.9000      0.115115351354E+01
   77.0000      0.114852258171E+01
   77.1000      0.114482496515E+01
   77.2000      0.113991897524E+01
   77.3000      0.113572453083E+01
   77.4000      0.113174375055E+01
   77.5000      0.112724257168E+01
   77.6000      0.112305319969E+01
   77.7000      0.111891189501E+01
   77.8000      0.111409686390E+01
   77.9000      0.110990067612E+01
   78.0000      0.110669717128E+01
   78.1000      0.110321845159E+01
   78.2000      0.109962021038E+01
   78.3000      0.109686002899E+01
   78.4000      0.109441618767E+01
   78.5000      0.109226548231E+01
   78.6000      0.109093497044E+01
   78.7000      0.108978413422E+01
   78.8000      0.108842453965E+01
   78.9000      0.108778048298E+01
   79.0000      0.108766890676E+01
   79.1000      0.108743107896E+01
   79.2000      0.108745017808E+01
   79.3000      0.108763298766E+01
   79.4000      0.108726649776E+01
   79.5000      0.108714978964E+01
   79.6000      0.108765699167E+01
   79.7000      0.108754088252E+01
   79.8000      0.108669255411E+01
   79.9000      0.108617775816E+01
   80.0000      0.108548847369E+01
   80.1000      0.108430797845E+01
   80.2000      0.108339374400E+01
   80.3000      0.108205455332E+01
   80.4000      0.107940759053E+01
   80.5000      0.107710464686E+01
   80.6000      0.107565744168E+01
   80.7000      0.107308812093E+01
   80.8000      0.106940207555E+01
   80.9000      0.106627363504E+01
   81.0000      0.106303567940E+01
   81.1000      0.105917040944E+01
   81.2000      0.105577464485E+01
   81.3000      0.105201398954E+01
   81.4000      0.104670688419E+01
   81.5000      0.104213476800E+01
   81.6000      0.103917673034E+01
   81.7000      0.103499002710E+01
   81.8000      0.102942153886E+01
   81.9000      0.102525392842E+01
   82.0000      0.102192243897E+01
   82.1000      0.101798668916E+01
   82.2000      0.101473852974E+01
   82.3000      0.101198350251E+01
   82.4000      0.100821112102E+01
   82.5000      0.100563056856E+01
   82.6000      0.100557064400E+01
   82.7000      0.100456112034E+01
   82.8000      0.100190037647E+01
   82.9000      0.100144575116E+01
   83.0000      0.100291979034E+01
   83.1000      0.100326481602E+01
   83.2000      0.100350353458E+01
   83.3000      0.100481536817E+01
   83.4000      0.100543439204E+01
   83.5000      0.100635395897E+01
   83.6000      0.100921983222E+01
   83.7000      0.101082312923E+01
   83.8000      0.100977101424E+01
   83.9000      0.101039979718E+01
   84.0000      0.101304952011E+01
   84.1000      0.101327840992E+01
   84.2000      0.101162592230E+01
   84.3000      0.101117773259E+01
   84.4000      0.101040499902E+01
   84.5000      0.100848594944E+01
   84.6000      0.100737985581E+01
   84.7000      0.100532155128E+01
   84.8000      0.100044392027E+01
   84.9000      0.996834758281E+00
   85.0000      0.995763054590E+00
   85.1000      0.992093272559E+00
   85.2000      0.985682713834E+00
   85.3000      0.981547273978E+00
   85.4000      0.978794428220E+00
   85.5000      0.974290118055E+00
   85.6000      0.969961663270E+00
   85.7000      0.966376293424E+00
   85.8000      0.961305833601E+00
   85.9000      0.957359006462E+00
   86.0000      0.956625149566E+00
   86.1000      0.954155427871E+00
   86.2000      0.948759325106E+00
   86.3000      0.946654642262E+00
   86.4000      0.947835634108E+00
   86.5000      0.946621057440E+00
   86.6000      0.944258493868E+00
   86.7000      0.944328273287E+00
   86.8000      0.944581275220E+00
   86.9000      0.944565820653E+00
   87.0000      0.946765415433E+00
   87.1000      0.948151449116E+00
   87.2000      0.946492649206E+00
   87.3000      0.947397828304E+00
   87.4000      0.951955998797E+00
   87.5000      0.953234476800E+00
   87.6000      0.951348128162E+00
   87.7000      0.952502818167E+00
   87.8000      0.955157218278E+00
   87.9000      0.955342417477E+00
   88.0000      0.955416363241E+00
   88.1000      0.955910158714E+00
   88.2000      0.954176445822E+00
   88.3000      0.953250703029E+00
   88.4000      0.955299698135E+00
   88.5000      0.954538904706E+00
   88.6000      0.949903837170E+00
   88.7000      0.948511338553E+00
   88.8000      0.950126730465E+00
   88.9000      0.948302678518E+00
   89.0000      0.944627461801E+00
   89.1000      0.943347283505E+00
   89.2000      0.942069714698E+00
   89.3000      0.939999966303E+00
   89.4000      0.939802778623E+00
   89.5000      0.938690719724E+00
   89.6000      0.934475439369E+00
   89.7000      0.932891042030E+00
   89.8000      0.935081920634E+00
   89.9000      0.933759921824E+00
   90.0000      0.929059149742E+00
   90.1000      0.927946262712E+00
   90.2000      0.928937495319E+00
   90.3000      0.927001837858E+00
   90.4000      0.924483711721E+00
   90.5000      0.923097259343E+00
   90.6000      0.920106348509E+00
   90.7000      0.917475866416E+00
   90.8000      0.917575725535E+00
   90.9000      0.915118927607E+00
   91.0000      0.908668136987E+00
   91.1000      0.905608827282E+00
   91.2000      0.906119838459E+00
   91.3000      0.902505048586E+00
   91.4000      0.896001660966E+00
   91.5000      0.892904734834E+00
   91.6000      0.891003552319E+00
   91.7000      0.887050649700E+00
   91.8000      0.883870268405E+00
   91.9000      0.881032708227E+00
   92.0000      0.875972283685E+00
   92.1000      0.872848455216E+00
   92.2000      0.873488313603E+00
   92.3000      0.871085314982E+00
   92.4000      0.865116168677E+00
   92.5000      0.863466517817E+00
   92.6000      0.865276658180E+00
   92.7000      0.863435105171E+00
   92.8000      0.859961410255E+00
   92.9000      0.859430166129E+00
   93.0000      0.859097931977E+00
   93.1000      0.857855775060E+00
   93.2000      0.858382804192E+00
   93.3000      0.857919155677E+00
   93.4000      0.854375422367E+00
   93.5000      0.853498498379E+00
   93.6000      0.856147209309E+00
   93.7000      0.854788009105E+00
   93.8000      0.849867461592E+00
   93.9000      0.848755708991E+00
   94.0000      0.849741561359E+00
   94.1000      0.847203719302E+00
   94.2000      0.843646188620E+00
   94.3000      0.841583952144E+00
   94.4000      0.838338637075E+00
   94.5000      0.835001759235E+00
   94.6000      0.833851667414E+00
   94.7000      0.830493041273E+00
   94.8000      0.823673104891E+00
   94.9000      0.820117925725E+00
   95.0000      0.819929792938E+00
   95.1000      0.815634650062E+00
   95.2000      0.808444240415E+00
   95.3000      0.805051982324E+00
   95.4000      0.803414283907E+00
   95.5000      0.799124785817E+00
   95.6000      0.794772353565E+00
   95.7000      0.791691098602E+00
   95.8000      0.787499726311E+00
   95.9000      0.784229340671E+00
   96.0000      0.783707402922E+00
   96.1000      0.781076435501E+00
   96.2000      0.775572584055E+00
   96.3000      0.773861543431E+00
   96.4000      0.775611222763E+00
   96.5000      0.773705284543E+00
   96.6000      0.769546904051E+00
   96.7000      0.769227296944E+00
   96.8000      0.770613810754E+00
   96.9000      0.769722537696E+00
   97.0000      0.768958130071E+00
   97.1000      0.769328220224E+00
   97.2000      0.768610839557E+00
   97.3000      0.768738794688E+00
   97.4000      0.771236078299E+00
   97.5000      0.771477988270E+00
   97.6000      0.768853419158E+00
   97.7000      0.769511836574E+00
   97.8000      0.772950457209E+00
   97.9000      0.772519825436E+00
   98.0000      0.769639068149E+00
   98.1000      0.769946382043E+00
   98.2000      0.771341161357E+00
   98.3000      0.770108844973E+00
   98.4000      0.768566959810E+00
   98.5000      0.767665179563E+00
   98.6000      0.765349532785E+00
   98.7000      0.763476601161E+00
   98.8000      0.763475379639E+00
   98.9000      0.761025576208E+00
   99.0000      0.755705917223E+00
   99.1000      0.753404273633E+00
   99.2000      0.753598142087E+00
   99.3000      0.750014225243E+00
   99.4000      0.744180441809E+00
   99.5000      0.741582164703E+00
   99.6000      0.740203399213E+00
   99.7000      0.736449839131E+00
   99.8000      0.732630918036E+00
   99.9000      0.729857953957E+00
  100.0000      0.726204793679E+00
  100.1000      0.723270470906E+00
  100.2000      0.722426130708E+00
  100.3000      0.719748535638E+00
  100.4000      0.714867815513E+00
  100.5000      0.713273367635E+00
  100.6000      0.714435932432E+00
  100.7000      0.712327051323E+00
  100.8000      0.708391417111E+00
  100.9000      0.708037568303E+00
  101.0000      0.709298399936E+00
  101.1000      0.708274760708E+00
  101.2000      0.707153934020E+00
  101.3000      0.707555761845E+00
  101.4000      0.707541412055E+00
  101.5000      0.707884189931E+00
  101.6000      0.709959856811E+00
  101.7000      0.710650472656E+00
  101.8000      0.709415439869E+00
  101.9000      0.710968470435E+00
  102.0000      0.714952578185E+00
  102.1000      0.715753779190E+00
  102.2000      0.714569490786E+00
  102.3000      0.716762018339E+00
  102.4000      0.720539902822E+00
  102.5000      0.721547985822E+00
  102.6000      0.721868493130E+00
  102.7000      0.723955372049E+00
  102.8000      0.725832252238E+00
  102.9000      0.727172486742E+00
  103.0000      0.729526655481E+00
  103.1000      0.730903652804E+00
  103.2000      0.730480255004E+00
  103.3000      0.732036619712E+00
  103.4000      0.735562384664E+00
  103.5000      0.735987698992E+00
  103.6000      0.734194604143E+00
  103.7000      0.735516488403E+00
  103.8000      0.738402848786E+00
  103.9000      0.738009441438E+00
  104.0000      0.736344115442E+00
  104.1000      0.736808737086E+00
  104.2000      0.737360244356E+00
  104.3000      0.736469975502E+00
  104.4000      0.735947117295E+00
  104.5000      0.735093633609E+00
  104.6000      0.732756860470E+00
  104.7000      0.731622243141E+00
  104.8000      0.732108296770E+00
  104.9000      0.729936476036E+00
  105.0000      0.725640795553E+00
  105.1000      0.724288111300E+00
  105.2000      0.724647693291E+00
  105.3000      0.721676457204E+00
  105.4000      0.717262343405E+00
  105.5000      0.715540023223E+00
  105.6000      0.714483734306E+00
  105.7000      0.711506931557E+00
  105.8000      0.708612277891E+00
  105.9000      0.706408453775E+00
  106.0000      0.703457138390E+00
  106.1000      0.701141157725E+00
  106.2000      0.700279736999E+00
  106.3000      0.697738205594E+00
  106.4000      0.693627440396E+00
  106.5000      0.692199523478E+00
  106.6000      0.692614501021E+00
  106.7000      0.690166849245E+00
  106.8000      0.686415742224E+00
  106.9000      0.685635592546E+00
  107.0000      0.685965942459E+00
  107.1000      0.684133207383E+00
  107.2000      0.682091725555E+00
  107.3000      0.681496717060E+00
  107.4000      0.680737711818E+00
  107.5000      0.679826057471E+00
  107.6000      0.679861773020E+00
  107.7000      0.679099541073E+00
  107.8000      0.677200571712E+00
  107.9000      0.677110809126E+00
  108.0000      0.678465484502E+00
  108.1000      0.677491766768E+00
  108.2000      0.675249644369E+00
  108.3000      0.675529602745E+00
  108.4000      0.676870243047E+00
  108.5000      0.675899693241E+00
  108.6000      0.674315183888E+00
  108.7000      0.674417708217E+00
  108.8000      0.674662375426E+00
  108.9000      0.673952977980E+00
  109.0000      0.673551850838E+00
  109.1000      0.673128270796E+00
  109.2000      0.672003949134E+00
  109.3000      0.671641307276E+00
  109.4000      0.672187003598E+00
  109.5000      0.671227759690E+00
  109.6000      0.669265186351E+00
  109.7000      0.669088073762E+00
  109.8000      0.669799779422E+00
  109.9000      0.668562771386E+00
  110.0000      0.666632981958E+00
  110.1000      0.666326982743E+00
  110.2000      0.666380832340E+00
  110.3000      0.665174837851E+00
  110.4000      0.663911826923E+00
  110.5000      0.663181571496E+00
  110.6000      0.662150110104E+00
  110.7000      0.661123380413E+00
  110.8000      0.660585485796E+00
  110.9000      0.659297099390E+00
  111.0000      0.657297139807E+00
  111.1000      0.656353148243E+00
  111.2000      0.656063717687E+00
  111.3000      0.654278353300E+00
  111.4000      0.651800914365E+00
  111.5000      0.650667377134E+00
  111.6000      0.649943823089E+00
  111.7000      0.647849793715E+00
  111.8000      0.645435406923E+00
  111.9000      0.643835332723E+00
  112.0000      0.642187520838E+00
  112.1000      0.639990734904E+00
  112.2000      0.637952370595E+00
  112.3000      0.635769799867E+00
  112.4000      0.633147482639E+00
  112.5000      0.630985730627E+00
  112.6000      0.629315729294E+00
  112.7000      0.626673343376E+00
  112.8000      0.623465755532E+00
  112.9000      0.621389967822E+00
  113.0000      0.619863333144E+00
  113.1000      0.617078082711E+00
  113.2000      0.613899058779E+00
  113.3000      0.611910163149E+00
  113.4000      0.610285291382E+00
  113.5000      0.607733426546E+00
  113.6000      0.605131632048E+00
  113.7000      0.603239428232E+00
  113.8000      0.601428557115E+00
  113.9000      0.599395249407E+00
  114.0000      0.597640156039E+00
  114.1000      0.595893820402E+00
  114.2000      0.594002040831E+00
  114.3000      0.592580683228E+00
  114.4000      0.591608250568E+00
  114.5000      0.590075911217E+00
  114.6000      0.588307370848E+00
  114.7000      0.587391993790E+00
  114.8000      0.586906172991E+00
  114.9000      0.585620910470E+00
  115.0000      0.584127186739E+00
  115.1000      0.583479753191E+00
  115.2000      0.583116170827E+00
  115.3000      0.582023261930E+00
  115.4000      0.580795948594E+00
  115.5000      0.580144756679E+00
  115.6000      0.579605297496E+00
  115.7000      0.578560842225E+00
  115.8000      0.577441125946E+00
  115.9000      0.576564931745E+00
  116.0000      0.575669690576E+00
  116.1000      0.574494964638E+00
  116.2000      0.573277722644E+00
  116.3000      0.572043931507E+00
  116.4000      0.570713222164E+00
  116.5000      0.569280100863E+00
  116.6000      0.567844201765E+00
  116.7000      0.566218722922E+00
  116.8000      0.564448931167E+00
  116.9000      0.562751926766E+00
  117.0000      0.561131400144E+00
  117.1000      0.559174737855E+00
  117.2000      0.557039582540E+00
  117.3000      0.555205281683E+00
  117.4000      0.553559986446E+00
  117.5000      0.551424231087E+00
  117.6000      0.549105206191E+00
  117.7000      0.547345203857E+00
  117.8000      0.545871216267E+00
  117.9000      0.543796850801E+00
  118.0000      0.541598604096E+00
  118.1000      0.540128244660E+00
  118.2000      0.538963712406E+00
  118.3000      0.537245426009E+00
  118.4000      0.535545211881E+00
  118.5000      0.534512528847E+00
  118.6000      0.533702471333E+00
  118.7000      0.532624245391E+00
  118.8000      0.531761430364E+00
  118.9000      0.531223793114E+00
  119.0000      0.530753714055E+00
  119.1000      0.530499431311E+00
  119.2000      0.530637928630E+00
  119.3000      0.530575585657E+00
  119.4000      0.530429159920E+00
  119.5000      0.531002794678E+00
  119.6000      0.532040891779E+00
  119.7000      0.532393775413E+00
  119.8000      0.532593319779E+00
  119.9000      0.533795852266E+00
  120.0000      0.535377357701E+00
  120.1000      0.536071001839E+00
  120.2000      0.536659565890E+00
  120.3000      0.538130991841E+00
  120.4000      0.539753111847E+00
  120.5000      0.540695148010E+00
  120.6000      0.541671967040E+00
  120.7000      0.542994860044E+00
  120.8000      0.544177979961E+00
  120.9000      0.545240690604E+00
  121.0000      0.546494371126E+00
  121.1000      0.547318564282E+00
  121.2000      0.547760517535E+00
  121.3000      0.548761374422E+00
  121.4000      0.550038269170E+00
  121.5000      0.550175792087E+00
  121.6000      0.549831664765E+00
  121.7000      0.550540433364E+00
  121.8000      0.551483596644E+00
  121.9000      0.550948874842E+00
  122.0000      0.550015876670E+00
  122.1000      0.550196226274E+00
  122.2000      0.550442016027E+00
  122.3000      0.549419223327E+00
  122.4000      0.548233057592E+00
  122.5000      0.547704610838E+00
  122.6000      0.547003083985E+00
  122.7000      0.545762481301E+00
  122.8000      0.544657638899E+00
  122.9000      0.543364264342E+00
  123.0000      0.541682372511E+00
  123.1000      0.540477955396E+00
  123.2000      0.539660240132E+00
  123.3000      0.537710929583E+00
  123.4000      0.535271794076E+00
  123.5000      0.534252530155E+00
  123.6000      0.533728492213E+00
  123.7000      0.531395951111E+00
  123.8000      0.528642156480E+00
  123.9000      0.527813433075E+00
  124.0000      0.527403938537E+00
  124.1000      0.525074352368E+00
  124.2000      0.522556498379E+00
  124.3000      0.521796975294E+00
  124.4000      0.521221473999E+00
  124.5000      0.519298821283E+00
  124.6000      0.517518046589E+00
  124.7000      0.516648551784E+00
  124.8000      0.515656138979E+00
  124.9000      0.514452944315E+00
  125.0000      0.513709885396E+00
  125.1000      0.512590112916E+00
  125.2000      0.511085343590E+00
  125.3000      0.510725070037E+00
  125.4000      0.511016483806E+00
  125.5000      0.509625777049E+00
  125.6000      0.507737283557E+00
  125.7000      0.508105082662E+00
  125.8000      0.509114374438E+00
  125.9000      0.507591682870E+00
  126.0000      0.505659981708E+00
  126.1000      0.506428717799E+00
  126.2000      0.507620230732E+00
  126.3000      0.506236714742E+00
  126.4000      0.504709958077E+00
  126.5000      0.505432603660E+00
  126.6000      0.506219926012E+00
  126.7000      0.505288807743E+00
  126.8000      0.504565279924E+00
  126.9000      0.504818456665E+00
  127.0000      0.504763123589E+00
  127.1000      0.504523881542E+00
  127.2000      0.504799807753E+00
  127.3000      0.504328488500E+00
  127.4000      0.503292335253E+00
  127.5000      0.503802956785E+00
  127.6000      0.504976638771E+00
  127.7000      0.503786099261E+00
  127.8000      0.501984725962E+00
  127.9000      0.503073915969E+00
  128.0000      0.504756841988E+00
  128.1000      0.503125626380E+00
  128.2000      0.501066596683E+00
  128.3000      0.502369480718E+00
  128.4000      0.504000297954E+00
  128.5000      0.502396481620E+00
  128.6000      0.500712374602E+00
  128.7000      0.501776158469E+00
  128.8000      0.502798808508E+00
  128.9000      0.501729089896E+00
  129.0000      0.500970175015E+00
  129.1000      0.501404653399E+00
  129.2000      0.501456450707E+00
  129.3000      0.501301473380E+00
  129.4000      0.501756441147E+00
  129.5000      0.501369727541E+00
  129.6000      0.500403954988E+00
  129.7000      0.501286501411E+00
  129.8000      0.502885359658E+00
  129.9000      0.501755799589E+00
  130.0000      0.500061272350E+00
  130.1000      0.501799733757E+00
  130.2000      0.504137341723E+00
  130.3000      0.502601429511E+00
  130.4000      0.500715286246E+00
  130.5000      0.502874103665E+00
  130.6000      0.505335715327E+00
  130.7000      0.503886771084E+00
  130.8000      0.502424388740E+00
  130.9000      0.504440064563E+00
  131.0000      0.506385253697E+00
  131.1000      0.505520954483E+00
  131.2000      0.504986820721E+00
  131.3000      0.506334345362E+00
  131.4000      0.507283100998E+00
  131.5000      0.507351416514E+00
  131.6000      0.507987004544E+00
  131.7000      0.508327095206E+00
  131.8000      0.508083941559E+00
  131.9000      0.509169748689E+00
  132.0000      0.510880405843E+00
  132.1000      0.510145375224E+00
  132.2000      0.508833957182E+00
  132.3000      0.510726642075E+00
  132.4000      0.513110919600E+00
  132.5000      0.511510893228E+00
  132.6000      0.509516523323E+00
  132.7000      0.511761939950E+00
  132.8000      0.514222808237E+00
  132.9000      0.512170159064E+00
  133.0000      0.510011496273E+00
  133.1000      0.512029160250E+00
  133.2000      0.513932658375E+00
  133.3000      0.511917061861E+00
  133.4000      0.510095329854E+00
  133.5000      0.511329134227E+00
  133.6000      0.512164952750E+00
  133.7000      0.510616113799E+00
  133.8000      0.509481461540E+00
  133.9000      0.509535539011E+00
  134.0000      0.509031990098E+00
  134.1000      0.508206212518E+00
  134.2000      0.507876297002E+00
  134.3000      0.506605220100E+00
  134.4000      0.504779097757E+00
  134.5000      0.504703905472E+00
  134.6000      0.505054429784E+00
  134.7000      0.502588886664E+00
  134.8000      0.499721946399E+00
  134.9000      0.500203072981E+00
  135.0000      0.500919041923E+00
  135.1000      0.497621760276E+00
  135.2000      0.494176414682E+00
  135.3000      0.494861542291E+00
  135.4000      0.495533765137E+00
  135.5000      0.491908382646E+00
  135.6000      0.488414635370E+00
  135.7000      0.488894551205E+00
  135.8000      0.489130975329E+00
  135.9000      0.485706009151E+00
  136.0000      0.482644036587E+00
  136.1000      0.482556925045E+00
  136.2000      0.482076077088E+00
  136.3000      0.479292628506E+00
  136.4000      0.477000755705E+00
  136.5000      0.476119057134E+00
  136.6000      0.474811608027E+00
  136.7000      0.472945454520E+00
  136.8000      0.471574002695E+00
  136.9000      0.469855049755E+00
  137.0000      0.467799647986E+00
  137.1000      0.466924882021E+00
  137.2000      0.466432569538E+00
  137.3000      0.464019298012E+00
  137.4000      0.461452066412E+00
  137.5000      0.461450277376E+00
  137.6000      0.461642166684E+00
  137.7000      0.458825641456E+00
  137.8000      0.456082366529E+00
  137.9000      0.456693546511E+00
  138.0000      0.457286367164E+00
  138.1000      0.454439175521E+00
  138.2000      0.451880532965E+00
  138.3000      0.452772814982E+00
  138.4000      0.453464461323E+00
  138.5000      0.450960522211E+00
  138.6000      0.448899786299E+00
  138.7000      0.449744992854E+00
  138.8000      0.450278719034E+00
  138.9000      0.448423679940E+00
  139.0000      0.447075527863E+00
  139.1000      0.447615418611E+00
  139.2000      0.447824663690E+00
  139.3000      0.446805295584E+00
  139.4000      0.446257039869E+00
  139.5000      0.446342319248E+00
  139.6000      0.446166261112E+00
  139.7000      0.446025440079E+00
  139.8000      0.446235089317E+00
  139.9000      0.445838157744E+00
  140.0000      0.445315881229E+00
  140.1000      0.445960111764E+00
  140.2000      0.446780582682E+00
  140.3000      0.445983758824E+00
  140.4000      0.445229351296E+00
  140.5000      0.446457966284E+00
  140.6000      0.447673524159E+00
  140.7000      0.446635379320E+00
  140.8000      0.445801124083E+00
  140.9000      0.447349990223E+00
  141.0000      0.448719675656E+00
  141.1000      0.447634046681E+00
  141.2000      0.446875003517E+00
  141.3000      0.448466893907E+00
  141.4000      0.449765882503E+00
  141.5000      0.448820230668E+00
  141.6000      0.448262884354E+00
  141.7000      0.449650208888E+00
  141.8000      0.450698879293E+00
  141.9000      0.450038498822E+00
  142.0000      0.449759509530E+00
  142.1000      0.450756299675E+00
  142.2000      0.451438507760E+00
  142.3000      0.451146021248E+00
  142.4000      0.451165546354E+00
  142.5000      0.451665832181E+00
  142.6000      0.451934131014E+00
  142.7000      0.452022132931E+00
  142.8000      0.452306628755E+00
  142.9000      0.452286019710E+00
  143.0000      0.452154422942E+00
  143.1000      0.452570470254E+00
  143.2000      0.453044329450E+00
  143.3000      0.452550315023E+00
  143.4000      0.452080847936E+00
  143.5000      0.452723190667E+00
  143.6000      0.453285682669E+00
  143.7000      0.452419254567E+00
  143.8000      0.451703666731E+00
  143.9000      0.452440734418E+00
  144.0000      0.452982562003E+00
  144.1000      0.451875002871E+00
  144.2000      0.451016232221E+00
  144.3000      0.451708260793E+00
  144.4000      0.452128078099E+00
  144.5000      0.450919803539E+00
  144.6000      0.450017382821E+00
  144.7000      0.450536655579E+00
  144.8000      0.450753585732E+00
  144.9000      0.449574602230E+00
  145.0000      0.448711941551E+00
  145.1000      0.448956668034E+00
  145.2000      0.448916792051E+00
  145.3000      0.447871371901E+00
  145.4000      0.447107991943E+00
  145.5000      0.447012237199E+00
  145.6000      0.446692503934E+00
  145.7000      0.445851227845E+00
  145.8000      0.445220694284E+00
  145.9000      0.444759524659E+00
  146.0000      0.444167364069E+00
  146.1000      0.443563113131E+00
  146.2000      0.443072715171E+00
  146.3000      0.442260625548E+00
  146.4000      0.441429124448E+00
  146.5000      0.441057214562E+00
  146.6000      0.440691136085E+00
  146.7000      0.439578253561E+00
  146.8000      0.438561550024E+00
  146.9000      0.438385850536E+00
  147.0000      0.438111589635E+00
  147.1000      0.436776781117E+00
  147.2000      0.435642745481E+00
  147.3000      0.435602083637E+00
  147.4000      0.435375195337E+00
  147.5000      0.433914947902E+00
  147.6000      0.432736394899E+00
  147.7000      0.432753324602E+00
  147.8000      0.432524549066E+00
  147.9000      0.431043458346E+00
  148.0000      0.429892178849E+00
  148.1000      0.429884791541E+00
  148.2000      0.429608213329E+00
  148.3000      0.428209261093E+00
  148.4000      0.427149533560E+00
  148.5000      0.427041079008E+00
  148.6000      0.426678894859E+00
  148.7000      0.425451997900E+00
  148.8000      0.424533629570E+00
  148.9000      0.424260466256E+00
  149.0000      0.423786953431E+00
  149.1000      0.422800817747E+00
  149.2000      0.422056357712E+00
  149.3000      0.421576609094E+00
  149.4000      0.420982092745E+00
  149.5000      0.420278673688E+00
  149.6000      0.419721702945E+00
  149.7000      0.419020025140E+00
  149.8000      0.418311417362E+00
  149.9000      0.417901866858E+00
  150.0000      0.417526495054E+00
  150.1000      0.416615749542E+00
  150.2000      0.415815740499E+00
  150.3000      0.415680631697E+00
  150.4000      0.415464035731E+00
  150.5000      0.414384423533E+00
  150.6000      0.413529149198E+00
  150.7000      0.413621943474E+00
  150.8000      0.413528304914E+00
  150.9000      0.412342854232E+00
  151.0000      0.411477135938E+00
  151.1000      0.411729285538E+00
  151.2000      0.411714030764E+00
  151.3000      0.410501526997E+00
  151.4000      0.409673963077E+00
  151.5000      0.410003244113E+00
  151.6000      0.410018753069E+00
  151.7000      0.408865390906E+00
  151.8000      0.408123477408E+00
  151.9000      0.408443888508E+00
  152.0000      0.408445295026E+00
  152.1000      0.407435137552E+00
  152.2000      0.406819835358E+00
  152.3000      0.407050793168E+00
  152.4000      0.407000739630E+00
  152.5000      0.406206777559E+00
  152.6000      0.405748423892E+00
  152.7000      0.405823352602E+00
  152.8000      0.405695714983E+00
  152.9000      0.405172506567E+00
  153.0000      0.404888244601E+00
  153.1000      0.404761257069E+00
  153.2000      0.404542664391E+00
  153.3000      0.404319983717E+00
  153.4000      0.404212081787E+00
  153.5000      0.403862568724E+00
  153.6000      0.403553816028E+00
  153.7000      0.403634743886E+00
  153.8000      0.403691568943E+00
  153.9000      0.403125835940E+00
  154.0000      0.402740705642E+00
  154.1000      0.403101371891E+00
  154.2000      0.403298801558E+00
  154.3000      0.402548441424E+00
  154.4000      0.402111127124E+00
  154.5000      0.402703126489E+00
  154.6000      0.403006972067E+00
  154.7000      0.402124661343E+00
  154.8000      0.401666706634E+00
  154.9000      0.402422822348E+00
  155.0000      0.402793522517E+00
  155.1000      0.401848027611E+00
  155.2000      0.401405042630E+00
  155.3000      0.402245955486E+00
  155.4000      0.402642220802E+00
  155.5000      0.401710914514E+00
  155.6000      0.401318142246E+00
  155.7000      0.402159012839E+00
  155.8000      0.402540375479E+00
  155.9000      0.401700772173E+00
  156.0000      0.401389552536E+00
  156.1000      0.402148353011E+00
  156.2000      0.402479826703E+00
  156.3000      0.401803593190E+00
  156.4000      0.401599162096E+00
  156.5000      0.402203703761E+00
  156.6000      0.402458347411E+00
  156.7000      0.402005271688E+00
  156.8000      0.401924747935E+00
  156.9000      0.402317798475E+00
  157.0000      0.402477183104E+00
  157.1000      0.402289139896E+00
  157.2000      0.402339775193E+00
  157.3000      0.402483025031E+00
  157.4000      0.402538680787E+00
  157.5000      0.402637666633E+00
  157.6000      0.402817210813E+00
  157.7000      0.402693305486E+00
  157.8000      0.402646293313E+00
  157.9000      0.403033593843E+00
  158.0000      0.403331423981E+00
  158.1000      0.402944392045E+00
  158.2000      0.402804049172E+00
  158.3000      0.403460038833E+00
  158.4000      0.403857562884E+00
  158.5000      0.403230844268E+00
  158.6000      0.403013449306E+00
  158.7000      0.403900869502E+00
  158.8000      0.404374430397E+00
  158.9000      0.403548610523E+00
  159.0000      0.403275471050E+00
  159.1000      0.404342553152E+00
  159.2000      0.404865107673E+00
  159.3000      0.403893696950E+00
  159.4000      0.403588904924E+00
  159.5000      0.404773423735E+00
  159.6000      0.405316263496E+00
  159.7000      0.404260851440E+00
  159.8000      0.403948864666E+00
  159.9000      0.405182578085E+00
  160.0000      0.405717495635E+00
  160.1000      0.404643517206E+00
  160.2000      0.404347789630E+00
  160.3000      0.405561439637E+00
  160.4000      0.406062799652E+00
  160.5000      0.405035431855E+00
  160.6000      0.404777173631E+00
  160.7000      0.405904930754E+00
  160.8000      0.406350957271E+00
  160.9000      0.405430903028E+00
  161.0000      0.405227549417E+00
  161.1000      0.406210101980E+00
  161.2000      0.406583449730E+00
  161.3000      0.405823544570E+00
  161.4000      0.405687865569E+00
  161.5000      0.406475001909E+00
  161.6000      0.406762872666E+00
  161.7000      0.406205277082E+00
  161.8000      0.406144877010E+00
  161.9000      0.406697648196E+00
  162.0000      0.406892656882E+00
  162.1000      0.406568433501E+00
  162.2000      0.406586943647E+00
  162.3000      0.406879609885E+00
  162.4000      0.406979833599E+00
  162.5000      0.406907962416E+00
  162.6000      0.407004574316E+00
  162.7000      0.407023763214E+00
  162.8000      0.407031300088E+00
  162.9000      0.407218053804E+00
  163.0000      0.407387661588E+00
  163.1000      0.407131879425E+00
  163.2000      0.407052347648E+00
  163.3000      0.407492378308E+00
  163.4000      0.407726791316E+00
  163.5000      0.407205893275E+00
  163.6000      0.407048272245E+00
  163.7000      0.407726532009E+00
  163.8000      0.408015718556E+00
  163.9000      0.407249636131E+00
  164.0000      0.407025311467E+00
  164.1000      0.407918146364E+00
  164.2000      0.408250221852E+00
  164.3000      0.407266242213E+00
  164.4000      0.406987354426E+00
  164.5000      0.408063812308E+00
  164.6000      0.408425753370E+00
  164.7000      0.407257156262E+00
  164.8000      0.406936790355E+00
  164.9000      0.408161635083E+00
  165.0000      0.408541028748E+00
  165.1000      0.407225784668E+00
  165.2000      0.406877408029E+00
  165.3000      0.408212644173E+00
  165.4000      0.408597367522E+00
  165.5000      0.407175110592E+00
  165.6000      0.406810964572E+00
  165.7000      0.408216727016E+00
  165.8000      0.408595041945E+00
  165.9000      0.407105682270E+00
  166.0000      0.406736982286E+00
  166.1000      0.408173916671E+00
  166.2000      0.408535801381E+00
  166.3000      0.407018888194E+00
  166.4000      0.406656061047E+00
  166.5000      0.408086926363E+00
  166.6000      0.408424192340E+00
  166.7000      0.406917258943E+00
  166.8000      0.406569176120E+00
  166.9000      0.407959255041E+00
  167.0000      0.408265052051E+00
  167.1000      0.406802236274E+00
  167.2000      0.406475827605E+00
  167.3000      0.407793525239E+00
  167.4000      0.408062401569E+00
  167.5000      0.406674025022E+00
  167.6000      0.406374566887E+00
  167.7000      0.407592237180E+00
  167.8000      0.407820457558E+00
  167.9000      0.406532948319E+00
  168.0000      0.406264424083E+00
  168.1000      0.407358984225E+00
  168.2000      0.407544666664E+00
  168.3000      0.406380460423E+00
  168.4000      0.406145742585E+00
  168.5000      0.407098720332E+00
  168.6000      0.407241444413E+00
  168.7000      0.406218619130E+00
  168.8000      0.406019093668E+00
  168.9000      0.406815802533E+00
  169.0000      0.406915764859E+00
  169.1000      0.406047725083E+00
  169.2000      0.405883141670E+00
  169.3000      0.406512439824E+00
  169.4000      0.406570644528E+00
  169.5000      0.405867031345E+00
  169.6000      0.405736599913E+00
  169.7000      0.406191674288E+00
  169.8000      0.406210712931E+00
  169.9000      0.405678451536E+00
  170.0000      0.405581371112E+00
  170.1000      0.405859154702E+00
  170.2000      0.405842356975E+00
  170.3000      0.405485098166E+00
  170.4000      0.405419443492E+00
  170.5000      0.405518785643E+00
  170.6000      0.405468950902E+00
  170.7000      0.405286867416E+00
  170.8000      0.405249626111E+00
  170.9000      0.405171354187E+00
  171.0000      0.405091641703E+00
  171.1000      0.405083245787E+00
  171.2000      0.405071959225E+00
  171.3000      0.404819758700E+00
  171.4000      0.404714470459E+00
  171.5000      0.404877445268E+00
  171.6000      0.404890037553E+00
  171.7000      0.404469057342E+00
  171.8000      0.404342191045E+00
  171.9000      0.404672331159E+00
  172.0000      0.404705760133E+00
  172.1000      0.404121100564E+00
  172.2000      0.403975737149E+00
  172.3000      0.404467475463E+00
  172.4000      0.404518578186E+00
  172.5000      0.403776124523E+00
  172.6000      0.403615818126E+00
  172.7000      0.404264084682E+00
  172.8000      0.404330735903E+00
  172.9000      0.403437246195E+00
  173.0000      0.403265868245E+00
  173.1000      0.404065790787E+00
  173.2000      0.404145779965E+00
  173.3000      0.403107209368E+00
  173.4000      0.402927653988E+00
  173.5000      0.403873852662E+00
  173.6000      0.403964443184E+00
  173.7000      0.402785812680E+00
  173.8000      0.402600621338E+00
  173.9000      0.403688600443E+00
  174.0000      0.403787853698E+00
  174.1000      0.402474053785E+00
  174.2000      0.402286296530E+00
  174.3000      0.403513358371E+00
  174.4000      0.403619997501E+00
  174.5000      0.402174633243E+00
  174.6000      0.401986784346E+00
  174.7000      0.403350995761E+00
  174.8000      0.403463080194E+00
  174.9000      0.401887334078E+00
  175.0000      0.401700913253E+00
  175.1000      0.403201536347E+00
  175.2000      0.403317296119E+00
  175.3000      0.401610858290E+00
  175.4000      0.401427796359E+00
  175.5000      0.403067112003E+00
  175.6000      0.403185924092E+00
  175.7000      0.401346684394E+00
  175.8000      0.401169133926E+00
  175.9000      0.402952520891E+00
  176.0000      0.403073755442E+00
  176.1000      0.401095735109E+00
  176.2000      0.400924828497E+00
  176.3000      0.402860386526E+00
  176.4000      0.402982711756E+00
  176.5000      0.400855223303E+00
  176.6000      0.400691519734E+00
  176.7000      0.402792044963E+00
  176.8000      0.402914804060E+00
  176.9000      0.400622396903E+00
  177.0000      0.400467094309E+00
  177.1000      0.402753180958E+00
  177.2000      0.402876900964E+00
  177.3000      0.400396439852E+00
  177.4000      0.400250592732E+00
  177.5000      0.402752988114E+00
  177.6000      0.402878191941E+00
  177.7000      0.400173503205E+00
  177.8000      0.400036980720E+00
  177.9000      0.402801733290E+00
  178.0000      0.402929195784E+00
  178.1000      0.399943805284E+00
  178.2000      0.399815574881E+00
  178.3000      0.402916879233E+00
  178.4000      0.403049875972E+00
  178.5000      0.399691519245E+00
  178.6000      0.399569619163E+00
  178.7000      0.403138497342E+00
  178.8000      0.403286488807E+00
  178.9000      0.399386697240E+00
  179.0000      0.399264915338E+00
  179.1000      0.403566861330E+00
  179.2000      0.403758360602E+00
  179.3000      0.398947891710E+00
  179.4000      0.398802707709E+00
  179.5000      0.404563078138E+00
  179.6000      0.404946622107E+00
  179.7000      0.398042579406E+00
  179.8000      0.397728770023E+00
  179.9000      0.410776916699E+00
  180.0000      0.428324324821E+00
