    0.1000      0.510131871085E+06
    0.2000      0.378238606623E+06
    0.3000      0.232231890303E+06
    0.4000      0.121065998590E+06
    0.5000      0.565074680842E+05
    0.6000      0.261017151226E+05
    0.7000      0.141236411110E+05
    0.8000      0.103351210477E+05
    0.9000      0.917269791162E+04
    1.0000      0.796968260406E+04
    1.1000      0.626570149646E+04
    1.2000      0.474394476067E+04
    1.3000      0.385735238519E+04
    1.4000      0.336694701127E+04
    1.5000      0.289514725591E+04
    1.6000      0.239699737289E+04
    1.7000      0.199475256305E+04
    1.8000      0.170290163548E+04
    1.9000      0.147070405117E+04
    2.0000      0.130064300278E+04
    2.1000      0.120240792637E+04
    2.2000      0.112185832635E+04
    2.3000      0.997312464389E+03
    2.4000      0.845303289390E+03
    2.5000      0.730268005228E+03
    2.6000      0.671353545349E+03
    2.7000      0.632062699396E+03
    2.8000      0.584809204868E+03
    2.9000      0.534975845286E+03
    3.0000      0.489579627570E+03
    3.1000      0.442947148481E+03
    3.2000      0.395434615330E+03
    3.3000      0.360422666875E+03
    3.4000      0.344292794304E+03
    3.5000      0.334154918573E+03
    3.6000      0.315063375617E+03
    3.7000      0.288343458674E+03
    3.8000      0.263846408265E+03
    3.9000      0.244751138580E+03
    4.0000      0.228709617995E+03
    4.1000      0.215781254524E+03
    4.2000      0.207382188199E+03
    4.3000      0.200928848379E+03
    4.4000      0.191460366851E+03
    4.5000      0.178398316687E+03
    4.6000      0.166187189914E+03
    4.7000      0.157737660168E+03
    4.8000      0.151672239895E+03
    4.9000      0.146144728962E+03
    5.0000      0.140927572162E+03
    5.1000      0.135616387636E+03
    5.2000      0.129158115509E+03
    5.3000      0.121726759665E+03
    5.4000      0.115263042508E+03
    5.5000      0.111187911731E+03
    5.6000      0.108564071246E+03
    5.7000      0.105672535948E+03
    5.8000      0.102155377517E+03
    5.9000      0.982913083568E+02
    6.0000      0.938240075908E+02
    6.1000      0.888836261949E+02
    6.2000      0.846912528194E+02
    6.3000      0.822202434236E+02
    6.4000      0.808140074989E+02
    6.5000      0.789597828902E+02
    6.6000      0.762081107110E+02
    6.7000      0.733269380466E+02
    6.8000      0.706600417298E+02
    6.9000      0.677909324289E+02
    7.0000      0.648650660942E+02
    7.1000      0.627088309590E+02
    7.2000      0.614438868341E+02
    7.3000      0.601135251059E+02
    7.4000      0.580101753480E+02
    7.5000      0.556624693023E+02
    7.6000      0.539340005287E+02
    7.7000      0.526732392362E+02
    7.8000      0.511542887234E+02
    7.9000      0.493874108969E+02
    8.0000      0.479363671406E+02
    8.1000      0.467978264520E+02
    8.2000      0.454185708356E+02
    8.3000      0.437036875514E+02
    8.4000      0.422784207868E+02
    8.5000      0.415408506671E+02
    8.6000      0.409990541295E+02
    8.7000      0.400134895728E+02
    8.8000      0.387088242700E+02
    8.9000      0.375829790508E+02
    9.0000      0.366837375445E+02
    9.1000      0.357329849409E+02
    9.2000      0.347493769388E+02
    9.3000      0.340599611500E+02
    9.4000      0.337230061930E+02
    9.5000      0.333246314182E+02
    9.6000      0.325460067875E+02
    9.7000      0.315983648998E+02
    9.8000      0.308389536789E+02
    9.9000      0.302952600254E+02
   10.0000      0.297996187032E+02
   10.1000      0.293165484844E+02
   10.2000      0.289381795120E+02
   10.3000      0.286562473720E+02
   10.4000      0.283051328714E+02
   10.5000      0.277961611302E+02
   10.6000      0.272599728767E+02
   10.7000      0.268540159977E+02
   10.8000      0.265836331282E+02
   10.9000      0.263624158766E+02
   11.0000      0.261152407626E+02
   11.1000      0.258253323480E+02
   11.2000      0.255320167224E+02
   11.3000      0.252644808503E+02
   11.4000      0.250129257832E+02
   11.5000      0.247716038958E+02
   11.6000      0.245625262408E+02
   11.7000      0.244211538203E+02
   11.8000      0.243384537510E+02
   11.9000      0.242189707025E+02
   12.0000      0.239920441060E+02
   12.1000      0.237342307057E+02
   12.2000      0.235632385073E+02
   12.3000      0.234704863570E+02
   12.4000      0.233598570858E+02
   12.5000      0.232076671599E+02
   12.6000      0.230988022492E+02
   12.7000      0.230738909431E+02
   12.8000      0.230244005482E+02
   12.9000      0.228516705416E+02
   13.0000      0.226400063121E+02
   13.1000      0.225274990303E+02
   13.2000      0.224956025863E+02
   13.3000      0.224207293080E+02
   13.4000      0.222777178944E+02
   13.5000      0.221740625611E+02
   13.6000      0.221628528714E+02
   13.7000      0.221328298001E+02
   13.8000      0.219803845589E+02
   13.9000      0.217821777835E+02
   14.0000      0.216684075155E+02
   14.1000      0.216241553569E+02
   14.2000      0.215392644797E+02
   14.3000      0.213932719079E+02
   14.4000      0.212812735130E+02
   14.5000      0.212480423034E+02
   14.6000      0.211970285665E+02
   14.7000      0.210382383759E+02
   14.8000      0.208321556133E+02
   14.9000      0.206876953744E+02
   15.0000      0.206017854577E+02
   15.1000      0.204921433710E+02
   15.2000      0.203362509052E+02
   15.3000      0.201982300167E+02
   15.4000      0.201131057716E+02
   15.5000      0.200150998930E+02
   15.6000      0.198374352149E+02
   15.7000      0.196191553839E+02
   15.8000      0.194409819741E+02
   15.9000      0.193113658996E+02
   16.0000      0.191756029972E+02
   16.1000      0.190046563797E+02
   16.2000      0.188302532045E+02
   16.3000      0.186832793246E+02
   16.4000      0.185338778872E+02
   16.5000      0.183380967358E+02
   16.6000      0.181119904505E+02
   16.7000      0.179076484181E+02
   16.8000      0.177420943596E+02
   16.9000      0.175837495122E+02
   17.0000      0.173982102683E+02
   17.1000      0.171921881222E+02
   17.2000      0.169960963372E+02
   17.3000      0.168104579141E+02
   17.4000      0.166084336780E+02
   17.5000      0.163857911872E+02
   17.6000      0.161702566162E+02
   17.7000      0.159840103099E+02
   17.8000      0.158133721038E+02
   17.9000      0.156224134395E+02
   18.0000      0.154015968128E+02
   18.1000      0.151805031521E+02
   18.2000      0.149796487922E+02
   18.3000      0.147839170806E+02
   18.4000      0.145754135253E+02
   18.5000      0.143641911941E+02
   18.6000      0.141743489665E+02
   18.7000      0.140051596517E+02
   18.8000      0.138232199630E+02
   18.9000      0.136098063885E+02
   19.0000      0.133908914525E+02
   19.1000      0.131964991361E+02
   19.2000      0.130196907809E+02
   19.3000      0.128362681156E+02
   19.4000      0.126445177033E+02
   19.5000      0.124671456537E+02
   19.6000      0.123121586273E+02
   19.7000      0.121520492549E+02
   19.8000      0.119640725930E+02
   19.9000      0.117678332700E+02
   20.0000      0.115950734377E+02
   20.1000      0.114452911133E+02
   20.2000      0.112938813007E+02
   20.3000      0.111312190454E+02
   20.4000      0.109757768725E+02
   20.5000      0.108416149727E+02
   20.6000      0.107102016795E+02
   20.7000      0.105588320934E+02
   20.8000      0.103991726305E+02
   20.9000      0.102597914500E+02
   21.0000      0.101455503809E+02
   21.1000      0.100346540921E+02
   21.2000      0.991076950276E+01
   21.3000      0.978503176910E+01
   21.4000      0.967513996435E+01
   21.5000      0.957342851830E+01
   21.6000      0.946027736498E+01
   21.7000      0.933932904209E+01
   21.8000      0.923394815180E+01
   21.9000      0.915467258345E+01
   22.0000      0.908552673201E+01
   22.1000      0.900508027206E+01
   22.2000      0.891528839457E+01
   22.3000      0.883498273401E+01
   22.4000      0.876709993142E+01
   22.5000      0.869595431638E+01
   22.6000      0.861618674190E+01
   22.7000      0.854315627408E+01
   22.8000      0.849183826434E+01
   22.9000      0.845442520121E+01
   23.0000      0.840789753420E+01
   23.1000      0.834618258259E+01
   23.2000      0.828819778706E+01
   23.3000      0.824731412785E+01
   23.4000      0.821357559767E+01
   23.5000      0.817351872079E+01
   23.6000      0.813199901785E+01
   23.7000      0.810495875308E+01
   23.8000      0.809275733312E+01
   23.9000      0.807397395769E+01
   24.0000      0.803593082824E+01
   24.1000      0.799497514173E+01
   24.2000      0.797213932662E+01
   24.3000      0.796467888027E+01
   24.4000      0.795468786792E+01
   24.5000      0.793690735357E+01
   24.6000      0.792531389710E+01
   24.7000      0.792781449005E+01
   24.8000      0.792834994078E+01
   24.9000      0.791031697229E+01
   25.0000      0.788421524719E+01
   25.1000      0.787312021208E+01
   25.2000      0.788076922825E+01
   25.3000      0.788910049966E+01
   25.4000      0.788514769749E+01
   25.5000      0.787851192692E+01
   25.6000      0.788282835092E+01
   25.7000      0.789071881350E+01
   25.8000      0.788590117294E+01
   25.9000      0.787138942121E+01
   26.0000      0.786617052351E+01
   26.1000      0.787793023221E+01
   26.2000      0.789234010337E+01
   26.3000      0.789256304778E+01
   26.4000      0.788200307098E+01
   26.5000      0.787618062356E+01
   26.6000      0.787719608011E+01
   26.7000      0.787359591071E+01
   26.8000      0.786211121846E+01
   26.9000      0.785356329453E+01
   27.0000      0.785671186694E+01
   27.1000      0.786441165380E+01
   27.2000      0.786145558494E+01
   27.3000      0.784506534231E+01
   27.4000      0.782726803269E+01
   27.5000      0.781602980159E+01
   27.6000      0.780651128548E+01
   27.7000      0.779177374121E+01
   27.8000      0.777290291675E+01
   27.9000      0.775656050323E+01
   28.0000      0.774414860403E+01
   28.1000      0.772787164968E+01
   28.2000      0.770208375215E+01
   28.3000      0.767218384140E+01
   28.4000      0.764697670226E+01
   28.5000      0.762790711194E+01
   28.6000      0.760817925815E+01
   28.7000      0.758078036295E+01
   28.8000      0.754724427659E+01
   28.9000      0.751457507349E+01
   29.0000      0.748395971302E+01
   29.1000      0.745022283307E+01
   29.2000      0.741146165067E+01
   29.3000      0.737279482896E+01
   29.4000      0.733997145750E+01
   29.5000      0.731030776051E+01
   29.6000      0.727380220748E+01
   29.7000      0.722679271498E+01
   29.8000      0.717761850191E+01
   29.9000      0.713433581447E+01
   30.0000      0.709453058241E+01
   30.1000      0.705094067948E+01
   30.2000      0.700261998250E+01
   30.3000      0.695621736860E+01
   30.4000      0.691439555882E+01
   30.5000      0.686914568992E+01
   30.6000      0.681366667741E+01
   30.7000      0.675386951619E+01
   30.8000      0.670017909908E+01
   30.9000      0.665346425426E+01
   31.0000      0.660505976117E+01
   31.1000      0.654933869709E+01
   31.2000      0.649136637634E+01
   31.3000      0.643771715647E+01
   31.4000      0.638510403502E+01
   31.5000      0.632677717951E+01
   31.6000      0.626488396358E+01
   31.7000      0.620772747645E+01
   31.8000      0.615781150610E+01
   31.9000      0.610828944201E+01
   32.0000      0.605218929532E+01
   32.1000      0.599183048691E+01
   32.2000      0.593388714381E+01
   32.3000      0.587845971643E+01
   32.4000      0.582098194741E+01
   32.5000      0.576146788399E+01
   32.6000      0.570470276302E+01
   32.7000      0.565314589588E+01
   32.8000      0.560349274267E+01
   32.9000      0.555135621505E+01
   33.0000      0.549770555153E+01
   33.1000      0.544637916384E+01
   33.2000      0.539713045847E+01
   33.3000      0.534705833416E+01
   33.4000      0.529608489483E+01
   33.5000      0.524626365597E+01
   33.6000      0.519818343325E+01
   33.7000      0.515039873608E+01
   33.8000      0.510215196649E+01
   33.9000      0.505548166233E+01
   34.0000      0.501194570099E+01
   34.1000      0.496928689261E+01
   34.2000      0.492553203008E+01
   34.3000      0.488281290466E+01
   34.4000      0.484358402262E+01
   34.5000      0.480671943554E+01
   34.6000      0.476944660104E+01
   34.7000      0.473164165167E+01
   34.8000      0.469635955479E+01
   34.9000      0.466437589630E+01
   35.0000      0.463140686544E+01
   35.1000      0.459475481998E+01
   35.2000      0.455836359277E+01
   35.3000      0.452734624579E+01
   35.4000      0.450127941238E+01
   35.5000      0.447559362300E+01
   35.6000      0.444827401831E+01
   35.7000      0.442260723930E+01
   35.8000      0.440104138192E+01
   35.9000      0.437991740270E+01
   36.0000      0.435514445900E+01
   36.1000      0.432924625457E+01
   36.2000      0.430806186039E+01
   36.3000      0.429289015392E+01
   36.4000      0.427881852839E+01
   36.5000      0.426117840994E+01
   36.6000      0.424179754392E+01
   36.7000      0.422547868290E+01
   36.8000      0.421238302600E+01
   36.9000      0.419896313173E+01
   37.0000      0.418438668947E+01
   37.1000      0.417179935611E+01
   37.2000      0.416372000245E+01
   37.3000      0.415780201766E+01
   37.4000      0.414901084629E+01
   37.5000      0.413642871817E+01
   37.6000      0.412443069543E+01
   37.7000      0.411661769294E+01
   37.8000      0.411206989803E+01
   37.9000      0.410745600725E+01
   38.0000      0.410112278821E+01
   38.1000      0.409490275734E+01
   38.2000      0.409090479636E+01
   38.3000      0.408782657538E+01
   38.4000      0.408315635065E+01
   38.5000      0.407734026365E+01
   38.6000      0.407357924732E+01
   38.7000      0.407398790479E+01
   38.8000      0.407609120165E+01
   38.9000      0.407469743335E+01
   39.0000      0.406866190965E+01
   39.1000      0.406271608035E+01
   39.2000      0.406111757797E+01
   39.3000      0.406256349783E+01
   39.4000      0.406261532481E+01
   39.5000      0.405992110960E+01
   39.6000      0.405800053367E+01
   39.7000      0.405901196848E+01
   39.8000      0.405897432267E+01
   39.9000      0.405356624098E+01
   40.0000      0.404568632491E+01
   40.1000      0.404258789369E+01
   40.2000      0.404637753816E+01
   40.3000      0.405056590614E+01
   40.4000      0.404811273337E+01
   40.5000      0.404080061573E+01
   40.6000      0.403579451394E+01
   40.7000      0.403462173326E+01
   40.8000      0.403200850660E+01
   40.9000      0.402524359345E+01
   41.0000      0.401904462567E+01
   41.1000      0.401862734596E+01
   41.2000      0.402052574972E+01
   41.3000      0.401566628303E+01
   41.4000      0.400214537878E+01
   41.5000      0.398850405164E+01
   41.6000      0.398224936964E+01
   41.7000      0.398076892828E+01
   41.8000      0.397648022220E+01
   41.9000      0.396773233314E+01
   42.0000      0.396009503719E+01
   42.1000      0.395627833631E+01
   42.2000      0.395069042084E+01
   42.3000      0.393809546346E+01
   42.4000      0.392255469566E+01
   42.5000      0.391254086778E+01
   42.6000      0.390946383132E+01
   42.7000      0.390537401366E+01
   42.8000      0.389314637106E+01
   42.9000      0.387556018668E+01
   43.0000      0.386032913297E+01
   43.1000      0.384910241525E+01
   43.2000      0.383706071101E+01
   43.3000      0.382183939343E+01
   43.4000      0.380756097386E+01
   43.5000      0.379857541255E+01
   43.6000      0.379187624037E+01
   43.7000      0.377990586966E+01
   43.8000      0.376096626618E+01
   43.9000      0.374180600031E+01
   44.0000      0.372859323713E+01
   44.1000      0.371947258865E+01
   44.2000      0.370784933808E+01
   44.3000      0.369106196299E+01
   44.4000      0.367301174739E+01
   44.5000      0.365733940657E+01
   44.6000      0.364179097272E+01
   44.7000      0.362261404159E+01
   44.8000      0.360140043872E+01
   44.9000      0.358376865849E+01
   45.0000      0.357191251102E+01
   45.1000      0.356092461832E+01
   45.2000      0.354448828888E+01
   45.3000      0.352310367824E+01
   45.4000      0.350306951398E+01
   45.5000      0.348787637231E+01
   45.6000      0.347454290632E+01
   45.7000      0.345871468302E+01
   45.8000      0.344062497756E+01
   45.9000      0.342399676862E+01
   46.0000      0.340943471670E+01
   46.1000      0.339259980738E+01
   46.2000      0.337085379735E+01
   46.3000      0.334806390417E+01
   46.4000      0.333008447993E+01
   46.5000      0.331733969911E+01
   46.6000      0.330418954260E+01
   46.7000      0.328609222748E+01
   46.8000      0.326530667688E+01
   46.9000      0.324698800697E+01
   47.0000      0.323181156120E+01
   47.1000      0.321621304117E+01
   47.2000      0.319861376812E+01
   47.3000      0.318192850385E+01
   47.4000      0.316903056858E+01
   47.5000      0.315751706693E+01
   47.6000      0.314203164379E+01
   47.7000      0.312179608981E+01
   47.8000      0.310202846300E+01
   47.9000      0.308710064825E+01
   48.0000      0.307541445976E+01
   48.1000      0.306222462209E+01
   48.2000      0.304599810707E+01
   48.3000      0.302984804579E+01
   48.4000      0.301614870671E+01
   48.5000      0.300283874676E+01
   48.6000      0.298727267829E+01
   48.7000      0.297095504959E+01
   48.8000      0.295782554802E+01
   48.9000      0.294882376106E+01
   49.0000      0.294006501535E+01
   49.1000      0.292750881406E+01
   49.2000      0.291218545596E+01
   49.3000      0.289835138310E+01
   49.4000      0.288759405989E+01
   49.5000      0.287759482442E+01
   49.6000      0.286611669309E+01
   49.7000      0.285405308955E+01
   49.8000      0.284369994218E+01
   49.9000      0.283473764463E+01
   50.0000      0.282424984873E+01
   50.1000      0.281127362585E+01
   50.2000      0.279863322347E+01
   50.3000      0.278930842546E+01
   50.4000      0.278277010912E+01
   50.5000      0.277577015155E+01
   50.6000      0.276642712801E+01
   50.7000      0.275637522429E+01
   50.8000      0.274784961130E+01
   50.9000      0.274036059651E+01
   51.0000      0.273206621035E+01
   51.1000      0.272292531592E+01
   51.2000      0.271482152348E+01
   51.3000      0.270881984052E+01
   51.4000      0.270319705418E+01
   51.5000      0.269543268592E+01
   51.6000      0.268583508644E+01
   51.7000      0.267714976542E+01
   51.8000      0.267083133413E+01
   51.9000      0.266559990387E+01
   52.0000      0.265958634311E+01
   52.1000      0.265283145349E+01
   52.2000      0.264690884996E+01
   52.3000      0.264204184877E+01
   52.4000      0.263637880591E+01
   52.5000      0.262896343275E+01
   52.6000      0.262143732309E+01
   52.7000      0.261586171154E+01
   52.8000      0.261202333358E+01
   52.9000      0.260764899562E+01
   53.0000      0.260137308550E+01
   53.1000      0.259454646986E+01
   53.2000      0.258895190811E+01
   53.3000      0.258411128597E+01
   53.4000      0.257851896722E+01
   53.5000      0.257231977785E+01
   53.6000      0.256728477394E+01
   53.7000      0.256424112829E+01
   53.8000      0.256137584138E+01
   53.9000      0.255632262886E+01
   54.0000      0.254951405106E+01
   54.1000      0.254350292636E+01
   54.2000      0.253935466409E+01
   54.3000      0.253561641186E+01
   54.4000      0.253074747373E+01
   54.5000      0.252535091576E+01
   54.6000      0.252112561475E+01
   54.7000      0.251781322187E+01
   54.8000      0.251312912161E+01
   54.9000      0.250633801415E+01
   55.0000      0.249975179862E+01
   55.1000      0.249579829326E+01
   55.2000      0.249391905108E+01
   55.3000      0.249125687080E+01
   55.4000      0.248632706886E+01
   55.5000      0.248078647073E+01
   55.6000      0.247656978709E+01
   55.7000      0.247295638402E+01
   55.8000      0.246814622385E+01
   55.9000      0.246238847644E+01
   56.0000      0.245788585016E+01
   56.1000      0.245562712245E+01
   56.2000      0.245338752409E+01
   56.3000      0.244827771305E+01
   56.4000      0.244077919877E+01
   56.5000      0.243419976512E+01
   56.6000      0.243038683984E+01
   56.7000      0.242780075821E+01
   56.8000      0.242394787132E+01
   56.9000      0.241866514162E+01
   57.0000      0.241392450875E+01
   57.1000      0.241039151819E+01
   57.2000      0.240618207860E+01
   57.3000      0.239996013944E+01
   57.4000      0.239337302008E+01
   57.5000      0.238914860786E+01
   57.6000      0.238745566029E+01
   57.7000      0.238520297396E+01
   57.8000      0.237967643523E+01
   57.9000      0.237202156772E+01
   58.0000      0.236557674444E+01
   58.1000      0.236157762570E+01
   58.2000      0.235819025667E+01
   58.3000      0.235342658522E+01
   58.4000      0.234777730729E+01
   58.5000      0.234314570490E+01
   58.6000      0.233950279358E+01
   58.7000      0.233452626744E+01
   58.8000      0.232719053661E+01
   58.9000      0.231979981425E+01
   59.0000      0.231537105431E+01
   59.1000      0.231376152736E+01
   59.2000      0.231141637126E+01
   59.3000      0.230555799234E+01
   59.4000      0.229766486569E+01
   59.5000      0.229133022682E+01
   59.6000      0.228764298674E+01
   59.7000      0.228443796569E+01
   59.8000      0.227970900644E+01
   59.9000      0.227431204757E+01
   60.0000      0.227032824532E+01
   60.1000      0.226729741002E+01
   60.2000      0.226229258990E+01
   60.3000      0.225431373073E+01
   60.4000      0.224640444011E+01
   60.5000      0.224216106063E+01
   60.6000      0.224111208420E+01
   60.7000      0.223891290308E+01
   60.8000      0.223260666909E+01
   60.9000      0.222429171005E+01
   61.0000      0.221806711709E+01
   61.1000      0.221475076207E+01
   61.2000      0.221165942810E+01
   61.3000      0.220694118780E+01
   61.4000      0.220214613692E+01
   61.5000      0.219949943938E+01
   61.6000      0.219773401222E+01
   61.7000      0.219315819676E+01
   61.8000      0.218505740124E+01
   61.9000      0.217740379676E+01
   62.0000      0.217410312861E+01
   62.1000      0.217400796395E+01
   62.2000      0.217212517400E+01
   62.3000      0.216575482999E+01
   62.4000      0.215763524196E+01
   62.5000      0.215185658807E+01
   62.6000      0.214863064059E+01
   62.7000      0.214508689673E+01
   62.8000      0.214003224574E+01
   62.9000      0.213567569552E+01
   63.0000      0.213398804201E+01
   63.1000      0.213291183063E+01
   63.2000      0.212853464040E+01
   63.3000      0.212069709508E+01
   63.4000      0.211379905505E+01
   63.5000      0.211142772201E+01
   63.6000      0.211189852805E+01
   63.7000      0.211028754978E+01
   63.8000      0.210442949775E+01
   63.9000      0.209718083982E+01
   64.0000      0.209209375347E+01
   64.1000      0.208895230469E+01
   64.2000      0.208515659726E+01
   64.3000      0.208004941468E+01
   64.4000      0.207588503084E+01
   64.5000      0.207423183747E+01
   64.6000      0.207292171398E+01
   64.7000      0.206847879953E+01
   64.8000      0.206106923479E+01
   64.9000      0.205477067458E+01
   65.0000      0.205263502146E+01
   65.1000      0.205298774160E+01
   65.2000      0.205143716627E+01
   65.3000      0.204611547510E+01
   65.4000      0.203955450154E+01
   65.5000      0.203489177393E+01
   65.6000      0.203200426641E+01
   65.7000      0.202862607033E+01
   65.8000      0.202401505090E+01
   65.9000      0.201994821303E+01
   66.0000      0.201784435947E+01
   66.1000      0.201606632398E+01
   66.2000      0.201173947365E+01
   66.3000      0.200492039535E+01
   66.4000      0.199902949383E+01
   66.5000      0.199679155010E+01
   66.6000      0.199688823351E+01
   66.7000      0.199538581273E+01
   66.8000      0.199036307765E+01
   66.9000      0.198399079522E+01
   67.0000      0.197938822638E+01
   67.1000      0.197681992120E+01
   67.2000      0.197414913287E+01
   67.3000      0.197013696462E+01
   67.4000      0.196599146802E+01
   67.5000      0.196324092449E+01
   67.6000      0.196096117621E+01
   67.7000      0.195675476897E+01
   67.8000      0.195038235538E+01
   67.9000      0.194463867700E+01
   68.0000      0.194207849595E+01
   68.1000      0.194176205891E+01
   68.2000      0.194009028925E+01
   68.3000      0.193503736963E+01
   68.4000      0.192851731833E+01
   68.5000      0.192372809792E+01
   68.6000      0.192128190899E+01
   68.7000      0.191909175728E+01
   68.8000      0.191544117421E+01
   68.9000      0.191103998136E+01
   69.0000      0.190751801994E+01
   69.1000      0.190459114034E+01
   69.2000      0.190032104571E+01
   69.3000      0.189421187579E+01
   69.4000      0.188840133221E+01
   69.5000      0.188515615243E+01
   69.6000      0.188389120165E+01
   69.7000      0.188152000698E+01
   69.8000      0.187610955644E+01
   69.9000      0.186928041034E+01
   70.0000      0.186408426436E+01
   70.1000      0.186137712436E+01
   70.2000      0.185928816009E+01
   70.3000      0.185584116844E+01
   70.4000      0.185124978112E+01
   70.5000      0.184709521286E+01
   70.6000      0.184370040669E+01
   70.7000      0.183971503925E+01
   70.8000      0.183442016313E+01
   70.9000      0.182907746517E+01
   71.0000      0.182541801664E+01
   71.1000      0.182325760260E+01
   71.2000      0.182031960953E+01
   71.3000      0.181493047107E+01
   71.4000      0.180823540961E+01
   71.5000      0.180283834912E+01
   71.6000      0.179978108957E+01
   71.7000      0.179763022356E+01
   71.8000      0.179436045793E+01
   71.9000      0.178968732623E+01
   72.0000      0.178504833489E+01
   72.1000      0.178139379480E+01
   72.2000      0.177807958856E+01
   72.3000      0.177418611103E+01
   72.4000      0.176995825475E+01
   72.5000      0.176645551704E+01
   72.6000      0.176394014474E+01
   72.7000      0.176111480569E+01
   72.8000      0.175663238876E+01
   72.9000      0.175100874576E+01
   73.0000      0.174614976903E+01
   73.1000      0.174316049507E+01
   73.2000      0.174113914916E+01
   73.3000      0.173820106830E+01
   73.4000      0.173365554016E+01
   73.5000      0.172872058772E+01
   73.6000      0.172484117902E+01
   73.7000      0.172205193606E+01
   73.8000      0.171934653143E+01
   73.9000      0.171608525156E+01
   74.0000      0.171268336645E+01
   74.1000      0.170980835032E+01
   74.2000      0.170716449955E+01
   74.3000      0.170383061750E+01
   74.4000      0.169970900779E+01
   74.5000      0.169582797402E+01
   74.6000      0.169313309801E+01
   74.7000      0.169126579725E+01
   74.8000      0.168875436432E+01
   74.9000      0.168470883048E+01
   75.0000      0.167997086540E+01
   75.1000      0.167609049185E+01
   75.2000      0.167359196115E+01
   75.3000      0.167159632625E+01
   75.4000      0.166891782245E+01
   75.5000      0.166540339726E+01
   75.6000      0.166194243560E+01
   75.7000      0.165913970538E+01
   75.8000      0.165664849464E+01
   75.9000      0.165391284352E+01
   76.0000      0.165096814603E+01
   76.1000      0.164835041536E+01
   76.2000      0.164625774691E+01
   76.3000      0.164399081346E+01
   76.4000      0.164074342395E+01
   76.5000      0.163678039697E+01
   76.6000      0.163323865321E+01
   76.7000      0.163086798819E+01
   76.8000      0.162918158956E+01
   76.9000      0.162688766955E+01
   77.0000      0.162336305266E+01
   77.1000      0.161943391632E+01
   77.2000      0.161635887610E+01
   77.3000      0.161444943814E+01
   77.4000      0.161291490478E+01
   77.5000      0.161081592463E+01
   77.6000      0.160810240685E+01
   77.7000      0.160549835475E+01
   77.8000      0.160334540064E+01
   77.9000      0.160118475831E+01
   78.0000      0.159857698277E+01
   78.1000      0.159579356399E+01
   78.2000      0.159352323175E+01
   78.3000      0.159188007459E+01
   78.4000      0.158992520189E+01
   78.5000      0.158673838217E+01
   78.6000      0.158277667125E+01
   78.7000      0.157952413255E+01
   78.8000      0.157785903089E+01
   78.9000      0.157703543522E+01
   79.0000      0.157541833410E+01
   79.1000      0.157236828146E+01
   79.2000      0.156897976041E+01
   79.3000      0.156663264640E+01
   79.4000      0.156540021057E+01
   79.5000      0.156422890030E+01
   79.6000      0.156233451743E+01
   79.7000      0.156009307896E+01
   79.8000      0.155828421565E+01
   79.9000      0.155671652942E+01
   80.0000      0.155444513253E+01
   80.1000      0.155131119974E+01
   80.2000      0.154844158617E+01
   80.3000      0.154696785082E+01
   80.4000      0.154646935318E+01
   80.5000      0.154513713777E+01
   80.6000      0.154189482569E+01
   80.7000      0.153785361250E+01
   80.8000      0.153503925351E+01
   80.9000      0.153408202000E+01
   81.0000      0.153364534613E+01
   81.1000      0.153206086668E+01
   81.2000      0.152924721027E+01
   81.3000      0.152653976064E+01
   81.4000      0.152473745429E+01
   81.5000      0.152323281554E+01
   81.6000      0.152121498240E+01
   81.7000      0.151895309353E+01
   81.8000      0.151744438244E+01
   81.9000      0.151684778278E+01
   82.0000      0.151583842759E+01
   82.1000      0.151318542442E+01
   82.2000      0.150954701265E+01
   82.3000      0.150687336970E+01
   82.4000      0.150614718356E+01
   82.5000      0.150617673516E+01
   82.6000      0.150485480040E+01
   82.7000      0.150158152497E+01
   82.8000      0.149787553158E+01
   82.9000      0.149540236920E+01
   83.0000      0.149414717399E+01
   83.1000      0.149283962785E+01
   83.2000      0.149068402813E+01
   83.3000      0.148823479804E+01
   83.4000      0.148637449970E+01
   83.5000      0.148486700710E+01
   83.6000      0.148273923726E+01
   83.7000      0.147989615242E+01
   83.8000      0.147750965535E+01
   83.9000      0.147662502739E+01
   84.0000      0.147666080118E+01
   84.1000      0.147574588626E+01
   84.2000      0.147287659214E+01
   84.3000      0.146922182200E+01
   84.4000      0.146676678440E+01
   84.5000      0.146606592420E+01
   84.6000      0.146572303536E+01
   84.7000      0.146401982071E+01
   84.8000      0.146084594981E+01
   84.9000      0.145760326981E+01
   85.0000      0.145530203952E+01
   85.1000      0.145353367109E+01
   85.2000      0.145141401729E+01
   85.3000      0.144889906650E+01
   85.4000      0.144680097883E+01
   85.5000      0.144548446525E+01
   85.6000      0.144404458802E+01
   85.7000      0.144143819213E+01
   85.8000      0.143809071641E+01
   85.9000      0.143562039450E+01
   86.0000      0.143496406712E+01
   86.1000      0.143510954970E+01
   86.2000      0.143401950056E+01
   86.3000      0.143095380586E+01
   86.4000      0.142733972209E+01
   86.5000      0.142501977338E+01
   86.6000      0.142419667061E+01
   86.7000      0.142343585189E+01
   86.8000      0.142143994040E+01
   86.9000      0.141848317253E+01
   87.0000      0.141576839985E+01
   87.1000      0.141367754376E+01
   87.2000      0.141147758803E+01
   87.3000      0.140868282119E+01
   87.4000      0.140594003179E+01
   87.5000      0.140424758118E+01
   87.6000      0.140344315691E+01
   87.7000      0.140202735760E+01
   87.8000      0.139898335955E+01
   87.9000      0.139526690492E+01
   88.0000      0.139282502908E+01
   88.1000      0.139235779661E+01
   88.2000      0.139246044705E+01
   88.3000      0.139113746145E+01
   88.4000      0.138805473503E+01
   88.5000      0.138476590290E+01
   88.6000      0.138268040995E+01
   88.7000      0.138154735904E+01
   88.8000      0.138012743048E+01
   88.9000      0.137784199837E+01
   89.0000      0.137535196247E+01
   89.1000      0.137339242036E+01
   89.2000      0.137155453574E+01
   89.3000      0.136893599142E+01
   89.4000      0.136567292340E+01
   89.5000      0.136304141499E+01
   89.6000      0.136194791650E+01
   89.7000      0.136163148791E+01
   89.8000      0.136029963267E+01
   89.9000      0.135724825485E+01
   90.0000      0.135378430214E+01
   90.1000      0.135167394826E+01
   90.2000      0.135115186948E+01
   90.3000      0.135077921811E+01
   90.4000      0.134912262831E+01
   90.5000      0.134631158813E+01
   90.6000      0.134360054494E+01
   90.7000      0.134164216853E+01
   90.8000      0.133990761741E+01
   90.9000      0.133773124640E+01
   91.0000      0.133529642991E+01
   91.1000      0.133334360156E+01
   91.2000      0.133199465369E+01
   91.3000      0.133034636525E+01
   91.4000      0.132767146792E+01
   91.5000      0.132457757926E+01
   91.6000      0.132241660047E+01
   91.7000      0.132171505642E+01
   91.8000      0.132147178419E+01
   91.9000      0.132017663928E+01
   92.0000      0.131752876328E+01
   92.1000      0.131471329766E+01
   92.2000      0.131289551206E+01
   92.3000      0.131196857571E+01
   92.4000      0.131088843344E+01
   92.5000      0.130893371548E+01
   92.6000      0.130644182580E+01
   92.7000      0.130415962082E+01
   92.8000      0.130216875021E+01
   92.9000      0.129997702341E+01
   93.0000      0.129743723063E+01
   93.1000      0.129506152664E+01
   93.2000      0.129339561072E+01
   93.3000      0.129220811342E+01
   93.4000      0.129059246926E+01
   93.5000      0.128811376290E+01
   93.6000      0.128546157056E+01
   93.7000      0.128365843637E+01
   93.8000      0.128290319923E+01
   93.9000      0.128234349011E+01
   94.0000      0.128097766774E+01
   94.1000      0.127875913714E+01
   94.2000      0.127652591029E+01
   94.3000      0.127488479375E+01
   94.4000      0.127361329325E+01
   94.5000      0.127211179167E+01
   94.6000      0.127013584484E+01
   94.7000      0.126801340766E+01
   94.8000      0.126608210423E+01
   94.9000      0.126414631958E+01
   95.0000      0.126185094900E+01
   95.1000      0.125932411582E+01
   95.2000      0.125709811845E+01
   95.3000      0.125549749196E+01
   95.4000      0.125418722849E+01
   95.5000      0.125246539563E+01
   95.6000      0.125014202059E+01
   95.7000      0.124781385782E+01
   95.8000      0.124612860852E+01
   95.9000      0.124508755653E+01
   96.0000      0.124410561121E+01
   96.1000      0.124265242984E+01
   96.2000      0.124082629036E+01
   96.3000      0.123911143844E+01
   96.4000      0.123767169188E+01
   96.5000      0.123624892479E+01
   96.6000      0.123461415939E+01
   96.7000      0.123284721909E+01
   96.8000      0.123120367026E+01
   96.9000      0.122969160484E+01
   97.0000      0.122794443504E+01
   97.1000      0.122574581038E+01
   97.2000      0.122340430429E+01
   97.3000      0.122139869094E+01
   97.4000      0.121985548287E+01
   97.5000      0.121841095391E+01
   97.6000      0.121660091566E+01
   97.7000      0.121444527018E+01
   97.8000      0.121240438592E+01
   97.9000      0.121075896355E+01
   98.0000      0.120935975574E+01
   98.1000      0.120791511720E+01
   98.2000      0.120634081920E+01
   98.3000      0.120483737048E+01
   98.4000      0.120352990458E+01
   98.5000      0.120218046740E+01
   98.6000      0.120053818071E+01
   98.7000      0.119874608288E+01
   98.8000      0.119717616032E+01
   98.9000      0.119599192894E+01
   99.0000      0.119489163933E+01
   99.1000      0.119337257218E+01
   99.2000      0.119136473475E+01
   99.3000      0.118933203550E+01
   99.4000      0.118767714914E+01
   99.5000      0.118633417476E+01
   99.6000      0.118492474665E+01
   99.7000      0.118320744813E+01
   99.8000      0.118136932721E+01
   99.9000      0.117971010661E+01
  100.0000      0.117816781479E+01
  100.1000      0.117648331200E+01
  100.2000      0.117465782852E+01
  100.3000      0.117300468843E+01
  100.4000      0.117178859077E+01
  100.5000      0.117080000398E+01
  100.6000      0.116946318669E+01
  100.7000      0.116756871655E+01
  100.8000      0.116560982046E+01
  100.9000      0.116421809043E+01
  101.0000      0.116347038246E+01
  101.1000      0.116278327342E+01
  101.2000      0.116151806057E+01
  101.3000      0.115972050498E+01
  101.4000      0.115800663037E+01
  101.5000      0.115675734409E+01
  101.6000      0.115576471855E+01
  101.7000      0.115459802403E+01
  101.8000      0.115312921693E+01
  101.9000      0.115165418179E+01
  102.0000      0.115038934639E+01
  102.1000      0.114906868652E+01
  102.2000      0.114736262020E+01
  102.3000      0.114545194292E+01
  102.4000      0.114390497493E+01
  102.5000      0.114303190508E+01
  102.6000      0.114239314441E+01
  102.7000      0.114115964631E+01
  102.8000      0.113912933830E+01
  102.9000      0.113705728283E+01
  103.0000      0.113581516756E+01
  103.1000      0.113544900036E+01
  103.2000      0.113511284921E+01
  103.3000      0.113395773770E+01
  103.4000      0.113207940135E+01
  103.5000      0.113032155197E+01
  103.6000      0.112922204612E+01
  103.7000      0.112851374312E+01
  103.8000      0.112758299913E+01
  103.9000      0.112620716633E+01
  104.0000      0.112475675638E+01
  104.1000      0.112356983221E+01
  104.2000      0.112240507233E+01
  104.3000      0.112086271266E+01
  104.4000      0.111907976004E+01
  104.5000      0.111768144628E+01
  104.6000      0.111704567746E+01
  104.7000      0.111667189874E+01
  104.8000      0.111556955923E+01
  104.9000      0.111346654533E+01
  105.0000      0.111126247233E+01
  105.1000      0.111006474394E+01
  105.2000      0.110996904169E+01
  105.3000      0.110988220860E+01
  105.4000      0.110865078741E+01
  105.5000      0.110635732868E+01
  105.6000      0.110417842388E+01
  105.7000      0.110300630588E+01
  105.8000      0.110257651329E+01
  105.9000      0.110191994850E+01
  106.0000      0.110049046941E+01
  106.1000      0.109871527654E+01
  106.2000      0.109728920554E+01
  106.3000      0.109623602047E+01
  106.4000      0.109506763283E+01
  106.5000      0.109361854432E+01
  106.6000      0.109234698168E+01
  106.7000      0.109173204278E+01
  106.8000      0.109143822472E+01
  106.9000      0.109047575253E+01
  107.0000      0.108844784233E+01
  107.1000      0.108622548114E+01
  107.2000      0.108506328422E+01
  107.3000      0.108517163941E+01
  107.4000      0.108531471634E+01
  107.5000      0.108405094105E+01
  107.6000      0.108139354159E+01
  107.7000      0.107883668255E+01
  107.8000      0.107769096869E+01
  107.9000      0.107773855901E+01
  108.0000      0.107757650105E+01
  108.1000      0.107618722190E+01
  108.2000      0.107401082824E+01
  108.3000      0.107224536482E+01
  108.4000      0.107137932123E+01
  108.5000      0.107085529481E+01
  108.6000      0.106998309680E+01
  108.7000      0.106880388226E+01
  108.8000      0.106789608600E+01
  108.9000      0.106736587119E+01
  109.0000      0.106650613943E+01
  109.1000      0.106478781230E+01
  109.2000      0.106276276396E+01
  109.3000      0.106156762318E+01
  109.4000      0.106156494361E+01
  109.5000      0.106166494224E+01
  109.6000      0.106036444048E+01
  109.7000      0.105754731608E+01
  109.8000      0.105477746242E+01
  109.9000      0.105362894874E+01
  110.0000      0.105400157939E+01
  110.1000      0.105421660597E+01
  110.2000      0.105282648740E+01
  110.3000      0.105019983709E+01
  110.4000      0.104799574626E+01
  110.5000      0.104725660831E+01
  110.6000      0.104744466825E+01
  110.7000      0.104725955135E+01
  110.8000      0.104611878656E+01
  110.9000      0.104463916690E+01
  111.0000      0.104360444892E+01
  111.1000      0.104291450825E+01
  111.2000      0.104194067534E+01
  111.3000      0.104055472818E+01
  111.4000      0.103937029828E+01
  111.5000      0.103889906034E+01
  111.6000      0.103862758610E+01
  111.7000      0.103740151878E+01
  111.8000      0.103491395090E+01
  111.9000      0.103231963773E+01
  112.0000      0.103106414206E+01
  112.1000      0.103125635653E+01
  112.2000      0.103138199928E+01
  112.3000      0.102986785327E+01
  112.4000      0.102689744625E+01
  112.5000      0.102426007468E+01
  112.6000      0.102339966802E+01
  112.7000      0.102394503648E+01
  112.8000      0.102419046205E+01
  112.9000      0.102294392171E+01
  113.0000      0.102074341785E+01
  113.1000      0.101904788254E+01
  113.2000      0.101853311201E+01
  113.3000      0.101856814772E+01
  113.4000      0.101815358917E+01
  113.5000      0.101705320859E+01
  113.6000      0.101586644751E+01
  113.7000      0.101501784776E+01
  113.8000      0.101413508013E+01
  113.9000      0.101271049883E+01
  114.0000      0.101096402848E+01
  114.1000      0.100968866221E+01
  114.2000      0.100925020638E+01
  114.3000      0.100889645946E+01
  114.4000      0.100745103063E+01
  114.5000      0.100480084946E+01
  114.6000      0.100223835359E+01
  114.7000      0.100112851725E+01
  114.8000      0.100141358812E+01
  114.9000      0.100155512703E+01
  115.0000      0.100012954385E+01
  115.1000      0.997435589835E+00
  115.2000      0.995172118620E+00
  115.3000      0.994584355595E+00
  115.4000      0.995221932931E+00
  115.5000      0.995490887330E+00
  115.6000      0.994352854857E+00
  115.7000      0.992360285299E+00
  115.8000      0.990850506749E+00
  115.9000      0.990410749137E+00
  116.0000      0.990451643818E+00
  116.1000      0.990062349805E+00
  116.2000      0.989028107312E+00
  116.3000      0.987909778246E+00
  116.4000      0.987135915568E+00
  116.5000      0.986424750550E+00
  116.6000      0.985339277927E+00
  116.7000      0.984030372359E+00
  116.8000      0.983138537206E+00
  116.9000      0.982970569967E+00
  117.0000      0.982888538162E+00
  117.1000      0.981882553606E+00
  117.2000      0.979855380115E+00
  117.3000      0.977918075016E+00
  117.4000      0.977238004797E+00
  117.5000      0.977733952076E+00
  117.6000      0.978006189849E+00
  117.7000      0.976763222767E+00
  117.8000      0.974299458008E+00
  117.9000      0.972214583659E+00
  118.0000      0.971699756531E+00
  118.1000      0.972340016449E+00
  118.2000      0.972584644779E+00
  118.3000      0.971392946585E+00
  118.4000      0.969321328513E+00
  118.5000      0.967788261426E+00
  118.6000      0.967502412689E+00
  118.7000      0.967887256826E+00
  118.8000      0.967863946841E+00
  118.9000      0.967020301411E+00
  119.0000      0.965916831216E+00
  119.1000      0.965209937288E+00
  119.2000      0.964844026396E+00
  119.3000      0.964334195953E+00
  119.4000      0.963506885579E+00
  119.5000      0.962713830378E+00
  119.6000      0.962300406773E+00
  119.7000      0.961946498300E+00
  119.8000      0.960909413288E+00
  119.9000      0.959038460480E+00
  120.0000      0.957143415103E+00
  120.1000      0.956176370276E+00
  120.2000      0.956143042943E+00
  120.3000      0.955916489374E+00
  120.4000      0.954386132437E+00
  120.5000      0.951796551173E+00
  120.6000      0.949584376696E+00
  120.7000      0.948870268305E+00
  120.8000      0.949299523506E+00
  120.9000      0.949379028963E+00
  121.0000      0.948038991387E+00
  121.1000      0.945792114203E+00
  121.2000      0.944108815736E+00
  121.3000      0.943816715387E+00
  121.4000      0.944346977603E+00
  121.5000      0.944423116263E+00
  121.6000      0.943405940010E+00
  121.7000      0.941876572922E+00
  121.8000      0.940803135016E+00
  121.9000      0.940442865307E+00
  122.0000      0.940271419336E+00
  122.1000      0.939714928512E+00
  122.2000      0.938771984529E+00
  122.3000      0.937878789179E+00
  122.4000      0.937190002026E+00
  122.5000      0.936347605691E+00
  122.6000      0.935088348094E+00
  122.7000      0.933714329341E+00
  122.8000      0.932798065718E+00
  122.9000      0.932470472913E+00
  123.0000      0.932071101978E+00
  123.1000      0.930798169265E+00
  123.2000      0.928742588730E+00
  123.3000      0.926917926191E+00
  123.4000      0.926206597485E+00
  123.5000      0.926401206372E+00
  123.6000      0.926313434144E+00
  123.7000      0.925001228500E+00
  123.8000      0.922858295218E+00
  123.9000      0.921207530631E+00
  124.0000      0.920898740864E+00
  124.1000      0.921475658155E+00
  124.2000      0.921652668092E+00
  124.3000      0.920649657690E+00
  124.4000      0.918999827337E+00
  124.5000      0.917870878264E+00
  124.6000      0.917797377074E+00
  124.7000      0.918250710108E+00
  124.8000      0.918270817895E+00
  124.9000      0.917459919196E+00
  125.0000      0.916312561281E+00
  125.1000      0.915503302617E+00
  125.2000      0.915131934806E+00
  125.3000      0.914801694304E+00
  125.4000      0.914163962715E+00
  125.5000      0.913286778357E+00
  125.6000      0.912488209484E+00
  125.7000      0.911809081352E+00
  125.8000      0.910940583060E+00
  125.9000      0.909745715071E+00
  126.0000      0.908534714712E+00
  126.1000      0.907753568630E+00
  126.2000      0.907453421980E+00
  126.3000      0.907080928904E+00
  126.4000      0.906034691558E+00
  126.5000      0.904448691121E+00
  126.6000      0.903125240510E+00
  126.7000      0.902695437649E+00
  126.8000      0.902939856835E+00
  126.9000      0.902914316941E+00
  127.0000      0.901910004320E+00
  127.1000      0.900273522235E+00
  127.2000      0.899034878637E+00
  127.3000      0.898816864685E+00
  127.4000      0.899225549865E+00
  127.5000      0.899226399222E+00
  127.6000      0.898203497557E+00
  127.7000      0.896617845356E+00
  127.8000      0.895449507684E+00
  127.9000      0.895160356858E+00
  128.0000      0.895317374753E+00
  128.1000      0.895075253527E+00
  128.2000      0.894049449734E+00
  128.3000      0.892690218646E+00
  128.4000      0.891692734115E+00
  128.5000      0.891260628469E+00
  128.6000      0.891040314585E+00
  128.7000      0.890558762906E+00
  128.8000      0.889713874296E+00
  128.9000      0.888830585784E+00
  129.0000      0.888178307557E+00
  129.1000      0.887674969599E+00
  129.2000      0.887126197292E+00
  129.3000      0.886500202161E+00
  129.4000      0.885956057127E+00
  129.5000      0.885623576456E+00
  129.6000      0.885320872021E+00
  129.7000      0.884721297639E+00
  129.8000      0.883827999802E+00
  129.9000      0.883022303872E+00
  130.0000      0.882660806334E+00
  130.1000      0.882670334518E+00
  130.2000      0.882500249004E+00
  130.3000      0.881675294170E+00
  130.4000      0.880398792222E+00
  130.5000      0.879366898370E+00
  130.6000      0.879048031804E+00
  130.7000      0.879206446124E+00
  130.8000      0.879069477268E+00
  130.9000      0.878121906735E+00
  131.0000      0.876720094159E+00
  131.1000      0.875713021493E+00
  131.2000      0.875567531586E+00
  131.3000      0.875934596373E+00
  131.4000      0.875971874159E+00
  131.5000      0.875205922947E+00
  131.6000      0.874052761341E+00
  131.7000      0.873322385979E+00
  131.8000      0.873368810844E+00
  131.9000      0.873794530555E+00
  132.0000      0.873844476738E+00
  132.1000      0.873165397260E+00
  132.2000      0.872154831211E+00
  132.3000      0.871440418478E+00
  132.4000      0.871213739415E+00
  132.5000      0.871133268901E+00
  132.6000      0.870695589610E+00
  132.7000      0.869748871990E+00
  132.8000      0.868625443881E+00
  132.9000      0.867683711721E+00
  133.0000      0.866941801565E+00
  133.1000      0.866200257914E+00
  133.2000      0.865304929615E+00
  133.3000      0.864322157274E+00
  133.4000      0.863451143530E+00
  133.5000      0.862704064813E+00
  133.6000      0.861902730651E+00
  133.7000      0.861006853502E+00
  133.8000      0.860207220205E+00
  133.9000      0.859734203442E+00
  134.0000      0.859586690906E+00
  134.1000      0.859402235358E+00
  134.2000      0.858817449772E+00
  134.3000      0.857952492522E+00
  134.4000      0.857302430634E+00
  134.5000      0.857212989650E+00
  134.6000      0.857491044058E+00
  134.7000      0.857479308515E+00
  134.8000      0.856715406337E+00
  134.9000      0.855494692326E+00
  135.0000      0.854560991301E+00
  135.1000      0.854337846744E+00
  135.2000      0.854500972522E+00
  135.3000      0.854233455863E+00
  135.4000      0.853069014635E+00
  135.5000      0.851446611689E+00
  135.6000      0.850239157826E+00
  135.7000      0.849869723637E+00
  135.8000      0.849930752101E+00
  135.9000      0.849566760146E+00
  136.0000      0.848363057999E+00
  136.1000      0.846813642662E+00
  136.2000      0.845755546723E+00
  136.3000      0.845517100261E+00
  136.4000      0.845659371351E+00
  136.5000      0.845413165651E+00
  136.6000      0.844468696794E+00
  136.7000      0.843291307908E+00
  136.8000      0.842541776594E+00
  136.9000      0.842397778239E+00
  137.0000      0.842473491112E+00
  137.1000      0.842226505996E+00
  137.2000      0.841513778943E+00
  137.3000      0.840708303903E+00
  137.4000      0.840188863516E+00
  137.5000      0.839955648049E+00
  137.6000      0.839760017399E+00
  137.7000      0.839396878311E+00
  137.8000      0.838920400669E+00
  137.9000      0.838543644985E+00
  138.0000      0.838278649333E+00
  138.1000      0.837932472889E+00
  138.2000      0.837448562271E+00
  138.3000      0.837010502791E+00
  138.4000      0.836857490193E+00
  138.5000      0.836985118129E+00
  138.6000      0.837001732957E+00
  138.7000      0.836536573645E+00
  138.8000      0.835756569619E+00
  138.9000      0.835229539591E+00
  139.0000      0.835341452002E+00
  139.1000      0.835853033969E+00
  139.2000      0.836007409980E+00
  139.3000      0.835313006497E+00
  139.4000      0.834164387386E+00
  139.5000      0.833449469811E+00
  139.6000      0.833640762098E+00
  139.7000      0.834291839899E+00
  139.8000      0.834388739686E+00
  139.9000      0.833401292015E+00
  140.0000      0.831913995697E+00
  140.1000      0.831007811340E+00
  140.2000      0.831161453563E+00
  140.3000      0.831786307889E+00
  140.4000      0.831767393894E+00
  140.5000      0.830622143562E+00
  140.6000      0.829042417914E+00
  140.7000      0.828126794600E+00
  140.8000      0.828270742390E+00
  140.9000      0.828833891294E+00
  141.0000      0.828775542262E+00
  141.1000      0.827732554833E+00
  141.2000      0.826388723168E+00
  141.3000      0.825668371573E+00
  141.4000      0.825805469440E+00
  141.5000      0.826213765692E+00
  141.6000      0.826096777899E+00
  141.7000      0.825263929759E+00
  141.8000      0.824275105210E+00
  141.9000      0.823720719398E+00
  142.0000      0.823634594121E+00
  142.1000      0.823600003511E+00
  142.2000      0.823211069477E+00
  142.3000      0.822486339197E+00
  142.4000      0.821774967423E+00
  142.5000      0.821237215008E+00
  142.6000      0.820710751861E+00
  142.7000      0.820044982134E+00
  142.8000      0.819311673215E+00
  142.9000      0.818738437930E+00
  143.0000      0.818400808119E+00
  143.1000      0.817986456081E+00
  143.2000      0.817155936829E+00
  143.3000      0.816064113548E+00
  143.4000      0.815257118855E+00
  143.5000      0.815121506802E+00
  143.6000      0.815418753625E+00
  143.7000      0.815375204103E+00
  143.8000      0.814507354073E+00
  143.9000      0.813263047927E+00
  144.0000      0.812588028020E+00
  144.1000      0.812957603900E+00
  144.2000      0.813833288531E+00
  144.3000      0.814072589238E+00
  144.4000      0.813119684569E+00
  144.5000      0.811678855363E+00
  144.6000      0.810981006408E+00
  144.7000      0.811527474775E+00
  144.8000      0.812560394420E+00
  144.9000      0.812735802258E+00
  145.0000      0.811521294169E+00
  145.1000      0.809806909508E+00
  145.2000      0.808949951454E+00
  145.3000      0.809408838564E+00
  145.4000      0.810316508357E+00
  145.5000      0.810315141833E+00
  145.6000      0.808968037937E+00
  145.7000      0.807226672475E+00
  145.8000      0.806373949371E+00
  145.9000      0.806746964038E+00
  146.0000      0.807483201628E+00
  146.1000      0.807385428433E+00
  146.2000      0.806155032037E+00
  146.3000      0.804663371464E+00
  146.4000      0.803933407986E+00
  146.5000      0.804133155243E+00
  146.6000      0.804530464362E+00
  146.7000      0.804249383447E+00
  146.8000      0.803163895295E+00
  146.9000      0.801954996973E+00
  147.0000      0.801261787896E+00
  147.1000      0.801079968526E+00
  147.2000      0.800925873225E+00
  147.3000      0.800363773940E+00
  147.4000      0.799452926381E+00
  147.5000      0.798602392647E+00
  147.6000      0.797994167891E+00
  147.7000      0.797462218897E+00
  147.8000      0.796840455823E+00
  147.9000      0.796176939667E+00
  148.0000      0.795689500427E+00
  148.1000      0.795454356576E+00
  148.2000      0.795165659362E+00
  148.3000      0.794511243921E+00
  148.4000      0.793661297163E+00
  148.5000      0.793127561740E+00
  148.6000      0.793241333047E+00
  148.7000      0.793727110350E+00
  148.8000      0.793820528441E+00
  148.9000      0.793101547005E+00
  149.0000      0.792068148633E+00
  149.1000      0.791639408036E+00
  149.2000      0.792219401342E+00
  149.3000      0.793214362397E+00
  149.4000      0.793489658971E+00
  149.5000      0.792574565189E+00
  149.6000      0.791259753413E+00
  149.7000      0.790780954401E+00
  149.8000      0.791572421882E+00
  149.9000      0.792788021431E+00
  150.0000      0.793042730283E+00
  150.1000      0.791869208671E+00
  150.2000      0.790279393774E+00
  150.3000      0.789698415093E+00
  150.4000      0.790540381681E+00
  150.5000      0.791790896175E+00
  150.6000      0.791950274324E+00
  150.7000      0.790600248770E+00
  150.8000      0.788876497843E+00
  150.9000      0.788247770056E+00
  151.0000      0.789062337334E+00
  151.1000      0.790239759482E+00
  151.2000      0.790311233629E+00
  151.3000      0.788946014528E+00
  151.4000      0.787294135881E+00
  151.5000      0.786722181786E+00
  151.6000      0.787478334545E+00
  151.7000      0.788524634039E+00
  151.8000      0.788558638342E+00
  151.9000      0.787358779718E+00
  152.0000      0.785976218479E+00
  152.1000      0.785543320391E+00
  152.2000      0.786186657173E+00
  152.3000      0.787010478513E+00
  152.4000      0.786988167869E+00
  152.5000      0.786013828351E+00
  152.6000      0.784943179382E+00
  152.7000      0.784578728630E+00
  152.8000      0.784925792929E+00
  152.9000      0.785319099841E+00
  153.0000      0.785091468007E+00
  153.1000      0.784255861375E+00
  153.2000      0.783409288170E+00
  153.3000      0.782973249716E+00
  153.4000      0.782849367250E+00
  153.5000      0.782669820461E+00
  153.6000      0.782177449490E+00
  153.7000      0.781497934428E+00
  153.8000      0.780927839166E+00
  153.9000      0.780481935352E+00
  154.0000      0.779972911781E+00
  154.1000      0.779361537908E+00
  154.2000      0.778808454115E+00
  154.3000      0.778526580711E+00
  154.4000      0.778480268659E+00
  154.5000      0.778268444055E+00
  154.6000      0.777625177340E+00
  154.7000      0.776840202919E+00
  154.8000      0.776465382204E+00
  154.9000      0.776766439597E+00
  155.0000      0.777367018807E+00
  155.1000      0.777473959702E+00
  155.2000      0.776765491868E+00
  155.3000      0.775845755616E+00
  155.4000      0.775612588532E+00
  155.5000      0.776357627503E+00
  155.6000      0.777393346955E+00
  155.7000      0.777599898402E+00
  155.8000      0.776637265079E+00
  155.9000      0.775394926610E+00
  156.0000      0.775054486146E+00
  156.1000      0.775913611181E+00
  156.2000      0.777032018718E+00
  156.3000      0.777052526415E+00
  156.4000      0.775652020626E+00
  156.5000      0.773953284460E+00
  156.6000      0.773340379877E+00
  156.7000      0.774097413461E+00
  156.8000      0.775101396169E+00
  156.9000      0.774850871727E+00
  157.0000      0.773062502174E+00
  157.1000      0.771022170124E+00
  157.2000      0.770225403423E+00
  157.3000      0.770924264528E+00
  157.4000      0.771884865031E+00
  157.5000      0.771548015516E+00
  157.6000      0.769680762984E+00
  157.7000      0.767653258546E+00
  157.8000      0.766980415930E+00
  157.9000      0.767863893109E+00
  158.0000      0.769023502190E+00
  158.1000      0.768914351800E+00
  158.2000      0.767351807245E+00
  158.3000      0.765708474111E+00
  158.4000      0.765430768107E+00
  158.5000      0.766652940048E+00
  158.6000      0.768105858062E+00
  158.7000      0.768320960043E+00
  158.8000      0.767158887374E+00
  158.9000      0.765926021693E+00
  159.0000      0.765932634763E+00
  159.1000      0.767244575044E+00
  159.2000      0.768669307398E+00
  159.3000      0.768884193439E+00
  159.4000      0.767808178210E+00
  159.5000      0.766637950468E+00
  159.6000      0.766505859130E+00
  159.7000      0.767425993959E+00
  159.8000      0.768355835150E+00
  159.9000      0.768191550649E+00
  160.0000      0.766927360572E+00
  160.1000      0.765611694718E+00
  160.2000      0.765158953286E+00
  160.3000      0.765541966814E+00
  160.4000      0.765925680496E+00
  160.5000      0.765474837377E+00
  160.6000      0.764252013261E+00
  160.7000      0.763099656837E+00
  160.8000      0.762658931576E+00
  160.9000      0.762853123975E+00
  161.0000      0.763083802319E+00
  161.1000      0.762800997444E+00
  161.2000      0.762104964599E+00
  161.3000      0.761569567215E+00
  161.4000      0.761514910263E+00
  161.5000      0.761809445225E+00
  161.6000      0.762111159276E+00
  161.7000      0.762162462675E+00
  161.8000      0.762080841460E+00
  161.9000      0.762144021320E+00
  162.0000      0.762345527588E+00
  162.1000      0.762521098135E+00
  162.2000      0.762614063848E+00
  162.3000      0.762674555009E+00
  162.4000      0.762841150685E+00
  162.5000      0.763104949443E+00
  162.6000      0.763157534986E+00
  162.7000      0.762832691066E+00
  162.8000      0.762379267150E+00
  162.9000      0.762159709103E+00
  163.0000      0.762333984589E+00
  163.1000      0.762615116540E+00
  163.2000      0.762408818883E+00
  163.3000      0.761557308633E+00
  163.4000      0.760607609279E+00
  163.5000      0.760212470373E+00
  163.6000      0.760533255010E+00
  163.7000      0.760999929095E+00
  163.8000      0.760737986513E+00
  163.9000      0.759596299235E+00
  164.0000      0.758397291939E+00
  164.1000      0.758048557320E+00
  164.2000      0.758690222670E+00
  164.3000      0.759475492529E+00
  164.4000      0.759272553788E+00
  164.5000      0.757946290174E+00
  164.6000      0.756573584144E+00
  164.7000      0.756283925927E+00
  164.8000      0.757188509010E+00
  164.9000      0.758196150336E+00
  165.0000      0.757963719614E+00
  165.1000      0.756390002640E+00
  165.2000      0.754782780655E+00
  165.3000      0.754459826337E+00
  165.4000      0.755503683925E+00
  165.5000      0.756620797817E+00
  165.6000      0.756303236509E+00
  165.7000      0.754492016838E+00
  165.8000      0.752691536356E+00
  165.9000      0.752369209065E+00
  166.0000      0.753576654581E+00
  166.1000      0.754852197238E+00
  166.2000      0.754555968611E+00
  166.3000      0.752668050824E+00
  166.4000      0.750852354902E+00
  166.5000      0.750689738310E+00
  166.6000      0.752197142295E+00
  166.7000      0.753769925113E+00
  166.8000      0.753659009037E+00
  166.9000      0.751878412346E+00
  167.0000      0.750221523083E+00
  167.1000      0.750354186172E+00
  167.2000      0.752255391613E+00
  167.3000      0.754196677446E+00
  167.4000      0.754337725505E+00
  167.5000      0.752723386429E+00
  167.6000      0.751252687790E+00
  167.7000      0.751651822494E+00
  167.8000      0.753857731500E+00
  167.9000      0.756035726557E+00
  168.0000      0.756274474779E+00
  168.1000      0.754652109537E+00
  168.2000      0.753153986227E+00
  168.3000      0.753544326313E+00
  168.4000      0.755718747797E+00
  168.5000      0.757765518370E+00
  168.6000      0.757737892793E+00
  168.7000      0.755760892385E+00
  168.8000      0.753890157498E+00
  168.9000      0.753907265926E+00
  169.0000      0.755676437619E+00
  169.1000      0.757254377943E+00
  169.2000      0.756706798864E+00
  169.3000      0.754218339931E+00
  169.4000      0.751888318388E+00
  169.5000      0.751486219528E+00
  169.6000      0.752852493332E+00
  169.7000      0.754053478546E+00
  169.8000      0.753199353115E+00
  169.9000      0.750523167784E+00
  170.0000      0.748121797875E+00
  170.1000      0.747712837749E+00
  170.2000      0.749109332387E+00
  170.3000      0.750404772426E+00
  170.4000      0.749755291680E+00
  170.5000      0.747413489983E+00
  170.6000      0.745432483427E+00
  170.7000      0.745451462974E+00
  170.8000      0.747252704853E+00
  170.9000      0.748958828211E+00
  171.0000      0.748762783925E+00
  171.1000      0.746921856408E+00
  171.2000      0.745436751004E+00
  171.3000      0.745869419608E+00
  171.4000      0.747978462733E+00
  171.5000      0.749921919767E+00
  171.6000      0.749935986154E+00
  171.7000      0.748295508623E+00
  171.8000      0.746964320328E+00
  171.9000      0.747439280862E+00
  172.0000      0.749469021331E+00
  172.1000      0.751267032162E+00
  172.2000      0.751135965341E+00
  172.3000      0.749385938905E+00
  172.4000      0.747946074670E+00
  172.5000      0.748241099548E+00
  172.6000      0.750014055210E+00
  172.7000      0.751551603975E+00
  172.8000      0.751234614973E+00
  172.9000      0.749399873229E+00
  173.0000      0.747914766527E+00
  173.1000      0.748107260234E+00
  173.2000      0.749712324815E+00
  173.3000      0.751097186329E+00
  173.4000      0.750714725894E+00
  173.5000      0.748909557095E+00
  173.6000      0.747470466947E+00
  173.7000      0.747625669043E+00
  173.8000      0.749111975797E+00
  173.9000      0.750379036809E+00
  174.0000      0.749938570824E+00
  174.1000      0.748138645934E+00
  174.2000      0.746705418619E+00
  174.3000      0.746789821362E+00
  174.4000      0.748142181374E+00
  174.5000      0.749282692493E+00
  174.6000      0.748761639143E+00
  174.7000      0.746936842996E+00
  174.8000      0.745501494447E+00
  174.9000      0.745550380747E+00
  175.0000      0.746846332648E+00
  175.1000      0.747957641586E+00
  175.2000      0.747450297004E+00
  175.3000      0.745698327648E+00
  175.4000      0.744381995893E+00
  175.5000      0.744542162854E+00
  175.6000      0.745942460899E+00
  175.7000      0.747179373189E+00
  175.8000      0.746815702405E+00
  175.9000      0.745244731602E+00
  176.0000      0.744139979347E+00
  176.1000      0.744476957267E+00
  176.2000      0.746014164517E+00
  176.3000      0.747375648477E+00
  176.4000      0.747115268503E+00
  176.5000      0.745653841728E+00
  176.6000      0.744664055253E+00
  176.7000      0.745046470894E+00
  176.8000      0.746566909028E+00
  176.9000      0.747895952830E+00
  177.0000      0.747574267885E+00
  177.1000      0.746059170978E+00
  177.2000      0.745035747270E+00
  177.3000      0.745327625382E+00
  177.4000      0.746732988865E+00
  177.5000      0.747979316731E+00
  177.6000      0.747550927828E+00
  177.7000      0.745940195358E+00
  177.8000      0.744884785457E+00
  177.9000      0.745148894889E+00
  178.0000      0.746592392761E+00
  178.1000      0.747964012538E+00
  178.2000      0.747561184213E+00
  178.3000      0.745910665707E+00
  178.4000      0.744921599080E+00
  178.5000      0.745349673730E+00
  178.6000      0.747151134593E+00
  178.7000      0.748993184561E+00
  178.8000      0.748702801925E+00
  178.9000      0.746873317603E+00
  179.0000      0.745874439196E+00
  179.1000      0.746519537426E+00
  179.2000      0.748960080218E+00
  179.3000      0.751654625086E+00
  179.4000      0.751215709011E+00
  179.5000      0.748364437942E+00
  179.6000      0.746813850772E+00
  179.7000      0.747371649211E+00
  179.8000      0.751484813056E+00
  179.9000      0.759997172949E+00
  180.0000      0.765057448147E+00
