    0.1000      0.959143117850E+06
    0.2000      0.387311005043E+06
    0.3000      0.951760021815E+05
    0.4000      0.284994323991E+05
    0.5000      0.189846246778E+05
    0.6000      0.152851550366E+05
    0.7000      0.866836316220E+04
    0.8000      0.508438631552E+04
    0.9000      0.450229603191E+04
    1.0000      0.365040169169E+04
    1.1000      0.285692800099E+04
    1.2000      0.210502946056E+04
    1.3000      0.180935360703E+04
    1.4000      0.166370926818E+04
    1.5000      0.121379099404E+04
    1.6000      0.101995480594E+04
    1.7000      0.954407972996E+03
    1.8000      0.833857556763E+03
    1.9000      0.747866682140E+03
    2.0000      0.662726825534E+03
    2.1000      0.622083998287E+03
    2.2000      0.557974611168E+03
    2.3000      0.487051823774E+03
    2.4000      0.470735929665E+03
    2.5000      0.427692527684E+03
    2.6000      0.382214447131E+03
    2.7000      0.358668394248E+03
    2.8000      0.342169223054E+03
    2.9000      0.331541466183E+03
    3.0000      0.299032797000E+03
    3.1000      0.278455233978E+03
    3.2000      0.273507817634E+03
    3.3000      0.250327963843E+03
    3.4000      0.233961038654E+03
    3.5000      0.223948240031E+03
    3.6000      0.213585517404E+03
    3.7000      0.207665374642E+03
    3.8000      0.195824470998E+03
    3.9000      0.187943810125E+03
    4.0000      0.180758239400E+03
    4.1000      0.168262154794E+03
    4.2000      0.162879841661E+03
    4.3000      0.158547479845E+03
    4.4000      0.151599394368E+03
    4.5000      0.146027004301E+03
    4.6000      0.140542425354E+03
    4.7000      0.136392038099E+03
    4.8000      0.131317204471E+03
    4.9000      0.126378495830E+03
    5.0000      0.122805820736E+03
    5.1000      0.118299783227E+03
    5.2000      0.114568300763E+03
    5.3000      0.110783022793E+03
    5.4000      0.107559927595E+03
    5.5000      0.105369767142E+03
    5.6000      0.101668118633E+03
    5.7000      0.991684013090E+02
    5.8000      0.966544607826E+02
    5.9000      0.925546951902E+02
    6.0000      0.902750869167E+02
    6.1000      0.879935954057E+02
    6.2000      0.855620151196E+02
    6.3000      0.843089801638E+02
    6.4000      0.817698794166E+02
    6.5000      0.793815346462E+02
    6.6000      0.775682548070E+02
    6.7000      0.749276133043E+02
    6.8000      0.731485173394E+02
    6.9000      0.717235300205E+02
    7.0000      0.696569274010E+02
    7.1000      0.680136961376E+02
    7.2000      0.663910348482E+02
    7.3000      0.645843721049E+02
    7.4000      0.631399659165E+02
    7.5000      0.618003325388E+02
    7.6000      0.602307897458E+02
    7.7000      0.587486352264E+02
    7.8000      0.573005384879E+02
    7.9000      0.556586294062E+02
    8.0000      0.544125645480E+02
    8.1000      0.534359044429E+02
    8.2000      0.521189133958E+02
    8.3000      0.510568910165E+02
    8.4000      0.499502521062E+02
    8.5000      0.485213947455E+02
    8.6000      0.475964629345E+02
    8.7000      0.467451785972E+02
    8.8000      0.456576776852E+02
    8.9000      0.448828174364E+02
    9.0000      0.438377042351E+02
    9.1000      0.426281792413E+02
    9.2000      0.419044064247E+02
    9.3000      0.411610658515E+02
    9.4000      0.404174380943E+02
    9.5000      0.399810295771E+02
    9.6000      0.391837050948E+02
    9.7000      0.382376417288E+02
    9.8000      0.376217094157E+02
    9.9000      0.368860592760E+02
   10.0000      0.362538949438E+02
   10.1000      0.359305395871E+02
   10.2000      0.352403271996E+02
   10.3000      0.345244511847E+02
   10.4000      0.340509868824E+02
   10.5000      0.333958011892E+02
   10.6000      0.329838822636E+02
   10.7000      0.327915169711E+02
   10.8000      0.322313005998E+02
   10.9000      0.317065699094E+02
   11.0000      0.312030455935E+02
   11.1000      0.305094765265E+02
   11.2000      0.300989713103E+02
   11.3000      0.298329393211E+02
   11.4000      0.293799497846E+02
   11.5000      0.290085848499E+02
   11.6000      0.286012692566E+02
   11.7000      0.280600411917E+02
   11.8000      0.277003011685E+02
   11.9000      0.274442678529E+02
   12.0000      0.270212205860E+02
   12.1000      0.266212885741E+02
   12.2000      0.262025132352E+02
   12.3000      0.256197364324E+02
   12.4000      0.252293627585E+02
   12.5000      0.250012171520E+02
   12.6000      0.246130810134E+02
   12.7000      0.243397293435E+02
   12.8000      0.240255673577E+02
   12.9000      0.234843344824E+02
   13.0000      0.231635709366E+02
   13.1000      0.228950991150E+02
   13.2000      0.224822791907E+02
   13.3000      0.222565899300E+02
   13.4000      0.219051430612E+02
   13.5000      0.213987022729E+02
   13.6000      0.211174630982E+02
   13.7000      0.208134267952E+02
   13.8000      0.204906747809E+02
   13.9000      0.203540109364E+02
   14.0000      0.200885723297E+02
   14.1000      0.197505827587E+02
   14.2000      0.195284781716E+02
   14.3000      0.192429574968E+02
   14.4000      0.189310833677E+02
   14.5000      0.187200957461E+02
   14.6000      0.184545903342E+02
   14.7000      0.181608483529E+02
   14.8000      0.179893639821E+02
   14.9000      0.178220377797E+02
   15.0000      0.175889585984E+02
   15.1000      0.174392518491E+02
   15.2000      0.172367314117E+02
   15.3000      0.169638285480E+02
   15.4000      0.168556606402E+02
   15.5000      0.167459981540E+02
   15.6000      0.165481811485E+02
   15.7000      0.164480236573E+02
   15.8000      0.162215796233E+02
   15.9000      0.159173495461E+02
   16.0000      0.158113022761E+02
   16.1000      0.156952012043E+02
   16.2000      0.155688902457E+02
   16.3000      0.155551922397E+02
   16.4000      0.153740400128E+02
   16.5000      0.151242752890E+02
   16.6000      0.149996502215E+02
   16.7000      0.148367149747E+02
   16.8000      0.147125413886E+02
   16.9000      0.146867700693E+02
   17.0000      0.145287998754E+02
   17.1000      0.143167558644E+02
   17.2000      0.141686489529E+02
   17.3000      0.139829809236E+02
   17.4000      0.138265863304E+02
   17.5000      0.137681352727E+02
   17.6000      0.136407932486E+02
   17.7000      0.134700513417E+02
   17.8000      0.133622422792E+02
   17.9000      0.132097754081E+02
   18.0000      0.130292130939E+02
   18.1000      0.129294521083E+02
   18.2000      0.127685577107E+02
   18.3000      0.125739538630E+02
   18.4000      0.124799043820E+02
   18.5000      0.123484980664E+02
   18.6000      0.121786689851E+02
   18.7000      0.120793277347E+02
   18.8000      0.118984724879E+02
   18.9000      0.116951032937E+02
   19.0000      0.116160243547E+02
   19.1000      0.115210775703E+02
   19.2000      0.114126338169E+02
   19.3000      0.113638588065E+02
   19.4000      0.112120059836E+02
   19.5000      0.110177622975E+02
   19.6000      0.109196368519E+02
   19.7000      0.108091490127E+02
   19.8000      0.107001008355E+02
   19.9000      0.106588135881E+02
   20.0000      0.105355109570E+02
   20.1000      0.103691177424E+02
   20.2000      0.102879069730E+02
   20.3000      0.101997768287E+02
   20.4000      0.101125630578E+02
   20.5000      0.101047611030E+02
   20.6000      0.100399234618E+02
   20.7000      0.993395419985E+01
   20.8000      0.990100824839E+01
   20.9000      0.983994395357E+01
   21.0000      0.974564056456E+01
   21.1000      0.970845129577E+01
   21.2000      0.961882717945E+01
   21.3000      0.950210915287E+01
   21.4000      0.947197243799E+01
   21.5000      0.943050864329E+01
   21.6000      0.935843660915E+01
   21.7000      0.933315078661E+01
   21.8000      0.925888735078E+01
   21.9000      0.915746891941E+01
   22.0000      0.914223509000E+01
   22.1000      0.913080607509E+01
   22.2000      0.908138466589E+01
   22.3000      0.906142418637E+01
   22.4000      0.898901489461E+01
   22.5000      0.886405108019E+01
   22.6000      0.880662403732E+01
   22.7000      0.875985532370E+01
   22.8000      0.867079212911E+01
   22.9000      0.862400967463E+01
   23.0000      0.855588508988E+01
   23.1000      0.844256131532E+01
   23.2000      0.840158474749E+01
   23.3000      0.837436298283E+01
   23.4000      0.829278026268E+01
   23.5000      0.825003259219E+01
   23.6000      0.818705347252E+01
   23.7000      0.807325445905E+01
   23.8000      0.802616919775E+01
   23.9000      0.798407444182E+01
   24.0000      0.787694520899E+01
   24.1000      0.780139890824E+01
   24.2000      0.771245782508E+01
   24.3000      0.758679803066E+01
   24.4000      0.753507624604E+01
   24.5000      0.750495976126E+01
   24.6000      0.742363200666E+01
   24.7000      0.737122640445E+01
   24.8000      0.731899482276E+01
   24.9000      0.723440441908E+01
   25.0000      0.720147338660E+01
   25.1000      0.718681429055E+01
   25.2000      0.711329284816E+01
   25.3000      0.704729831819E+01
   25.4000      0.698926101561E+01
   25.5000      0.689854366447E+01
   25.6000      0.684558509889E+01
   25.7000      0.682552294040E+01
   25.8000      0.675657390547E+01
   25.9000      0.670155018939E+01
   26.0000      0.668371308310E+01
   26.1000      0.664264676846E+01
   26.2000      0.663174667777E+01
   26.3000      0.665451948212E+01
   26.4000      0.661245625498E+01
   26.5000      0.656512067501E+01
   26.6000      0.655519859665E+01
   26.7000      0.651431625640E+01
   26.8000      0.648769885934E+01
   26.9000      0.649276833851E+01
   27.0000      0.643424819833E+01
   27.1000      0.636844110845E+01
   27.2000      0.635171771003E+01
   27.3000      0.631894508356E+01
   27.4000      0.630092161323E+01
   27.5000      0.632277320253E+01
   27.6000      0.629721312116E+01
   27.7000      0.626030822878E+01
   27.8000      0.626534325721E+01
   27.9000      0.624750041120E+01
   28.0000      0.621696569300E+01
   28.1000      0.620917695821E+01
   28.2000      0.615492914504E+01
   28.3000      0.608116774916E+01
   28.4000      0.605534936002E+01
   28.5000      0.602208714967E+01
   28.6000      0.597052300283E+01
   28.7000      0.594743907167E+01
   28.8000      0.589841781739E+01
   28.9000      0.583136256092E+01
   29.0000      0.581770199001E+01
   29.1000      0.580686878547E+01
   29.2000      0.576312264488E+01
   29.3000      0.573757887313E+01
   29.4000      0.569210516073E+01
   29.5000      0.561669485510E+01
   29.6000      0.558033539441E+01
   29.7000      0.554826530969E+01
   29.8000      0.547764595261E+01
   29.9000      0.542556667926E+01
   30.0000      0.537500389728E+01
   30.1000      0.530422692867E+01
   30.2000      0.527303215860E+01
   30.3000      0.525693124201E+01
   30.4000      0.520005759815E+01
   30.5000      0.515561746002E+01
   30.6000      0.512591662776E+01
   30.7000      0.507668622448E+01
   30.8000      0.505567690110E+01
   30.9000      0.505319633671E+01
   31.0000      0.500378361213E+01
   31.1000      0.495510133095E+01
   31.2000      0.493203550114E+01
   31.3000      0.489147363102E+01
   31.4000      0.486708541423E+01
   31.5000      0.486902082832E+01
   31.6000      0.483289357520E+01
   31.7000      0.479584583001E+01
   31.8000      0.479485847593E+01
   31.9000      0.477919118417E+01
   32.0000      0.476344291123E+01
   32.1000      0.476987042951E+01
   32.2000      0.474178778999E+01
   32.3000      0.470731738531E+01
   32.4000      0.471336528586E+01
   32.5000      0.471205046857E+01
   32.6000      0.470132282470E+01
   32.7000      0.471047127374E+01
   32.8000      0.469306551205E+01
   32.9000      0.466282059551E+01
   33.0000      0.467024565831E+01
   33.1000      0.467600255668E+01
   33.2000      0.466130962815E+01
   33.3000      0.466240749428E+01
   33.4000      0.465110210299E+01
   33.5000      0.462266743512E+01
   33.6000      0.462298431164E+01
   33.7000      0.462541427206E+01
   33.8000      0.459627649877E+01
   33.9000      0.457638051827E+01
   34.0000      0.456112790286E+01
   34.1000      0.453065918559E+01
   34.2000      0.452198436330E+01
   34.3000      0.452265438990E+01
   34.4000      0.448711111806E+01
   34.5000      0.445262467007E+01
   34.6000      0.443272436209E+01
   34.7000      0.439634115109E+01
   34.8000      0.437038494195E+01
   34.9000      0.435854456221E+01
   35.0000      0.431323682479E+01
   35.1000      0.426617006911E+01
   35.2000      0.424448982716E+01
   35.3000      0.421025794646E+01
   35.4000      0.417572907796E+01
   35.5000      0.415676030547E+01
   35.6000      0.411018093144E+01
   35.7000      0.405831024039E+01
   35.8000      0.403771724690E+01
   35.9000      0.401109978806E+01
   36.0000      0.397452582091E+01
   36.1000      0.395313888317E+01
   36.2000      0.391467227471E+01
   36.3000      0.386715335228E+01
   36.4000      0.384922483582E+01
   36.5000      0.383094047246E+01
   36.6000      0.379376366183E+01
   36.7000      0.376906091723E+01
   36.8000      0.374157684977E+01
   36.9000      0.370459278269E+01
   37.0000      0.369147652345E+01
   37.1000      0.368411227150E+01
   37.2000      0.365366676732E+01
   37.3000      0.363140534018E+01
   37.4000      0.361884801244E+01
   37.5000      0.359806461368E+01
   37.6000      0.359325176017E+01
   37.7000      0.360010619757E+01
   37.8000      0.358585054365E+01
   37.9000      0.357642551694E+01
   38.0000      0.358597220092E+01
   38.1000      0.358823564161E+01
   38.2000      0.359352921649E+01
   38.3000      0.360894741042E+01
   38.4000      0.360324753211E+01
   38.5000      0.359388736150E+01
   38.6000      0.360554958164E+01
   38.7000      0.361153762243E+01
   38.8000      0.360884696244E+01
   38.9000      0.361589896561E+01
   39.0000      0.361072398016E+01
   39.1000      0.359892223847E+01
   39.2000      0.360870184070E+01
   39.3000      0.361880478472E+01
   39.4000      0.361402473487E+01
   39.5000      0.361876706159E+01
   39.6000      0.362349997726E+01
   39.7000      0.362008976611E+01
   39.8000      0.363106722947E+01
   39.9000      0.364303027155E+01
   40.0000      0.363209322735E+01
   40.1000      0.362228219066E+01
   40.2000      0.361744982915E+01
   40.3000      0.360215800718E+01
   40.4000      0.359276179908E+01
   40.5000      0.358814389140E+01
   40.6000      0.356359035296E+01
   40.7000      0.353858871935E+01
   40.8000      0.352617148829E+01
   40.9000      0.350645129556E+01
   41.0000      0.348602258017E+01
   41.1000      0.347329483076E+01
   41.2000      0.344694676605E+01
   41.3000      0.341853027518E+01
   41.4000      0.340558461534E+01
   41.5000      0.338746385202E+01
   41.6000      0.335916134477E+01
   41.7000      0.333501879886E+01
   41.8000      0.330202928659E+01
   41.9000      0.326319518321E+01
   42.0000      0.323739278998E+01
   42.1000      0.321175614237E+01
   42.2000      0.317496722665E+01
   42.3000      0.314378639292E+01
   42.4000      0.311540598277E+01
   42.5000      0.308329221663E+01
   42.6000      0.305939627213E+01
   42.7000      0.303975400617E+01
   42.8000      0.301092892440E+01
   42.9000      0.298641691302E+01
   43.0000      0.297162608440E+01
   43.1000      0.295506342169E+01
   43.2000      0.293989895819E+01
   43.3000      0.292913323480E+01
   43.4000      0.291002282446E+01
   43.5000      0.289023533372E+01
   43.6000      0.288110781398E+01
   43.7000      0.287191137106E+01
   43.8000      0.285997932854E+01
   43.9000      0.285509074475E+01
   44.0000      0.284865788396E+01
   44.1000      0.284076657537E+01
   44.2000      0.284261952487E+01
   44.3000      0.284487270265E+01
   44.4000      0.283891699590E+01
   44.5000      0.283763689268E+01
   44.6000      0.283960717197E+01
   44.7000      0.284007368977E+01
   44.8000      0.284757035587E+01
   44.9000      0.285774821017E+01
   45.0000      0.285975270553E+01
   45.1000      0.286360140829E+01
   45.2000      0.287213296735E+01
   45.3000      0.287862742514E+01
   45.4000      0.288784880912E+01
   45.5000      0.290168534864E+01
   45.6000      0.291211201791E+01
   45.7000      0.292441374594E+01
   45.8000      0.294188022467E+01
   45.9000      0.295652488012E+01
   46.0000      0.296652081871E+01
   46.1000      0.297555247731E+01
   46.2000      0.297992153025E+01
   46.3000      0.298162962822E+01
   46.4000      0.298488647021E+01
   46.5000      0.298678719824E+01
   46.6000      0.298426449608E+01
   46.7000      0.298082541557E+01
   46.8000      0.297570874700E+01
   46.9000      0.296753580258E+01
   47.0000      0.295779991987E+01
   47.1000      0.294788840017E+01
   47.2000      0.293676762157E+01
   47.3000      0.292702955925E+01
   47.4000      0.291960350864E+01
   47.5000      0.291241602451E+01
   47.6000      0.290305510592E+01
   47.7000      0.289187271336E+01
   47.8000      0.287739948299E+01
   47.9000      0.285938042937E+01
   48.0000      0.283885475938E+01
   48.1000      0.281706852953E+01
   48.2000      0.279313710816E+01
   48.3000      0.276903751216E+01
   48.4000      0.274623650071E+01
   48.5000      0.272309518265E+01
   48.6000      0.269732142730E+01
   48.7000      0.267148864812E+01
   48.8000      0.264591814677E+01
   48.9000      0.262031604238E+01
   49.0000      0.259716708959E+01
   49.1000      0.257723485550E+01
   49.2000      0.255643730764E+01
   49.3000      0.253718786350E+01
   49.4000      0.252141543629E+01
   49.5000      0.250395475244E+01
   49.6000      0.248254623629E+01
   49.7000      0.246100489785E+01
   49.8000      0.243711510392E+01
   49.9000      0.241208695244E+01
   50.0000      0.239153327117E+01
   50.1000      0.237288852815E+01
   50.2000      0.235150674240E+01
   50.3000      0.233318380966E+01
   50.4000      0.231821784319E+01
   50.5000      0.230242649292E+01
   50.6000      0.228891380325E+01
   50.7000      0.227865362173E+01
   50.8000      0.226596752187E+01
   50.9000      0.225660749220E+01
   51.0000      0.225576885819E+01
   51.1000      0.225618651757E+01
   51.2000      0.225527906279E+01
   51.3000      0.225751783648E+01
   51.4000      0.225721755330E+01
   51.5000      0.225429137263E+01
   51.6000      0.225630319499E+01
   51.7000      0.225777969383E+01
   51.8000      0.225215675883E+01
   51.9000      0.224966667458E+01
   52.0000      0.225145430406E+01
   52.1000      0.225082796985E+01
   52.2000      0.225274869864E+01
   52.3000      0.225662470947E+01
   52.4000      0.225232447415E+01
   52.5000      0.224880964221E+01
   52.6000      0.225389211329E+01
   52.7000      0.225712261487E+01
   52.8000      0.225828739634E+01
   52.9000      0.226464097466E+01
   53.0000      0.226756079565E+01
   53.1000      0.226876625225E+01
   53.2000      0.227802466861E+01
   53.3000      0.228438746295E+01
   53.4000      0.228013775800E+01
   53.5000      0.227811153955E+01
   53.6000      0.227700840789E+01
   53.7000      0.227119509289E+01
   53.8000      0.226950093746E+01
   53.9000      0.226801482102E+01
   54.0000      0.225480975321E+01
   54.1000      0.224165573596E+01
   54.2000      0.223475118400E+01
   54.3000      0.222206269336E+01
   54.4000      0.220565723777E+01
   54.5000      0.219278795506E+01
   54.6000      0.217558095988E+01
   54.7000      0.215916240519E+01
   54.8000      0.215419121985E+01
   54.9000      0.214949403980E+01
   55.0000      0.213774458893E+01
   55.1000      0.213048588379E+01
   55.2000      0.212547840736E+01
   55.3000      0.211609489075E+01
   55.4000      0.210932566464E+01
   55.5000      0.210221428216E+01
   55.6000      0.208466518028E+01
   55.7000      0.206750480986E+01
   55.8000      0.205693818780E+01
   55.9000      0.204158224031E+01
   56.0000      0.202208998698E+01
   56.1000      0.200495952170E+01
   56.2000      0.198233040843E+01
   56.3000      0.195784457426E+01
   56.4000      0.194183940845E+01
   56.5000      0.192450027033E+01
   56.6000      0.189982891773E+01
   56.7000      0.188092974341E+01
   56.8000      0.186691950557E+01
   56.9000      0.185195889362E+01
   57.0000      0.184398286464E+01
   57.1000      0.183954817424E+01
   57.2000      0.182746361541E+01
   57.3000      0.181885198489E+01
   57.4000      0.181959048269E+01
   57.5000      0.181653232923E+01
   57.6000      0.180983448044E+01
   57.7000      0.180634367892E+01
   57.8000      0.179807022994E+01
   57.9000      0.178815192568E+01
   58.0000      0.178636774592E+01
   58.1000      0.178265452144E+01
   58.2000      0.177074616781E+01
   58.3000      0.176325862203E+01
   58.4000      0.175981285948E+01
   58.5000      0.175393162734E+01
   58.6000      0.175169241695E+01
   58.7000      0.175145508086E+01
   58.8000      0.174475104373E+01
   58.9000      0.174047035133E+01
   59.0000      0.174361925786E+01
   59.1000      0.174432205464E+01
   59.2000      0.174287609994E+01
   59.3000      0.174514268219E+01
   59.4000      0.174529307112E+01
   59.5000      0.174529142041E+01
   59.6000      0.175195196984E+01
   59.7000      0.175746293165E+01
   59.8000      0.175692678296E+01
   59.9000      0.175950077698E+01
   60.0000      0.176419277333E+01
   60.1000      0.176622381665E+01
   60.2000      0.177081895030E+01
   60.3000      0.177610294033E+01
   60.4000      0.177472232041E+01
   60.5000      0.177478741222E+01
   60.6000      0.178090661973E+01
   60.7000      0.178376057722E+01
   60.8000      0.178296956806E+01
   60.9000      0.178441186188E+01
   61.0000      0.178314055860E+01
   61.1000      0.178001483506E+01
   61.2000      0.178135045112E+01
   61.3000      0.178050584581E+01
   61.4000      0.177220403318E+01
   61.5000      0.176569909168E+01
   61.6000      0.176199383411E+01
   61.7000      0.175500644267E+01
   61.8000      0.174795659701E+01
   61.9000      0.174204351349E+01
   62.0000      0.173177841399E+01
   62.1000      0.172219668580E+01
   62.2000      0.171775260892E+01
   62.3000      0.171119292722E+01
   62.4000      0.170096293309E+01
   62.5000      0.169321191393E+01
   62.6000      0.168533912055E+01
   62.7000      0.167622936942E+01
   62.8000      0.167053965645E+01
   62.9000      0.166456140315E+01
   63.0000      0.165353403047E+01
   63.1000      0.164439864857E+01
   63.2000      0.163862605607E+01
   63.3000      0.163016984611E+01
   63.4000      0.162076371958E+01
   63.5000      0.161254504208E+01
   63.6000      0.160068605142E+01
   63.7000      0.158889166153E+01
   63.8000      0.158224567953E+01
   63.9000      0.157399158118E+01
   64.0000      0.156139662584E+01
   64.1000      0.155192054514E+01
   64.2000      0.154434005000E+01
   64.3000      0.153525038022E+01
   64.4000      0.152880499740E+01
   64.5000      0.152310654802E+01
   64.6000      0.151261313718E+01
   64.7000      0.150417211187E+01
   64.8000      0.150137887885E+01
   64.9000      0.149648657710E+01
   65.0000      0.148909561766E+01
   65.1000      0.148454723611E+01
   65.2000      0.147931463118E+01
   65.3000      0.147323615412E+01
   65.4000      0.147091184613E+01
   65.5000      0.146748634935E+01
   65.6000      0.145856780994E+01
   65.7000      0.145170569062E+01
   65.8000      0.144850259021E+01
   65.9000      0.144297712741E+01
   66.0000      0.143658563793E+01
   66.1000      0.143214299872E+01
   66.2000      0.142605658291E+01
   66.3000      0.142042852663E+01
   66.4000      0.141890885784E+01
   66.5000      0.141641008262E+01
   66.6000      0.141024055682E+01
   66.7000      0.140641484716E+01
   66.8000      0.140514362573E+01
   66.9000      0.140253073565E+01
   67.0000      0.140024826677E+01
   67.1000      0.139918484135E+01
   67.2000      0.139611094064E+01
   67.3000      0.139352134188E+01
   67.4000      0.139395698860E+01
   67.5000      0.139271173101E+01
   67.6000      0.138787008654E+01
   67.7000      0.138421049290E+01
   67.8000      0.138136282537E+01
   67.9000      0.137678024599E+01
   68.0000      0.137263549494E+01
   68.1000      0.136897268309E+01
   68.2000      0.136277186461E+01
   68.3000      0.135759631477E+01
   68.4000      0.135607092566E+01
   68.5000      0.135320859722E+01
   68.6000      0.134759229402E+01
   68.7000      0.134391226894E+01
   68.8000      0.134111469768E+01
   68.9000      0.133707059665E+01
   69.0000      0.133428414035E+01
   69.1000      0.133164536137E+01
   69.2000      0.132576339431E+01
   69.3000      0.132097094730E+01
   69.4000      0.131963164713E+01
   69.5000      0.131621942906E+01
   69.6000      0.130972007976E+01
   69.7000      0.130479581670E+01
   69.8000      0.130016547314E+01
   69.9000      0.129417043019E+01
   70.0000      0.128947206765E+01
   70.1000      0.128481053316E+01
   70.2000      0.127720441857E+01
   70.3000      0.127112284037E+01
   70.4000      0.126882985327E+01
   70.5000      0.126506859458E+01
   70.6000      0.125879324637E+01
   70.7000      0.125455439635E+01
   70.8000      0.125136330980E+01
   70.9000      0.124703274138E+01
   71.0000      0.124359413820E+01
   71.1000      0.124046528761E+01
   71.2000      0.123487136297E+01
   71.3000      0.123039357761E+01
   71.4000      0.122943042489E+01
   71.5000      0.122707208262E+01
   71.6000      0.122176718976E+01
   71.7000      0.121847677128E+01
   71.8000      0.121685168601E+01
   71.9000      0.121365723375E+01
   72.0000      0.121049376574E+01
   72.1000      0.120794912955E+01
   72.2000      0.120333356955E+01
   72.3000      0.119944055767E+01
   72.4000      0.119897503325E+01
   72.5000      0.119730054795E+01
   72.6000      0.119262512628E+01
   72.7000      0.119025827492E+01
   72.8000      0.119005151631E+01
   72.9000      0.118820066213E+01
   73.0000      0.118620664954E+01
   73.1000      0.118491773199E+01
   73.2000      0.118144298133E+01
   73.3000      0.117834557423E+01
   73.4000      0.117832407401E+01
   73.5000      0.117664186442E+01
   73.6000      0.117160975366E+01
   73.7000      0.116871046562E+01
   73.8000      0.116776900674E+01
   73.9000      0.116514501727E+01
   74.0000      0.116266057006E+01
   74.1000      0.116109536683E+01
   74.2000      0.115756005647E+01
   74.3000      0.115501511341E+01
   74.4000      0.115629525984E+01
   74.5000      0.115634564391E+01
   74.6000      0.115346678380E+01
   74.7000      0.115347344851E+01
   74.8000      0.115615831284E+01
   74.9000      0.115738874135E+01
   75.0000      0.115878989795E+01
   75.1000      0.116124904426E+01
   75.2000      0.116163025703E+01
   75.3000      0.116245194701E+01
   75.4000      0.116645086276E+01
   75.5000      0.116830258955E+01
   75.6000      0.116592300926E+01
   75.7000      0.116547030080E+01
   75.8000      0.116706776618E+01
   75.9000      0.116588583199E+01
   76.0000      0.116339123376E+01
   76.1000      0.116157373174E+01
   76.2000      0.115766699791E+01
   76.3000      0.115360205991E+01
   76.4000      0.115246178110E+01
   76.5000      0.114961502754E+01
   76.6000      0.114291786366E+01
   76.7000      0.113883724474E+01
   76.8000      0.113808074046E+01
   76.9000      0.113523604522E+01
   77.0000      0.113140504604E+01
   77.1000      0.112956550483E+01
   77.2000      0.112709605559E+01
   77.3000      0.112475010006E+01
   77.4000      0.112549677884E+01
   77.5000      0.112520151621E+01
   77.6000      0.112123783296E+01
   77.7000      0.111986268735E+01
   77.8000      0.112214001388E+01
   77.9000      0.112187311590E+01
   78.0000      0.111955106056E+01
   78.1000      0.111919515157E+01
   78.2000      0.111840461310E+01
   78.3000      0.111653580638E+01
   78.4000      0.111647222679E+01
   78.5000      0.111499735566E+01
   78.6000      0.110916191364E+01
   78.7000      0.110498711260E+01
   78.8000      0.110421652822E+01
   78.9000      0.110022491307E+01
   79.0000      0.109304151863E+01
   79.1000      0.108817433153E+01
   79.2000      0.108391856586E+01
   79.3000      0.107807808011E+01
   79.4000      0.107339406179E+01
   79.5000      0.106826281941E+01
   79.6000      0.105962187672E+01
   79.7000      0.105244501412E+01
   79.8000      0.104890445964E+01
   79.9000      0.104254578384E+01
   80.0000      0.103280731253E+01
   80.1000      0.102601472391E+01
   80.2000      0.102124496850E+01
   80.3000      0.101495234523E+01
   80.4000      0.100947272372E+01
   80.5000      0.100506975284E+01
   80.6000      0.998931975299E+00
   80.7000      0.994318360844E+00
   80.8000      0.993436123387E+00
   80.9000      0.990798907904E+00
   81.0000      0.985273574570E+00
   81.1000      0.982777762473E+00
   81.2000      0.982864208606E+00
   81.3000      0.981251460766E+00
   81.4000      0.979610994032E+00
   81.5000      0.979378413391E+00
   81.6000      0.978019979208E+00
   81.7000      0.977240039114E+00
   81.8000      0.979133269072E+00
   81.9000      0.979237088396E+00
   82.0000      0.975979876182E+00
   82.1000      0.974753961625E+00
   82.2000      0.975613646409E+00
   82.3000      0.973865465546E+00
   82.4000      0.970723671685E+00
   82.5000      0.968821807301E+00
   82.6000      0.966091958894E+00
   82.7000      0.963126738953E+00
   82.8000      0.962277452074E+00
   82.9000      0.960175170426E+00
   83.0000      0.954921150427E+00
   83.1000      0.951799754061E+00
   83.2000      0.951548948050E+00
   83.3000      0.948685704705E+00
   83.4000      0.943782349665E+00
   83.5000      0.941024499947E+00
   83.6000      0.938762136637E+00
   83.7000      0.935745643553E+00
   83.8000      0.934358334718E+00
   83.9000      0.932871021672E+00
   84.0000      0.929031418019E+00
   84.1000      0.927265404162E+00
   84.2000      0.928909644626E+00
   84.3000      0.928170238427E+00
   84.4000      0.924755680691E+00
   84.5000      0.923935031307E+00
   84.6000      0.924565650824E+00
   84.7000      0.923360080183E+00
   84.8000      0.922295686380E+00
   84.9000      0.921799498702E+00
   85.0000      0.919662784033E+00
   85.1000      0.918501031315E+00
   85.2000      0.920071236288E+00
   85.3000      0.919764073613E+00
   85.4000      0.916724700938E+00
   85.5000      0.916104187589E+00
   85.6000      0.917464783228E+00
   85.7000      0.916553676664E+00
   85.8000      0.914627453892E+00
   85.9000      0.913800067266E+00
   86.0000      0.912298713803E+00
   86.1000      0.910603282917E+00
   86.2000      0.910411761890E+00
   86.3000      0.909220813716E+00
   86.4000      0.906002223844E+00
   86.5000      0.904573278992E+00
   86.6000      0.905162371345E+00
   86.7000      0.904003994177E+00
   86.8000      0.901617412851E+00
   86.9000      0.900741233376E+00
   87.0000      0.900285487048E+00
   87.1000      0.899098888787E+00
   87.2000      0.898336049438E+00
   87.3000      0.897539228861E+00
   87.4000      0.895799750361E+00
   87.5000      0.894840332083E+00
   87.6000      0.895132508212E+00
   87.7000      0.894494581075E+00
   87.8000      0.892939825307E+00
   87.9000      0.892456890275E+00
   88.0000      0.892562450081E+00
   88.1000      0.891845183859E+00
   88.2000      0.890803741414E+00
   88.3000      0.889873600336E+00
   88.4000      0.888471812416E+00
   88.5000      0.886816200291E+00
   88.6000      0.885208978136E+00
   88.7000      0.883030336210E+00
   88.8000      0.880274864199E+00
   88.9000      0.877662160383E+00
   89.0000      0.875040573403E+00
   89.1000      0.872056567207E+00
   89.2000      0.869009597344E+00
   89.3000      0.865882759056E+00
   89.4000      0.862427702077E+00
   89.5000      0.858989977341E+00
   89.6000      0.855627693506E+00
   89.7000      0.851915902962E+00
   89.8000      0.848044219761E+00
   89.9000      0.844287709001E+00
   90.0000      0.840382669813E+00
   90.1000      0.836660777566E+00
   90.2000      0.833591865788E+00
   90.3000      0.830458591122E+00
   90.4000      0.827034988073E+00
   90.5000      0.824516937804E+00
   90.6000      0.822912085102E+00
   90.7000      0.820958649228E+00
   90.8000      0.818894484413E+00
   90.9000      0.817462204754E+00
   91.0000      0.816020027427E+00
   91.1000      0.814448319757E+00
   91.2000      0.813365949134E+00
   91.3000      0.811842444518E+00
   91.4000      0.809315491549E+00
   91.5000      0.807468602930E+00
   91.6000      0.806535584384E+00
   91.7000      0.804482786603E+00
   91.8000      0.801569771042E+00
   91.9000      0.799591948787E+00
   92.0000      0.797897099332E+00
   92.1000      0.795562398806E+00
   92.2000      0.793516987370E+00
   92.3000      0.791408642309E+00
   92.4000      0.788342067929E+00
   92.5000      0.785958556077E+00
   92.6000      0.784878577563E+00
   92.7000      0.782551879782E+00
   92.8000      0.778949466032E+00
   92.9000      0.776922908916E+00
   93.0000      0.776019948184E+00
   93.1000      0.774004226596E+00
   93.2000      0.771891675027E+00
   93.3000      0.770742511533E+00
   93.4000      0.769418073184E+00
   93.5000      0.768448821120E+00
   93.6000      0.768856821360E+00
   93.7000      0.768544621196E+00
   93.8000      0.766878284186E+00
   93.9000      0.766846897992E+00
   94.0000      0.768381924396E+00
   94.1000      0.768107134314E+00
   94.2000      0.766603231146E+00
   94.3000      0.766486939349E+00
   94.4000      0.766654278384E+00
   94.5000      0.765687650123E+00
   94.6000      0.764839941607E+00
   94.7000      0.763838811008E+00
   94.8000      0.761642584366E+00
   94.9000      0.760109331136E+00
   95.0000      0.759921940719E+00
   95.1000      0.758142724660E+00
   95.2000      0.754783268919E+00
   95.3000      0.753167930667E+00
   95.4000      0.752747201920E+00
   95.5000      0.750637225662E+00
   95.6000      0.747893602393E+00
   95.7000      0.746214483375E+00
   95.8000      0.744381873677E+00
   95.9000      0.742234289888E+00
   96.0000      0.740920344280E+00
   96.1000      0.738964989951E+00
   96.2000      0.735671358990E+00
   96.3000      0.733764028529E+00
   96.4000      0.733432700629E+00
   96.5000      0.731347629969E+00
   96.6000      0.728022309433E+00
   96.7000      0.726558209961E+00
   96.8000      0.725977152464E+00
   96.9000      0.724136652142E+00
   97.0000      0.722334209960E+00
   97.1000      0.721083785296E+00
   97.2000      0.719123401081E+00
   97.3000      0.717606571587E+00
   97.4000      0.717437081643E+00
   97.5000      0.715832293644E+00
   97.6000      0.712494891239E+00
   97.7000      0.711050717314E+00
   97.8000      0.711122816573E+00
   97.9000      0.709001595407E+00
   98.0000      0.705784096425E+00
   98.1000      0.704282157012E+00
   98.2000      0.703081176078E+00
   98.3000      0.701007273813E+00
   98.4000      0.699617895388E+00
   98.5000      0.698020548564E+00
   98.6000      0.695044146022E+00
   98.7000      0.693451859629E+00
   98.8000      0.693782548337E+00
   98.9000      0.691835298722E+00
   99.0000      0.687934296415E+00
   99.1000      0.686615225431E+00
   99.2000      0.686808260510E+00
   99.3000      0.684643202319E+00
   99.4000      0.681861461274E+00
   99.5000      0.680659236011E+00
   99.6000      0.679235973657E+00
   99.7000      0.677676251599E+00
   99.8000      0.677582736747E+00
   99.9000      0.676429402686E+00
  100.0000      0.673327502989E+00
  100.1000      0.672577781525E+00
  100.2000      0.674103480595E+00
  100.3000      0.672503413271E+00
  100.4000      0.668807376153E+00
  100.5000      0.668043730509E+00
  100.6000      0.668462494622E+00
  100.7000      0.666426495621E+00
  100.8000      0.664162812153E+00
  100.9000      0.663004734455E+00
  101.0000      0.661017217952E+00
  101.1000      0.659568470806E+00
  101.2000      0.660093496604E+00
  101.3000      0.658721263208E+00
  101.4000      0.655026880937E+00
  101.5000      0.654418651576E+00
  101.6000      0.656207448657E+00
  101.7000      0.654325364696E+00
  101.8000      0.650410321213E+00
  101.9000      0.649591698965E+00
  102.0000      0.649655371776E+00
  102.1000      0.647366982911E+00
  102.2000      0.645203302709E+00
  102.3000      0.643750649726E+00
  102.4000      0.641117868379E+00
  102.5000      0.639588362363E+00
  102.6000      0.640357039759E+00
  102.7000      0.638711335380E+00
  102.8000      0.634643377580E+00
  102.9000      0.634199573087E+00
  103.0000      0.636239820223E+00
  103.1000      0.634338292258E+00
  103.2000      0.630530357862E+00
  103.3000      0.629992005697E+00
  103.4000      0.630217775350E+00
  103.5000      0.628116137162E+00
  103.6000      0.626272570480E+00
  103.7000      0.624961442178E+00
  103.8000      0.622315106566E+00
  103.9000      0.620935868480E+00
  104.0000      0.621863551443E+00
  104.1000      0.620079076537E+00
  104.2000      0.615802931921E+00
  104.3000      0.615329804649E+00
  104.4000      0.617295257593E+00
  104.5000      0.615080356107E+00
  104.6000      0.610934914536E+00
  104.7000      0.610223067252E+00
  104.8000      0.610297991078E+00
  104.9000      0.607844057591E+00
  105.0000      0.605528750551E+00
  105.1000      0.603904453723E+00
  105.2000      0.601076189248E+00
  105.3000      0.599292935827E+00
  105.4000      0.599605017860E+00
  105.5000      0.597390002181E+00
  105.6000      0.592889874293E+00
  105.7000      0.592060450996E+00
  105.8000      0.593581061825E+00
  105.9000      0.591089686341E+00
  106.0000      0.586816441246E+00
  106.1000      0.586113438818E+00
  106.2000      0.586408956135E+00
  106.3000      0.584133391154E+00
  106.4000      0.581903038820E+00
  106.5000      0.580826967234E+00
  106.6000      0.579018166566E+00
  106.7000      0.577870146014E+00
  106.8000      0.578486080665E+00
  106.9000      0.577258534870E+00
  107.0000      0.574273643690E+00
  107.1000      0.574417753437E+00
  107.2000      0.576617869706E+00
  107.3000      0.575431481009E+00
  107.4000      0.572774472661E+00
  107.5000      0.573378071298E+00
  107.6000      0.575001100721E+00
  107.7000      0.574234552308E+00
  107.8000      0.573395012242E+00
  107.9000      0.573898903432E+00
  108.0000      0.574026756511E+00
  108.1000      0.574361504278E+00
  108.2000      0.575971370960E+00
  108.3000      0.576365413818E+00
  108.4000      0.575461177669E+00
  108.5000      0.576845110455E+00
  108.6000      0.579755527675E+00
  108.7000      0.579941236132E+00
  108.8000      0.578875423457E+00
  108.9000      0.580355355781E+00
  109.0000      0.582587871708E+00
  109.1000      0.582609663931E+00
  109.2000      0.582318480224E+00
  109.3000      0.583158741683E+00
  109.4000      0.583662133210E+00
  109.5000      0.583871179196E+00
  109.6000      0.584774483764E+00
  109.7000      0.584741448152E+00
  109.8000      0.583570400751E+00
  109.9000      0.583850308081E+00
  110.0000      0.585125763255E+00
  110.1000      0.584076094005E+00
  110.2000      0.581815946606E+00
  110.3000      0.581536833980E+00
  110.4000      0.581857211372E+00
  110.5000      0.580044270128E+00
  110.6000      0.577730133807E+00
  110.7000      0.576626979681E+00
  110.8000      0.575425338354E+00
  110.9000      0.573552579775E+00
  111.0000      0.572077654352E+00
  111.1000      0.570254034112E+00
  111.2000      0.567661738664E+00
  111.3000      0.565998201055E+00
  111.4000      0.565181709478E+00
  111.5000      0.562627540224E+00
  111.6000      0.559067565579E+00
  111.7000      0.557319947301E+00
  111.8000      0.556356210096E+00
  111.9000      0.553393534430E+00
  112.0000      0.549882918956E+00
  112.1000      0.548054246430E+00
  112.2000      0.546616154845E+00
  112.3000      0.544140682664E+00
  112.4000      0.541913729724E+00
  112.5000      0.540253090181E+00
  112.6000      0.538358189930E+00
  112.7000      0.536854430067E+00
  112.8000      0.536134671907E+00
  112.9000      0.534449418091E+00
  113.0000      0.532005144639E+00
  113.1000      0.531089973073E+00
  113.2000      0.531062328380E+00
  113.3000      0.529146363601E+00
  113.4000      0.526518717969E+00
  113.5000      0.525811071713E+00
  113.6000      0.525749521188E+00
  113.7000      0.524075349628E+00
  113.8000      0.522272531444E+00
  113.9000      0.521725211424E+00
  114.0000      0.521239347067E+00
  114.1000      0.520309081461E+00
  114.2000      0.519860136888E+00
  114.3000      0.519134934051E+00
  114.4000      0.517766514880E+00
  114.5000      0.517342773473E+00
  114.6000      0.517719820129E+00
  114.7000      0.516359420443E+00
  114.8000      0.514073395253E+00
  114.9000      0.513717854089E+00
  115.0000      0.514152178259E+00
  115.1000      0.512417198220E+00
  115.2000      0.510127248865E+00
  115.3000      0.509747471655E+00
  115.4000      0.509741676916E+00
  115.5000      0.508345793523E+00
  115.6000      0.507071040406E+00
  115.7000      0.506469883182E+00
  115.8000      0.505516059175E+00
  115.9000      0.504702393214E+00
  116.0000      0.504584296200E+00
  116.1000      0.503353956219E+00
  116.2000      0.501226703894E+00
  116.3000      0.500827628256E+00
  116.4000      0.501414007033E+00
  116.5000      0.499669269553E+00
  116.6000      0.497081416123E+00
  116.7000      0.497033396014E+00
  116.8000      0.497811527007E+00
  116.9000      0.496265106093E+00
  117.0000      0.494412505814E+00
  117.1000      0.494516334013E+00
  117.2000      0.494796200018E+00
  117.3000      0.493940535104E+00
  117.4000      0.493446428208E+00
  117.5000      0.493166562806E+00
  117.6000      0.492309302804E+00
  117.7000      0.492191385202E+00
  117.8000      0.492995242425E+00
  117.9000      0.492129620698E+00
  118.0000      0.490349938693E+00
  118.1000      0.490991129865E+00
  118.2000      0.492754467441E+00
  118.3000      0.491790584776E+00
  118.4000      0.490095688675E+00
  118.5000      0.491312624931E+00
  118.6000      0.493256466941E+00
  118.7000      0.492662123838E+00
  118.8000      0.491809496341E+00
  118.9000      0.492807760504E+00
  119.0000      0.493723016148E+00
  119.1000      0.493487439805E+00
  119.2000      0.493584947782E+00
  119.3000      0.493560570588E+00
  119.4000      0.492791540713E+00
  119.5000      0.492920775176E+00
  119.6000      0.493915258985E+00
  119.7000      0.492951880943E+00
  119.8000      0.491072677981E+00
  119.9000      0.491752396300E+00
  120.0000      0.493417143731E+00
  120.1000      0.492166488278E+00
  120.2000      0.490209431794E+00
  120.3000      0.491119708114E+00
  120.4000      0.492547053333E+00
  120.5000      0.491317624669E+00
  120.6000      0.489800155740E+00
  120.7000      0.490023323196E+00
  120.8000      0.490056928833E+00
  120.9000      0.488880936563E+00
  121.0000      0.487987025408E+00
  121.1000      0.487031466052E+00
  121.2000      0.485451650309E+00
  121.3000      0.484683872976E+00
  121.4000      0.484701765012E+00
  121.5000      0.483051287688E+00
  121.6000      0.480738042834E+00
  121.7000      0.480751707490E+00
  121.8000      0.481617570311E+00
  121.9000      0.479964171911E+00
  122.0000      0.477827940668E+00
  122.1000      0.478247742062E+00
  122.2000      0.479092934385E+00
  122.3000      0.477629223270E+00
  122.4000      0.476001662933E+00
  122.5000      0.475979249867E+00
  122.6000      0.475856072057E+00
  122.7000      0.474653468096E+00
  122.8000      0.473727626321E+00
  122.9000      0.472969051989E+00
  123.0000      0.471847656588E+00
  123.1000      0.471275567217E+00
  123.2000      0.471316921571E+00
  123.3000      0.470252048044E+00
  123.4000      0.468812649326E+00
  123.5000      0.469029757399E+00
  123.6000      0.469812568608E+00
  123.7000      0.468796251461E+00
  123.8000      0.467492410568E+00
  123.9000      0.467927092405E+00
  124.0000      0.468556700992E+00
  124.1000      0.467522316285E+00
  124.2000      0.466382941961E+00
  124.3000      0.466267655090E+00
  124.4000      0.466014786024E+00
  124.5000      0.464986346439E+00
  124.6000      0.464133292607E+00
  124.7000      0.463359748965E+00
  124.8000      0.462370107454E+00
  124.9000      0.461698645632E+00
  125.0000      0.461389601201E+00
  125.1000      0.460417494234E+00
  125.2000      0.459304910528E+00
  125.3000      0.459120088688E+00
  125.4000      0.459203674732E+00
  125.5000      0.458324974445E+00
  125.6000      0.457397593736E+00
  125.7000      0.457261602317E+00
  125.8000      0.457125715436E+00
  125.9000      0.456293077107E+00
  126.0000      0.455537100576E+00
  126.1000      0.454985434746E+00
  126.2000      0.454278843635E+00
  126.3000      0.453574659101E+00
  126.4000      0.453115576807E+00
  126.5000      0.452285136512E+00
  126.6000      0.451368217452E+00
  126.7000      0.451120101550E+00
  126.8000      0.451182848804E+00
  126.9000      0.450590042924E+00
  127.0000      0.450062127091E+00
  127.1000      0.450335328756E+00
  127.2000      0.450758230765E+00
  127.3000      0.450640475406E+00
  127.4000      0.450690682710E+00
  127.5000      0.451034493518E+00
  127.6000      0.451255775216E+00
  127.7000      0.451471006629E+00
  127.8000      0.451933881915E+00
  127.9000      0.451881666505E+00
  128.0000      0.451567722006E+00
  128.1000      0.452039454451E+00
  128.2000      0.452845038928E+00
  128.3000      0.452465344056E+00
  128.4000      0.451902494800E+00
  128.5000      0.452762799683E+00
  128.6000      0.453950840678E+00
  128.7000      0.453680695334E+00
  128.8000      0.453395876908E+00
  128.9000      0.454584370841E+00
  129.0000      0.455903321229E+00
  129.1000      0.455981697881E+00
  129.2000      0.456176898899E+00
  129.3000      0.457194314902E+00
  129.4000      0.458038128355E+00
  129.5000      0.458363213998E+00
  129.6000      0.458908311516E+00
  129.7000      0.459194295360E+00
  129.8000      0.459101711261E+00
  129.9000      0.459583314005E+00
  130.0000      0.460395081899E+00
  130.1000      0.459846702753E+00
  130.2000      0.458919895812E+00
  130.3000      0.459672415714E+00
  130.4000      0.460807240487E+00
  130.5000      0.459778216103E+00
  130.6000      0.458506837889E+00
  130.7000      0.459578723924E+00
  130.8000      0.460926594434E+00
  130.9000      0.459802927181E+00
  131.0000      0.458598462877E+00
  131.1000      0.459676630005E+00
  131.2000      0.460778544072E+00
  131.3000      0.459729252786E+00
  131.4000      0.458758377336E+00
  131.5000      0.459304467117E+00
  131.6000      0.459612016252E+00
  131.7000      0.458733191032E+00
  131.8000      0.458105321295E+00
  131.9000      0.457756580531E+00
  132.0000      0.457022728094E+00
  132.1000      0.456516132305E+00
  132.2000      0.456408913407E+00
  132.3000      0.455169808859E+00
  132.4000      0.453537951143E+00
  132.5000      0.453609543635E+00
  132.6000      0.454118875678E+00
  132.7000      0.452220291763E+00
  132.8000      0.450017401787E+00
  132.9000      0.450634273760E+00
  133.0000      0.451570996773E+00
  133.1000      0.449271020931E+00
  133.2000      0.446818200062E+00
  133.3000      0.447638758591E+00
  133.4000      0.448549158663E+00
  133.5000      0.446105441664E+00
  133.6000      0.443712421224E+00
  133.7000      0.444260800024E+00
  133.8000      0.444652583590E+00
  133.9000      0.442395474084E+00
  134.0000      0.440414514471E+00
  134.1000      0.440303632047E+00
  134.2000      0.439854678832E+00
  134.3000      0.438173448835E+00
  134.4000      0.436949014795E+00
  134.5000      0.435983103796E+00
  134.6000      0.434604078057E+00
  134.7000      0.433807941141E+00
  134.8000      0.433532639622E+00
  134.9000      0.431698434623E+00
  135.0000      0.429494042425E+00
  135.1000      0.429660848542E+00
  135.2000      0.430262659528E+00
  135.3000      0.427700830154E+00
  135.4000      0.424923362703E+00
  135.5000      0.425851013682E+00
  135.6000      0.427002568912E+00
  135.7000      0.424006300504E+00
  135.8000      0.421034553178E+00
  135.9000      0.422316089811E+00
  136.0000      0.423553295895E+00
  136.1000      0.420561282664E+00
  136.2000      0.417865576967E+00
  136.3000      0.419021893659E+00
  136.4000      0.419888857594E+00
  136.5000      0.417416219836E+00
  136.6000      0.415466507719E+00
  136.7000      0.416063629622E+00
  136.8000      0.416216403215E+00
  136.9000      0.414718877117E+00
  137.0000      0.413850709931E+00
  137.1000      0.413577543551E+00
  137.2000      0.412837045717E+00
  137.3000      0.412569766862E+00
  137.4000      0.412878630258E+00
  137.5000      0.411608515091E+00
  137.6000      0.409995155846E+00
  137.7000      0.410946293975E+00
  137.8000      0.412274014318E+00
  137.9000      0.410119390158E+00
  138.0000      0.407871626975E+00
  138.1000      0.409782431146E+00
  138.2000      0.411776370165E+00
  138.3000      0.409086351206E+00
  138.4000      0.406614541511E+00
  138.5000      0.409033480361E+00
  138.6000      0.411217978260E+00
  138.7000      0.408482959661E+00
  138.8000      0.406248358480E+00
  138.9000      0.408600214996E+00
  139.0000      0.410453476553E+00
  139.1000      0.408168456475E+00
  139.2000      0.406559651687E+00
  139.3000      0.408264067420E+00
  139.4000      0.409336785306E+00
  139.5000      0.407909420203E+00
  139.6000      0.407190081981E+00
  139.7000      0.407831072356E+00
  139.8000      0.407889825192E+00
  139.9000      0.407603044697E+00
  140.0000      0.407907165578E+00
  140.1000      0.407358062209E+00
  140.2000      0.406448632253E+00
  140.3000      0.407402676947E+00
  140.4000      0.408692667789E+00
  140.5000      0.407095342595E+00
  140.6000      0.405459848507E+00
  140.7000      0.407478155114E+00
  140.8000      0.409477750389E+00
  140.9000      0.407122534110E+00
  141.0000      0.405063257939E+00
  141.1000      0.407676936691E+00
  141.2000      0.409902701904E+00
  141.3000      0.407155103557E+00
  141.4000      0.404987821106E+00
  141.5000      0.407590711822E+00
  141.6000      0.409535354652E+00
  141.7000      0.406854817903E+00
  141.8000      0.404950875172E+00
  141.9000      0.407036722064E+00
  142.0000      0.408374008157E+00
  142.1000      0.406303234895E+00
  142.2000      0.405073247459E+00
  142.3000      0.406357398229E+00
  142.4000      0.406985102645E+00
  142.5000      0.405991185063E+00
  142.6000      0.405723246390E+00
  142.7000      0.406076726978E+00
  142.8000      0.405992371717E+00
  142.9000      0.406244363387E+00
  143.0000      0.406928487397E+00
  143.1000      0.406280441866E+00
  143.2000      0.405485715917E+00
  143.3000      0.406789839480E+00
  143.4000      0.408133264157E+00
  143.5000      0.406514573280E+00
  143.6000      0.405084555807E+00
  143.7000      0.407052155129E+00
  143.8000      0.408690206110E+00
  143.9000      0.406368988545E+00
  144.0000      0.404579514776E+00
  144.1000      0.406850532081E+00
  144.2000      0.408536170367E+00
  144.3000      0.406032775531E+00
  144.4000      0.404333603859E+00
  144.5000      0.406634628935E+00
  144.6000      0.408224559430E+00
  144.7000      0.406106104829E+00
  144.8000      0.404900209907E+00
  144.9000      0.406937122197E+00
  145.0000      0.408248793568E+00
  145.1000      0.406868891704E+00
  145.2000      0.406307677966E+00
  145.3000      0.407709322979E+00
  145.4000      0.408482966640E+00
  145.5000      0.407911409354E+00
  145.6000      0.407912058343E+00
  145.7000      0.408365119879E+00
  145.8000      0.408415408735E+00
  145.9000      0.408584196687E+00
  146.0000      0.409018733054E+00
  146.1000      0.408472110974E+00
  146.2000      0.407858447086E+00
  146.3000      0.408714454330E+00
  146.4000      0.409536024936E+00
  146.5000      0.408244054340E+00
  146.6000      0.407250701558E+00
  146.7000      0.408733808693E+00
  146.8000      0.409907817451E+00
  146.9000      0.408252746421E+00
  147.0000      0.407185648536E+00
  147.1000      0.409090560063E+00
  147.2000      0.410449880743E+00
  147.3000      0.408728061195E+00
  147.4000      0.407744634658E+00
  147.5000      0.409680927546E+00
  147.6000      0.410917385863E+00
  147.7000      0.409293820658E+00
  147.8000      0.408426515311E+00
  147.9000      0.409969138631E+00
  148.0000      0.410796926329E+00
  148.1000      0.409415578773E+00
  148.2000      0.408713687469E+00
  148.3000      0.409605886390E+00
  148.4000      0.409925206938E+00
  148.5000      0.408990893353E+00
  148.6000      0.408586440776E+00
  148.7000      0.408803319233E+00
  148.8000      0.408700550578E+00
  148.9000      0.408410012847E+00
  149.0000      0.408426889912E+00
  149.1000      0.408066146831E+00
  149.2000      0.407671510545E+00
  149.3000      0.408064628568E+00
  149.4000      0.408483035807E+00
  149.5000      0.407629883607E+00
  149.6000      0.407001714101E+00
  149.7000      0.407904525282E+00
  149.8000      0.408543212031E+00
  149.9000      0.407255681249E+00
  150.0000      0.406404865354E+00
  150.1000      0.407530336226E+00
  150.2000      0.408167821406E+00
  150.3000      0.406565790708E+00
  150.4000      0.405560306176E+00
  150.5000      0.406662351727E+00
  150.6000      0.407167649989E+00
  150.7000      0.405490181147E+00
  150.8000      0.404499725694E+00
  150.9000      0.405440099155E+00
  151.0000      0.405792631268E+00
  151.1000      0.404336864023E+00
  151.2000      0.403558923135E+00
  151.3000      0.404254500116E+00
  151.4000      0.404458367196E+00
  151.5000      0.403445764200E+00
  151.6000      0.402986773766E+00
  151.7000      0.403330562980E+00
  151.8000      0.403336931878E+00
  151.9000      0.402833243672E+00
  152.0000      0.402666968010E+00
  152.1000      0.402530455961E+00
  152.2000      0.402257554413E+00
  152.3000      0.402210951385E+00
  152.4000      0.402246413139E+00
  152.5000      0.401563192977E+00
  152.6000      0.400982960832E+00
  152.7000      0.401319558256E+00
  152.8000      0.401495106095E+00
  152.9000      0.400330881204E+00
  153.0000      0.399521616567E+00
  153.1000      0.400195875709E+00
  153.2000      0.400505729192E+00
  153.3000      0.399039883405E+00
  153.4000      0.398149226857E+00
  153.5000      0.399112140018E+00
  153.6000      0.399553585638E+00
  153.7000      0.397988939038E+00
  153.8000      0.397145204352E+00
  153.9000      0.398283814735E+00
  154.0000      0.398795551556E+00
  154.1000      0.397280851084E+00
  154.2000      0.396539078403E+00
  154.3000      0.397666810376E+00
  154.4000      0.398130183385E+00
  154.5000      0.396756430353E+00
  154.6000      0.396121140274E+00
  154.7000      0.397036933987E+00
  154.8000      0.397336060398E+00
  154.9000      0.396182697462E+00
  155.0000      0.395664955699E+00
  155.1000      0.396225955353E+00
  155.2000      0.396306501803E+00
  155.3000      0.395476058850E+00
  155.4000      0.395123683947E+00
  155.5000      0.395274183674E+00
  155.6000      0.395152530440E+00
  155.7000      0.394757935907E+00
  155.8000      0.394636003873E+00
  155.9000      0.394382705372E+00
  156.0000      0.394107238492E+00
  156.1000      0.394223899294E+00
  156.2000      0.394367988892E+00
  156.3000      0.393734139018E+00
  156.4000      0.393339284512E+00
  156.5000      0.393965985406E+00
  156.6000      0.394352355610E+00
  156.7000      0.393352784696E+00
  156.8000      0.392842864739E+00
  156.9000      0.393901538056E+00
  157.0000      0.394456491516E+00
  157.1000      0.393107909404E+00
  157.2000      0.392475425798E+00
  157.3000      0.393844267689E+00
  157.4000      0.394479379886E+00
  157.5000      0.392827581208E+00
  157.6000      0.392084172254E+00
  157.7000      0.393639839827E+00
  157.8000      0.394289123070E+00
  157.9000      0.392429989119E+00
  158.0000      0.391625385569E+00
  158.1000      0.393267383062E+00
  158.2000      0.393899982091E+00
  158.3000      0.391972546490E+00
  158.4000      0.391185131108E+00
  158.5000      0.392831606233E+00
  158.6000      0.393435861954E+00
  158.7000      0.391588850800E+00
  158.8000      0.390893930038E+00
  158.9000      0.392460288049E+00
  159.0000      0.393018716609E+00
  159.1000      0.391377837899E+00
  159.2000      0.390822907076E+00
  159.3000      0.392209627664E+00
  159.4000      0.392685668501E+00
  159.5000      0.391337046442E+00
  159.6000      0.390935296811E+00
  159.7000      0.392033961827E+00
  159.8000      0.392378983030E+00
  159.9000      0.391374548377E+00
  160.0000      0.391117017582E+00
  160.1000      0.391829325645E+00
  160.2000      0.392000907930E+00
  160.3000      0.391375797118E+00
  160.4000      0.391252460367E+00
  160.5000      0.391512667609E+00
  160.6000      0.391492739755E+00
  160.7000      0.391279407555E+00
  160.8000      0.391291393108E+00
  160.9000      0.391074962107E+00
  161.0000      0.390874296761E+00
  161.1000      0.391105060479E+00
  161.2000      0.391264876082E+00
  161.3000      0.390583900519E+00
  161.4000      0.390233860412E+00
  161.5000      0.390931909341E+00
  161.6000      0.391252485055E+00
  161.7000      0.390141014031E+00
  161.8000      0.389678225311E+00
  161.9000      0.390844204190E+00
  162.0000      0.391324661730E+00
  162.1000      0.389821591098E+00
  162.2000      0.389271856536E+00
  162.3000      0.390872338661E+00
  162.4000      0.391488591122E+00
  162.5000      0.389628950714E+00
  162.6000      0.389003396708E+00
  162.7000      0.390974041226E+00
  162.8000      0.391684646591E+00
  162.9000      0.389504985176E+00
  163.0000      0.388808289818E+00
  163.1000      0.391066814750E+00
  163.2000      0.391825684347E+00
  163.3000      0.389373698800E+00
  163.4000      0.388615208545E+00
  163.5000      0.391076151180E+00
  163.6000      0.391845453914E+00
  163.7000      0.389187996271E+00
  163.8000      0.388390048461E+00
  163.9000      0.390975708572E+00
  164.0000      0.391732972166E+00
  164.1000      0.388956624514E+00
  164.2000      0.388154842579E+00
  164.3000      0.390797388341E+00
  164.4000      0.391532840544E+00
  164.5000      0.388734294190E+00
  164.6000      0.387967677499E+00
  164.7000      0.390601309426E+00
  164.8000      0.391306070322E+00
  164.9000      0.388575502551E+00
  165.0000      0.387872305582E+00
  165.1000      0.390423721274E+00
  165.2000      0.391079758362E+00
  165.3000      0.388489925370E+00
  165.4000      0.387861410927E+00
  165.5000      0.390248980983E+00
  165.6000      0.390829003929E+00
  165.7000      0.388435445948E+00
  165.8000      0.387880432339E+00
  165.9000      0.390023052533E+00
  166.0000      0.390500312820E+00
  166.1000      0.388352118349E+00
  166.2000      0.387870719995E+00
  166.3000      0.389703469966E+00
  166.4000      0.390066435458E+00
  166.5000      0.388219115975E+00
  166.6000      0.387824151484E+00
  166.7000      0.389306744007E+00
  166.8000      0.389562791352E+00
  166.9000      0.388077575904E+00
  167.0000      0.387790220169E+00
  167.1000      0.388898826900E+00
  167.2000      0.389062853637E+00
  167.3000      0.387993685188E+00
  167.4000      0.387829815082E+00
  167.5000      0.388543123681E+00
  167.6000      0.388624191502E+00
  167.7000      0.388006161556E+00
  167.8000      0.387966900744E+00
  167.9000      0.388258428136E+00
  168.0000      0.388254340858E+00
  168.1000      0.388101337993E+00
  168.2000      0.388173300258E+00
  168.3000      0.388013493585E+00
  168.4000      0.387915191172E+00
  168.5000      0.388226891367E+00
  168.6000      0.388390789904E+00
  168.7000      0.387756240761E+00
  168.8000      0.387557532448E+00
  168.9000      0.388329529587E+00
  169.0000      0.388569671280E+00
  169.1000      0.387450957827E+00
  169.2000      0.387154835208E+00
  169.3000      0.388383852784E+00
  169.4000      0.388691843130E+00
  169.5000      0.387095406427E+00
  169.6000      0.386714914641E+00
  169.7000      0.388399546331E+00
  169.8000      0.388774537985E+00
  169.9000      0.386721832362E+00
  170.0000      0.386278734671E+00
  170.1000      0.388418162402E+00
  170.2000      0.388864157853E+00
  170.3000      0.386386105151E+00
  170.4000      0.385903745706E+00
  170.5000      0.388490066455E+00
  170.6000      0.389005654631E+00
  170.7000      0.386128999596E+00
  170.8000      0.385619024390E+00
  170.9000      0.388626751014E+00
  171.0000      0.389194920418E+00
  171.1000      0.385932103551E+00
  171.2000      0.385389494059E+00
  171.3000      0.388777473120E+00
  171.4000      0.389369781809E+00
  171.5000      0.385723997146E+00
  171.6000      0.385137221989E+00
  171.7000      0.388863637970E+00
  171.8000      0.389454192517E+00
  171.9000      0.385431014556E+00
  172.0000      0.384794884153E+00
  172.1000      0.388830641138E+00
  172.2000      0.389406037620E+00
  172.3000      0.385020388382E+00
  172.4000      0.384342653304E+00
  172.5000      0.388676829175E+00
  172.6000      0.389239525204E+00
  172.7000      0.384518364335E+00
  172.8000      0.383821381888E+00
  172.9000      0.388460361768E+00
  173.0000      0.389026894424E+00
  173.1000      0.384007654053E+00
  173.2000      0.383323844734E+00
  173.3000      0.388282622088E+00
  173.4000      0.388874556498E+00
  173.5000      0.383596598504E+00
  173.6000      0.382956898706E+00
  173.7000      0.388244924029E+00
  173.8000      0.388875992137E+00
  173.9000      0.383369014695E+00
  174.0000      0.382790720184E+00
  174.1000      0.388400660776E+00
  174.2000      0.389067374034E+00
  174.3000      0.383342471256E+00
  174.4000      0.382822344129E+00
  174.5000      0.388727449889E+00
  174.6000      0.389407113803E+00
  174.7000      0.383453319782E+00
  174.8000      0.382968895830E+00
  174.9000      0.389131288831E+00
  175.0000      0.389788885609E+00
  175.1000      0.383576580645E+00
  175.2000      0.383095697254E+00
  175.3000      0.389482816577E+00
  175.4000      0.390082955919E+00
  175.5000      0.383570357882E+00
  175.6000      0.383062661147E+00
  175.7000      0.389663102140E+00
  175.8000      0.390180164814E+00
  175.9000      0.383319290132E+00
  176.0000      0.382766679182E+00
  176.1000      0.389603568350E+00
  176.2000      0.390032256874E+00
  176.3000      0.382779268927E+00
  176.4000      0.382189561831E+00
  176.5000      0.389334412726E+00
  176.6000      0.389701401250E+00
  176.7000      0.382027157168E+00
  176.8000      0.381441652092E+00
  176.9000      0.389015749246E+00
  177.0000      0.389374732111E+00
  177.1000      0.381253424423E+00
  177.2000      0.380728625655E+00
  177.3000      0.388879542254E+00
  177.4000      0.389281465329E+00
  177.5000      0.380653771589E+00
  177.6000      0.380227873573E+00
  177.7000      0.389107774429E+00
  177.8000      0.389576595304E+00
  177.9000      0.380316399064E+00
  178.0000      0.379997652953E+00
  178.1000      0.389786607531E+00
  178.2000      0.390328371029E+00
  178.3000      0.380218250213E+00
  178.4000      0.379997952971E+00
  178.5000      0.390979137788E+00
  178.6000      0.391602584398E+00
  178.7000      0.380257079763E+00
  178.8000      0.380104725463E+00
  178.9000      0.392803021921E+00
  179.0000      0.393523840290E+00
  179.1000      0.380139085158E+00
  179.2000      0.379952317389E+00
  179.3000      0.395564442641E+00
  179.4000      0.396469798506E+00
  179.5000      0.378943160458E+00
  179.6000      0.378383721533E+00
  179.7000      0.401376304586E+00
  179.8000      0.403786231737E+00
  179.9000      0.370391702169E+00
  180.0000      0.360338840045E+00
