    0.1000      0.379801556259E+06
    0.2000      0.315565307817E+06
    0.3000      0.231367978964E+06
    0.4000      0.149722316731E+06
    0.5000      0.862207537807E+05
    0.6000      0.456368539806E+05
    0.7000      0.241234138887E+05
    0.8000      0.144479458300E+05
    0.9000      0.104060803678E+05
    1.0000      0.848380056312E+04
    1.1000      0.729085971731E+04
    1.2000      0.636769271369E+04
    1.3000      0.547970348026E+04
    1.4000      0.450918401861E+04
    1.5000      0.352515263425E+04
    1.6000      0.272124684374E+04
    1.7000      0.223936826857E+04
    1.8000      0.205045035393E+04
    1.9000      0.198740199616E+04
    2.0000      0.187909927711E+04
    2.1000      0.166412752326E+04
    2.2000      0.140158964537E+04
    2.3000      0.119032408065E+04
    2.4000      0.107765085639E+04
    2.5000      0.103275977529E+04
    2.6000      0.991706004247E+03
    2.7000      0.918024556098E+03
    2.8000      0.821996176919E+03
    2.9000      0.733153451313E+03
    3.0000      0.665196649466E+03
    3.1000      0.608558382783E+03
    3.2000      0.549170792335E+03
    3.3000      0.487001507350E+03
    3.4000      0.435531012569E+03
    3.5000      0.406658974028E+03
    3.6000      0.398153724920E+03
    3.7000      0.394838424053E+03
    3.8000      0.380883779455E+03
    3.9000      0.351837490992E+03
    4.0000      0.316542634681E+03
    4.1000      0.288195841887E+03
    4.2000      0.272996761089E+03
    4.3000      0.266360813427E+03
    4.4000      0.259000482910E+03
    4.5000      0.245818576157E+03
    4.6000      0.228957075883E+03
    4.7000      0.213481144863E+03
    4.8000      0.201610187833E+03
    4.9000      0.191442352493E+03
    5.0000      0.180220156688E+03
    5.1000      0.167734053900E+03
    5.2000      0.156494009298E+03
    5.3000      0.149181370858E+03
    5.4000      0.146141645337E+03
    5.5000      0.144996007642E+03
    5.6000      0.142445735460E+03
    5.7000      0.136728686258E+03
    5.8000      0.128762908728E+03
    5.9000      0.121067088117E+03
    6.0000      0.115492195891E+03
    6.1000      0.111897083305E+03
    6.2000      0.108859839712E+03
    6.3000      0.105363674398E+03
    6.4000      0.101568121675E+03
    6.5000      0.981131311023E+02
    6.6000      0.951103870227E+02
    6.7000      0.920412310476E+02
    6.8000      0.884650732182E+02
    6.9000      0.845673486803E+02
    7.0000      0.809989165451E+02
    7.1000      0.783138236699E+02
    7.2000      0.765641000897E+02
    7.3000      0.752965252266E+02
    7.4000      0.738823459227E+02
    7.5000      0.719573452618E+02
    7.6000      0.696510582540E+02
    7.7000      0.673803487557E+02
    7.8000      0.653916577412E+02
    7.9000      0.635570322983E+02
    8.0000      0.616588662815E+02
    8.1000      0.597796270591E+02
    8.2000      0.582589281274E+02
    8.3000      0.572424169465E+02
    8.4000      0.563946816914E+02
    8.5000      0.551584839611E+02
    8.6000      0.532824832947E+02
    8.7000      0.510528371759E+02
    8.8000      0.490326428916E+02
    8.9000      0.476089276425E+02
    9.0000      0.467407862038E+02
    9.1000      0.460518498557E+02
    9.2000      0.451530342631E+02
    9.3000      0.439552171306E+02
    9.4000      0.427242680157E+02
    9.5000      0.417994020361E+02
    9.6000      0.412132602443E+02
    9.7000      0.406119110495E+02
    9.8000      0.396007595931E+02
    9.9000      0.381679304031E+02
   10.0000      0.367210842107E+02
   10.1000      0.356903260391E+02
   10.2000      0.351180166335E+02
   10.3000      0.346423576412E+02
   10.4000      0.338510302423E+02
   10.5000      0.326445702944E+02
   10.6000      0.313068207375E+02
   10.7000      0.302673623093E+02
   10.8000      0.297629614935E+02
   10.9000      0.296515297143E+02
   11.0000      0.295251394079E+02
   11.1000      0.290471615505E+02
   11.2000      0.282290549705E+02
   11.3000      0.273833076385E+02
   11.4000      0.267917706574E+02
   11.5000      0.264247406749E+02
   11.6000      0.259937060036E+02
   11.7000      0.252637554780E+02
   11.8000      0.242935925552E+02
   11.9000      0.233810507857E+02
   12.0000      0.228021223664E+02
   12.1000      0.225958394595E+02
   12.2000      0.225555986594E+02
   12.3000      0.224010616870E+02
   12.4000      0.219894791483E+02
   12.5000      0.214134123827E+02
   12.6000      0.209077650672E+02
   12.7000      0.206345508031E+02
   12.8000      0.205342398192E+02
   12.9000      0.203877443765E+02
   13.0000      0.200286545237E+02
   13.1000      0.194917752117E+02
   13.2000      0.189600098866E+02
   13.3000      0.185873569027E+02
   13.4000      0.183821506531E+02
   13.5000      0.182372944103E+02
   13.6000      0.180415768120E+02
   13.7000      0.177640097728E+02
   13.8000      0.174633310219E+02
   13.9000      0.172346818814E+02
   14.0000      0.171302575926E+02
   14.1000      0.171073570052E+02
   14.2000      0.170532914518E+02
   14.3000      0.168771711623E+02
   14.4000      0.165857395383E+02
   14.5000      0.162690785033E+02
   14.6000      0.160174361707E+02
   14.7000      0.158583695273E+02
   14.8000      0.157634211207E+02
   14.9000      0.156901587984E+02
   15.0000      0.156077960367E+02
   15.1000      0.155020775011E+02
   15.2000      0.153801517278E+02
   15.3000      0.152704464939E+02
   15.4000      0.151988208273E+02
   15.5000      0.151559317739E+02
   15.6000      0.150970392103E+02
   15.7000      0.149826358472E+02
   15.8000      0.148172558493E+02
   15.9000      0.146464663344E+02
   16.0000      0.145212867224E+02
   16.1000      0.144662280058E+02
   16.2000      0.144682989648E+02
   16.3000      0.144835123712E+02
   16.4000      0.144607129210E+02
   16.5000      0.143797846912E+02
   16.6000      0.142754568131E+02
   16.7000      0.142116618163E+02
   16.8000      0.142182890829E+02
   16.9000      0.142537798939E+02
   17.0000      0.142389087498E+02
   17.1000      0.141306531549E+02
   17.2000      0.139617688931E+02
   17.3000      0.138113312170E+02
   17.4000      0.137406989137E+02
   17.5000      0.137514847451E+02
   17.6000      0.137913610715E+02
   17.7000      0.137965528692E+02
   17.8000      0.137416453986E+02
   17.9000      0.136616246687E+02
   18.0000      0.136225585152E+02
   18.1000      0.136575942684E+02
   18.2000      0.137264691737E+02
   18.3000      0.137447347030E+02
   18.4000      0.136600892520E+02
   18.5000      0.135009699691E+02
   18.6000      0.133503477873E+02
   18.7000      0.132743079548E+02
   18.8000      0.132738482195E+02
   18.9000      0.132956943243E+02
   19.0000      0.132820335559E+02
   19.1000      0.132157736189E+02
   19.2000      0.131310139622E+02
   19.3000      0.130833676800E+02
   19.4000      0.131003384060E+02
   19.5000      0.131513179532E+02
   19.6000      0.131683641703E+02
   19.7000      0.131046346038E+02
   19.8000      0.129761269729E+02
   19.9000      0.128451467920E+02
   20.0000      0.127631563918E+02
   20.1000      0.127302508053E+02
   20.2000      0.127055273400E+02
   20.3000      0.126494926825E+02
   20.4000      0.125564696032E+02
   20.5000      0.124549820446E+02
   20.6000      0.123831861321E+02
   20.7000      0.123587948256E+02
   20.8000      0.123630560991E+02
   20.9000      0.123522373988E+02
   21.0000      0.122918057903E+02
   21.1000      0.121852246360E+02
   21.2000      0.120688901801E+02
   21.3000      0.119771732504E+02
   21.4000      0.119131650752E+02
   21.5000      0.118529204749E+02
   21.6000      0.117734171429E+02
   21.7000      0.116730509832E+02
   21.8000      0.115689277799E+02
   21.9000      0.114808831730E+02
   22.0000      0.114178701823E+02
   22.1000      0.113726272696E+02
   22.2000      0.113252744878E+02
   22.3000      0.112561089243E+02
   22.4000      0.111609465643E+02
   22.5000      0.110546168035E+02
   22.6000      0.109566007233E+02
   22.7000      0.108728482502E+02
   22.8000      0.107932137885E+02
   22.9000      0.107052876487E+02
   23.0000      0.106069638844E+02
   23.1000      0.105054221829E+02
   23.2000      0.104086354697E+02
   23.3000      0.103207160091E+02
   23.4000      0.102418892988E+02
   23.5000      0.101679342965E+02
   23.6000      0.100902771372E+02
   23.7000      0.100014819680E+02
   23.8000      0.990260075658E+01
   23.9000      0.980259967894E+01
   24.0000      0.970887519116E+01
   24.1000      0.962017216375E+01
   24.2000      0.953013544757E+01
   24.3000      0.943545956945E+01
   24.4000      0.933813089911E+01
   24.5000      0.924155834405E+01
   24.6000      0.914811488798E+01
   24.7000      0.906003261989E+01
   24.8000      0.897858789983E+01
   24.9000      0.890074018252E+01
   25.0000      0.881964223697E+01
   25.1000      0.873135927132E+01
   25.2000      0.863976718118E+01
   25.3000      0.855221452815E+01
   25.4000      0.847095813748E+01
   25.5000      0.839133952234E+01
   25.6000      0.830821001234E+01
   25.7000      0.822148054421E+01
   25.8000      0.813476866578E+01
   25.9000      0.805125866721E+01
   26.0000      0.797242899044E+01
   26.1000      0.789852569673E+01
   26.2000      0.782765681492E+01
   26.3000      0.775564386598E+01
   26.4000      0.767989412327E+01
   26.5000      0.760358338629E+01
   26.6000      0.753320239177E+01
   26.7000      0.747076839701E+01
   26.8000      0.741053569486E+01
   26.9000      0.734512696012E+01
   27.0000      0.727363889878E+01
   27.1000      0.720197366816E+01
   27.2000      0.713613828910E+01
   27.3000      0.707716162818E+01
   27.4000      0.702192896644E+01
   27.5000      0.696648545891E+01
   27.6000      0.690826361124E+01
   27.7000      0.684776312444E+01
   27.8000      0.678956267792E+01
   27.9000      0.673956798685E+01
   28.0000      0.669863659127E+01
   28.1000      0.665954083235E+01
   28.2000      0.661281635875E+01
   28.3000      0.655632345633E+01
   28.4000      0.649758657665E+01
   28.5000      0.644615916048E+01
   28.6000      0.640488262653E+01
   28.7000      0.636891877729E+01
   28.8000      0.633149575639E+01
   28.9000      0.628941531037E+01
   29.0000      0.624473061507E+01
   29.1000      0.620342447492E+01
   29.2000      0.617171086788E+01
   29.3000      0.615055618704E+01
   29.4000      0.613265442009E+01
   29.5000      0.610689479990E+01
   29.6000      0.606804436869E+01
   29.7000      0.602186710462E+01
   29.8000      0.597963240546E+01
   29.9000      0.594777402757E+01
   30.0000      0.592344058167E+01
   30.1000      0.589905134140E+01
   30.2000      0.586955896434E+01
   30.3000      0.583589669165E+01
   30.4000      0.580388452951E+01
   30.5000      0.578059074012E+01
   30.6000      0.576933652518E+01
   30.7000      0.576569804379E+01
   30.8000      0.575896576894E+01
   30.9000      0.574010056419E+01
   31.0000      0.570954333034E+01
   31.1000      0.567662992017E+01
   31.2000      0.565092587917E+01
   31.3000      0.563446273173E+01
   31.4000      0.562188167686E+01
   31.5000      0.560641206828E+01
   31.6000      0.558518535305E+01
   31.7000      0.556075122128E+01
   31.8000      0.553951129313E+01
   31.9000      0.552779396834E+01
   32.0000      0.552656209631E+01
   32.1000      0.552873336410E+01
   32.2000      0.552334658230E+01
   32.3000      0.550444121002E+01
   32.4000      0.547628048051E+01
   32.5000      0.544948731319E+01
   32.6000      0.543215224399E+01
   32.7000      0.542445576551E+01
   32.8000      0.542032785522E+01
   32.9000      0.541283589835E+01
   33.0000      0.539889792781E+01
   33.1000      0.538139843785E+01
   33.2000      0.536769093967E+01
   33.3000      0.536402356043E+01
   33.4000      0.536905375286E+01
   33.5000      0.537289599421E+01
   33.6000      0.536442397463E+01
   33.7000      0.534082401682E+01
   33.8000      0.531015256798E+01
   33.9000      0.528462511465E+01
   34.0000      0.527137942661E+01
   34.1000      0.526847255431E+01
   34.2000      0.526774872347E+01
   34.3000      0.526114990167E+01
   34.4000      0.524644468076E+01
   34.5000      0.522917399836E+01
   34.6000      0.521865575870E+01
   34.7000      0.521967751381E+01
   34.8000      0.522670823152E+01
   34.9000      0.522714008721E+01
   35.0000      0.521177849082E+01
   35.1000      0.518291806556E+01
   35.2000      0.515245222233E+01
   35.3000      0.513234593650E+01
   35.4000      0.512623428225E+01
   35.5000      0.512817808605E+01
   35.6000      0.512794474938E+01
   35.7000      0.511847684353E+01
   35.8000      0.510095618170E+01
   35.9000      0.508392075561E+01
   36.0000      0.507604202607E+01
   36.1000      0.507771499519E+01
   36.2000      0.507938530113E+01
   36.3000      0.506926321621E+01
   36.4000      0.504369262005E+01
   36.5000      0.501044636596E+01
   36.6000      0.498234355670E+01
   36.7000      0.496763081122E+01
   36.8000      0.496509003372E+01
   36.9000      0.496630581947E+01
   37.0000      0.496217106242E+01
   37.1000      0.494918642486E+01
   37.2000      0.493171538312E+01
   37.3000      0.491817720005E+01
   37.4000      0.491332508583E+01
   37.5000      0.491310304580E+01
   37.6000      0.490746298808E+01
   37.7000      0.488907758162E+01
   37.8000      0.485974212181E+01
   37.9000      0.482869734057E+01
   38.0000      0.480523802568E+01
   38.1000      0.479251437937E+01
   38.2000      0.478667581563E+01
   38.3000      0.478045648255E+01
   38.4000      0.476818919397E+01
   38.5000      0.474949975324E+01
   38.6000      0.472936893488E+01
   38.7000      0.471384976025E+01
   38.8000      0.470444611367E+01
   38.9000      0.469642226609E+01
   39.0000      0.468305798156E+01
   39.1000      0.466172920356E+01
   39.2000      0.463591554643E+01
   39.3000      0.461190281537E+01
   39.4000      0.459407492517E+01
   39.5000      0.458263971194E+01
   39.6000      0.457420845622E+01
   39.7000      0.456388392653E+01
   39.8000      0.454801227398E+01
   39.9000      0.452656936217E+01
   40.0000      0.450317897544E+01
   40.1000      0.448199696507E+01
   40.2000      0.446407798355E+01
   40.3000      0.444690704475E+01
   40.4000      0.442737890453E+01
   40.5000      0.440479464398E+01
   40.6000      0.438111211988E+01
   40.7000      0.435920933603E+01
   40.8000      0.434129959470E+01
   40.9000      0.432800901655E+01
   41.0000      0.431765718398E+01
   41.1000      0.430645953854E+01
   41.2000      0.429069712722E+01
   41.3000      0.426960229289E+01
   41.4000      0.424597400367E+01
   41.5000      0.422360668534E+01
   41.6000      0.420418490530E+01
   41.7000      0.418660694400E+01
   41.8000      0.416863105319E+01
   41.9000      0.414867919597E+01
   42.0000      0.412667108891E+01
   42.1000      0.410419627539E+01
   42.2000      0.408391104437E+01
   42.3000      0.406763054446E+01
   42.4000      0.405419802325E+01
   42.5000      0.403967031570E+01
   42.6000      0.402048613610E+01
   42.7000      0.399670107249E+01
   42.8000      0.397191735118E+01
   42.9000      0.395013052799E+01
   43.0000      0.393278892185E+01
   43.1000      0.391839149575E+01
   43.2000      0.390404475153E+01
   43.3000      0.388736319086E+01
   43.4000      0.386791261137E+01
   43.5000      0.384764617058E+01
   43.6000      0.382951250015E+01
   43.7000      0.381466518169E+01
   43.8000      0.380083864056E+01
   43.9000      0.378407082698E+01
   44.0000      0.376241793578E+01
   44.1000      0.373783027374E+01
   44.2000      0.371434646786E+01
   44.3000      0.369475389470E+01
   44.4000      0.367894220428E+01
   44.5000      0.366472708663E+01
   44.6000      0.364967858779E+01
   44.7000      0.363263596635E+01
   44.8000      0.361443754240E+01
   44.9000      0.359736529358E+01
   45.0000      0.358313767824E+01
   45.1000      0.357093583979E+01
   45.2000      0.355775419889E+01
   45.3000      0.354119974087E+01
   45.4000      0.352186463236E+01
   45.5000      0.350264909546E+01
   45.6000      0.348590726205E+01
   45.7000      0.347157587129E+01
   45.8000      0.345785179630E+01
   45.9000      0.344308443156E+01
   46.0000      0.342696934556E+01
   46.1000      0.341058480267E+01
   46.2000      0.339567060162E+01
   46.3000      0.338336194916E+01
   46.4000      0.337295574744E+01
   46.5000      0.336206516513E+01
   46.6000      0.334867693575E+01
   46.7000      0.333326798949E+01
   46.8000      0.331845847957E+01
   46.9000      0.330629440701E+01
   47.0000      0.329611684507E+01
   47.1000      0.328531232328E+01
   47.2000      0.327192901610E+01
   47.3000      0.325640182298E+01
   47.4000      0.324110726935E+01
   47.5000      0.322862376138E+01
   47.6000      0.322001983475E+01
   47.7000      0.321396587368E+01
   47.8000      0.320732126167E+01
   47.9000      0.319736998643E+01
   48.0000      0.318423407393E+01
   48.1000      0.317097521085E+01
   48.2000      0.316074694331E+01
   48.3000      0.315364103597E+01
   48.4000      0.314651433142E+01
   48.5000      0.313597283592E+01
   48.6000      0.312149180847E+01
   48.7000      0.310592550549E+01
   48.8000      0.309342376824E+01
   48.9000      0.308662874302E+01
   49.0000      0.308487344859E+01
   49.1000      0.308435108386E+01
   49.2000      0.308048121045E+01
   49.3000      0.307124989989E+01
   49.4000      0.305883392239E+01
   49.5000      0.304765108176E+01
   49.6000      0.304031487109E+01
   49.7000      0.303532124654E+01
   49.8000      0.302864457077E+01
   49.9000      0.301751469449E+01
   50.0000      0.300287011317E+01
   50.1000      0.298875360236E+01
   50.2000      0.297957724340E+01
   50.3000      0.297720429004E+01
   50.4000      0.297948468055E+01
   50.5000      0.298129270028E+01
   50.6000      0.297787901064E+01
   50.7000      0.296833206898E+01
   50.8000      0.295614470796E+01
   50.9000      0.294612452217E+01
   51.0000      0.294039171823E+01
   51.1000      0.293705755341E+01
   51.2000      0.293238179902E+01
   51.3000      0.292405788824E+01
   51.4000      0.291294314470E+01
   51.5000      0.290241883537E+01
   51.6000      0.289612436487E+01
   51.7000      0.289533553820E+01
   51.8000      0.289756216370E+01
   51.9000      0.289776022849E+01
   52.0000      0.289183340068E+01
   52.1000      0.287977275738E+01
   52.2000      0.286563857682E+01
   52.3000      0.285440201916E+01
   52.4000      0.284850217763E+01
   52.5000      0.284678763202E+01
   52.6000      0.284600606650E+01
   52.7000      0.284321884872E+01
   52.8000      0.283763552183E+01
   52.9000      0.283105654654E+01
   53.0000      0.282653094443E+01
   53.1000      0.282574462260E+01
   53.2000      0.282707751697E+01
   53.3000      0.282634645717E+01
   53.4000      0.281998755238E+01
   53.5000      0.280797100687E+01
   53.6000      0.279396184929E+01
   53.7000      0.278285121123E+01
   53.8000      0.277778055531E+01
   53.9000      0.277850883285E+01
   54.0000      0.278169189577E+01
   54.1000      0.278285438394E+01
   54.2000      0.277921529958E+01
   54.3000      0.277161151459E+01
   54.4000      0.276375700745E+01
   54.5000      0.275908012592E+01
   54.6000      0.275780115895E+01
   54.7000      0.275687763403E+01
   54.8000      0.275273536887E+01
   54.9000      0.274428293058E+01
   55.0000      0.273390296637E+01
   55.1000      0.272601530426E+01
   55.2000      0.272426218754E+01
   55.3000      0.272886420518E+01
   55.4000      0.273582283360E+01
   55.5000      0.273903689663E+01
   55.6000      0.273439170431E+01
   55.7000      0.272277864269E+01
   55.8000      0.270938855383E+01
   55.9000      0.269977105995E+01
   56.0000      0.269597158757E+01
   56.1000      0.269568893603E+01
   56.2000      0.269460637334E+01
   56.3000      0.268981006059E+01
   56.4000      0.268197462981E+01
   56.5000      0.267498208222E+01
   56.6000      0.267302412457E+01
   56.7000      0.267693527944E+01
   56.8000      0.268265406654E+01
   56.9000      0.268361242201E+01
   57.0000      0.267558349069E+01
   57.1000      0.266005842886E+01
   57.2000      0.264333573249E+01
   57.3000      0.263218181710E+01
   57.4000      0.262949645713E+01
   57.5000      0.263287886453E+01
   57.6000      0.263663325500E+01
   57.7000      0.263571178436E+01
   57.8000      0.262910639622E+01
   57.9000      0.262034233371E+01
   58.0000      0.261442562641E+01
   58.1000      0.261341353235E+01
   58.2000      0.261434688548E+01
   58.3000      0.261151864821E+01
   58.4000      0.260121976627E+01
   58.5000      0.258496433246E+01
   58.6000      0.256872320218E+01
   58.7000      0.255900537922E+01
   58.8000      0.255864740184E+01
   58.9000      0.256494559417E+01
   59.0000      0.257125489814E+01
   59.1000      0.257122347308E+01
   59.2000      0.256298264047E+01
   59.3000      0.255017721199E+01
   59.4000      0.253885963204E+01
   59.5000      0.253271480875E+01
   59.6000      0.253055795580E+01
   59.7000      0.252793563618E+01
   59.8000      0.252111361677E+01
   59.9000      0.251014675200E+01
   60.0000      0.249896310227E+01
   60.1000      0.249266011314E+01
   60.2000      0.249380559383E+01
   60.3000      0.250012543143E+01
   60.4000      0.250541410021E+01
   60.5000      0.250349870000E+01
   60.6000      0.249254989820E+01
   60.7000      0.247634809938E+01
   60.8000      0.246147502465E+01
   60.9000      0.245277572174E+01
   61.0000      0.245057271469E+01
   61.1000      0.245126309133E+01
   61.2000      0.245030785807E+01
   61.3000      0.244539979385E+01
   61.4000      0.243788994601E+01
   61.5000      0.243158831427E+01
   61.6000      0.242959191910E+01
   61.7000      0.243140074427E+01
   61.8000      0.243280361200E+01
   61.9000      0.242893606057E+01
   62.0000      0.241810194852E+01
   62.1000      0.240323688703E+01
   62.2000      0.238999635083E+01
   62.3000      0.238312734024E+01
   62.4000      0.238364874949E+01
   62.5000      0.238838628929E+01
   62.6000      0.239196258939E+01
   62.7000      0.239013034152E+01
   62.8000      0.238242724155E+01
   62.9000      0.237220451654E+01
   63.0000      0.236383805038E+01
   63.1000      0.235931195554E+01
   63.2000      0.235698426459E+01
   63.3000      0.235336549099E+01
   63.4000      0.234616632961E+01
   63.5000      0.233616841745E+01
   63.6000      0.232678567407E+01
   63.7000      0.232182159540E+01
   63.8000      0.232280114072E+01
   63.9000      0.232749899581E+01
   64.0000      0.233089123255E+01
   64.1000      0.232830239084E+01
   64.2000      0.231863002795E+01
   64.3000      0.230509881892E+01
   64.4000      0.229291874793E+01
   64.5000      0.228578273167E+01
   64.6000      0.228383111934E+01
   64.7000      0.228417976340E+01
   64.8000      0.228320103992E+01
   64.9000      0.227896044931E+01
   65.0000      0.227240151550E+01
   65.1000      0.226650485561E+01
   65.2000      0.226380218231E+01
   65.3000      0.226402286972E+01
   65.4000      0.226393502027E+01
   65.5000      0.225975285730E+01
   65.6000      0.225017181984E+01
   65.7000      0.223753550756E+01
   65.8000      0.222634726402E+01
   65.9000      0.222042305979E+01
   66.0000      0.222061777411E+01
   66.1000      0.222434814267E+01
   66.2000      0.222711685622E+01
   66.3000      0.222526602743E+01
   66.4000      0.221828750508E+01
   66.5000      0.220895690599E+01
   66.6000      0.220105079466E+01
   66.7000      0.219647155390E+01
   66.8000      0.219413234447E+01
   66.9000      0.219129430278E+01
   67.0000      0.218596318087E+01
   67.1000      0.217843421589E+01
   67.2000      0.217110121223E+01
   67.3000      0.216684062009E+01
   67.4000      0.216693344117E+01
   67.5000      0.216979606934E+01
   67.6000      0.217160935880E+01
   67.7000      0.216876102066E+01
   67.8000      0.216040534566E+01
   67.9000      0.214907506164E+01
   68.0000      0.213886528399E+01
   68.1000      0.213273612046E+01
   68.2000      0.213093459287E+01
   68.3000      0.213130849549E+01
   68.4000      0.213092415618E+01
   68.5000      0.212791696936E+01
   68.6000      0.212258163027E+01
   68.7000      0.211699427176E+01
   68.8000      0.211325735885E+01
   68.9000      0.211163801292E+01
   69.0000      0.211023014291E+01
   69.1000      0.210652212740E+01
   69.2000      0.209949549169E+01
   69.3000      0.209048872615E+01
   69.4000      0.208231443136E+01
   69.5000      0.207749435805E+01
   69.6000      0.207677046419E+01
   69.7000      0.207860588161E+01
   69.8000      0.207995080459E+01
   69.9000      0.207803215591E+01
   70.0000      0.207213324813E+01
   70.1000      0.206399640781E+01
   70.2000      0.205643220447E+01
   70.3000      0.205128793059E+01
   70.4000      0.204843071879E+01
   70.5000      0.204631261043E+01
   70.6000      0.204332951452E+01
   70.7000      0.203890271743E+01
   70.8000      0.203377683017E+01
   70.9000      0.202949427329E+01
   71.0000      0.202724852420E+01
   71.1000      0.202676057667E+01
   71.2000      0.202615179368E+01
   71.3000      0.202318931582E+01
   71.4000      0.201699441479E+01
   71.5000      0.200875264429E+01
   71.6000      0.200088780214E+01
   71.7000      0.199550918573E+01
   71.8000      0.199328328766E+01
   71.9000      0.199322715769E+01
   72.0000      0.199331467483E+01
   72.1000      0.199161406265E+01
   72.2000      0.198745471275E+01
   72.3000      0.198182118091E+01
   72.4000      0.197650994919E+01
   72.5000      0.197266354691E+01
   72.6000      0.196997186298E+01
   72.7000      0.196717630910E+01
   72.8000      0.196324535629E+01
   72.9000      0.195815489726E+01
   73.0000      0.195284735278E+01
   73.1000      0.194862841326E+01
   73.2000      0.194635925793E+01
   73.3000      0.194576199673E+01
   73.4000      0.194532604881E+01
   73.5000      0.194316204303E+01
   73.6000      0.193834373859E+01
   73.7000      0.193161675046E+01
   73.8000      0.192482589170E+01
   73.9000      0.191961850902E+01
   74.0000      0.191652725343E+01
   74.1000      0.191493510534E+01
   74.2000      0.191362581955E+01
   74.3000      0.191148350383E+01
   74.4000      0.190810526247E+01
   74.5000      0.190403905337E+01
   74.6000      0.190033065422E+01
   74.7000      0.189758619092E+01
   74.8000      0.189538870917E+01
   74.9000      0.189268404706E+01
   75.0000      0.188874740461E+01
   75.1000      0.188377243762E+01
   75.2000      0.187865211460E+01
   75.3000      0.187434987485E+01
   75.4000      0.187138875426E+01
   75.5000      0.186959405311E+01
   75.6000      0.186809715175E+01
   75.7000      0.186574943728E+01
   75.8000      0.186188055751E+01
   75.9000      0.185682001140E+01
   76.0000      0.185162483807E+01
   76.1000      0.184724114061E+01
   76.2000      0.184391906805E+01
   76.3000      0.184131781016E+01
   76.4000      0.183894760726E+01
   76.5000      0.183644419688E+01
   76.6000      0.183364216288E+01
   76.7000      0.183063624662E+01
   76.8000      0.182774923349E+01
   76.9000      0.182523478642E+01
   77.0000      0.182294144518E+01
   77.1000      0.182038565132E+01
   77.2000      0.181722072182E+01
   77.3000      0.181355006725E+01
   77.4000      0.180973973647E+01
   77.5000      0.180604871361E+01
   77.6000      0.180254013523E+01
   77.7000      0.179922396053E+01
   77.8000      0.179607476343E+01
   77.9000      0.179290845731E+01
   78.0000      0.178943877349E+01
   78.1000      0.178556414370E+01
   78.2000      0.178151470483E+01
   78.3000      0.177764909354E+01
   78.4000      0.177419424509E+01
   78.5000      0.177124975456E+01
   78.6000      0.176890122068E+01
   78.7000      0.176711894109E+01
   78.8000      0.176555415132E+01
   78.9000      0.176364620208E+01
   79.0000      0.176106213819E+01
   79.1000      0.175797525232E+01
   79.2000      0.175485808161E+01
   79.3000      0.175207279068E+01
   79.4000      0.174969560804E+01
   79.5000      0.174758332154E+01
   79.6000      0.174543294088E+01
   79.7000      0.174284174305E+01
   79.8000      0.173955487220E+01
   79.9000      0.173576279164E+01
   80.0000      0.173202157180E+01
   80.1000      0.172873657107E+01
   80.2000      0.172575307092E+01
   80.3000      0.172253557572E+01
   80.4000      0.171872251858E+01
   80.5000      0.171446332596E+01
   80.6000      0.171031456779E+01
   80.7000      0.170694153233E+01
   80.8000      0.170482796806E+01
   80.9000      0.170397393782E+01
   81.0000      0.170370102691E+01
   81.1000      0.170290494423E+01
   81.2000      0.170078144893E+01
   81.3000      0.169743603570E+01
   81.4000      0.169376401164E+01
   81.5000      0.169072254417E+01
   81.6000      0.168869743618E+01
   81.7000      0.168741224486E+01
   81.8000      0.168622112693E+01
   81.9000      0.168447157140E+01
   82.0000      0.168184731694E+01
   82.1000      0.167860763967E+01
   82.2000      0.167545011223E+01
   82.3000      0.167291857677E+01
   82.4000      0.167084274080E+01
   82.5000      0.166843023611E+01
   82.6000      0.166498023179E+01
   82.7000      0.166051907918E+01
   82.8000      0.165580922067E+01
   82.9000      0.165186465989E+01
   83.0000      0.164942023023E+01
   83.1000      0.164857362925E+01
   83.2000      0.164864929354E+01
   83.3000      0.164844484379E+01
   83.4000      0.164692568673E+01
   83.5000      0.164394288313E+01
   83.6000      0.164031600410E+01
   83.7000      0.163716158665E+01
   83.8000      0.163509596270E+01
   83.9000      0.163397334569E+01
   84.0000      0.163317792499E+01
   84.1000      0.163205544057E+01
   84.2000      0.163023405296E+01
   84.3000      0.162782060048E+01
   84.4000      0.162536377784E+01
   84.5000      0.162343475928E+01
   84.6000      0.162205907826E+01
   84.7000      0.162057678947E+01
   84.8000      0.161816986436E+01
   84.9000      0.161457431401E+01
   85.0000      0.161031134754E+01
   85.1000      0.160633041396E+01
   85.2000      0.160347610019E+01
   85.3000      0.160210715611E+01
   85.4000      0.160190168480E+01
   85.5000      0.160190698945E+01
   85.6000      0.160099588574E+01
   85.7000      0.159858989078E+01
   85.8000      0.159507552648E+01
   85.9000      0.159149033667E+01
   86.0000      0.158876210438E+01
   86.1000      0.158718189243E+01
   86.2000      0.158642067813E+01
   86.3000      0.158584773588E+01
   86.4000      0.158485830327E+01
   86.5000      0.158316738853E+01
   86.6000      0.158100836534E+01
   86.7000      0.157898987855E+01
   86.8000      0.157756070307E+01
   86.9000      0.157653476679E+01
   87.0000      0.157520041020E+01
   87.1000      0.157293983709E+01
   87.2000      0.156975012119E+01
   87.3000      0.156624648592E+01
   87.4000      0.156328858628E+01
   87.5000      0.156155529677E+01
   87.6000      0.156118825579E+01
   87.7000      0.156157872854E+01
   87.8000      0.156154549460E+01
   87.9000      0.156001509548E+01
   88.0000      0.155677739355E+01
   88.1000      0.155264708418E+01
   88.2000      0.154887491800E+01
   88.3000      0.154635159188E+01
   88.4000      0.154520629055E+01
   88.5000      0.154489655796E+01
   88.6000      0.154455524493E+01
   88.7000      0.154344265105E+01
   88.8000      0.154139143911E+01
   88.9000      0.153894095905E+01
   89.0000      0.153690489547E+01
   89.1000      0.153564514937E+01
   89.2000      0.153473494079E+01
   89.3000      0.153335154208E+01
   89.4000      0.153099543723E+01
   89.5000      0.152788658957E+01
   89.6000      0.152482464157E+01
   89.7000      0.152274289446E+01
   89.8000      0.152219766698E+01
   89.9000      0.152294456732E+01
   90.0000      0.152387279992E+01
   90.1000      0.152355588800E+01
   90.2000      0.152118838347E+01
   90.3000      0.151717278717E+01
   90.4000      0.151283202069E+01
   90.5000      0.150951770395E+01
   90.6000      0.150785134414E+01
   90.7000      0.150753459538E+01
   90.8000      0.150763938686E+01
   90.9000      0.150713528591E+01
   91.0000      0.150547224716E+01
   91.1000      0.150293306563E+01
   91.2000      0.150040834943E+01
   91.3000      0.149864550557E+01
   91.4000      0.149760087328E+01
   91.5000      0.149651156694E+01
   91.6000      0.149459549565E+01
   91.7000      0.149170702988E+01
   91.8000      0.148845105581E+01
   91.9000      0.148581454755E+01
   92.0000      0.148461757078E+01
   92.1000      0.148499982923E+01
   92.2000      0.148616892981E+01
   92.3000      0.148670624726E+01
   92.4000      0.148542529453E+01
   92.5000      0.148219983052E+01
   92.6000      0.147805347574E+01
   92.7000      0.147443694730E+01
   92.8000      0.147232779404E+01
   92.9000      0.147179279889E+01
   93.0000      0.147211806095E+01
   93.1000      0.147226185662E+01
   93.2000      0.147141709189E+01
   93.3000      0.146947932675E+01
   93.4000      0.146709433296E+01
   93.5000      0.146512203792E+01
   93.6000      0.146389871243E+01
   93.7000      0.146297559045E+01
   93.8000      0.146157041827E+01
   93.9000      0.145926049437E+01
   94.0000      0.145630538431E+01
   94.1000      0.145346141692E+01
   94.2000      0.145154690725E+01
   94.3000      0.145098807206E+01
   94.4000      0.145148099745E+01
   94.5000      0.145200367847E+01
   94.6000      0.145136232523E+01
   94.7000      0.144899941481E+01
   94.8000      0.144540441928E+01
   94.9000      0.144175528914E+01
   95.0000      0.143913244311E+01
   95.1000      0.143795134442E+01
   95.2000      0.143789391098E+01
   95.3000      0.143817725662E+01
   95.4000      0.143795973790E+01
   95.5000      0.143678800534E+01
   95.6000      0.143487513861E+01
   95.7000      0.143291799659E+01
   95.8000      0.143150265357E+01
   95.9000      0.143062007774E+01
   96.0000      0.142975242836E+01
   96.1000      0.142838874032E+01
   96.2000      0.142643502116E+01
   96.3000      0.142423016198E+01
   96.4000      0.142231273383E+01
   96.5000      0.142114308718E+01
   96.6000      0.142082031307E+01
   96.7000      0.142088793682E+01
   96.8000      0.142048370884E+01
   96.9000      0.141889203643E+01
   97.0000      0.141608616828E+01
   97.1000      0.141275259182E+01
   97.2000      0.140979395053E+01
   97.3000      0.140779120924E+01
   97.4000      0.140679936438E+01
   97.5000      0.140643071655E+01
   97.6000      0.140605197478E+01
   97.7000      0.140507928621E+01
   97.8000      0.140333135432E+01
   97.9000      0.140116871552E+01
   98.0000      0.139919720322E+01
   98.1000      0.139776291761E+01
   98.2000      0.139673412513E+01
   98.3000      0.139573680163E+01
   98.4000      0.139451416368E+01
   98.5000      0.139306173278E+01
   98.6000      0.139155859257E+01
   98.7000      0.139027354899E+01
   98.8000      0.138944233060E+01
   98.9000      0.138905015868E+01
   99.0000      0.138869305348E+01
   99.1000      0.138778160856E+01
   99.2000      0.138599653163E+01
   99.3000      0.138355115468E+01
   99.4000      0.138100305027E+01
   99.5000      0.137885441378E+01
   99.6000      0.137731890848E+01
   99.7000      0.137631394397E+01
   99.8000      0.137551529324E+01
   99.9000      0.137445780797E+01
  100.0000      0.137278470620E+01
  100.1000      0.137052820258E+01
  100.2000      0.136810526216E+01
  100.3000      0.136596423975E+01
  100.4000      0.136424137185E+01
  100.5000      0.136276747631E+01
  100.6000      0.136132280901E+01
  100.7000      0.135980480011E+01
  100.8000      0.135821684485E+01
  100.9000      0.135664362188E+01
  101.0000      0.135525997840E+01
  101.1000      0.135422646538E+01
  101.2000      0.135347440951E+01
  101.3000      0.135265447499E+01
  101.4000      0.135140449457E+01
  101.5000      0.134967563392E+01
  101.6000      0.134775281996E+01
  101.7000      0.134598681741E+01
  101.8000      0.134456839317E+01
  101.9000      0.134350776114E+01
  102.0000      0.134267625111E+01
  102.1000      0.134180794506E+01
  102.2000      0.134058659084E+01
  102.3000      0.133887843035E+01
  102.4000      0.133687745118E+01
  102.5000      0.133493311772E+01
  102.6000      0.133322070575E+01
  102.7000      0.133163109903E+01
  102.8000      0.132996389857E+01
  102.9000      0.132813644893E+01
  103.0000      0.132619384411E+01
  103.1000      0.132423247248E+01
  103.2000      0.132239290588E+01
  103.3000      0.132083814163E+01
  103.4000      0.131959869951E+01
  103.5000      0.131843910720E+01
  103.6000      0.131699599266E+01
  103.7000      0.131510966773E+01
  103.8000      0.131297833727E+01
  103.9000      0.131096816815E+01
  104.0000      0.130932955095E+01
  104.1000      0.130810746475E+01
  104.2000      0.130720780323E+01
  104.3000      0.130643650680E+01
  104.4000      0.130553069848E+01
  104.5000      0.130431232216E+01
  104.6000      0.130286807338E+01
  104.7000      0.130149025894E+01
  104.8000      0.130036979258E+01
  104.9000      0.129938561709E+01
  105.0000      0.129823853606E+01
  105.1000      0.129674658968E+01
  105.2000      0.129496786671E+01
  105.3000      0.129310830194E+01
  105.4000      0.129141063266E+01
  105.5000      0.129008620592E+01
  105.6000      0.128918188793E+01
  105.7000      0.128842730544E+01
  105.8000      0.128731215205E+01
  105.9000      0.128545594076E+01
  106.0000      0.128293780033E+01
  106.1000      0.128024018326E+01
  106.2000      0.127789055477E+01
  106.3000      0.127617130694E+01
  106.4000      0.127506910483E+01
  106.5000      0.127433628952E+01
  106.6000      0.127357403111E+01
  106.7000      0.127241953884E+01
  106.8000      0.127081293308E+01
  106.9000      0.126907421887E+01
  107.0000      0.126762240668E+01
  107.1000      0.126659003363E+01
  107.2000      0.126574023801E+01
  107.3000      0.126473368984E+01
  107.4000      0.126341559205E+01
  107.5000      0.126188083566E+01
  107.6000      0.126039307673E+01
  107.7000      0.125928165946E+01
  107.8000      0.125876914129E+01
  107.9000      0.125872337358E+01
  108.0000      0.125857882963E+01
  108.1000      0.125765067674E+01
  108.2000      0.125564642323E+01
  108.3000      0.125290241124E+01
  108.4000      0.125014704493E+01
  108.5000      0.124805938970E+01
  108.6000      0.124696402283E+01
  108.7000      0.124672662142E+01
  108.8000      0.124678725815E+01
  108.9000      0.124638549668E+01
  109.0000      0.124499653298E+01
  109.1000      0.124270263004E+01
  109.2000      0.124012963615E+01
  109.3000      0.123796638149E+01
  109.4000      0.123651293677E+01
  109.5000      0.123561536262E+01
  109.6000      0.123489862990E+01
  109.7000      0.123401211847E+01
  109.8000      0.123278845250E+01
  109.9000      0.123134959926E+01
  110.0000      0.123007080818E+01
  110.1000      0.122928667416E+01
  110.2000      0.122891949755E+01
  110.3000      0.122843168070E+01
  110.4000      0.122722713556E+01
  110.5000      0.122513718490E+01
  110.6000      0.122255671435E+01
  110.7000      0.122019542861E+01
  110.8000      0.121871150460E+01
  110.9000      0.121840521590E+01
  111.0000      0.121900585471E+01
  111.1000      0.121967540058E+01
  111.2000      0.121939908181E+01
  111.3000      0.121762377698E+01
  111.4000      0.121465092242E+01
  111.5000      0.121143338594E+01
  111.6000      0.120897183891E+01
  111.7000      0.120780055562E+01
  111.8000      0.120781867312E+01
  111.9000      0.120839584632E+01
  112.0000      0.120865816562E+01
  112.1000      0.120792889512E+01
  112.2000      0.120613880529E+01
  112.3000      0.120385625530E+01
  112.4000      0.120183376181E+01
  112.5000      0.120045248095E+01
  112.6000      0.119954886332E+01
  112.7000      0.119868056908E+01
  112.8000      0.119749260275E+01
  112.9000      0.119591605169E+01
  113.0000      0.119419989693E+01
  113.1000      0.119280887965E+01
  113.2000      0.119213174581E+01
  113.3000      0.119209640146E+01
  113.4000      0.119205046117E+01
  113.5000      0.119114828485E+01
  113.6000      0.118898186709E+01
  113.7000      0.118591346046E+01
  113.8000      0.118287170304E+01
  113.9000      0.118084633431E+01
  114.0000      0.118041422218E+01
  114.1000      0.118143859297E+01
  114.2000      0.118302561639E+01
  114.3000      0.118388291019E+01
  114.4000      0.118303327185E+01
  114.5000      0.118043713759E+01
  114.6000      0.117701476717E+01
  114.7000      0.117404938560E+01
  114.8000      0.117246225212E+01
  114.9000      0.117242254026E+01
  115.0000      0.117336599373E+01
  115.1000      0.117428982959E+01
  115.2000      0.117423706939E+01
  115.3000      0.117282269178E+01
  115.4000      0.117045865574E+01
  115.5000      0.116802415221E+01
  115.6000      0.116620867359E+01
  115.7000      0.116508906046E+01
  115.8000      0.116424174610E+01
  115.9000      0.116316608966E+01
  116.0000      0.116163193555E+01
  116.1000      0.115980585681E+01
  116.2000      0.115818625175E+01
  116.3000      0.115732890108E+01
  116.4000      0.115740199208E+01
  116.5000      0.115788350750E+01
  116.6000      0.115777622275E+01
  116.7000      0.115628561942E+01
  116.8000      0.115342103880E+01
  116.9000      0.115004227333E+01
  117.0000      0.114738450265E+01
  117.1000      0.114642944358E+01
  117.2000      0.114741030051E+01
  117.3000      0.114959651433E+01
  117.4000      0.115152148302E+01
  117.5000      0.115170966431E+01
  117.6000      0.114955213239E+01
  117.7000      0.114569836887E+01
  117.8000      0.114164767160E+01
  117.9000      0.113887414514E+01
  118.0000      0.113809895076E+01
  118.1000      0.113904100639E+01
  118.2000      0.114061717469E+01
  118.3000      0.114147370401E+01
  118.4000      0.114069165982E+01
  118.5000      0.113830936858E+01
  118.6000      0.113524865419E+01
  118.7000      0.113264125988E+01
  118.8000      0.113109115391E+01
  118.9000      0.113043551345E+01
  119.0000      0.113005410867E+01
  119.1000      0.112935556920E+01
  119.2000      0.112812492390E+01
  119.3000      0.112664500973E+01
  119.4000      0.112554488087E+01
  119.5000      0.112534710971E+01
  119.6000      0.112594849752E+01
  119.7000      0.112650864796E+01
  119.8000      0.112596970244E+01
  119.9000      0.112383382402E+01
  120.0000      0.112056839531E+01
  120.1000      0.111737521426E+01
  120.2000      0.111556072484E+01
  120.3000      0.111587084279E+01
  120.4000      0.111803260216E+01
  120.5000      0.112072039311E+01
  120.6000      0.112212896914E+01
  120.7000      0.112098036474E+01
  120.8000      0.111732801291E+01
  120.9000      0.111255104631E+01
  121.0000      0.110855496408E+01
  121.1000      0.110676663169E+01
  121.2000      0.110749478807E+01
  121.3000      0.110984982025E+01
  121.4000      0.111217844252E+01
  121.5000      0.111288377973E+01
  121.6000      0.111129068081E+01
  121.7000      0.110800800247E+01
  121.8000      0.110447643520E+01
  121.9000      0.110203071746E+01
  122.0000      0.110118444822E+01
  122.1000      0.110155102788E+01
  122.2000      0.110225345042E+01
  122.3000      0.110246201128E+01
  122.4000      0.110183057041E+01
  122.5000      0.110067765766E+01
  122.6000      0.109974515164E+01
  122.7000      0.109958646369E+01
  122.8000      0.110003870163E+01
  122.9000      0.110028314573E+01
  123.0000      0.109948152169E+01
  123.1000      0.109743975143E+01
  123.2000      0.109479408468E+01
  123.3000      0.109268072591E+01
  123.4000      0.109214974801E+01
  123.5000      0.109356691879E+01
  123.6000      0.109623986987E+01
  123.7000      0.109857932445E+01
  123.8000      0.109890826832E+01
  123.9000      0.109649405946E+01
  124.0000      0.109206116752E+01
  124.1000      0.108740585498E+01
  124.2000      0.108442641976E+01
  124.3000      0.108419029396E+01
  124.4000      0.108644732187E+01
  124.5000      0.108971829634E+01
  124.6000      0.109196563888E+01
  124.7000      0.109164378845E+01
  124.8000      0.108856929682E+01
  124.9000      0.108399631387E+01
  125.0000      0.107982345478E+01
  125.1000      0.107752418345E+01
  125.2000      0.107749264413E+01
  125.3000      0.107903605387E+01
  125.4000      0.108083176940E+01
  125.5000      0.108160375392E+01
  125.6000      0.108077767067E+01
  125.7000      0.107876506300E+01
  125.8000      0.107661114349E+01
  125.9000      0.107521392957E+01
  126.0000      0.107473945613E+01
  126.1000      0.107467201666E+01
  126.2000      0.107433435787E+01
  126.3000      0.107338844479E+01
  126.4000      0.107202942934E+01
  126.5000      0.107087916941E+01
  126.6000      0.107063402771E+01
  126.7000      0.107154738134E+01
  126.8000      0.107305144686E+01
  126.9000      0.107392947373E+01
  127.0000      0.107306732436E+01
  127.1000      0.107024568022E+01
  127.2000      0.106635582072E+01
  127.3000      0.106292937667E+01
  127.4000      0.106135673392E+01
  127.5000      0.106220033658E+01
  127.6000      0.106483547337E+01
  127.7000      0.106760554823E+01
  127.8000      0.106858838435E+01
  127.9000      0.106667228097E+01
  128.0000      0.106224734884E+01
  128.1000      0.105699626207E+01
  128.2000      0.105295454100E+01
  128.3000      0.105149225547E+01
  128.4000      0.105273672926E+01
  128.5000      0.105556880437E+01
  128.6000      0.105814016837E+01
  128.7000      0.105877484107E+01
  128.8000      0.105686604173E+01
  128.9000      0.105319007309E+01
  129.0000      0.104937338831E+01
  129.1000      0.104690933661E+01
  129.2000      0.104642613340E+01
  129.3000      0.104756266398E+01
  129.4000      0.104930978009E+01
  129.5000      0.105054324510E+01
  129.6000      0.105057335572E+01
  129.7000      0.104949622286E+01
  129.8000      0.104806867679E+01
  129.9000      0.104710696324E+01
  130.0000      0.104687464220E+01
  130.1000      0.104697912273E+01
  130.2000      0.104679509628E+01
  130.3000      0.104597065738E+01
  130.4000      0.104464649629E+01
  130.5000      0.104337213620E+01
  130.6000      0.104283048791E+01
  130.7000      0.104341774720E+01
  130.8000      0.104483458386E+01
  130.9000      0.104605376714E+01
  131.0000      0.104587535206E+01
  131.1000      0.104374001583E+01
  131.2000      0.104016325336E+01
  131.3000      0.103648188761E+01
  131.4000      0.103416282565E+01
  131.5000      0.103410222252E+01
  131.6000      0.103616561877E+01
  131.7000      0.103911957518E+01
  131.8000      0.104111655360E+01
  131.9000      0.104065617762E+01
  132.0000      0.103748318722E+01
  132.1000      0.103277002675E+01
  132.2000      0.102845259950E+01
  132.3000      0.102621799956E+01
  132.4000      0.102674271443E+01
  132.5000      0.102943719150E+01
  132.6000      0.103270147271E+01
  132.7000      0.103464778787E+01
  132.8000      0.103406620359E+01
  132.9000      0.103109425090E+01
  133.0000      0.102709132968E+01
  133.1000      0.102379665777E+01
  133.2000      0.102239815393E+01
  133.3000      0.102307134404E+01
  133.4000      0.102506243174E+01
  133.5000      0.102710896851E+01
  133.6000      0.102803689121E+01
  133.7000      0.102735571905E+01
  133.8000      0.102550590828E+01
  133.9000      0.102350299700E+01
  134.0000      0.102221298137E+01
  134.1000      0.102184991932E+01
  134.2000      0.102203278914E+01
  134.3000      0.102219156697E+01
  134.4000      0.102193218072E+01
  134.5000      0.102121614804E+01
  134.6000      0.102038361602E+01
  134.7000      0.101996587983E+01
  134.8000      0.102026311590E+01
  134.9000      0.102096831329E+01
  135.0000      0.102125462367E+01
  135.1000      0.102035545696E+01
  135.2000      0.101815503457E+01
  135.3000      0.101531167251E+01
  135.4000      0.101290569011E+01
  135.5000      0.101191685685E+01
  135.6000      0.101274878383E+01
  135.7000      0.101491088922E+01
  135.8000      0.101707330940E+01
  135.9000      0.101767898576E+01
  136.0000      0.101586589765E+01
  136.1000      0.101205066003E+01
  136.2000      0.100772727776E+01
  136.3000      0.100466992815E+01
  136.4000      0.100408440047E+01
  136.5000      0.100607941815E+01
  136.6000      0.100956882516E+01
  136.7000      0.101267910768E+01
  136.8000      0.101364318928E+01
  136.9000      0.101178045670E+01
  137.0000      0.100790075443E+01
  137.1000      0.100381738010E+01
  137.2000      0.100134461946E+01
  137.3000      0.100144544874E+01
  137.4000      0.100388799199E+01
  137.5000      0.100739571080E+01
  137.6000      0.101020649814E+01
  137.7000      0.101091913770E+01
  137.8000      0.100924236009E+01
  137.9000      0.100611883724E+01
  138.0000      0.100309085361E+01
  138.1000      0.100139662958E+01
  138.2000      0.100142619334E+01
  138.3000      0.100272390999E+01
  138.4000      0.100431937982E+01
  138.5000      0.100518488339E+01
  138.6000      0.100473145115E+01
  138.7000      0.100312988820E+01
  138.8000      0.100115750645E+01
  138.9000      0.999604705940E+00
  139.0000      0.998734166452E+00
  139.1000      0.998242631039E+00
  139.2000      0.997643464029E+00
  139.3000      0.996644940257E+00
  139.4000      0.995291498868E+00
  139.5000      0.993936359262E+00
  139.6000      0.993092692271E+00
  139.7000      0.993102274066E+00
  139.8000      0.993753123031E+00
  139.9000      0.994237723944E+00
  140.0000      0.993645500957E+00
  140.1000      0.991632688843E+00
  140.2000      0.988703369603E+00
  140.3000      0.985933103954E+00
  140.4000      0.984425896872E+00
  140.5000      0.984809362678E+00
  140.6000      0.986874783277E+00
  140.7000      0.989495700900E+00
  140.8000      0.991053197914E+00
  140.9000      0.990315117543E+00
  141.0000      0.987216897918E+00
  141.1000      0.982941621944E+00
  141.2000      0.979264068917E+00
  141.3000      0.977662086224E+00
  141.4000      0.978670326417E+00
  141.5000      0.981631859426E+00
  141.6000      0.984899127144E+00
  141.7000      0.986548266728E+00
  141.8000      0.985394769084E+00
  141.9000      0.981693436120E+00
  142.0000      0.976988881197E+00
  142.1000      0.973235825602E+00
  142.2000      0.971828632319E+00
  142.3000      0.973049989319E+00
  142.4000      0.976019960922E+00
  142.5000      0.979068906015E+00
  142.6000      0.980489882014E+00
  142.7000      0.979427252007E+00
  142.8000      0.976353481142E+00
  142.9000      0.972739520933E+00
  143.0000      0.970164400156E+00
  143.1000      0.969529049111E+00
  143.2000      0.970784770762E+00
  143.3000      0.973094555338E+00
  143.4000      0.975223219129E+00
  143.5000      0.976089086941E+00
  143.6000      0.975325869173E+00
  143.7000      0.973472548316E+00
  143.8000      0.971558972878E+00
  143.9000      0.970401126696E+00
  144.0000      0.970191635254E+00
  144.1000      0.970600675522E+00
  144.2000      0.971104309353E+00
  144.3000      0.971243539842E+00
  144.4000      0.970808173779E+00
  144.5000      0.969972364037E+00
  144.6000      0.969209117059E+00
  144.7000      0.968895696781E+00
  144.8000      0.968926925272E+00
  144.9000      0.968768214619E+00
  145.0000      0.967925781524E+00
  145.1000      0.966360352842E+00
  145.2000      0.964509007100E+00
  145.3000      0.963034760857E+00
  145.4000      0.962545839727E+00
  145.5000      0.963310939395E+00
  145.6000      0.964976880033E+00
  145.7000      0.966549917899E+00
  145.8000      0.966886095630E+00
  145.9000      0.965443692122E+00
  146.0000      0.962685998772E+00
  146.1000      0.959821872338E+00
  146.2000      0.958162381753E+00
  146.3000      0.958533735416E+00
  146.4000      0.960912259866E+00
  146.5000      0.964312817113E+00
  146.6000      0.967096654443E+00
  146.7000      0.967772532687E+00
  146.8000      0.965884153718E+00
  146.9000      0.962314811927E+00
  147.0000      0.958772517239E+00
  147.1000      0.956886462194E+00
  147.2000      0.957487993559E+00
  147.3000      0.960289965789E+00
  147.4000      0.963952069406E+00
  147.5000      0.966594337754E+00
  147.6000      0.966719051528E+00
  147.7000      0.964069626377E+00
  147.8000      0.959784478895E+00
  147.9000      0.955713945820E+00
  148.0000      0.953441155848E+00
  148.1000      0.953619905384E+00
  148.2000      0.955795778297E+00
  148.3000      0.958605355597E+00
  148.4000      0.960334463841E+00
  148.5000      0.959763604977E+00
  148.6000      0.956863172071E+00
  148.7000      0.952789250200E+00
  148.8000      0.949153614311E+00
  148.9000      0.947155378922E+00
  149.0000      0.947132970685E+00
  149.1000      0.948578553398E+00
  149.2000      0.950396518867E+00
  149.3000      0.951349183265E+00
  149.4000      0.950668013882E+00
  149.5000      0.948504787987E+00
  149.6000      0.945801121114E+00
  149.7000      0.943632489144E+00
  149.8000      0.942594620393E+00
  149.9000      0.942663209521E+00
  150.0000      0.943402424205E+00
  150.1000      0.944198728594E+00
  150.2000      0.944476011459E+00
  150.3000      0.943983673577E+00
  150.4000      0.942985691901E+00
  150.5000      0.942057845888E+00
  150.6000      0.941595601999E+00
  150.7000      0.941529809246E+00
  150.8000      0.941515564121E+00
  150.9000      0.941297727244E+00
  151.0000      0.940851925250E+00
  151.1000      0.940311744009E+00
  151.2000      0.939918355787E+00
  151.3000      0.939978195319E+00
  151.4000      0.940641850542E+00
  151.5000      0.941618849968E+00
  151.6000      0.942229227471E+00
  151.7000      0.941888629007E+00
  151.8000      0.940579048114E+00
  151.9000      0.938858324403E+00
  152.0000      0.937498289412E+00
  152.1000      0.937134618737E+00
  152.2000      0.938050157203E+00
  152.3000      0.939978255805E+00
  152.4000      0.942027676302E+00
  152.5000      0.943029473710E+00
  152.6000      0.942253497415E+00
  152.7000      0.939928997423E+00
  152.8000      0.937107851891E+00
  152.9000      0.935050874543E+00
  153.0000      0.934651016593E+00
  153.1000      0.936114828378E+00
  153.2000      0.938823854079E+00
  153.3000      0.941444715661E+00
  153.4000      0.942497408593E+00
  153.5000      0.941215264277E+00
  153.6000      0.938057454069E+00
  153.7000      0.934429387460E+00
  153.8000      0.931883847226E+00
  153.9000      0.931416387648E+00
  154.0000      0.933126446309E+00
  154.1000      0.936158507331E+00
  154.2000      0.938946396481E+00
  154.3000      0.939903104662E+00
  154.4000      0.938324139874E+00
  154.5000      0.934841497177E+00
  154.6000      0.931026681276E+00
  154.7000      0.928496718166E+00
  154.8000      0.928192008702E+00
  154.9000      0.930092245078E+00
  155.0000      0.933239952884E+00
  155.1000      0.936048774780E+00
  155.2000      0.937007782998E+00
  155.3000      0.935537458666E+00
  155.4000      0.932354433286E+00
  155.5000      0.929000284998E+00
  155.6000      0.926946997506E+00
  155.7000      0.926955860568E+00
  155.8000      0.928902398563E+00
  155.9000      0.931867380842E+00
  156.0000      0.934435662527E+00
  156.1000      0.935321521787E+00
  156.2000      0.934109323721E+00
  156.3000      0.931517226127E+00
  156.4000      0.928898681727E+00
  156.5000      0.927427771989E+00
  156.6000      0.927612726643E+00
  156.7000      0.929261228128E+00
  156.8000      0.931615390712E+00
  156.9000      0.933578089311E+00
  157.0000      0.934189939006E+00
  157.1000      0.933212043430E+00
  157.2000      0.931290365650E+00
  157.3000      0.929471709061E+00
  157.4000      0.928528397854E+00
  157.5000      0.928674092779E+00
  157.6000      0.929683145597E+00
  157.7000      0.931045379896E+00
  157.8000      0.932073380401E+00
  157.9000      0.932187072701E+00
  158.0000      0.931317469749E+00
  158.1000      0.929980787045E+00
  158.2000      0.928841098010E+00
  158.3000      0.928212971141E+00
  158.4000      0.928005821207E+00
  158.5000      0.927999084325E+00
  158.6000      0.927995057743E+00
  158.7000      0.927775127988E+00
  158.8000      0.927166863639E+00
  158.9000      0.926262014963E+00
  159.0000      0.925412958246E+00
  159.1000      0.924866003891E+00
  159.2000      0.924464798612E+00
  159.3000      0.923832811078E+00
  159.4000      0.922795123113E+00
  159.5000      0.921506449635E+00
  159.6000      0.920233629687E+00
  159.7000      0.919196630797E+00
  159.8000      0.918611038975E+00
  159.9000      0.918629229413E+00
  160.0000      0.919065651555E+00
  160.1000      0.919308723914E+00
  160.2000      0.918729792472E+00
  160.3000      0.917225255033E+00
  160.4000      0.915293760881E+00
  160.5000      0.913636802751E+00
  160.6000      0.912791512808E+00
  160.7000      0.913033115093E+00
  160.8000      0.914293349824E+00
  160.9000      0.915987845364E+00
  161.0000      0.917117317599E+00
  161.1000      0.916863466145E+00
  161.2000      0.915211832662E+00
  161.3000      0.912960740076E+00
  161.4000      0.911157006826E+00
  161.5000      0.910565300417E+00
  161.6000      0.911478852488E+00
  161.7000      0.913639450882E+00
  161.8000      0.916153756539E+00
  161.9000      0.917741118639E+00
  162.0000      0.917466923585E+00
  162.1000      0.915414421944E+00
  162.2000      0.912626461714E+00
  162.3000      0.910409516968E+00
  162.4000      0.909687960173E+00
  162.5000      0.910761044709E+00
  162.6000      0.913232482809E+00
  162.7000      0.915991731375E+00
  162.8000      0.917567510353E+00
  162.9000      0.916961575160E+00
  163.0000      0.914351677250E+00
  163.1000      0.910972996030E+00
  163.2000      0.908318178063E+00
  163.3000      0.907412628934E+00
  163.4000      0.908545253025E+00
  163.5000      0.911213416087E+00
  163.6000      0.914152030941E+00
  163.7000      0.915762710577E+00
  163.8000      0.915018713608E+00
  163.9000      0.912181550369E+00
  164.0000      0.908623162443E+00
  164.1000      0.905943063293E+00
  164.2000      0.905198465109E+00
  164.3000      0.906639094939E+00
  164.4000      0.909677911264E+00
  164.5000      0.912953081479E+00
  164.6000      0.914801259839E+00
  164.7000      0.914201144017E+00
  164.8000      0.911484235350E+00
  164.9000      0.908100181735E+00
  165.0000      0.905676205989E+00
  165.1000      0.905239497691E+00
  165.2000      0.906985994896E+00
  165.3000      0.910282001103E+00
  165.4000      0.913737533409E+00
  165.5000      0.915689373795E+00
  165.6000      0.915154136095E+00
  165.7000      0.912521091690E+00
  165.8000      0.909269101930E+00
  165.9000      0.906993857675E+00
  166.0000      0.906654077293E+00
  166.1000      0.908395227568E+00
  166.2000      0.911580388915E+00
  166.3000      0.914853117354E+00
  166.4000      0.916602729406E+00
  166.5000      0.915907661451E+00
  166.6000      0.913204816155E+00
  166.7000      0.909965661357E+00
  166.8000      0.907709708130E+00
  166.9000      0.907297548344E+00
  167.0000      0.908825232942E+00
  167.1000      0.911682775305E+00
  167.2000      0.914589417714E+00
  167.3000      0.916020588806E+00
  167.4000      0.915127954163E+00
  167.5000      0.912380978408E+00
  167.6000      0.909206469686E+00
  167.7000      0.907001920584E+00
  167.8000      0.906495646530E+00
  167.9000      0.907727896269E+00
  168.0000      0.910137557536E+00
  168.1000      0.912555192397E+00
  168.2000      0.913573189579E+00
  168.3000      0.912429913776E+00
  168.4000      0.909618289132E+00
  168.5000      0.906490778582E+00
  168.6000      0.904284730165E+00
  168.7000      0.903570755282E+00
  168.8000      0.904338535924E+00
  168.9000      0.906112353764E+00
  169.0000      0.907884634570E+00
  169.1000      0.908407549906E+00
  169.2000      0.907027088032E+00
  169.3000      0.904254055269E+00
  169.4000      0.901338603982E+00
  169.5000      0.899322612121E+00
  169.6000      0.898599294737E+00
  169.7000      0.899119505147E+00
  169.8000      0.900529603504E+00
  169.9000      0.902020670013E+00
  170.0000      0.902519056595E+00
  170.1000      0.901465172397E+00
  170.2000      0.899355771296E+00
  170.3000      0.897301055539E+00
  170.4000      0.896117681957E+00
  170.5000      0.896011210706E+00
  170.6000      0.896902695043E+00
  170.7000      0.898570447850E+00
  170.8000      0.900391398315E+00
  170.9000      0.901425909251E+00
  171.0000      0.901161580562E+00
  171.1000      0.900051775997E+00
  171.2000      0.899063161163E+00
  171.3000      0.898800391435E+00
  171.4000      0.899298859362E+00
  171.5000      0.900460268262E+00
  171.6000      0.902186664651E+00
  171.7000      0.904010372799E+00
  171.8000      0.905090292023E+00
  171.9000      0.904950861687E+00
  172.0000      0.904030773298E+00
  172.1000      0.903203083475E+00
  172.2000      0.902902136569E+00
  172.3000      0.903015795417E+00
  172.4000      0.903440206188E+00
  172.5000      0.904216595669E+00
  172.6000      0.905051635521E+00
  172.7000      0.905228610084E+00
  172.8000      0.904347780779E+00
  172.9000      0.902877668299E+00
  173.0000      0.901622934455E+00
  173.1000      0.900839754297E+00
  173.2000      0.900248819159E+00
  173.3000      0.899745054462E+00
  173.4000      0.899544547105E+00
  173.5000      0.899567506046E+00
  173.6000      0.899237461145E+00
  173.7000      0.898221881285E+00
  173.8000      0.896994088911E+00
  173.9000      0.896247436387E+00
  174.0000      0.896003741687E+00
  174.1000      0.895775401746E+00
  174.2000      0.895455512542E+00
  174.3000      0.895455721477E+00
  174.4000      0.895901016527E+00
  174.5000      0.896297242051E+00
  174.6000      0.896308654913E+00
  174.7000      0.896373735917E+00
  174.8000      0.897064752560E+00
  174.9000      0.898164425847E+00
  175.0000      0.898975511014E+00
  175.1000      0.899402583269E+00
  175.2000      0.900058750623E+00
  175.3000      0.901229807219E+00
  175.4000      0.902418875208E+00
  175.5000      0.903235311456E+00
  175.6000      0.904116492873E+00
  175.7000      0.905592782716E+00
  175.8000      0.907257490118E+00
  175.9000      0.908214012711E+00
  176.0000      0.908393774896E+00
  176.1000      0.908635445432E+00
  176.2000      0.909370720776E+00
  176.3000      0.910048287877E+00
  176.4000      0.910220458321E+00
  176.5000      0.910419779569E+00
  176.6000      0.911244257055E+00
  176.7000      0.912107919694E+00
  176.8000      0.911853506091E+00
  176.9000      0.910435868923E+00
  177.0000      0.909002643459E+00
  177.1000      0.908188883220E+00
  177.2000      0.907364479978E+00
  177.3000      0.906027645605E+00
  177.4000      0.904916344306E+00
  177.5000      0.904775107452E+00
  177.6000      0.904708794081E+00
  177.7000      0.903064111307E+00
  177.8000      0.899780070717E+00
  177.9000      0.896532285337E+00
  178.0000      0.894342992740E+00
  178.1000      0.892453624631E+00
  178.2000      0.890242757420E+00
  178.3000      0.888809929540E+00
  178.4000      0.889164861693E+00
  178.5000      0.889752967401E+00
  178.6000      0.887819340988E+00
  178.7000      0.883209976165E+00
  178.8000      0.878783345080E+00
  178.9000      0.876458701906E+00
  179.0000      0.875001258423E+00
  179.1000      0.873198442695E+00
  179.2000      0.873085413156E+00
  179.3000      0.876925294241E+00
  179.4000      0.881765395650E+00
  179.5000      0.881102890353E+00
  179.6000      0.873657410720E+00
  179.7000      0.867172840799E+00
  179.8000      0.869868395302E+00
  179.9000      0.879428126692E+00
  180.0000      0.884741632981E+00
