    0.1000      0.313359445468E+06
    0.2000      0.272037336907E+06
    0.3000      0.215231554680E+06
    0.4000      0.155681833045E+06
    0.5000      0.103618712380E+06
    0.6000      0.642429151187E+05
    0.7000      0.379011233105E+05
    0.8000      0.220177494662E+05
    0.9000      0.132476605278E+05
    1.0000      0.880028622662E+04
    1.1000      0.678223157253E+04
    1.2000      0.599437827038E+04
    1.3000      0.566343556656E+04
    1.4000      0.531609706440E+04
    1.5000      0.475314412676E+04
    1.6000      0.400936888224E+04
    1.7000      0.324931478747E+04
    1.8000      0.263462094816E+04
    1.9000      0.223206111634E+04
    2.0000      0.200305872019E+04
    2.1000      0.185916816406E+04
    2.2000      0.172923297320E+04
    2.3000      0.158976656308E+04
    2.4000      0.145017432732E+04
    2.5000      0.132122437889E+04
    2.6000      0.119924325030E+04
    2.7000      0.107422952797E+04
    2.8000      0.945843564583E+03
    2.9000      0.828289634326E+03
    3.0000      0.740011785183E+03
    3.1000      0.688875857786E+03
    3.2000      0.665771605082E+03
    3.3000      0.650929932117E+03
    3.4000      0.626973075802E+03
    3.5000      0.588524297366E+03
    3.6000      0.542026113845E+03
    3.7000      0.497564543915E+03
    3.8000      0.460394378176E+03
    3.9000      0.428847925012E+03
    4.0000      0.398784658541E+03
    4.1000      0.369055283010E+03
    4.2000      0.342668114063E+03
    4.3000      0.323334683142E+03
    4.4000      0.311385757299E+03
    4.5000      0.302923232176E+03
    4.6000      0.292618352843E+03
    4.7000      0.277493317809E+03
    4.8000      0.258669262094E+03
    4.9000      0.240017828065E+03
    5.0000      0.225055499821E+03
    5.1000      0.214571831258E+03
    5.2000      0.206684221158E+03
    5.3000      0.198925261135E+03
    5.4000      0.190330833725E+03
    5.5000      0.181750848345E+03
    5.6000      0.174434095405E+03
    5.7000      0.168496798247E+03
    5.8000      0.162727740413E+03
    5.9000      0.155721477837E+03
    6.0000      0.147153863719E+03
    6.1000      0.138099726916E+03
    6.2000      0.130249985197E+03
    6.3000      0.124733381968E+03
    6.4000      0.121423463324E+03
    6.5000      0.119169392603E+03
    6.6000      0.116695268344E+03
    6.7000      0.113430294540E+03
    6.8000      0.109638259156E+03
    6.9000      0.105858764926E+03
    7.0000      0.102276232037E+03
    7.1000      0.986107460601E+02
    7.2000      0.945383675061E+02
    7.3000      0.901422775595E+02
    7.4000      0.859532264520E+02
    7.5000      0.825878341384E+02
    7.6000      0.803273606033E+02
    7.7000      0.789511921383E+02
    7.8000      0.778991717297E+02
    7.9000      0.766193079092E+02
    8.0000      0.748617497253E+02
    8.1000      0.727286950394E+02
    8.2000      0.704758326862E+02
    8.3000      0.682652024472E+02
    8.4000      0.660943157142E+02
    8.5000      0.639265439206E+02
    8.6000      0.618370604289E+02
    8.7000      0.600011780592E+02
    8.8000      0.585502657787E+02
    8.9000      0.574569542026E+02
    9.0000      0.565515422066E+02
    9.1000      0.556297578725E+02
    9.2000      0.545551952570E+02
    9.3000      0.533018607504E+02
    9.4000      0.519343034516E+02
    9.5000      0.505474965040E+02
    9.6000      0.492083001694E+02
    9.7000      0.479445726833E+02
    9.8000      0.467826010662E+02
    9.9000      0.457726409106E+02
   10.0000      0.449519101434E+02
   10.1000      0.442795794618E+02
   10.2000      0.436301601739E+02
   10.3000      0.428725632198E+02
   10.4000      0.419620313294E+02
   10.5000      0.409569452604E+02
   10.6000      0.399550296875E+02
   10.7000      0.390183621983E+02
   10.8000      0.381483116944E+02
   10.9000      0.373144245100E+02
   11.0000      0.365031553246E+02
   11.1000      0.357476364698E+02
   11.2000      0.351109629634E+02
   11.3000      0.346248593121E+02
   11.4000      0.342316112715E+02
   11.5000      0.337945316119E+02
   11.6000      0.331885524674E+02
   11.7000      0.323980552162E+02
   11.8000      0.315301259663E+02
   11.9000      0.307291488963E+02
   12.0000      0.300708827103E+02
   12.1000      0.295246687581E+02
   12.2000      0.290024188383E+02
   12.3000      0.284422801324E+02
   12.4000      0.278598915136E+02
   12.5000      0.273322465403E+02
   12.6000      0.269266200004E+02
   12.7000      0.266280723975E+02
   12.8000      0.263293806576E+02
   12.9000      0.259040143456E+02
   13.0000      0.253077235569E+02
   13.1000      0.246189122757E+02
   13.2000      0.239785528208E+02
   13.3000      0.234821939753E+02
   13.4000      0.231168117653E+02
   13.5000      0.227883192062E+02
   13.6000      0.224063657977E+02
   13.7000      0.219549910290E+02
   13.8000      0.214990594456E+02
   13.9000      0.211264367514E+02
   14.0000      0.208702374969E+02
   14.1000      0.206719726261E+02
   14.2000      0.204201194152E+02
   14.3000      0.200380584402E+02
   14.4000      0.195479685101E+02
   14.5000      0.190536894418E+02
   14.6000      0.186574588160E+02
   14.7000      0.183835704526E+02
   14.8000      0.181704750658E+02
   14.9000      0.179293462231E+02
   15.0000      0.176156702138E+02
   15.1000      0.172595769088E+02
   15.2000      0.169374072918E+02
   15.3000      0.167084864383E+02
   15.4000      0.165644427988E+02
   15.5000      0.164313436088E+02
   15.6000      0.162261876189E+02
   15.7000      0.159230717494E+02
   15.8000      0.155727712488E+02
   15.9000      0.152594868139E+02
   16.0000      0.150342100333E+02
   16.1000      0.148812277463E+02
   16.2000      0.147399059431E+02
   16.3000      0.145567675211E+02
   16.4000      0.143251127057E+02
   16.5000      0.140861042290E+02
   16.6000      0.138944364808E+02
   16.7000      0.137743018105E+02
   16.8000      0.136982003927E+02
   16.9000      0.136063981475E+02
   17.0000      0.134531803696E+02
   17.1000      0.132418234658E+02
   17.2000      0.130190189768E+02
   17.3000      0.128358748496E+02
   17.4000      0.127106793452E+02
   17.5000      0.126220100896E+02
   17.6000      0.125313248867E+02
   17.7000      0.124129908045E+02
   17.8000      0.122706082454E+02
   17.9000      0.121315929696E+02
   18.0000      0.120251560430E+02
   18.1000      0.119586947161E+02
   18.2000      0.119104737940E+02
   18.3000      0.118458016197E+02
   18.4000      0.117440158861E+02
   18.5000      0.116133163313E+02
   18.6000      0.114821233199E+02
   18.7000      0.113771279616E+02
   18.8000      0.113069035451E+02
   18.9000      0.112604240170E+02
   19.0000      0.112168330048E+02
   19.1000      0.111586137561E+02
   19.2000      0.110818279507E+02
   19.3000      0.109979598704E+02
   19.4000      0.109247377466E+02
   19.5000      0.108715732800E+02
   19.6000      0.108317587152E+02
   19.7000      0.107884641861E+02
   19.8000      0.107286420935E+02
   19.9000      0.106526122461E+02
   20.0000      0.105732030015E+02
   20.1000      0.105075004755E+02
   20.2000      0.104669372065E+02
   20.3000      0.104498446154E+02
   20.4000      0.104404876105E+02
   20.5000      0.104176570639E+02
   20.6000      0.103691813331E+02
   20.7000      0.103011445980E+02
   20.8000      0.102329805414E+02
   20.9000      0.101821709508E+02
   21.0000      0.101517346981E+02
   21.1000      0.101300310288E+02
   21.2000      0.101011222031E+02
   21.3000      0.100569884966E+02
   21.4000      0.100037435897E+02
   21.5000      0.995809611445E+01
   21.6000      0.993520442760E+01
   21.7000      0.993534430729E+01
   21.8000      0.994049787709E+01
   21.9000      0.992612497157E+01
   22.0000      0.987993910479E+01
   22.1000      0.981175456312E+01
   22.2000      0.974588854728E+01
   22.3000      0.970304826965E+01
   22.4000      0.968653642556E+01
   22.5000      0.968211975603E+01
   22.6000      0.966984579639E+01
   22.7000      0.963887030273E+01
   22.8000      0.959532272334E+01
   22.9000      0.955729112030E+01
   23.0000      0.953953804598E+01
   23.1000      0.953959953578E+01
   23.2000      0.953778592755E+01
   23.3000      0.951240907153E+01
   23.4000      0.945755634578E+01
   23.5000      0.938819480620E+01
   23.6000      0.932896488908E+01
   23.7000      0.929664669656E+01
   23.8000      0.928965014246E+01
   23.9000      0.929080009617E+01
   24.0000      0.928023624352E+01
   24.1000      0.924938948148E+01
   24.2000      0.920634760054E+01
   24.3000      0.916822549251E+01
   24.4000      0.914599447181E+01
   24.5000      0.913442420167E+01
   24.6000      0.911624604705E+01
   24.7000      0.907699568190E+01
   24.8000      0.901740276172E+01
   24.9000      0.895314425379E+01
   25.0000      0.890330847267E+01
   25.1000      0.887732686035E+01
   25.2000      0.886944007186E+01
   25.3000      0.886342659140E+01
   25.4000      0.884392032607E+01
   25.5000      0.880672601212E+01
   25.6000      0.876067816390E+01
   25.7000      0.871929297524E+01
   25.8000      0.868895599914E+01
   25.9000      0.866388845893E+01
   26.0000      0.863204633271E+01
   26.1000      0.858602875105E+01
   26.2000      0.852926010025E+01
   26.3000      0.847313387273E+01
   26.4000      0.842866065867E+01
   26.5000      0.839917069767E+01
   26.6000      0.837846056290E+01
   26.7000      0.835508797552E+01
   26.8000      0.832013663020E+01
   26.9000      0.827322035880E+01
   27.0000      0.822197201252E+01
   27.1000      0.817523436866E+01
   27.2000      0.813591216112E+01
   27.3000      0.809970777743E+01
   27.4000      0.806004261643E+01
   27.5000      0.801387643594E+01
   27.6000      0.796354643360E+01
   27.7000      0.791432591564E+01
   27.8000      0.787050688814E+01
   27.9000      0.783255507925E+01
   28.0000      0.779664565423E+01
   28.1000      0.775702581631E+01
   28.2000      0.771007875191E+01
   28.3000      0.765702231547E+01
   28.4000      0.760268506257E+01
   28.5000      0.755143983108E+01
   28.6000      0.750423173788E+01
   28.7000      0.745911625346E+01
   28.8000      0.741381267412E+01
   28.9000      0.736735955455E+01
   29.0000      0.732003306225E+01
   29.1000      0.727267869996E+01
   29.2000      0.722618178699E+01
   29.3000      0.718080571589E+01
   29.4000      0.713562979387E+01
   29.5000      0.708903666337E+01
   29.6000      0.704016355439E+01
   29.7000      0.698969659230E+01
   29.8000      0.693899800893E+01
   29.9000      0.688874930103E+01
   30.0000      0.683883129835E+01
   30.1000      0.678923073843E+01
   30.2000      0.674034663099E+01
   30.3000      0.669225778689E+01
   30.4000      0.664427360494E+01
   30.5000      0.659563465677E+01
   30.6000      0.654641561749E+01
   30.7000      0.649742712299E+01
   30.8000      0.644945175926E+01
   30.9000      0.640289937625E+01
   31.0000      0.635791504801E+01
   31.1000      0.631417837049E+01
   31.2000      0.627052417856E+01
   31.3000      0.622539859717E+01
   31.4000      0.617817574565E+01
   31.5000      0.612984082892E+01
   31.6000      0.608204207602E+01
   31.7000      0.603556681077E+01
   31.8000      0.598996636840E+01
   31.9000      0.594444970028E+01
   32.0000      0.589872583790E+01
   32.1000      0.585307410486E+01
   32.2000      0.580816097008E+01
   32.3000      0.576497514932E+01
   32.4000      0.572439370598E+01
   32.5000      0.568624551436E+01
   32.6000      0.564892654440E+01
   32.7000      0.561045769179E+01
   32.8000      0.557013804767E+01
   32.9000      0.552906121546E+01
   33.0000      0.548908477442E+01
   33.1000      0.545151318069E+01
   33.2000      0.541658562180E+01
   33.3000      0.538357196444E+01
   33.4000      0.535099145441E+01
   33.5000      0.531719193375E+01
   33.6000      0.528146413202E+01
   33.7000      0.524478208116E+01
   33.8000      0.520908559577E+01
   33.9000      0.517556617807E+01
   34.0000      0.514371169057E+01
   34.1000      0.511203107914E+01
   34.2000      0.507952822168E+01
   34.3000      0.504652018946E+01
   34.4000      0.501447475270E+01
   34.5000      0.498531304412E+01
   34.6000      0.496038009072E+01
   34.7000      0.493926871263E+01
   34.8000      0.491941691970E+01
   34.9000      0.489743326220E+01
   35.0000      0.487152450257E+01
   35.1000      0.484290504645E+01
   35.2000      0.481481106540E+01
   35.3000      0.479005850916E+01
   35.4000      0.476926239778E+01
   35.5000      0.475082168912E+01
   35.6000      0.473222623846E+01
   35.7000      0.471174150627E+01
   35.8000      0.468965751356E+01
   35.9000      0.466825972927E+01
   36.0000      0.465008917794E+01
   36.1000      0.463552225224E+01
   36.2000      0.462188066101E+01
   36.3000      0.460527329850E+01
   36.4000      0.458376186800E+01
   36.5000      0.455908982992E+01
   36.6000      0.453560825919E+01
   36.7000      0.451745311526E+01
   36.8000      0.450603694275E+01
   36.9000      0.449925639964E+01
   37.0000      0.449276011301E+01
   37.1000      0.448268842906E+01
   37.2000      0.446827293975E+01
   37.3000      0.445226425280E+01
   37.4000      0.443853271112E+01
   37.5000      0.442871696653E+01
   37.6000      0.442087156442E+01
   37.7000      0.441126003448E+01
   37.8000      0.439758798178E+01
   37.9000      0.438097256563E+01
   38.0000      0.436533777646E+01
   38.1000      0.435486451565E+01
   38.2000      0.435112507353E+01
   38.3000      0.435164229666E+01
   38.4000      0.435104990224E+01
   38.5000      0.434449807842E+01
   38.6000      0.433101413532E+01
   38.7000      0.431410882321E+01
   38.8000      0.429904203943E+01
   38.9000      0.428902987030E+01
   39.0000      0.428340719314E+01
   39.1000      0.427881222906E+01
   39.2000      0.427204783882E+01
   39.3000      0.426246182919E+01
   39.4000      0.425240145721E+01
   39.5000      0.424548603986E+01
   39.6000      0.424369303404E+01
   39.7000      0.424529987306E+01
   39.8000      0.424555149279E+01
   39.9000      0.423992913214E+01
   40.0000      0.422753863180E+01
   40.1000      0.421185946537E+01
   40.2000      0.419834395386E+01
   40.3000      0.419086429465E+01
   40.4000      0.418951176374E+01
   40.5000      0.419089001797E+01
   40.6000      0.419043180782E+01
   40.7000      0.418530620014E+01
   40.8000      0.417613931635E+01
   40.9000      0.416627285130E+01
   41.0000      0.415893618028E+01
   41.1000      0.415453615015E+01
   41.2000      0.415037167454E+01
   41.3000      0.414299720086E+01
   41.4000      0.413116943021E+01
   41.5000      0.411703019545E+01
   41.6000      0.410483210073E+01
   41.7000      0.409825697773E+01
   41.8000      0.409800635911E+01
   41.9000      0.410107624310E+01
   42.0000      0.410233997344E+01
   42.1000      0.409771029525E+01
   42.2000      0.408679197464E+01
   42.3000      0.407297147977E+01
   42.4000      0.406082337202E+01
   42.5000      0.405291872570E+01
   42.6000      0.404844491376E+01
   42.7000      0.404434003610E+01
   42.8000      0.403775742943E+01
   42.9000      0.402809656833E+01
   43.0000      0.401739824801E+01
   43.1000      0.400884912289E+01
   43.2000      0.400423592323E+01
   43.3000      0.400213773903E+01
   43.4000      0.399848948716E+01
   43.5000      0.398941320249E+01
   43.6000      0.397419893016E+01
   43.7000      0.395606054504E+01
   43.8000      0.394012978022E+01
   43.9000      0.393026169660E+01
   44.0000      0.392681020662E+01
   44.1000      0.392660312471E+01
   44.2000      0.392499842106E+01
   44.3000      0.391880450071E+01
   44.4000      0.390822840423E+01
   44.5000      0.389639958089E+01
   44.6000      0.388668998996E+01
   44.7000      0.387992323346E+01
   44.8000      0.387377904467E+01
   44.9000      0.386482484287E+01
   45.0000      0.385141139492E+01
   45.1000      0.383516150799E+01
   45.2000      0.382007364999E+01
   45.3000      0.380993865962E+01
   45.4000      0.380571581766E+01
   45.5000      0.380456124874E+01
   45.6000      0.380137074654E+01
   45.7000      0.379207592042E+01
   45.8000      0.377642991988E+01
   45.9000      0.375812629679E+01
   46.0000      0.374212674692E+01
   46.1000      0.373130926932E+01
   46.2000      0.372492032417E+01
   46.3000      0.371967505203E+01
   46.4000      0.371239225534E+01
   46.5000      0.370225683807E+01
   46.6000      0.369126709372E+01
   46.7000      0.368257128679E+01
   46.8000      0.367776532402E+01
   46.9000      0.367515665408E+01
   47.0000      0.367055423473E+01
   47.1000      0.366021550772E+01
   47.2000      0.364369466900E+01
   47.3000      0.362433824460E+01
   47.4000      0.360711000406E+01
   47.5000      0.359544599815E+01
   47.6000      0.358929031937E+01
   47.7000      0.358541062330E+01
   47.8000      0.357963670473E+01
   47.9000      0.356959179592E+01
   48.0000      0.355613882633E+01
   48.1000      0.354248127202E+01
   48.2000      0.353153878342E+01
   48.3000      0.352367126328E+01
   48.4000      0.351659479564E+01
   48.5000      0.350745268342E+01
   48.6000      0.349523520249E+01
   48.7000      0.348166365802E+01
   48.8000      0.347003705138E+01
   48.9000      0.346296872371E+01
   49.0000      0.346049919769E+01
   49.1000      0.345979125213E+01
   49.2000      0.345673386065E+01
   49.3000      0.344853488265E+01
   49.4000      0.343549917459E+01
   49.5000      0.342063091654E+01
   49.6000      0.340739336038E+01
   49.7000      0.339742358922E+01
   49.8000      0.338985501141E+01
   49.9000      0.338243994047E+01
   50.0000      0.337337826336E+01
   50.1000      0.336256566622E+01
   50.2000      0.335157064542E+01
   50.3000      0.334241576341E+01
   50.4000      0.333594670932E+01
   50.5000      0.333098126427E+01
   50.6000      0.332502657667E+01
   50.7000      0.331612344380E+01
   50.8000      0.330435022585E+01
   50.9000      0.329179016455E+01
   51.0000      0.328109531548E+01
   51.1000      0.327382010503E+01
   51.2000      0.326960668679E+01
   51.3000      0.326652944130E+01
   51.4000      0.326226324465E+01
   51.5000      0.325542252462E+01
   51.6000      0.324629062927E+01
   51.7000      0.323641029433E+01
   51.8000      0.322729964536E+01
   51.9000      0.321932556922E+01
   52.0000      0.321163869061E+01
   52.1000      0.320308326603E+01
   52.2000      0.319319014835E+01
   52.3000      0.318250490000E+01
   52.4000      0.317219816548E+01
   52.5000      0.316333243768E+01
   52.6000      0.315617229711E+01
   52.7000      0.314989158684E+01
   52.8000      0.314296852565E+01
   52.9000      0.313415873253E+01
   53.0000      0.312336817110E+01
   53.1000      0.311170709646E+01
   53.2000      0.310070457438E+01
   53.3000      0.309136899842E+01
   53.4000      0.308374777667E+01
   53.5000      0.307707817713E+01
   53.6000      0.307026480287E+01
   53.7000      0.306245430212E+01
   53.8000      0.305350198017E+01
   53.9000      0.304402252620E+01
   54.0000      0.303487621431E+01
   54.1000      0.302645291256E+01
   54.2000      0.301839280454E+01
   54.3000      0.300997636921E+01
   54.4000      0.300076422763E+01
   54.5000      0.299092867206E+01
   54.6000      0.298113064005E+01
   54.7000      0.297214277530E+01
   54.8000      0.296440820696E+01
   54.9000      0.295767989814E+01
   55.0000      0.295100182079E+01
   55.1000      0.294322843830E+01
   55.2000      0.293381552991E+01
   55.3000      0.292323310526E+01
   55.4000      0.291262436491E+01
   55.5000      0.290302737312E+01
   55.6000      0.289479760939E+01
   55.7000      0.288754867949E+01
   55.8000      0.288048372430E+01
   55.9000      0.287287667449E+01
   56.0000      0.286451139152E+01
   56.1000      0.285583069686E+01
   56.2000      0.284758822544E+01
   56.3000      0.284018763147E+01
   56.4000      0.283329251468E+01
   56.5000      0.282611127009E+01
   56.6000      0.281809523878E+01
   56.7000      0.280940021695E+01
   56.8000      0.280076671359E+01
   56.9000      0.279302063290E+01
   57.0000      0.278657776768E+01
   57.1000      0.278118054402E+01
   57.2000      0.277597750068E+01
   57.3000      0.276998891119E+01
   57.4000      0.276274842709E+01
   57.5000      0.275462545097E+01
   57.6000      0.274649294146E+01
   57.7000      0.273901101627E+01
   57.8000      0.273217848308E+01
   57.9000      0.272549367418E+01
   58.0000      0.271845843326E+01
   58.1000      0.271095335998E+01
   58.2000      0.270328426249E+01
   58.3000      0.269597220219E+01
   58.4000      0.268940486133E+01
   58.5000      0.268350677806E+01
   58.6000      0.267769741914E+01
   58.7000      0.267129087229E+01
   58.8000      0.266406229711E+01
   58.9000      0.265644488307E+01
   59.0000      0.264915009526E+01
   59.1000      0.264259272982E+01
   59.2000      0.263665038031E+01
   59.3000      0.263087550910E+01
   59.4000      0.262487151687E+01
   59.5000      0.261854744614E+01
   59.6000      0.261216433104E+01
   59.7000      0.260616257235E+01
   59.8000      0.260080721727E+01
   59.9000      0.259588068821E+01
   60.0000      0.259075911851E+01
   60.1000      0.258490812210E+01
   60.2000      0.257835993447E+01
   60.3000      0.257169244573E+01
   60.4000      0.256553790809E+01
   60.5000      0.256010706867E+01
   60.6000      0.255511615043E+01
   60.7000      0.255007432791E+01
   60.8000      0.254465719841E+01
   60.9000      0.253895242347E+01
   61.0000      0.253344849950E+01
   61.1000      0.252869687218E+01
   61.2000      0.252479974121E+01
   61.3000      0.252115647592E+01
   61.4000      0.251680842734E+01
   61.5000      0.251117381480E+01
   61.6000      0.250453261705E+01
   61.7000      0.249783643039E+01
   61.8000      0.249204172205E+01
   61.9000      0.248751259391E+01
   62.0000      0.248386226959E+01
   62.1000      0.248025151063E+01
   62.2000      0.247595287371E+01
   62.3000      0.247087000126E+01
   62.4000      0.246563281254E+01
   62.5000      0.246109163963E+01
   62.6000      0.245754704553E+01
   62.7000      0.245439682330E+01
   62.8000      0.245057277604E+01
   62.9000      0.244541537080E+01
   63.0000      0.243925119846E+01
   63.1000      0.243324486783E+01
   63.2000      0.242868124454E+01
   63.3000      0.242615535776E+01
   63.4000      0.242513183466E+01
   63.5000      0.242416195049E+01
   63.6000      0.242172560154E+01
   63.7000      0.241720777140E+01
   63.8000      0.241128166403E+01
   63.9000      0.240535214378E+01
   64.0000      0.240049488191E+01
   64.1000      0.239674786212E+01
   64.2000      0.239325325697E+01
   64.3000      0.238902694566E+01
   64.4000      0.238373784528E+01
   64.5000      0.237799250694E+01
   64.6000      0.237296006714E+01
   64.7000      0.236953074450E+01
   64.8000      0.236753402453E+01
   64.9000      0.236564528467E+01
   65.0000      0.236219876555E+01
   65.1000      0.235637809615E+01
   65.2000      0.234886621356E+01
   65.3000      0.234145055914E+01
   65.4000      0.233590807527E+01
   65.5000      0.233296386768E+01
   65.6000      0.233194061104E+01
   65.7000      0.233122771400E+01
   65.8000      0.232927071614E+01
   65.9000      0.232550616080E+01
   66.0000      0.232062857264E+01
   66.1000      0.231595734285E+01
   66.2000      0.231235850066E+01
   66.3000      0.230958305704E+01
   66.4000      0.230654202555E+01
   66.5000      0.230223916666E+01
   66.6000      0.229659411936E+01
   66.7000      0.229057854053E+01
   66.8000      0.228562698574E+01
   66.9000      0.228270314354E+01
   67.0000      0.228157094280E+01
   67.1000      0.228076697664E+01
   67.2000      0.227841660361E+01
   67.3000      0.227343567185E+01
   67.4000      0.226627043820E+01
   67.5000      0.225861521546E+01
   67.6000      0.225233498895E+01
   67.7000      0.224838425549E+01
   67.8000      0.224639569792E+01
   67.9000      0.224506812165E+01
   68.0000      0.224302695725E+01
   68.1000      0.223965100078E+01
   68.2000      0.223538516785E+01
   68.3000      0.223131239455E+01
   68.4000      0.222825441605E+01
   68.5000      0.222608900802E+01
   68.6000      0.222384634409E+01
   68.7000      0.222049774141E+01
   68.8000      0.221578565989E+01
   68.9000      0.221047908428E+01
   69.0000      0.220592949241E+01
   69.1000      0.220324470948E+01
   69.2000      0.220255230633E+01
   69.3000      0.220277867648E+01
   69.4000      0.220215958798E+01
   69.5000      0.219926971737E+01
   69.6000      0.219392019073E+01
   69.7000      0.218727442894E+01
   69.8000      0.218109887352E+01
   69.9000      0.217670808134E+01
   70.0000      0.217430319814E+01
   70.1000      0.217302064728E+01
   70.2000      0.217154762259E+01
   70.3000      0.216892297738E+01
   70.4000      0.216508778679E+01
   70.5000      0.216084063404E+01
   70.6000      0.215718450772E+01
   70.7000      0.215452332261E+01
   70.8000      0.215234720354E+01
   70.9000      0.214966324975E+01
   71.0000      0.214580638605E+01
   71.1000      0.214099831961E+01
   71.2000      0.213628656701E+01
   71.3000      0.213293904827E+01
   71.4000      0.213164656910E+01
   71.5000      0.213197197680E+01
   71.6000      0.213242633776E+01
   71.7000      0.213125333062E+01
   71.8000      0.212749893123E+01
   71.9000      0.212163445550E+01
   72.0000      0.211527164027E+01
   72.1000      0.211018162090E+01
   72.2000      0.210729649138E+01
   72.3000      0.210628212742E+01
   72.4000      0.210584219320E+01
   72.5000      0.210452554784E+01
   72.6000      0.210158728011E+01
   72.7000      0.209739355250E+01
   72.8000      0.209307268224E+01
   72.9000      0.208962660962E+01
   73.0000      0.208717300634E+01
   73.1000      0.208491342153E+01
   73.2000      0.208182467769E+01
   73.3000      0.207750720370E+01
   73.4000      0.207257302432E+01
   73.5000      0.206833750264E+01
   73.6000      0.206600812836E+01
   73.7000      0.206582983223E+01
   73.8000      0.206672455105E+01
   73.9000      0.206676583460E+01
   74.0000      0.206430758608E+01
   74.1000      0.205904552744E+01
   74.2000      0.205225033076E+01
   74.3000      0.204600013567E+01
   74.4000      0.204195543171E+01
   74.5000      0.204046377089E+01
   74.6000      0.204047345896E+01
   74.7000      0.204023156961E+01
   74.8000      0.203834513567E+01
   74.9000      0.203458762631E+01
   75.0000      0.202993007890E+01
   75.1000      0.202575114467E+01
   75.2000      0.202279664070E+01
   75.3000      0.202068306301E+01
   75.4000      0.201830170499E+01
   75.5000      0.201476036332E+01
   75.6000      0.201013709997E+01
   75.7000      0.200553496832E+01
   75.8000      0.200241874363E+01
   75.9000      0.200162898818E+01
   76.0000      0.200267144531E+01
   76.1000      0.200380071425E+01
   76.2000      0.200297539095E+01
   76.3000      0.199912886788E+01
   76.4000      0.199288164245E+01
   76.5000      0.198618101851E+01
   76.6000      0.198112894575E+01
   76.7000      0.197878679350E+01
   76.8000      0.197866377672E+01
   76.9000      0.197910964096E+01
   77.0000      0.197833240640E+01
   77.1000      0.197544844967E+01
   77.2000      0.197093031594E+01
   77.3000      0.196615009343E+01
   77.4000      0.196233624340E+01
   77.5000      0.195972118508E+01
   77.6000      0.195750630562E+01
   77.7000      0.195460771389E+01
   77.8000      0.195056770993E+01
   77.9000      0.194597737522E+01
   78.0000      0.194215644186E+01
   78.1000      0.194030028241E+01
   78.2000      0.194060293485E+01
   78.3000      0.194192954502E+01
   78.4000      0.194235251274E+01
   78.5000      0.194030298378E+01
   78.6000      0.193558507185E+01
   78.7000      0.192953386412E+01
   78.8000      0.192421031007E+01
   78.9000      0.192119519917E+01
   79.0000      0.192073752439E+01
   79.1000      0.192169987060E+01
   79.2000      0.192226467137E+01
   79.3000      0.192098584650E+01
   79.4000      0.191758280509E+01
   79.5000      0.191298214491E+01
   79.6000      0.190857780473E+01
   79.7000      0.190524869990E+01
   79.8000      0.190285459043E+01
   79.9000      0.190052586147E+01
   80.0000      0.189744224873E+01
   80.1000      0.189349977564E+01
   80.2000      0.188943833152E+01
   80.3000      0.188638080189E+01
   80.4000      0.188506052954E+01
   80.5000      0.188520794344E+01
   80.6000      0.188554782435E+01
   80.7000      0.188451456365E+01
   80.8000      0.188125991853E+01
   80.9000      0.187624847365E+01
   81.0000      0.187101555261E+01
   81.1000      0.186727022102E+01
   81.2000      0.186593365742E+01
   81.3000      0.186665669739E+01
   81.4000      0.186803447281E+01
   81.5000      0.186838457641E+01
   81.6000      0.186667353987E+01
   81.7000      0.186304921348E+01
   81.8000      0.185862968639E+01
   81.9000      0.185470017284E+01
   82.0000      0.185190366773E+01
   82.1000      0.184997510012E+01
   82.2000      0.184810842377E+01
   82.3000      0.184560662733E+01
   82.4000      0.184236928985E+01
   82.5000      0.183895116918E+01
   82.6000      0.183617142200E+01
   82.7000      0.183449443026E+01
   82.8000      0.183359239299E+01
   82.9000      0.183245782741E+01
   83.0000      0.183005983600E+01
   83.1000      0.182608960818E+01
   83.2000      0.182124615103E+01
   83.3000      0.181686968510E+01
   83.4000      0.181418694100E+01
   83.5000      0.181362336679E+01
   83.6000      0.181453914408E+01
   83.7000      0.181552954925E+01
   83.8000      0.181516901021E+01
   83.9000      0.181280302450E+01
   84.0000      0.180888783599E+01
   84.1000      0.180464078687E+01
   84.2000      0.180125714944E+01
   84.3000      0.179924115857E+01
   84.4000      0.179824341440E+01
   84.5000      0.179740153880E+01
   84.6000      0.179590616572E+01
   84.7000      0.179346840419E+01
   84.8000      0.179044255031E+01
   84.9000      0.178751946566E+01
   85.0000      0.178517311791E+01
   85.1000      0.178326782997E+01
   85.2000      0.178115421035E+01
   85.3000      0.177818914876E+01
   85.4000      0.177426699268E+01
   85.5000      0.176997158682E+01
   85.6000      0.176627360232E+01
   85.7000      0.176398092680E+01
   85.8000      0.176324269072E+01
   85.9000      0.176337689916E+01
   86.0000      0.176317360374E+01
   86.1000      0.176156938214E+01
   86.2000      0.175829305720E+01
   86.3000      0.175403480117E+01
   86.4000      0.175001838813E+01
   86.5000      0.174728751598E+01
   86.6000      0.174616603225E+01
   86.7000      0.174615801756E+01
   86.8000      0.174627106100E+01
   86.9000      0.174556860461E+01
   87.0000      0.174366976640E+01
   87.1000      0.174090704915E+01
   87.2000      0.173802264424E+01
   87.3000      0.173561261616E+01
   87.4000      0.173373912519E+01
   87.5000      0.173198287417E+01
   87.6000      0.172983491763E+01
   87.7000      0.172709698518E+01
   87.8000      0.172403166920E+01
   87.9000      0.172120848840E+01
   88.0000      0.171914039227E+01
   88.1000      0.171789972199E+01
   88.2000      0.171696657758E+01
   88.3000      0.171548245588E+01
   88.4000      0.171279868504E+01
   88.5000      0.170893848085E+01
   88.6000      0.170462966104E+01
   88.7000      0.170089774116E+01
   88.8000      0.169850850488E+01
   88.9000      0.169758018045E+01
   89.0000      0.169753332661E+01
   89.1000      0.169739058850E+01
   89.2000      0.169629969266E+01
   89.3000      0.169400503502E+01
   89.4000      0.169096017997E+01
   89.5000      0.168799277307E+01
   89.6000      0.168577116454E+01
   89.7000      0.168445272657E+01
   89.8000      0.168369973183E+01
   89.9000      0.168296297376E+01
   90.0000      0.168181775156E+01
   90.1000      0.168018448591E+01
   90.2000      0.167833447713E+01
   90.3000      0.167665925430E+01
   90.4000      0.167533379798E+01
   90.5000      0.167413439086E+01
   90.6000      0.167258568153E+01
   90.7000      0.167032887858E+01
   90.8000      0.166740973199E+01
   90.9000      0.166427910716E+01
   91.0000      0.166154231767E+01
   91.1000      0.165962976977E+01
   91.2000      0.165854720113E+01
   91.3000      0.165782320917E+01
   91.4000      0.165672608064E+01
   91.5000      0.165468141146E+01
   91.6000      0.165163596717E+01
   91.7000      0.164809986967E+01
   91.8000      0.164483781455E+01
   91.9000      0.164244464425E+01
   92.0000      0.164107323335E+01
   92.1000      0.164041484724E+01
   92.2000      0.163988527001E+01
   92.3000      0.163892644045E+01
   92.4000      0.163729810957E+01
   92.5000      0.163518928275E+01
   92.6000      0.163305209052E+01
   92.7000      0.163127307226E+01
   92.8000      0.162993977822E+01
   92.9000      0.162885732459E+01
   93.0000      0.162773928321E+01
   93.1000      0.162639690827E+01
   93.2000      0.162482964724E+01
   93.3000      0.162320951569E+01
   93.4000      0.162176359103E+01
   93.5000      0.162058767753E+01
   93.6000      0.161951618204E+01
   93.7000      0.161819020822E+01
   93.8000      0.161630730151E+01
   93.9000      0.161385288467E+01
   94.0000      0.161112820927E+01
   94.1000      0.160857964041E+01
   94.2000      0.160656922089E+01
   94.3000      0.160520036963E+01
   94.4000      0.160424749887E+01
   94.5000      0.160323376490E+01
   94.6000      0.160167248295E+01
   94.7000      0.159935983560E+01
   94.8000      0.159650919070E+01
   94.9000      0.159361719859E+01
   95.0000      0.159117284055E+01
   95.1000      0.158941923710E+01
   95.2000      0.158827765741E+01
   95.3000      0.158741294094E+01
   95.4000      0.158639441726E+01
   95.5000      0.158491149488E+01
   95.6000      0.158294448608E+01
   95.7000      0.158075795156E+01
   95.8000      0.157870052239E+01
   95.9000      0.157697194347E+01
   96.0000      0.157553915695E+01
   96.1000      0.157422213608E+01
   96.2000      0.157283273449E+01
   96.3000      0.157127283152E+01
   96.4000      0.156957859179E+01
   96.5000      0.156790180584E+01
   96.6000      0.156640147683E+01
   96.7000      0.156509095947E+01
   96.8000      0.156377943035E+01
   96.9000      0.156219408041E+01
   97.0000      0.156019032240E+01
   97.1000      0.155786748567E+01
   97.2000      0.155551291261E+01
   97.3000      0.155344735149E+01
   97.4000      0.155186957460E+01
   97.5000      0.155074398800E+01
   97.6000      0.154977279433E+01
   97.7000      0.154851552269E+01
   97.8000      0.154663885523E+01
   97.9000      0.154413561501E+01
   98.0000      0.154133666825E+01
   98.1000      0.153871051437E+01
   98.2000      0.153661241519E+01
   98.3000      0.153513351572E+01
   98.4000      0.153408240189E+01
   98.5000      0.153307552894E+01
   98.6000      0.153172044373E+01
   98.7000      0.152983131205E+01
   98.8000      0.152753734091E+01
   98.9000      0.152518268228E+01
   99.0000      0.152309116909E+01
   99.1000      0.152138683747E+01
   99.2000      0.151998067066E+01
   99.3000      0.151867230451E+01
   99.4000      0.151726672963E+01
   99.5000      0.151566615922E+01
   99.6000      0.151392159643E+01
   99.7000      0.151219657267E+01
   99.8000      0.151062890163E+01
   99.9000      0.150919267616E+01
  100.0000      0.150770087291E+01
  100.1000      0.150595755308E+01
  100.2000      0.150391654062E+01
  100.3000      0.150171681282E+01
  100.4000      0.149960090291E+01
  100.5000      0.149779501744E+01
  100.6000      0.149639429548E+01
  100.7000      0.149527813644E+01
  100.8000      0.149412353120E+01
  100.9000      0.149256883689E+01
  101.0000      0.149044771719E+01
  101.1000      0.148791199806E+01
  101.2000      0.148534501544E+01
  101.3000      0.148314770193E+01
  101.4000      0.148154940203E+01
  101.5000      0.148051798934E+01
  101.6000      0.147977025983E+01
  101.7000      0.147888805944E+01
  101.8000      0.147752894987E+01
  101.9000      0.147562528064E+01
  102.0000      0.147341848490E+01
  102.1000      0.147129260164E+01
  102.2000      0.146954365284E+01
  102.3000      0.146824835396E+01
  102.4000      0.146727043920E+01
  102.5000      0.146634537585E+01
  102.6000      0.146520009990E+01
  102.7000      0.146368749946E+01
  102.8000      0.146186844388E+01
  102.9000      0.145995644001E+01
  103.0000      0.145814701362E+01
  103.1000      0.145647880589E+01
  103.2000      0.145484317648E+01
  103.3000      0.145310330045E+01
  103.4000      0.145119971801E+01
  103.5000      0.144918317312E+01
  103.6000      0.144719515046E+01
  103.7000      0.144540688494E+01
  103.8000      0.144390848063E+01
  103.9000      0.144260351567E+01
  104.0000      0.144122428558E+01
  104.1000      0.143950264333E+01
  104.2000      0.143737144140E+01
  104.3000      0.143503135709E+01
  104.4000      0.143284666839E+01
  104.5000      0.143116349114E+01
  104.6000      0.143014596717E+01
  104.7000      0.142967485709E+01
  104.8000      0.142935629291E+01
  104.9000      0.142869039735E+01
  105.0000      0.142734817641E+01
  105.1000      0.142537537384E+01
  105.2000      0.142316476998E+01
  105.3000      0.142122297258E+01
  105.4000      0.141990336390E+01
  105.5000      0.141924864997E+01
  105.6000      0.141897914160E+01
  105.7000      0.141861540078E+01
  105.8000      0.141770953303E+01
  105.9000      0.141608887919E+01
  106.0000      0.141394876565E+01
  106.1000      0.141170871847E+01
  106.2000      0.140973967711E+01
  106.3000      0.140816924750E+01
  106.4000      0.140687219671E+01
  106.5000      0.140559409463E+01
  106.6000      0.140410792665E+01
  106.7000      0.140234232282E+01
  106.8000      0.140042970946E+01
  106.9000      0.139861815604E+01
  107.0000      0.139707233907E+01
  107.1000      0.139571718116E+01
  107.2000      0.139427756367E+01
  107.3000      0.139249406038E+01
  107.4000      0.139033437587E+01
  107.5000      0.138804543466E+01
  107.6000      0.138603579607E+01
  107.7000      0.138466771850E+01
  107.8000      0.138404327042E+01
  107.9000      0.138388132277E+01
  108.0000      0.138359763442E+01
  108.1000      0.138260830477E+01
  108.2000      0.138068907107E+01
  108.3000      0.137813537787E+01
  108.4000      0.137560771544E+01
  108.5000      0.137377786269E+01
  108.6000      0.137299122753E+01
  108.7000      0.137309718763E+01
  108.8000      0.137350660734E+01
  108.9000      0.137347025279E+01
  109.0000      0.137247214904E+01
  109.1000      0.137051625902E+01
  109.2000      0.136810483452E+01
  109.3000      0.136591886140E+01
  109.4000      0.136443125592E+01
  109.5000      0.136369629393E+01
  109.6000      0.136338946500E+01
  109.7000      0.136302054667E+01
  109.8000      0.136220261049E+01
  109.9000      0.136085728723E+01
  110.0000      0.135923511992E+01
  110.1000      0.135771058174E+01
  110.2000      0.135648678461E+01
  110.3000      0.135544624894E+01
  110.4000      0.135426638746E+01
  110.5000      0.135268842327E+01
  110.6000      0.135072504677E+01
  110.7000      0.134868149057E+01
  110.8000      0.134699966910E+01
  110.9000      0.134600144891E+01
  111.0000      0.134564607192E+01
  111.1000      0.134546031013E+01
  111.2000      0.134475260532E+01
  111.3000      0.134302698524E+01
  111.4000      0.134032306774E+01
  111.5000      0.133723827234E+01
  111.6000      0.133462251820E+01
  111.7000      0.133314314846E+01
  111.8000      0.133294732600E+01
  111.9000      0.133356763706E+01
  112.0000      0.133412693751E+01
  112.1000      0.133378226814E+01
  112.2000      0.133218835419E+01
  112.3000      0.132969015756E+01
  112.4000      0.132710887098E+01
  112.5000      0.132527167267E+01
  112.6000      0.132459078981E+01
  112.7000      0.132490765995E+01
  112.8000      0.132562671142E+01
  112.9000      0.132604045372E+01
  113.0000      0.132569526851E+01
  113.1000      0.132461257635E+01
  113.2000      0.132321963573E+01
  113.3000      0.132202424207E+01
  113.4000      0.132127087226E+01
  113.5000      0.132082753780E+01
  113.6000      0.132034714895E+01
  113.7000      0.131954050264E+01
  113.8000      0.131837059597E+01
  113.9000      0.131707731040E+01
  114.0000      0.131602910658E+01
  114.1000      0.131546109975E+01
  114.2000      0.131524601525E+01
  114.3000      0.131488757934E+01
  114.4000      0.131380140330E+01
  114.5000      0.131171152595E+01
  114.6000      0.130887580233E+01
  114.7000      0.130598489764E+01
  114.8000      0.130381249905E+01
  114.9000      0.130281728392E+01
  115.0000      0.130288247621E+01
  115.1000      0.130332222814E+01
  115.2000      0.130319829048E+01
  115.3000      0.130182490614E+01
  115.4000      0.129917217119E+01
  115.5000      0.129589819933E+01
  115.6000      0.129298839875E+01
  115.7000      0.129124135828E+01
  115.8000      0.129089322920E+01
  115.9000      0.129153745767E+01
  116.0000      0.129234387873E+01
  116.1000      0.129247877399E+01
  116.2000      0.129153369925E+01
  116.3000      0.128972037010E+01
  116.4000      0.128769887807E+01
  116.5000      0.128615785471E+01
  116.6000      0.128543810464E+01
  116.7000      0.128541877745E+01
  116.8000      0.128566748998E+01
  116.9000      0.128571345564E+01
  117.0000      0.128529794963E+01
  117.1000      0.128449215419E+01
  117.2000      0.128361008074E+01
  117.3000      0.128294820120E+01
  117.4000      0.128253228379E+01
  117.5000      0.128208105721E+01
  117.6000      0.128122271480E+01
  117.7000      0.127978482516E+01
  117.8000      0.127793995519E+01
  117.9000      0.127612976755E+01
  118.0000      0.127483171977E+01
  118.1000      0.127428097748E+01
  118.2000      0.127427604646E+01
  118.3000      0.127420613194E+01
  118.4000      0.127335285538E+01
  118.5000      0.127132000290E+01
  118.6000      0.126830653923E+01
  118.7000      0.126503137427E+01
  118.8000      0.126236694946E+01
  118.9000      0.126090641402E+01
  119.0000      0.126067490206E+01
  119.1000      0.126110042401E+01
  119.2000      0.126127303980E+01
  119.3000      0.126040604780E+01
  119.4000      0.125826629273E+01
  119.5000      0.125530379538E+01
  119.6000      0.125239146198E+01
  119.7000      0.125035336146E+01
  119.8000      0.124957034397E+01
  119.9000      0.124984363221E+01
  120.0000      0.125053045546E+01
  120.1000      0.125087074460E+01
  120.2000      0.125036760803E+01
  120.3000      0.124902981690E+01
  120.4000      0.124731942486E+01
  120.5000      0.124583363721E+01
  120.6000      0.124494863049E+01
  120.7000      0.124465921173E+01
  120.8000      0.124466492646E+01
  120.9000      0.124458650440E+01
  121.0000      0.124417636923E+01
  121.1000      0.124343852520E+01
  121.2000      0.124260126087E+01
  121.3000      0.124193301239E+01
  121.4000      0.124150881533E+01
  121.5000      0.124111723383E+01
  121.6000      0.124040452955E+01
  121.7000      0.123914497803E+01
  121.8000      0.123742418532E+01
  121.9000      0.123561814209E+01
  122.0000      0.123420532990E+01
  122.1000      0.123351426692E+01
  122.2000      0.123351010005E+01
  122.3000      0.123373711526E+01
  122.4000      0.123350860779E+01
  122.5000      0.123228883388E+01
  122.6000      0.123003453391E+01
  122.7000      0.122725720619E+01
  122.8000      0.122476697081E+01
  122.9000      0.122326733805E+01
  123.0000      0.122301485614E+01
  123.1000      0.122368152501E+01
  123.2000      0.122448108573E+01
  123.3000      0.122453985073E+01
  123.4000      0.122335522583E+01
  123.5000      0.122107538184E+01
  123.6000      0.121841190536E+01
  123.7000      0.121624620300E+01
  123.8000      0.121518408000E+01
  123.9000      0.121529204938E+01
  124.0000      0.121609948844E+01
  124.1000      0.121683575853E+01
  124.2000      0.121680817229E+01
  124.3000      0.121575216838E+01
  124.4000      0.121394912667E+01
  124.5000      0.121202551681E+01
  124.6000      0.121057359821E+01
  124.7000      0.120985262541E+01
  124.8000      0.120972655346E+01
  124.9000      0.120980641695E+01
  125.0000      0.120967904578E+01
  125.1000      0.120911988285E+01
  125.2000      0.120820076595E+01
  125.3000      0.120721671867E+01
  125.4000      0.120645510111E+01
  125.5000      0.120597462387E+01
  125.6000      0.120557693874E+01
  125.7000      0.120498522138E+01
  125.8000      0.120406856131E+01
  125.9000      0.120294767325E+01
  126.0000      0.120194104527E+01
  126.1000      0.120139857185E+01
  126.2000      0.120148760958E+01
  126.3000      0.120202769703E+01
  126.4000      0.120250696448E+01
  126.5000      0.120233789080E+01
  126.6000      0.120121861266E+01
  126.7000      0.119934815497E+01
  126.8000      0.119734512858E+01
  126.9000      0.119593454742E+01
  127.0000      0.119558625687E+01
  127.1000      0.119626540206E+01
  127.2000      0.119739900159E+01
  127.3000      0.119811134372E+01
  127.4000      0.119766327011E+01
  127.5000      0.119586570066E+01
  127.6000      0.119319964348E+01
  127.7000      0.119056022997E+01
  127.8000      0.118879593892E+01
  127.9000      0.118830728069E+01
  128.0000      0.118887710088E+01
  128.1000      0.118977820502E+01
  128.2000      0.119011973880E+01
  128.3000      0.118929733679E+01
  128.4000      0.118731109012E+01
  128.5000      0.118474641646E+01
  128.6000      0.118242880559E+01
  128.7000      0.118098738888E+01
  128.8000      0.118058355454E+01
  128.9000      0.118090062356E+01
  129.0000      0.118134161367E+01
  129.1000      0.118133349884E+01
  129.2000      0.118061401789E+01
  129.3000      0.117934906294E+01
  129.4000      0.117799027923E+01
  129.5000      0.117696423803E+01
  129.6000      0.117642317145E+01
  129.7000      0.117621952954E+01
  129.8000      0.117606746896E+01
  129.9000      0.117574075323E+01
  130.0000      0.117519769416E+01
  130.1000      0.117459672741E+01
  130.2000      0.117418964633E+01
  130.3000      0.117412150426E+01
  130.4000      0.117426416949E+01
  130.5000      0.117424245679E+01
  130.6000      0.117367253291E+01
  130.7000      0.117243858735E+01
  130.8000      0.117079983768E+01
  130.9000      0.116926924041E+01
  131.0000      0.116835608227E+01
  131.1000      0.116829762384E+01
  131.2000      0.116888667004E+01
  131.3000      0.116950127897E+01
  131.4000      0.116938808025E+01
  131.5000      0.116808310872E+01
  131.6000      0.116570632554E+01
  131.7000      0.116292493939E+01
  131.8000      0.116061491041E+01
  131.9000      0.115943160199E+01
  132.0000      0.115949917405E+01
  132.1000      0.116033497132E+01
  132.2000      0.116105020438E+01
  132.3000      0.116077795389E+01
  132.4000      0.115913351491E+01
  132.5000      0.115643062136E+01
  132.6000      0.115350697856E+01
  132.7000      0.115127836633E+01
  132.8000      0.115029664143E+01
  132.9000      0.115052291932E+01
  133.0000      0.115137453211E+01
  133.1000      0.115200699947E+01
  133.2000      0.115172701152E+01
  133.3000      0.115034485608E+01
  133.4000      0.114825304847E+01
  133.5000      0.114617247371E+01
  133.6000      0.114474342273E+01
  133.7000      0.114422567760E+01
  133.8000      0.114444164106E+01
  133.9000      0.114492225586E+01
  134.0000      0.114515363549E+01
  134.1000      0.114482913671E+01
  134.2000      0.114399435254E+01
  134.3000      0.114298261071E+01
  134.4000      0.114216641042E+01
  134.5000      0.114171004882E+01
  134.6000      0.114150893343E+01
  134.7000      0.114132437086E+01
  134.8000      0.114097050239E+01
  134.9000      0.114042653721E+01
  135.0000      0.113984501296E+01
  135.1000      0.113946595111E+01
  135.2000      0.113945191930E+01
  135.3000      0.113972246013E+01
  135.4000      0.113993246796E+01
  135.5000      0.113966439326E+01
  135.6000      0.113871339095E+01
  135.7000      0.113724809541E+01
  135.8000      0.113573931339E+01
  135.9000      0.113472509138E+01
  136.0000      0.113454475294E+01
  136.1000      0.113514307719E+01
  136.2000      0.113603195104E+01
  136.3000      0.113648301170E+01
  136.4000      0.113590790265E+01
  136.5000      0.113421077909E+01
  136.6000      0.113187041243E+01
  136.7000      0.112969734194E+01
  136.8000      0.112843087728E+01
  136.9000      0.112839334087E+01
  137.0000      0.112933412228E+01
  137.1000      0.113051822319E+01
  137.2000      0.113105725531E+01
  137.3000      0.113036297428E+01
  137.4000      0.112847309428E+01
  137.5000      0.112603241658E+01
  137.6000      0.112394252807E+01
  137.7000      0.112291057707E+01
  137.8000      0.112313856399E+01
  137.9000      0.112425780915E+01
  138.0000      0.112550389742E+01
  138.1000      0.112607457590E+01
  138.2000      0.112553076076E+01
  138.3000      0.112401938700E+01
  138.4000      0.112216500859E+01
  138.5000      0.112070428666E+01
  138.6000      0.112011168137E+01
  138.7000      0.112041829092E+01
  138.8000      0.112125431810E+01
  138.9000      0.112204522931E+01
  139.0000      0.112228473810E+01
  139.1000      0.112178290869E+01
  139.2000      0.112074656401E+01
  139.3000      0.111961882733E+01
  139.4000      0.111878894444E+01
  139.5000      0.111838914173E+01
  139.6000      0.111829303871E+01
  139.7000      0.111825013175E+01
  139.8000      0.111803507874E+01
  139.9000      0.111755529407E+01
  140.0000      0.111689601731E+01
  140.1000      0.111626143962E+01
  140.2000      0.111581118499E+01
  140.3000      0.111550888313E+01
  140.4000      0.111513163438E+01
  140.5000      0.111444657347E+01
  140.6000      0.111339828595E+01
  140.7000      0.111216098715E+01
  140.8000      0.111105050468E+01
  140.9000      0.111037341464E+01
  141.0000      0.111026721800E+01
  141.1000      0.111057826179E+01
  141.2000      0.111087113757E+01
  141.3000      0.111063554367E+01
  141.4000      0.110959650040E+01
  141.5000      0.110790742130E+01
  141.6000      0.110608473398E+01
  141.7000      0.110474563487E+01
  141.8000      0.110431532236E+01
  141.9000      0.110482375726E+01
  142.0000      0.110585292730E+01
  142.1000      0.110668700132E+01
  142.2000      0.110665612002E+01
  142.3000      0.110550998857E+01
  142.4000      0.110357437524E+01
  142.5000      0.110157866770E+01
  142.6000      0.110028002683E+01
  142.7000      0.110010985668E+01
  142.8000      0.110098703853E+01
  142.9000      0.110234109589E+01
  143.0000      0.110335109336E+01
  143.1000      0.110334074686E+01
  143.2000      0.110213903757E+01
  143.3000      0.110017199983E+01
  143.4000      0.109821827479E+01
  143.5000      0.109700091701E+01
  143.6000      0.109685996830E+01
  143.7000      0.109763113496E+01
  143.8000      0.109873163229E+01
  143.9000      0.109941951084E+01
  144.0000      0.109915122171E+01
  144.1000      0.109786411667E+01
  144.2000      0.109599379995E+01
  144.3000      0.109420682631E+01
  144.4000      0.109304226370E+01
  144.5000      0.109268384485E+01
  144.6000      0.109293303616E+01
  144.7000      0.109332963811E+01
  144.8000      0.109336320596E+01
  144.9000      0.109272005193E+01
  145.0000      0.109144610392E+01
  145.1000      0.108989830295E+01
  145.2000      0.108850545099E+01
  145.3000      0.108752474572E+01
  145.4000      0.108695932732E+01
  145.5000      0.108663072977E+01
  145.6000      0.108629936427E+01
  145.7000      0.108577455293E+01
  145.8000      0.108500785937E+01
  145.9000      0.108412460871E+01
  146.0000      0.108333183026E+01
  146.1000      0.108274851875E+01
  146.2000      0.108231315982E+01
  146.3000      0.108185845494E+01
  146.4000      0.108126677375E+01
  146.5000      0.108055822410E+01
  146.6000      0.107987143925E+01
  146.7000      0.107939603563E+01
  146.8000      0.107928920173E+01
  146.9000      0.107956890278E+01
  147.0000      0.108003629467E+01
  147.1000      0.108033673121E+01
  147.2000      0.108017208301E+01
  147.3000      0.107950929309E+01
  147.4000      0.107861432698E+01
  147.5000      0.107790444941E+01
  147.6000      0.107774424968E+01
  147.7000      0.107828250484E+01
  147.8000      0.107935660297E+01
  147.9000      0.108050807679E+01
  148.0000      0.108117070999E+01
  148.1000      0.108097958953E+01
  148.2000      0.107999905409E+01
  148.3000      0.107869484359E+01
  148.4000      0.107768185072E+01
  148.5000      0.107742808644E+01
  148.6000      0.107805387000E+01
  148.7000      0.107926494488E+01
  148.8000      0.108044403158E+01
  148.9000      0.108092202947E+01
  149.0000      0.108033449796E+01
  149.1000      0.107883909210E+01
  149.2000      0.107703072269E+01
  149.3000      0.107562233517E+01
  149.4000      0.107510859809E+01
  149.5000      0.107556764078E+01
  149.6000      0.107663149957E+01
  149.7000      0.107762651990E+01
  149.8000      0.107787814025E+01
  149.9000      0.107706720168E+01
  150.0000      0.107541427331E+01
  150.1000      0.107355099021E+01
  150.2000      0.107217610563E+01
  150.3000      0.107172947496E+01
  150.4000      0.107223073260E+01
  150.5000      0.107328912061E+01
  150.6000      0.107426235954E+01
  150.7000      0.107454772703E+01
  150.8000      0.107389715873E+01
  150.9000      0.107255319963E+01
  151.0000      0.107109376338E+01
  151.1000      0.107010423148E+01
  151.2000      0.106990593917E+01
  151.3000      0.107045818339E+01
  151.4000      0.107140403204E+01
  151.5000      0.107221730655E+01
  151.6000      0.107243829376E+01
  151.7000      0.107191500504E+01
  151.8000      0.107088226672E+01
  151.9000      0.106979853083E+01
  152.0000      0.106906960382E+01
  152.1000      0.106886616466E+01
  152.2000      0.106910579486E+01
  152.3000      0.106952635300E+01
  152.4000      0.106979300130E+01
  152.5000      0.106964556889E+01
  152.6000      0.106904422897E+01
  152.7000      0.106819086089E+01
  152.8000      0.106737680760E+01
  152.9000      0.106678619344E+01
  153.0000      0.106642493702E+01
  153.1000      0.106618885751E+01
  153.2000      0.106595246263E+01
  153.3000      0.106561339856E+01
  153.4000      0.106513088987E+01
  153.5000      0.106456764982E+01
  153.6000      0.106406074862E+01
  153.7000      0.106369780126E+01
  153.8000      0.106341751965E+01
  153.9000      0.106305855828E+01
  154.0000      0.106250893331E+01
  154.1000      0.106179617603E+01
  154.2000      0.106105486649E+01
  154.3000      0.106045019835E+01
  154.4000      0.106012180046E+01
  154.5000      0.106011762102E+01
  154.6000      0.106031161271E+01
  154.7000      0.106040625192E+01
  154.8000      0.106009453267E+01
  154.9000      0.105927617005E+01
  155.0000      0.105813524579E+01
  155.1000      0.105702628939E+01
  155.2000      0.105629133697E+01
  155.3000      0.105612287731E+01
  155.4000      0.105647722371E+01
  155.5000      0.105703978154E+01
  155.6000      0.105732097514E+01
  155.7000      0.105691175725E+01
  155.8000      0.105574570052E+01
  155.9000      0.105415319747E+01
  156.0000      0.105267178644E+01
  156.1000      0.105177706745E+01
  156.2000      0.105168961805E+01
  156.3000      0.105228403535E+01
  156.4000      0.105310036289E+01
  156.5000      0.105351448288E+01
  156.6000      0.105305974903E+01
  156.7000      0.105171266638E+01
  156.8000      0.104991786012E+01
  156.9000      0.104833690784E+01
  157.0000      0.104752085497E+01
  157.1000      0.104768858344E+01
  157.2000      0.104864486333E+01
  157.3000      0.104983041773E+01
  157.4000      0.105054220670E+01
  157.5000      0.105029167446E+01
  157.6000      0.104909391326E+01
  157.7000      0.104746249292E+01
  157.8000      0.104611571172E+01
  157.9000      0.104562038459E+01
  158.0000      0.104616758871E+01
  158.1000      0.104750926372E+01
  158.2000      0.104903578575E+01
  158.3000      0.105002029987E+01
  158.4000      0.104998575082E+01
  158.5000      0.104898086399E+01
  158.6000      0.104754697204E+01
  158.7000      0.104640145715E+01
  158.8000      0.104608070147E+01
  158.9000      0.104673571936E+01
  159.0000      0.104809363366E+01
  159.1000      0.104955026732E+01
  159.2000      0.105041375645E+01
  159.3000      0.105025530690E+01
  159.4000      0.104915818100E+01
  159.5000      0.104766001211E+01
  159.6000      0.104643231313E+01
  159.7000      0.104594770040E+01
  159.8000      0.104631449455E+01
  159.9000      0.104726685566E+01
  160.0000      0.104825941360E+01
  160.1000      0.104868724229E+01
  160.2000      0.104819864687E+01
  160.3000      0.104690663654E+01
  160.4000      0.104531185373E+01
  160.5000      0.104399619145E+01
  160.6000      0.104333643345E+01
  160.7000      0.104339315029E+01
  160.8000      0.104393056762E+01
  160.9000      0.104450013908E+01
  161.0000      0.104461688182E+01
  161.1000      0.104401737894E+01
  161.2000      0.104282782225E+01
  161.3000      0.104147471078E+01
  161.4000      0.104040894394E+01
  161.5000      0.103988334187E+01
  161.6000      0.103990575123E+01
  161.7000      0.104028638018E+01
  161.8000      0.104069790480E+01
  161.9000      0.104079285479E+01
  162.0000      0.104039649143E+01
  162.1000      0.103963040195E+01
  162.2000      0.103881876397E+01
  162.3000      0.103825520485E+01
  162.4000      0.103805489365E+01
  162.5000      0.103817572187E+01
  162.6000      0.103848856175E+01
  162.7000      0.103880412026E+01
  162.8000      0.103892217308E+01
  162.9000      0.103875528490E+01
  163.0000      0.103841003834E+01
  163.1000      0.103809496671E+01
  163.2000      0.103793707886E+01
  163.3000      0.103791315974E+01
  163.4000      0.103793932054E+01
  163.5000      0.103796012720E+01
  163.6000      0.103793631565E+01
  163.7000      0.103782162355E+01
  163.8000      0.103761659814E+01
  163.9000      0.103740956618E+01
  164.0000      0.103728952806E+01
  164.1000      0.103721563133E+01
  164.2000      0.103703008009E+01
  164.3000      0.103661643309E+01
  164.4000      0.103600531241E+01
  164.5000      0.103531909012E+01
  164.6000      0.103467311873E+01
  164.7000      0.103415867045E+01
  164.8000      0.103384483274E+01
  164.9000      0.103369890676E+01
  165.0000      0.103351209976E+01
  165.1000      0.103299691567E+01
  165.2000      0.103201466363E+01
  165.3000      0.103069455367E+01
  165.4000      0.102933002861E+01
  165.5000      0.102820051195E+01
  165.6000      0.102748358488E+01
  165.7000      0.102722151588E+01
  165.8000      0.102725418123E+01
  165.9000      0.102720488543E+01
  166.0000      0.102666297692E+01
  166.1000      0.102547680057E+01
  166.2000      0.102387891728E+01
  166.3000      0.102232766418E+01
  166.4000      0.102124896128E+01
  166.5000      0.102088454673E+01
  166.6000      0.102123318628E+01
  166.7000      0.102200319322E+01
  166.8000      0.102265848728E+01
  166.9000      0.102267932099E+01
  167.0000      0.102190920431E+01
  167.1000      0.102067583725E+01
  167.2000      0.101957511274E+01
  167.3000      0.101914146617E+01
  167.4000      0.101964845365E+01
  167.5000      0.102103915858E+01
  167.6000      0.102290213550E+01
  167.7000      0.102456877632E+01
  167.8000      0.102543554463E+01
  167.9000      0.102534880715E+01
  168.0000      0.102471365105E+01
  168.1000      0.102422550187E+01
  168.2000      0.102448607765E+01
  168.3000      0.102577666790E+01
  168.4000      0.102798935579E+01
  168.5000      0.103062233445E+01
  168.6000      0.103291217983E+01
  168.7000      0.103419899364E+01
  168.8000      0.103433769919E+01
  168.9000      0.103379476571E+01
  169.0000      0.103333834241E+01
  169.1000      0.103361664358E+01
  169.2000      0.103491787121E+01
  169.3000      0.103710481648E+01
  169.4000      0.103961938897E+01
  169.5000      0.104163467069E+01
  169.6000      0.104245304731E+01
  169.7000      0.104194349777E+01
  169.8000      0.104063242314E+01
  169.9000      0.103936039522E+01
  170.0000      0.103882940871E+01
  170.1000      0.103935110459E+01
  170.2000      0.104077964037E+01
  170.3000      0.104251632867E+01
  170.4000      0.104367589954E+01
  170.5000      0.104352081106E+01
  170.6000      0.104193325346E+01
  170.7000      0.103950608396E+01
  170.8000      0.103716514178E+01
  170.9000      0.103567969520E+01
  171.0000      0.103539264465E+01
  171.1000      0.103614645439E+01
  171.2000      0.103728579557E+01
  171.3000      0.103784261115E+01
  171.4000      0.103701793433E+01
  171.5000      0.103469908925E+01
  171.6000      0.103155132078E+01
  171.7000      0.102859609917E+01
  171.8000      0.102667372848E+01
  171.9000      0.102615044847E+01
  172.0000      0.102683818271E+01
  172.1000      0.102799909011E+01
  172.2000      0.102855666226E+01
  172.3000      0.102763482421E+01
  172.4000      0.102512595173E+01
  172.5000      0.102177795189E+01
  172.6000      0.101871603520E+01
  172.7000      0.101684944451E+01
  172.8000      0.101655789418E+01
  172.9000      0.101761215222E+01
  173.0000      0.101918445793E+01
  173.1000      0.102008714891E+01
  173.2000      0.101937162045E+01
  173.3000      0.101694765151E+01
  173.4000      0.101365888849E+01
  173.5000      0.101073790257E+01
  173.6000      0.100915571392E+01
  173.7000      0.100929790973E+01
  173.8000      0.101089607256E+01
  173.9000      0.101304312418E+01
  174.0000      0.101445237377E+01
  174.1000      0.101411351018E+01
  174.2000      0.101196371194E+01
  174.3000      0.100894698195E+01
  174.4000      0.100639536442E+01
  174.5000      0.100532443737E+01
  174.6000      0.100611424687E+01
  174.7000      0.100846175991E+01
  174.8000      0.101139376365E+01
  174.9000      0.101353233583E+01
  175.0000      0.101380530095E+01
  175.1000      0.101217581980E+01
  175.2000      0.100968512836E+01
  175.3000      0.100775165534E+01
  175.4000      0.100741443002E+01
  175.5000      0.100903567580E+01
  175.6000      0.101228379998E+01
  175.7000      0.101612969341E+01
  175.8000      0.101909943120E+01
  175.9000      0.102004283166E+01
  176.0000      0.101894114533E+01
  176.1000      0.101693712275E+01
  176.2000      0.101553544777E+01
  176.3000      0.101578788130E+01
  176.4000      0.101803535615E+01
  176.5000      0.102193177015E+01
  176.6000      0.102640047001E+01
  176.7000      0.102984810111E+01
  176.8000      0.103100853357E+01
  176.9000      0.102987378926E+01
  177.0000      0.102772220707E+01
  177.1000      0.102618318545E+01
  177.2000      0.102633856593E+01
  177.3000      0.102852534061E+01
  177.4000      0.103241587138E+01
  177.5000      0.103689323249E+01
  177.6000      0.104018195246E+01
  177.7000      0.104081147122E+01
  177.8000      0.103877366385E+01
  177.9000      0.103557695400E+01
  178.0000      0.103308771624E+01
  178.1000      0.103247410050E+01
  178.2000      0.103410671431E+01
  178.3000      0.103773785728E+01
  178.4000      0.104220567442E+01
  178.5000      0.104536490622E+01
  178.6000      0.104526778328E+01
  178.7000      0.104182956507E+01
  178.8000      0.103701636534E+01
  178.9000      0.103322441481E+01
  179.0000      0.103182423570E+01
  179.1000      0.103328677265E+01
  179.2000      0.103768800740E+01
  179.3000      0.104396057354E+01
  179.4000      0.104897238697E+01
  179.5000      0.104894971086E+01
  179.6000      0.104285754050E+01
  179.7000      0.103386541639E+01
  179.8000      0.102658343467E+01
  179.9000      0.102304830503E+01
  180.0000      0.102221121952E+01
