 # E =    1.09991946665455       eV =    8872.09841000000       1/cm
 #  1801
# DFFCSO.  ACCUM LEV(I),J(I) =  1  0 LEV(F),J(F) =  1  0       , M =  0, WEIGHTED BY  1.00000
   0.10000  0.451688778143E+06
   0.20000  0.350555273138E+06
   0.30000  0.225130920412E+06
   0.40000  0.115528468789E+06
   0.50000  0.453038484785E+05
   0.60000  0.150552317624E+05
   0.70000  0.971235724170E+04
   0.80000  0.119271793026E+05
   0.90000  0.118414488050E+05
   1.00000  0.848851272682E+04
   1.10000  0.507562132740E+04
   1.20000  0.380353338484E+04
   1.30000  0.413413205657E+04
   1.40000  0.432548430098E+04
   1.50000  0.352474063121E+04
   1.60000  0.228179153021E+04
   1.70000  0.153967810212E+04
   1.80000  0.155560601162E+04
   1.90000  0.181613539391E+04
   2.00000  0.173979774405E+04
   2.10000  0.125965392119E+04
   2.20000  0.748706568375E+03
   2.30000  0.537678449319E+03
   2.40000  0.603769154795E+03
   2.50000  0.685966097243E+03
   2.60000  0.598422936937E+03
   2.70000  0.384126923366E+03
   2.80000  0.205851213729E+03
   2.90000  0.154990959838E+03
   3.00000  0.185833395384E+03
   3.10000  0.200155041186E+03
   3.20000  0.154753075628E+03
   3.30000  0.824398959696E+02
   3.40000  0.351781088340E+02
   3.50000  0.292081264450E+02
   3.60000  0.423964287414E+02
   3.70000  0.470003633657E+02
   3.80000  0.348434616934E+02
   3.90000  0.161096559911E+02
   4.00000  0.406961111602E+01
   4.10000  0.390201147685E+01
   4.20000  0.113913120203E+02
   4.30000  0.178190373603E+02
   4.40000  0.167052347088E+02
   4.50000  0.884412582962E+01
   4.60000  0.162516804543E+01
   4.70000  0.187860615110E+01
   4.80000  0.855715238287E+01
   4.90000  0.135904144256E+02
   5.00000  0.109333937953E+02
   5.10000  0.372943704236E+01
   5.20000  0.771114821589E+00
   5.30000  0.599150353749E+01
   5.40000  0.135575463629E+02
   5.50000  0.147809166167E+02
   5.60000  0.871150794899E+01
   5.70000  0.353690579671E+01
   5.80000  0.688702851645E+01
   5.90000  0.165887324543E+02
   6.00000  0.229592670897E+02
   6.10000  0.199581240716E+02
   6.20000  0.120780768315E+02
   6.30000  0.906894425376E+01
   6.40000  0.148610716264E+02
   6.50000  0.234210004209E+02
   6.60000  0.257958323434E+02
   6.70000  0.198647960443E+02
   6.80000  0.120019486756E+02
   6.90000  0.964246129497E+01
   7.00000  0.136088029206E+02
   7.10000  0.182054628835E+02
   7.20000  0.178495635668E+02
   7.30000  0.124859350725E+02
   7.40000  0.666797972035E+01
   7.50000  0.450900657246E+01
   7.60000  0.620140608174E+01
   7.70000  0.883858143479E+01
   7.80000  0.955358465615E+01
   7.90000  0.766056137588E+01
   8.00000  0.459050023575E+01
   8.10000  0.253512436900E+01
   8.20000  0.295815726169E+01
   8.30000  0.558442190325E+01
   8.40000  0.841178977571E+01
   8.50000  0.912832740082E+01
   8.60000  0.716173888286E+01
   8.70000  0.443748189941E+01
   8.80000  0.369699982760E+01
   8.90000  0.575435661924E+01
   9.00000  0.855143913815E+01
   9.10000  0.919696150146E+01
   9.20000  0.691845095005E+01
   9.30000  0.376052371872E+01
   9.40000  0.233316417531E+01
   9.50000  0.315763240959E+01
   9.60000  0.444861085362E+01
   9.70000  0.429388914338E+01
   9.80000  0.260601603814E+01
   9.90000  0.821481997708E+00
  10.00000  0.932995496793E-01
  10.10000  0.243539384678E+00
  10.20000  0.442149076729E+00
  10.30000  0.393055043749E+00
  10.40000  0.468511553002E+00
  10.50000  0.868490284460E+00
  10.60000  0.116564820401E+01
  10.70000  0.914542496454E+00
  10.80000  0.434241321094E+00
  10.90000  0.580398751782E+00
  11.00000  0.167665691957E+01
  11.10000  0.295531067090E+01
  11.20000  0.329687649301E+01
  11.30000  0.245928234617E+01
  11.40000  0.136377433465E+01
  11.50000  0.111136343065E+01
  11.60000  0.185719094369E+01
  11.70000  0.275034737590E+01
  11.80000  0.287916231876E+01
  11.90000  0.212310018573E+01
  12.00000  0.111056645140E+01
  12.10000  0.545028306107E+00
  12.20000  0.679751793329E+00
  12.30000  0.129857055685E+01
  12.40000  0.196522339663E+01
  12.50000  0.225607051966E+01
  12.60000  0.197599663529E+01
  12.70000  0.136830665608E+01
  12.80000  0.107110456494E+01
  12.90000  0.162474321704E+01
  13.00000  0.286959270518E+01
  13.10000  0.392500537270E+01
  13.20000  0.396245226690E+01
  13.30000  0.306557274153E+01
  13.40000  0.221909553121E+01
  13.50000  0.233666860280E+01
  13.60000  0.331750958548E+01
  13.70000  0.414739986312E+01
  13.80000  0.394132918806E+01
  13.90000  0.281340784773E+01
  14.00000  0.168872214970E+01
  14.10000  0.134033925672E+01
  14.20000  0.170381085971E+01
  14.30000  0.209932021690E+01
  14.40000  0.197764513851E+01
  14.50000  0.136681059436E+01
  14.60000  0.687874061869E+00
  14.70000  0.308765360460E+00
  14.80000  0.321742645779E+00
  14.90000  0.612822184434E+00
  15.00000  0.983239071976E+00
  15.10000  0.120477398372E+01
  15.20000  0.111323993044E+01
  15.30000  0.772990207478E+00
  15.40000  0.511628756642E+00
  15.50000  0.660241769954E+00
  15.60000  0.119416013377E+01
  15.70000  0.168632923996E+01
  15.80000  0.169790386404E+01
  15.90000  0.122295508273E+01
  16.00000  0.698902737577E+00
  16.10000  0.560131340643E+00
  16.20000  0.817615525597E+00
  16.30000  0.110060705816E+01
  16.40000  0.106849839551E+01
  16.50000  0.722339515930E+00
  16.60000  0.326099538573E+00
  16.70000  0.110463537187E+00
  16.80000  0.111272494202E+00
  16.90000  0.244177229642E+00
  17.00000  0.425437288925E+00
  17.10000  0.580042046511E+00
  17.20000  0.613407328475E+00
  17.30000  0.483958586748E+00
  17.40000  0.315382317379E+00
  17.50000  0.346681956045E+00
  17.60000  0.689513854625E+00
  17.70000  0.114964612185E+01
  17.80000  0.136634232245E+01
  17.90000  0.117150894715E+01
  18.00000  0.781897739529E+00
  18.10000  0.590575508693E+00
  18.20000  0.767835989884E+00
  18.30000  0.109921984016E+01
  18.40000  0.122261634274E+01
  18.50000  0.991626628062E+00
  18.60000  0.585546148733E+00
  18.70000  0.296271278686E+00
  18.80000  0.259632697142E+00
  18.90000  0.394231902489E+00
  19.00000  0.537025087816E+00
  19.10000  0.581567475152E+00
  19.20000  0.507372338140E+00
  19.30000  0.356247328316E+00
  19.40000  0.226516174477E+00
  19.50000  0.248199210428E+00
  19.60000  0.483390965428E+00
  19.70000  0.823451844511E+00
  19.80000  0.103325722359E+01
  19.90000  0.958711268239E+00
  20.00000  0.698604106090E+00
  20.10000  0.531716735491E+00
  20.20000  0.643749074914E+00
  20.30000  0.935047661542E+00
  20.40000  0.111869213071E+01
  20.50000  0.100595166094E+01
  20.60000  0.678732758690E+00
  20.70000  0.386171681865E+00
  20.80000  0.302013995092E+00
  20.90000  0.397965486247E+00
  21.00000  0.522845629103E+00
  21.10000  0.556167618749E+00
  21.20000  0.477518143035E+00
  21.30000  0.337497451038E+00
  21.40000  0.215664493107E+00
  21.50000  0.200945196792E+00
  21.60000  0.351226452996E+00
  21.70000  0.623292977982E+00
  21.80000  0.858808464299E+00
  21.90000  0.897382349834E+00
  22.00000  0.737663593506E+00
  22.10000  0.567507163586E+00
  22.20000  0.595199606688E+00
  22.30000  0.836921562345E+00
  22.40000  0.108731637887E+01
  22.50000  0.111539667561E+01
  22.60000  0.886061953707E+00
  22.70000  0.582633035912E+00
  22.80000  0.422302941031E+00
  22.90000  0.465121163714E+00
  23.00000  0.595521687055E+00
  23.10000  0.657125466924E+00
  23.20000  0.583832914096E+00
  23.30000  0.421130059616E+00
  23.40000  0.266392617426E+00
  23.50000  0.207632951866E+00
  23.60000  0.287189158059E+00
  23.70000  0.474550525158E+00
  23.80000  0.662059500586E+00
  23.90000  0.724154495948E+00
  24.00000  0.624139253553E+00
  24.10000  0.467718299100E+00
  24.20000  0.421356040258E+00
  24.30000  0.552057632531E+00
  24.40000  0.750452174293E+00
  24.50000  0.829025241527E+00
  24.60000  0.702240057532E+00
  24.70000  0.463630626829E+00
  24.80000  0.285854146632E+00
  24.90000  0.257497945415E+00
  25.00000  0.323685204803E+00
  25.10000  0.368908303012E+00
  25.20000  0.331437891425E+00
  25.30000  0.234058810837E+00
  25.40000  0.133128428940E+00
  25.50000  0.693003202711E-01
  25.60000  0.643727922392E-01
  25.70000  0.129582572660E+00
  25.80000  0.247474935014E+00
  25.90000  0.354677280595E+00
  26.00000  0.376981606220E+00
  26.10000  0.302386562615E+00
  26.20000  0.208947811456E+00
  26.30000  0.197681455184E+00
  26.40000  0.290271259938E+00
  26.50000  0.402564078005E+00
  26.60000  0.426555817545E+00
  26.70000  0.333960536726E+00
  26.80000  0.194427419601E+00
  26.90000  0.100621409920E+00
  27.00000  0.890631664464E-01
  27.10000  0.131695041692E+00
  27.20000  0.182142832430E+00
  27.30000  0.211307363034E+00
  27.40000  0.206977441639E+00
  27.50000  0.168798383757E+00
  27.60000  0.121526022926E+00
  27.70000  0.118525506754E+00
  27.80000  0.201801435305E+00
  27.90000  0.345971997553E+00
  28.00000  0.457929843881E+00
  28.10000  0.455519254931E+00
  28.20000  0.352341703487E+00
  28.30000  0.252420661122E+00
  28.40000  0.250102796282E+00
  28.50000  0.337224530790E+00
  28.60000  0.415068598377E+00
  28.70000  0.395275163679E+00
  28.80000  0.281503259688E+00
  28.90000  0.153856183141E+00
  29.00000  0.869841269076E-01
  29.10000  0.926029907161E-01
  29.20000  0.131694743826E+00
  29.30000  0.161284514250E+00
  29.40000  0.161114058215E+00
  29.50000  0.130853218893E+00
  29.60000  0.843790255401E-01
  29.70000  0.508574021933E-01
  29.80000  0.629394445503E-01
  29.90000  0.125171842700E+00
  30.00000  0.195471319604E+00
  30.10000  0.214373183925E+00
  30.20000  0.163122794404E+00
  30.30000  0.873167131682E-01
  30.40000  0.527972534803E-01
  30.50000  0.779062017719E-01
  30.60000  0.117407273024E+00
  30.70000  0.115705963634E+00
  30.80000  0.672222575744E-01
  30.90000  0.160390469942E-01
  31.00000  0.103638101803E-02
  31.10000  0.150954182397E-01
  31.20000  0.235502709756E-01
  31.30000  0.118419647870E-01
  31.40000  0.497063061622E-03
  31.50000  0.125857258391E-01
  31.60000  0.400141107807E-01
  31.70000  0.527046210892E-01
  31.80000  0.366662222780E-01
  31.90000  0.108454869362E-01
  32.00000  0.282517256594E-02
  32.10000  0.166204302759E-01
  32.20000  0.324856526952E-01
  32.30000  0.342467885673E-01
  32.40000  0.259325868576E-01
  32.50000  0.191890351392E-01
  32.60000  0.148561814076E-01
  32.70000  0.720290119644E-02
  32.80000  0.255337303587E-02
  32.90000  0.196409472992E-01
  33.00000  0.639967835796E-01
  33.10000  0.109781857264E+00
  33.20000  0.120241499187E+00
  33.30000  0.893436275983E-01
  33.40000  0.542570157148E-01
  33.50000  0.581346796937E-01
  33.60000  0.102484516217E+00
  33.70000  0.143955614983E+00
  33.80000  0.140031163601E+00
  33.90000  0.920003767614E-01
  34.00000  0.389987190290E-01
  34.10000  0.150472347230E-01
  34.20000  0.201438255305E-01
  34.30000  0.325964510509E-01
  34.40000  0.384773640523E-01
  34.50000  0.402487177276E-01
  34.60000  0.414868514262E-01
  34.70000  0.368231310490E-01
  34.80000  0.235238148449E-01
  34.90000  0.152468068034E-01
  35.00000  0.320184259127E-01
  35.10000  0.737597831665E-01
  35.20000  0.111838286433E+00
  35.30000  0.114638785879E+00
  35.40000  0.804776577140E-01
  35.50000  0.395995399952E-01
  35.60000  0.228395994729E-01
  35.70000  0.332148801170E-01
  35.80000  0.504144472516E-01
  35.90000  0.570793046386E-01
  36.00000  0.530328751476E-01
  36.10000  0.453840650872E-01
  36.20000  0.357423269355E-01
  36.30000  0.252135438083E-01
  36.40000  0.267927473710E-01
  36.50000  0.594292919805E-01
  36.60000  0.122890508372E+00
  36.70000  0.184946882673E+00
  36.80000  0.205155549906E+00
  36.90000  0.175829843052E+00
  37.00000  0.134406872092E+00
  37.10000  0.129001888140E+00
  37.20000  0.171109658574E+00
  37.30000  0.224844798298E+00
  37.40000  0.242485679883E+00
  37.50000  0.207846943063E+00
  37.60000  0.145881453505E+00
  37.70000  0.967512348621E-01
  37.80000  0.857333154870E-01
  37.90000  0.113417156801E+00
  38.00000  0.162677559679E+00
  38.10000  0.208114980145E+00
  38.20000  0.225786293406E+00
  38.30000  0.208325953160E+00
  38.40000  0.177500850098E+00
  38.50000  0.174603987464E+00
  38.60000  0.225623005403E+00
  38.70000  0.310612864540E+00
  38.80000  0.372932883498E+00
  38.90000  0.367014638318E+00
  39.00000  0.300281221783E+00
  39.10000  0.226628284385E+00
  39.20000  0.197420923378E+00
  39.30000  0.218601122688E+00
  39.40000  0.252997900031E+00
  39.50000  0.258862146978E+00
  39.60000  0.223626260424E+00
  39.70000  0.166218656632E+00
  39.80000  0.117103731157E+00
  39.90000  0.997999286986E-01
  40.00000  0.123006596413E+00
  40.10000  0.177272478952E+00
  40.20000  0.234920599830E+00
  40.30000  0.262148280190E+00
  40.40000  0.243872526324E+00
  40.50000  0.200880634080E+00
  40.60000  0.176420302218E+00
  40.70000  0.197910804553E+00
  40.80000  0.249511722835E+00
  40.90000  0.284826553286E+00
  41.00000  0.268746094508E+00
  41.10000  0.207408931492E+00
  41.20000  0.139129225346E+00
  41.30000  0.999503088073E-01
  41.40000  0.990637569048E-01
  41.50000  0.121711381737E+00
  41.60000  0.146785691870E+00
  41.70000  0.158884988930E+00
  41.80000  0.151271832103E+00
  41.90000  0.128461786689E+00
  42.00000  0.108981113632E+00
  42.10000  0.117431354041E+00
  42.20000  0.163376780851E+00
  42.30000  0.225549358122E+00
  42.40000  0.263080115446E+00
  42.50000  0.249474296974E+00
  42.60000  0.197418839792E+00
  42.70000  0.148029352002E+00
  42.80000  0.134085942130E+00
  42.90000  0.153453154507E+00
  43.00000  0.176535538577E+00
  43.10000  0.175805247734E+00
  43.20000  0.146806028161E+00
  43.30000  0.105487158205E+00
  43.40000  0.727983766152E-01
  43.50000  0.636413474666E-01
  43.60000  0.832828248742E-01
  43.70000  0.124649141362E+00
  43.80000  0.167048053214E+00
  43.90000  0.185250156016E+00
  44.00000  0.169081462567E+00
  44.10000  0.136051823675E+00
  44.20000  0.119290121608E+00
  44.30000  0.137362664751E+00
  44.40000  0.175155287542E+00
  44.50000  0.196811465162E+00
  44.60000  0.178789237708E+00
  44.70000  0.130073669258E+00
  44.80000  0.812324954306E-01
  44.90000  0.567353932350E-01
  45.00000  0.587464195266E-01
  45.10000  0.732780183698E-01
  45.20000  0.854463178142E-01
  45.30000  0.873158305763E-01
  45.40000  0.772882905290E-01
  45.50000  0.598368943337E-01
  45.60000  0.469751648188E-01
  45.70000  0.532864504192E-01
  45.80000  0.824474348870E-01
  45.90000  0.118303829975E+00
  46.00000  0.134657288375E+00
  46.10000  0.118430834470E+00
  46.20000  0.829967664242E-01
  46.30000  0.561485676460E-01
  46.40000  0.541551447318E-01
  46.50000  0.685385500160E-01
  46.60000  0.777118455741E-01
  46.70000  0.687493951785E-01
  46.80000  0.464111083888E-01
  46.90000  0.240976812175E-01
  47.00000  0.111140328700E-01
  47.10000  0.966841657274E-02
  47.20000  0.190155523504E-01
  47.30000  0.364100670455E-01
  47.40000  0.538503123232E-01
  47.50000  0.598419574896E-01
  47.60000  0.497608454266E-01
  47.70000  0.338291941838E-01
  47.80000  0.299593260743E-01
  47.90000  0.456299377281E-01
  48.00000  0.683086692748E-01
  48.10000  0.767142952015E-01
  48.20000  0.619562397619E-01
  48.30000  0.358795032832E-01
  48.40000  0.182463476006E-01
  48.50000  0.177336389250E-01
  48.60000  0.267541805513E-01
  48.70000  0.325826821468E-01
  48.80000  0.297718913415E-01
  48.90000  0.213524235439E-01
  49.00000  0.122417220109E-01
  49.10000  0.577557802286E-02
  49.20000  0.566886922591E-02
  49.30000  0.158782440425E-01
  49.40000  0.347874919449E-01
  49.50000  0.516880321589E-01
  49.60000  0.542994385313E-01
  49.70000  0.421696212347E-01
  49.80000  0.300844401248E-01
  49.90000  0.344717394732E-01
  50.00000  0.557946508109E-01
  50.10000  0.765764467586E-01
  50.20000  0.782734964490E-01
  50.30000  0.592411267810E-01
  50.40000  0.351508618436E-01
  50.50000  0.230095927813E-01
  50.60000  0.267483610032E-01
  50.70000  0.377075137515E-01
  50.80000  0.454403032737E-01
  50.90000  0.454490227567E-01
  51.00000  0.386923585943E-01
  51.10000  0.288624801564E-01
  51.20000  0.225346215661E-01
  51.30000  0.284357290330E-01
  51.40000  0.507844824510E-01
  51.50000  0.814866907466E-01
  51.60000  0.102489656824E+00
  51.70000  0.100553935831E+00
  51.80000  0.808674505702E-01
  51.90000  0.637868614290E-01
  52.00000  0.659833619727E-01
  52.10000  0.847584665095E-01
  52.20000  0.101462566372E+00
  52.30000  0.996087858411E-01
  52.40000  0.787573168174E-01
  52.50000  0.521198245183E-01
  52.60000  0.340045697649E-01
  52.70000  0.310556395270E-01
  52.80000  0.424162465825E-01
  52.90000  0.628563182663E-01
  53.00000  0.836714814769E-01
  53.10000  0.944365781676E-01
  53.20000  0.898501451543E-01
  53.30000  0.769329712071E-01
  53.40000  0.722561622165E-01
  53.50000  0.876057447443E-01
  53.60000  0.117019841465E+00
  53.70000  0.139761074323E+00
  53.80000  0.138042463292E+00
  53.90000  0.112410797228E+00
  54.00000  0.801412517401E-01
  54.10000  0.598984202890E-01
  54.20000  0.586179867113E-01
  54.30000  0.709676941829E-01
  54.40000  0.870941273416E-01
  54.50000  0.987066442122E-01
  54.60000  0.100776983206E+00
  54.70000  0.932849494931E-01
  54.80000  0.841610582167E-01
  54.90000  0.873891367989E-01
  55.00000  0.112429363924E+00
  55.10000  0.152677450047E+00
  55.20000  0.186373909078E+00
  55.30000  0.192844038711E+00
  55.40000  0.170160724274E+00
  55.50000  0.137005043628E+00
  55.60000  0.116789703915E+00
  55.70000  0.119428618657E+00
  55.80000  0.136757859007E+00
  55.90000  0.152539061003E+00
  56.00000  0.155209413257E+00
  56.10000  0.143490090468E+00
  56.20000  0.125116214038E+00
  56.30000  0.113287684789E+00
  56.40000  0.121463491083E+00
  56.50000  0.154950338114E+00
  56.60000  0.203359702910E+00
  56.70000  0.243188061076E+00
  56.80000  0.253442018105E+00
  56.90000  0.232957212526E+00
  57.00000  0.202609773636E+00
  57.10000  0.188277969048E+00
  57.20000  0.199382545854E+00
  57.30000  0.222496781866E+00
  57.40000  0.234574562747E+00
  57.50000  0.222125578526E+00
  57.60000  0.189850290680E+00
  57.70000  0.154955285356E+00
  57.80000  0.135586250687E+00
  57.90000  0.142048876286E+00
  58.00000  0.172690341010E+00
  58.10000  0.213647412689E+00
  58.20000  0.244262119218E+00
  58.30000  0.249143496271E+00
  58.40000  0.230236756690E+00
  58.50000  0.207247595302E+00
  58.60000  0.202478948074E+00
  58.70000  0.221603370426E+00
  58.80000  0.248090801128E+00
  58.90000  0.257086794640E+00
  59.00000  0.236001175591E+00
  59.10000  0.193488966772E+00
  59.20000  0.151006852680E+00
  59.30000  0.127137013710E+00
  59.40000  0.128009218018E+00
  59.50000  0.147582777051E+00
  59.60000  0.172835004354E+00
  59.70000  0.189553071899E+00
  59.80000  0.188806799764E+00
  59.90000  0.173209970939E+00
  60.00000  0.157334201086E+00
  60.10000  0.157902047102E+00
  60.20000  0.179274334627E+00
  60.30000  0.207456157139E+00
  60.40000  0.220058548255E+00
  60.50000  0.204337815360E+00
  60.60000  0.167035539461E+00
  60.70000  0.127893997303E+00
  60.80000  0.104429642325E+00
  60.90000  0.101877147381E+00
  61.00000  0.114153526984E+00
  61.10000  0.130588961505E+00
  61.20000  0.141350386161E+00
  61.30000  0.140571035848E+00
  61.40000  0.129437718008E+00
  61.50000  0.117654704406E+00
  61.60000  0.118530146680E+00
  61.70000  0.138080035627E+00
  61.80000  0.167266591271E+00
  61.90000  0.186660595172E+00
  62.00000  0.181407047739E+00
  62.10000  0.153235612033E+00
  62.20000  0.118499692893E+00
  62.30000  0.949156832263E-01
  62.40000  0.897490028317E-01
  62.50000  0.984372196888E-01
  62.60000  0.111165793815E+00
  62.70000  0.119332073094E+00
  62.80000  0.118302595718E+00
  62.90000  0.108723266033E+00
  63.00000  0.976392938228E-01
  63.10000  0.961619325410E-01
  63.20000  0.111512205835E+00
  63.30000  0.138770317651E+00
  63.40000  0.161568739168E+00
  63.50000  0.163821654578E+00
  63.60000  0.142807988829E+00
  63.70000  0.111267294102E+00
  63.80000  0.866833926636E-01
  63.90000  0.782785492684E-01
  64.00000  0.830242646919E-01
  64.10000  0.915453344989E-01
  64.20000  0.958874297019E-01
  64.30000  0.927418775810E-01
  64.40000  0.831022571733E-01
  64.50000  0.719413831530E-01
  64.60000  0.674085617619E-01
  64.70000  0.763784972573E-01
  64.80000  0.975732501880E-01
  64.90000  0.119316349451E+00
  65.00000  0.126794110506E+00
  65.10000  0.113864409802E+00
  65.20000  0.882786564250E-01
  65.30000  0.649853377960E-01
  65.40000  0.541462441560E-01
  65.50000  0.551650208135E-01
  65.60000  0.606064750326E-01
  65.70000  0.637331382572E-01
  65.80000  0.619863832476E-01
  65.90000  0.558089314481E-01
  66.00000  0.474332562668E-01
  66.10000  0.414834904693E-01
  66.20000  0.440090177597E-01
  66.30000  0.575679283475E-01
  66.40000  0.764717567176E-01
  66.50000  0.888419495473E-01
  66.60000  0.856497360263E-01
  66.70000  0.684722097114E-01
  66.80000  0.480130409750E-01
  66.90000  0.349378104526E-01
  67.00000  0.323179212468E-01
  67.10000  0.361431189877E-01
  67.20000  0.410635094013E-01
  67.30000  0.441575173799E-01
  67.40000  0.442830459618E-01
  67.50000  0.408875305816E-01
  67.60000  0.354742518307E-01
  67.70000  0.330834993539E-01
  67.80000  0.393209125675E-01
  67.90000  0.541467456093E-01
  68.00000  0.694149917085E-01
  68.10000  0.744803808366E-01
  68.20000  0.652392703443E-01
  68.30000  0.475339821843E-01
  68.40000  0.316947968030E-01
  68.50000  0.243154727192E-01
  68.60000  0.252513185972E-01
  68.70000  0.308468415072E-01
  68.80000  0.378056776570E-01
  68.90000  0.436097722438E-01
  69.00000  0.455780623757E-01
  69.10000  0.424105601469E-01
  69.20000  0.371683731602E-01
  69.30000  0.365989587593E-01
  69.40000  0.451846019337E-01
  69.50000  0.594973489661E-01
  69.60000  0.697143663464E-01
  69.70000  0.677984114788E-01
  69.80000  0.543129216604E-01
  69.90000  0.372757902863E-01
  70.00000  0.251310842494E-01
  70.10000  0.214367454396E-01
  70.20000  0.252779735530E-01
  70.30000  0.342592838169E-01
  70.40000  0.454156095033E-01
  70.50000  0.543801059738E-01
  70.60000  0.567295704871E-01
  70.70000  0.521474224110E-01
  70.80000  0.465232450991E-01
  70.90000  0.477340127062E-01
  71.00000  0.580471581598E-01
  71.10000  0.710349994006E-01
  71.20000  0.767884488945E-01
  71.30000  0.703885916963E-01
  71.40000  0.553890931479E-01
  71.50000  0.399672785677E-01
  71.60000  0.309311613809E-01
  71.70000  0.312255890481E-01
  71.80000  0.408118530474E-01
  71.90000  0.571739138432E-01
  72.00000  0.745728896335E-01
  72.10000  0.853502887868E-01
  72.20000  0.850467335370E-01
  72.30000  0.771759768983E-01
  72.40000  0.715258669878E-01
  72.50000  0.759062532579E-01
  72.60000  0.888771607146E-01
  72.70000  0.100797830013E+00
  72.80000  0.102163863067E+00
  72.90000  0.910846625962E-01
  73.00000  0.736544993498E-01
  73.10000  0.587749279740E-01
  73.20000  0.532748290018E-01
  73.30000  0.601620548961E-01
  73.40000  0.781966206047E-01
  73.50000  0.101234762353E+00
  73.60000  0.119435859237E+00
  73.70000  0.124603810081E+00
  73.80000  0.116791090538E+00
  73.90000  0.105424332464E+00
  74.00000  0.102085715711E+00
  74.10000  0.110673193860E+00
  74.20000  0.124146636952E+00
  74.30000  0.130843847142E+00
  74.40000  0.124076497754E+00
  74.50000  0.106469896422E+00
  74.60000  0.868610561087E-01
  74.70000  0.744314664359E-01
  74.80000  0.749097236466E-01
  74.90000  0.891516738514E-01
  75.00000  0.112345134295E+00
  75.10000  0.134579084793E+00
  75.20000  0.145235148982E+00
  75.30000  0.140185047575E+00
  75.40000  0.125772929448E+00
  75.50000  0.114480094661E+00
  75.60000  0.114867781190E+00
  75.70000  0.124716486783E+00
  75.80000  0.133598465589E+00
  75.90000  0.131967036464E+00
  76.00000  0.118200236113E+00
  76.10000  0.984620060884E-01
  76.20000  0.817389501330E-01
  76.30000  0.753194757263E-01
  76.40000  0.826408473357E-01
  76.50000  0.101984907614E+00
  76.60000  0.125713198661E+00
  76.70000  0.142578676868E+00
  76.80000  0.144231711820E+00
  76.90000  0.131677173003E+00
  77.00000  0.115171373992E+00
  77.10000  0.106311641675E+00
  77.20000  0.108956318788E+00
  77.30000  0.117120974709E+00
  77.40000  0.121090373788E+00
  77.50000  0.115320125584E+00
  77.60000  0.101412073847E+00
  77.70000  0.856265096603E-01
  77.80000  0.750871263538E-01
  77.90000  0.754132680958E-01
  78.00000  0.888112868544E-01
  78.10000  0.111697441508E+00
  78.20000  0.134286654832E+00
  78.30000  0.145198337989E+00
  78.40000  0.139294343765E+00
  78.50000  0.122023222009E+00
  78.60000  0.105437239135E+00
  78.70000  0.988832133243E-01
  78.80000  0.102653284006E+00
  78.90000  0.109643547150E+00
  79.00000  0.112136131129E+00
  79.10000  0.107029038218E+00
  79.20000  0.963549052122E-01
  79.30000  0.852048189400E-01
  79.40000  0.798353294512E-01
  79.50000  0.856404718923E-01
  79.60000  0.103694762761E+00
  79.70000  0.127753604850E+00
  79.80000  0.145986409608E+00
  79.90000  0.148377364541E+00
  80.00000  0.134326984807E+00
  80.10000  0.113316160889E+00
  80.20000  0.975772645656E-01
  80.30000  0.933382851106E-01
  80.40000  0.980366641648E-01
  80.50000  0.104445141166E+00
  80.60000  0.106528131581E+00
  80.70000  0.102273053800E+00
  80.80000  0.934842022781E-01
  80.90000  0.848931136089E-01
  81.00000  0.828738248818E-01
  81.10000  0.921674893962E-01
  81.20000  0.111323672406E+00
  81.30000  0.131229839611E+00
  81.40000  0.140087083768E+00
  81.50000  0.131970015897E+00
  81.60000  0.111498588412E+00
  81.70000  0.901500288903E-01
  81.80000  0.776591280507E-01
  81.90000  0.761963568973E-01
  82.00000  0.812950479205E-01
  82.10000  0.867074294698E-01
  82.20000  0.881296059923E-01
  82.30000  0.841878226229E-01
  82.40000  0.765067028483E-01
  82.50000  0.697618283784E-01
  82.60000  0.699647835130E-01
  82.70000  0.800309996330E-01
  82.80000  0.958094139306E-01
  82.90000  0.107387059303E+00
  83.00000  0.106062937341E+00
  83.10000  0.911910674180E-01
  83.20000  0.705252077771E-01
  83.30000  0.539602115633E-01
  83.40000  0.467806429430E-01
  83.50000  0.479704639326E-01
  83.60000  0.532194407188E-01
  83.70000  0.582728895636E-01
  83.80000  0.601035385020E-01
  83.90000  0.572580665333E-01
  84.00000  0.510144695137E-01
  84.10000  0.459056009261E-01
  84.20000  0.470794721872E-01
  84.30000  0.554758925952E-01
  84.40000  0.656165270175E-01
  84.50000  0.692605073344E-01
  84.60000  0.621238191137E-01
  84.70000  0.472715860064E-01
  84.80000  0.321487704179E-01
  84.90000  0.227202016563E-01
  85.00000  0.203884755715E-01
  85.10000  0.232913162770E-01
  85.20000  0.288129675713E-01
  85.30000  0.343198979050E-01
  85.40000  0.369438936874E-01
  85.50000  0.348207561045E-01
  85.60000  0.293527330757E-01
  85.70000  0.251819731145E-01
  85.80000  0.263899012996E-01
  85.90000  0.322409166704E-01
  86.00000  0.372661251623E-01
  86.10000  0.361022488035E-01
  86.20000  0.282134228008E-01
  86.30000  0.178199407587E-01
  86.40000  0.976951047204E-02
  86.50000  0.613405212345E-02
  86.60000  0.644716830488E-02
  86.70000  0.971591475762E-02
  86.80000  0.149161403050E-01
  86.90000  0.199179185398E-01
  87.00000  0.216760363466E-01
  87.10000  0.188032517929E-01
  87.20000  0.136824195920E-01
  87.30000  0.108325511984E-01
  87.40000  0.125336883089E-01
  87.50000  0.164241885965E-01
  87.60000  0.179083763294E-01
  87.70000  0.147520707170E-01
  87.80000  0.885492884027E-02
  87.90000  0.372764106809E-02
  88.00000  0.113025229960E-02
  88.10000  0.617306164083E-03
  88.20000  0.152195476589E-02
  88.30000  0.398344576729E-02
  88.40000  0.764142213508E-02
  88.50000  0.104324283106E-01
  88.60000  0.100489003102E-01
  88.70000  0.676649886267E-02
  88.80000  0.384968751816E-02
  88.90000  0.434788655320E-02
  89.00000  0.771670720529E-02
  89.10000  0.102994080396E-01
  89.20000  0.923311490532E-02
  89.30000  0.529627330463E-02
  89.40000  0.162730317400E-02
  89.50000  0.245568228751E-03
  89.60000  0.591649415113E-03
  89.70000  0.127067128829E-02
  89.80000  0.208440893361E-02
  89.90000  0.359725992229E-02
  90.00000  0.531995693411E-02
  90.10000  0.565111508450E-02
  90.20000  0.412333047630E-02
  90.30000  0.286772994864E-02
  90.40000  0.472869983994E-02
  90.50000  0.978722458570E-02
  90.60000  0.145477190238E-01
  90.70000  0.151727185459E-01
  90.80000  0.112932858313E-01
  90.90000  0.616622476649E-02
  91.00000  0.325878936368E-02
  91.10000  0.332822539995E-02
  91.20000  0.492378738376E-02
  91.30000  0.680370805799E-02
  91.40000  0.885165588695E-02
  91.50000  0.108280289827E-01
  91.60000  0.115723785499E-01
  91.70000  0.104720755694E-01
  91.80000  0.930865744342E-02
  91.90000  0.113256922856E-01
  92.00000  0.176977151786E-01
  92.10000  0.253472121728E-01
  92.20000  0.291067555387E-01
  92.30000  0.263228785345E-01
  92.40000  0.190987156615E-01
  92.50000  0.120646902723E-01
  92.60000  0.850191422497E-02
  92.70000  0.885691731144E-02
  92.80000  0.121534769633E-01
  92.90000  0.174377315822E-01
  93.00000  0.233826055660E-01
  93.10000  0.276116533009E-01
  93.20000  0.280519063143E-01
  93.30000  0.254814285788E-01
  93.40000  0.238370351613E-01
  93.50000  0.268409757339E-01
  93.60000  0.340428820365E-01
  93.70000  0.406713772438E-01
  93.80000  0.417408088017E-01
  93.90000  0.362399103700E-01
  94.00000  0.274212505292E-01
  94.10000  0.197293855669E-01
  94.20000  0.161019088577E-01
  94.30000  0.177332265612E-01
  94.40000  0.247596870888E-01
  94.50000  0.357538446556E-01
  94.60000  0.468204871404E-01
  94.70000  0.528933071935E-01
  94.80000  0.514406290130E-01
  94.90000  0.450765745272E-01
  95.00000  0.397476423163E-01
  95.10000  0.397128558281E-01
  95.20000  0.441820092170E-01
  95.30000  0.487367437897E-01
  95.40000  0.495675843911E-01
  95.50000  0.461200713969E-01
  95.60000  0.404071191014E-01
  95.70000  0.351303102650E-01
  95.80000  0.330012737022E-01
  95.90000  0.367040122625E-01
  96.00000  0.475038232316E-01
  96.10000  0.628713285264E-01
  96.20000  0.762546270806E-01
  96.30000  0.808555904564E-01
  96.40000  0.747655536087E-01
  96.50000  0.625739694014E-01
  96.60000  0.517522489064E-01
  96.70000  0.473043440644E-01
  96.80000  0.494440877084E-01
  96.90000  0.552947002648E-01
  97.00000  0.616456610418E-01
  97.10000  0.661066065495E-01
  97.20000  0.671935495101E-01
  97.30000  0.651377740187E-01
  97.40000  0.629709714622E-01
  97.50000  0.654287282136E-01
  97.60000  0.750623113191E-01
  97.70000  0.888429470084E-01
  97.80000  0.992546877701E-01
  97.90000  0.997015790921E-01
  98.00000  0.894951936888E-01
  98.10000  0.740633119592E-01
  98.20000  0.608633342342E-01
  98.30000  0.551669087455E-01
  98.40000  0.586371489471E-01
  98.50000  0.698981677691E-01
  98.60000  0.850618023382E-01
  98.70000  0.983068257191E-01
  98.80000  0.104155162244E+00
  98.90000  0.101137865835E+00
  99.00000  0.935422662593E-01
  99.10000  0.885269626707E-01
  99.20000  0.903965356096E-01
  99.30000  0.971913682579E-01
  99.40000  0.102723416695E+00
  99.50000  0.101833480237E+00
  99.60000  0.939495038970E-01
  99.70000  0.826168855126E-01
  99.80000  0.728890452078E-01
  99.90000  0.693474063650E-01
 100.00000  0.750179887108E-01
 100.10000  0.898574198996E-01
 100.20000  0.109183982068E+00
 100.30000  0.124593096045E+00
 100.40000  0.128532237471E+00
 100.50000  0.119574149326E+00
 100.60000  0.103598320229E+00
 100.70000  0.894697602830E-01
 100.80000  0.830147028404E-01
 100.90000  0.843469612578E-01
 101.00000  0.897436669355E-01
 101.10000  0.950367232641E-01
 101.20000  0.974497872166E-01
 101.30000  0.959204495543E-01
 101.40000  0.915367480359E-01
 101.50000  0.879728717173E-01
 101.60000  0.899870076812E-01
 101.70000  0.996162888656E-01
 101.80000  0.113167472238E+00
 101.90000  0.122650334439E+00
 102.00000  0.121309393827E+00
 102.10000  0.108585323587E+00
 102.20000  0.902510049301E-01
 102.30000  0.742125922123E-01
 102.40000  0.661284916279E-01
 102.50000  0.678466396172E-01
 102.60000  0.779682724518E-01
 102.70000  0.924781997025E-01
 102.80000  0.105375559178E+00
 102.90000  0.110863801256E+00
 103.00000  0.106941301822E+00
 103.10000  0.973218886265E-01
 103.20000  0.889783841431E-01
 103.30000  0.867709041882E-01
 103.40000  0.899333225126E-01
 103.50000  0.935073530435E-01
 103.60000  0.928764955796E-01
 103.70000  0.869601698693E-01
 103.80000  0.779530130504E-01
 103.90000  0.693536862864E-01
 104.00000  0.647243703646E-01
 104.10000  0.671224495945E-01
 104.20000  0.776276389680E-01
 104.30000  0.932357037325E-01
 104.40000  0.106839194573E+00
 104.50000  0.110984148967E+00
 104.60000  0.103029139594E+00
 104.70000  0.871096272340E-01
 104.80000  0.710407963133E-01
 104.90000  0.611252238444E-01
 105.00000  0.593235137884E-01
 105.10000  0.640611015285E-01
 105.20000  0.722910156756E-01
 105.30000  0.805097275824E-01
 105.40000  0.852156707127E-01
 105.50000  0.844090931898E-01
 105.60000  0.795570729620E-01
 105.70000  0.753520136376E-01
 105.80000  0.761755018921E-01
 105.90000  0.820682159391E-01
 106.00000  0.882896702969E-01
 106.10000  0.891599844977E-01
 106.20000  0.825250985835E-01
 106.30000  0.708824011458E-01
 106.40000  0.590311461577E-01
 106.50000  0.513024076302E-01
 106.60000  0.505069905188E-01
 106.70000  0.577310902599E-01
 106.80000  0.714091844446E-01
 106.90000  0.864507160643E-01
 107.00000  0.957892453542E-01
 107.10000  0.946101871252E-01
 107.20000  0.839372995839E-01
 107.30000  0.699695890381E-01
 107.40000  0.595219524968E-01
 107.50000  0.557335927446E-01
 107.60000  0.574893591559E-01
 107.70000  0.618453336685E-01
 107.80000  0.662157158075E-01
 107.90000  0.687369108599E-01
 108.00000  0.681860248794E-01
 108.10000  0.649301480339E-01
 108.20000  0.618066283470E-01
 108.30000  0.626860448548E-01
 108.40000  0.689581708739E-01
 108.50000  0.773302146631E-01
 108.60000  0.817464381358E-01
 108.70000  0.780563101664E-01
 108.80000  0.670954556243E-01
 108.90000  0.536219779020E-01
 109.00000  0.428543072649E-01
 109.10000  0.380964461735E-01
 109.20000  0.405626998514E-01
 109.30000  0.496665556298E-01
 109.40000  0.624679459718E-01
 109.50000  0.735910654201E-01
 109.60000  0.775175828821E-01
 109.70000  0.723495282436E-01
 109.80000  0.615002840367E-01
 109.90000  0.511717107775E-01
 110.00000  0.457450914698E-01
 110.10000  0.453473682510E-01
 110.20000  0.473015799534E-01
 110.30000  0.490826546912E-01
 110.40000  0.495961672767E-01
 110.50000  0.485124459677E-01
 110.60000  0.458284774891E-01
 110.70000  0.426872494439E-01
 110.80000  0.417637506836E-01
 110.90000  0.454185550764E-01
 111.00000  0.528393665477E-01
 111.10000  0.595064702446E-01
 111.20000  0.603111412196E-01
 111.30000  0.536040142288E-01
 111.40000  0.422830563233E-01
 111.50000  0.312357305689E-01
 111.60000  0.241358472357E-01
 111.70000  0.224592172500E-01
 111.80000  0.263044733100E-01
 111.90000  0.346953701137E-01
 112.00000  0.447889034592E-01
 112.10000  0.519891404916E-01
 112.20000  0.524261729617E-01
 112.30000  0.460251662002E-01
 112.40000  0.368237869947E-01
 112.50000  0.297738168005E-01
 112.60000  0.270915427183E-01
 112.70000  0.276105804386E-01
 112.80000  0.290799965671E-01
 112.90000  0.303076149611E-01
 113.00000  0.310455360704E-01
 113.10000  0.308404123013E-01
 113.20000  0.291880570134E-01
 113.30000  0.269352223962E-01
 113.40000  0.265095137895E-01
 113.50000  0.297378833811E-01
 113.60000  0.353667679229E-01
 113.70000  0.393978171430E-01
 113.80000  0.383571093594E-01
 113.90000  0.321988304776E-01
 114.00000  0.239710043229E-01
 114.10000  0.170843917532E-01
 114.20000  0.133838209250E-01
 114.30000  0.135030885468E-01
 114.40000  0.177914795308E-01
 114.50000  0.257520384350E-01
 114.60000  0.347070334189E-01
 114.70000  0.402617362536E-01
 114.80000  0.392351704773E-01
 114.90000  0.323662233546E-01
 115.00000  0.237807805577E-01
 115.10000  0.176378899219E-01
 115.20000  0.154124126767E-01
 115.30000  0.162059666539E-01
 115.40000  0.187975612112E-01
 115.50000  0.225396308001E-01
 115.60000  0.264536268554E-01
 115.70000  0.286686315951E-01
 115.80000  0.278154301878E-01
 115.90000  0.249104305395E-01
 116.00000  0.229790980493E-01
 116.10000  0.242051049277E-01
 116.20000  0.276188523866E-01
 116.30000  0.299994841479E-01
 116.40000  0.290011089659E-01
 116.50000  0.250548002197E-01
 116.60000  0.203298119138E-01
 116.70000  0.165938596594E-01
 116.80000  0.146465497453E-01
 116.90000  0.153229390459E-01
 117.00000  0.197307425877E-01
 117.10000  0.276357287283E-01
 117.20000  0.360033710452E-01
 117.30000  0.402559122559E-01
 117.40000  0.377219136457E-01
 117.50000  0.298603280589E-01
 117.60000  0.209388958610E-01
 117.70000  0.147126537571E-01
 117.80000  0.125440016828E-01
 117.90000  0.141691838014E-01
 118.00000  0.190566110002E-01
 118.10000  0.262163420784E-01
 118.20000  0.331961286905E-01
 118.30000  0.366543002966E-01
 118.40000  0.348901743894E-01
 118.50000  0.296840074763E-01
 118.60000  0.249858695581E-01
 118.70000  0.235042913227E-01
 118.80000  0.247451210814E-01
 118.90000  0.263453806423E-01
 119.00000  0.267587811562E-01
 119.10000  0.261823360673E-01
 119.20000  0.252880112847E-01
 119.30000  0.241266879664E-01
 119.40000  0.228554818437E-01
 119.50000  0.229135366733E-01
 119.60000  0.262695780683E-01
 119.70000  0.329429441624E-01
 119.80000  0.397579704466E-01
 119.90000  0.423583935757E-01
 120.00000  0.387678206842E-01
 120.10000  0.308770767519E-01
 120.20000  0.225859844711E-01
 120.30000  0.169801936787E-01
 120.40000  0.154034472012E-01
 120.50000  0.183383184280E-01
 120.60000  0.257581479602E-01
 120.70000  0.359939543768E-01
 120.80000  0.450488152068E-01
 120.90000  0.484504537874E-01
 121.00000  0.446077147691E-01
 121.10000  0.362543047052E-01
 121.20000  0.282558192541E-01
 121.30000  0.239703347716E-01
 121.40000  0.237191947108E-01
 121.50000  0.261735554521E-01
 121.60000  0.301905049960E-01
 121.70000  0.348711619326E-01
 121.80000  0.386425090954E-01
 121.90000  0.396626494026E-01
 122.00000  0.377584997428E-01
 122.10000  0.353870359571E-01
 122.20000  0.357277044460E-01
 122.30000  0.395004280186E-01
 122.40000  0.440060917376E-01
 122.50000  0.455702592524E-01
 122.60000  0.427655854023E-01
 122.70000  0.371475738506E-01
 122.80000  0.313809401684E-01
 122.90000  0.274480809501E-01
 123.00000  0.266990550177E-01
 123.10000  0.304751580825E-01
 123.20000  0.392443547264E-01
 123.30000  0.507390516830E-01
 123.40000  0.598653896765E-01
 123.50000  0.617006358675E-01
 123.60000  0.551991121788E-01
 123.70000  0.439658965629E-01
 123.80000  0.334222291938E-01
 123.90000  0.273613183735E-01
 124.00000  0.269175583400E-01
 124.10000  0.316729355917E-01
 124.20000  0.404139933104E-01
 124.30000  0.505697642903E-01
 124.40000  0.581144040833E-01
 124.50000  0.596099130831E-01
 124.60000  0.550241030811E-01
 124.70000  0.481350420988E-01
 124.80000  0.435388004335E-01
 124.90000  0.430706414866E-01
 125.00000  0.451311743478E-01
 125.10000  0.470866044664E-01
 125.20000  0.476867717451E-01
 125.30000  0.471399030836E-01
 125.40000  0.458123650641E-01
 125.50000  0.439727187904E-01
 125.60000  0.428548309285E-01
 125.70000  0.448213524799E-01
 125.80000  0.512743229183E-01
 125.90000  0.602365683615E-01
 126.00000  0.667579101271E-01
 126.10000  0.664654300363E-01
 126.20000  0.589604986986E-01
 126.30000  0.478451750158E-01
 126.40000  0.378464357417E-01
 126.50000  0.322617855302E-01
 126.60000  0.326358105031E-01
 126.70000  0.393655567032E-01
 126.80000  0.512227755258E-01
 126.90000  0.643016356266E-01
 127.00000  0.728352420090E-01
 127.10000  0.725811775884E-01
 127.20000  0.640273698263E-01
 127.30000  0.521012215372E-01
 127.40000  0.424997427673E-01
 127.50000  0.381936166486E-01
 127.60000  0.390055711394E-01
 127.70000  0.434486404665E-01
 127.80000  0.499504117921E-01
 127.90000  0.564577714566E-01
 128.00000  0.602524268626E-01
 128.10000  0.595619499053E-01
 128.20000  0.555769135772E-01
 128.30000  0.520460735638E-01
 128.40000  0.520844194782E-01
 128.50000  0.552989966401E-01
 128.60000  0.583096039424E-01
 128.70000  0.580236702485E-01
 128.80000  0.541153684602E-01
 128.90000  0.485132707660E-01
 129.00000  0.433582762622E-01
 129.10000  0.401560786574E-01
 129.20000  0.404273540506E-01
 129.30000  0.456938436961E-01
 129.40000  0.556665516554E-01
 129.50000  0.666343665923E-01
 129.60000  0.728107901092E-01
 129.70000  0.702928699652E-01
 129.80000  0.600212581613E-01
 129.90000  0.469002376222E-01
 130.00000  0.362477390866E-01
 130.10000  0.311626090450E-01
 130.20000  0.325226885642E-01
 130.30000  0.399428231731E-01
 130.40000  0.515695847510E-01
 130.50000  0.633118729689E-01
 130.60000  0.698836886928E-01
 130.70000  0.680682104248E-01
 130.80000  0.593287039835E-01
 130.90000  0.488118364204E-01
 131.00000  0.414577852756E-01
 131.10000  0.389883565789E-01
 131.20000  0.402633920938E-01
 131.30000  0.435789698350E-01
 131.40000  0.478206204333E-01
 131.50000  0.517396425245E-01
 131.60000  0.534957650873E-01
 131.70000  0.520511364984E-01
 131.80000  0.488879566931E-01
 131.90000  0.473284528810E-01
 132.00000  0.494329959704E-01
 132.10000  0.537055595172E-01
 132.20000  0.563008775459E-01
 132.30000  0.545225103907E-01
 132.40000  0.489042778144E-01
 132.50000  0.420935802834E-01
 132.60000  0.365092855165E-01
 132.70000  0.335810683899E-01
 132.80000  0.345689495156E-01
 132.90000  0.405912252931E-01
 133.00000  0.508647196635E-01
 133.10000  0.613504422712E-01
 133.20000  0.664216403952E-01
 133.30000  0.628238171292E-01
 133.40000  0.521860128563E-01
 133.50000  0.396139838250E-01
 133.60000  0.300341589476E-01
 133.70000  0.259394405607E-01
 133.80000  0.278247670182E-01
 133.90000  0.352421140581E-01
 134.00000  0.464124321162E-01
 134.10000  0.573434204408E-01
 134.20000  0.629618426057E-01
 134.30000  0.604294330492E-01
 134.40000  0.515414810752E-01
 134.50000  0.414202493636E-01
 134.60000  0.346072376803E-01
 134.70000  0.324195765031E-01
 134.80000  0.336834825849E-01
 134.90000  0.370008981535E-01
 135.00000  0.415131037445E-01
 135.10000  0.458848064587E-01
 135.20000  0.479563182519E-01
 135.30000  0.464588937380E-01
 135.40000  0.428691329103E-01
 135.50000  0.405948146563E-01
 135.60000  0.417566312828E-01
 135.70000  0.450109771849E-01
 135.80000  0.469181601942E-01
 135.90000  0.452997883102E-01
 136.00000  0.408862872921E-01
 136.10000  0.359083163322E-01
 136.20000  0.319650349211E-01
 136.30000  0.298088914134E-01
 136.40000  0.305306966951E-01
 136.50000  0.355029446331E-01
 136.60000  0.443234650837E-01
 136.70000  0.533287482022E-01
 136.80000  0.573182969033E-01
 136.90000  0.534660354194E-01
 137.00000  0.435495279671E-01
 137.10000  0.323146374028E-01
 137.20000  0.239972325109E-01
 137.30000  0.205709709407E-01
 137.40000  0.225215101606E-01
 137.50000  0.297454563307E-01
 137.60000  0.407297323908E-01
 137.70000  0.514523566679E-01
 137.80000  0.566870328750E-01
 137.90000  0.535754397961E-01
 138.00000  0.440284750317E-01
 138.10000  0.332394103140E-01
 138.20000  0.257486272747E-01
 138.30000  0.230132425692E-01
 138.40000  0.242691229506E-01
 138.50000  0.285339693281E-01
 138.60000  0.348911588934E-01
 138.70000  0.412962987928E-01
 138.80000  0.446076526458E-01
 138.90000  0.429088458062E-01
 139.00000  0.376691751314E-01
 139.10000  0.327893735378E-01
 139.20000  0.311100236772E-01
 139.30000  0.321099328732E-01
 139.40000  0.331859056814E-01
 139.50000  0.326948649513E-01
 139.60000  0.311443539796E-01
 139.70000  0.296495963406E-01
 139.80000  0.282929500625E-01
 139.90000  0.267307099107E-01
 140.00000  0.258932737914E-01
 140.10000  0.278194172843E-01
 140.20000  0.331411197187E-01
 140.30000  0.392368240509E-01
 140.40000  0.417859939227E-01
 140.50000  0.384677959752E-01
 140.60000  0.308678210577E-01
 140.70000  0.227354474219E-01
 140.80000  0.169341671153E-01
 140.90000  0.144619541143E-01
 141.00000  0.157269148663E-01
 141.10000  0.212819152205E-01
 141.20000  0.304220587792E-01
 141.30000  0.396595907305E-01
 141.40000  0.440074512380E-01
 141.50000  0.406805818637E-01
 141.60000  0.314766247625E-01
 141.70000  0.212110998514E-01
 141.80000  0.139533877151E-01
 141.90000  0.110117001093E-01
 142.00000  0.120203014951E-01
 142.10000  0.166261754864E-01
 142.20000  0.241445684162E-01
 142.30000  0.320454918499E-01
 142.40000  0.362944200462E-01
 142.50000  0.342918481242E-01
 142.60000  0.273953577717E-01
 142.70000  0.199015609438E-01
 142.80000  0.153557585340E-01
 142.90000  0.141602883853E-01
 143.00000  0.147187604016E-01
 143.10000  0.160396221935E-01
 143.20000  0.183454636155E-01
 143.30000  0.213672444967E-01
 143.40000  0.232972468069E-01
 143.50000  0.223929824091E-01
 143.60000  0.193409402983E-01
 143.70000  0.170387751712E-01
 143.80000  0.175795657125E-01
 143.90000  0.199227540264E-01
 144.00000  0.210949102929E-01
 144.10000  0.194697793881E-01
 144.20000  0.162102626644E-01
 144.30000  0.134384617387E-01
 144.40000  0.118277777717E-01
 144.50000  0.107195056998E-01
 144.60000  0.101835527391E-01
 144.70000  0.117114298926E-01
 144.80000  0.161595502626E-01
 144.90000  0.215657905761E-01
 145.00000  0.240820444296E-01
 145.10000  0.214628496210E-01
 145.20000  0.151951820392E-01
 145.30000  0.886509153891E-02
 145.40000  0.485908110247E-02
 145.50000  0.323851040730E-02
 145.60000  0.349167712072E-02
 145.70000  0.611318599166E-02
 145.80000  0.115391911936E-01
 145.90000  0.179824771197E-01
 146.00000  0.216416383970E-01
 146.10000  0.198470634242E-01
 146.20000  0.137043248482E-01
 146.30000  0.705231874398E-02
 146.40000  0.291076377210E-02
 146.50000  0.150022631743E-02
 146.60000  0.168247804878E-02
 146.70000  0.328722236152E-02
 146.80000  0.699030007310E-02
 146.90000  0.121013952015E-01
 147.00000  0.157451335533E-01
 147.10000  0.152011281390E-01
 147.20000  0.108342358553E-01
 147.30000  0.590962160064E-02
 147.40000  0.331833237207E-02
 147.50000  0.306788501260E-02
 147.60000  0.333959455547E-02
 147.70000  0.335566775665E-02
 147.80000  0.417674960180E-02
 147.90000  0.656036136721E-02
 148.00000  0.907141401968E-02
 148.10000  0.931504483204E-02
 148.20000  0.688673431745E-02
 148.30000  0.413549878474E-02
 148.40000  0.353432379611E-02
 148.50000  0.486938174872E-02
 148.60000  0.576670777959E-02
 148.70000  0.480533197611E-02
 148.80000  0.318290453347E-02
 148.90000  0.288830008051E-02
 149.00000  0.394864715017E-02
 149.10000  0.446649555190E-02
 149.20000  0.335980758844E-02
 149.30000  0.204427684164E-02
 149.40000  0.266834291554E-02
 149.50000  0.513852399806E-02
 149.60000  0.690332711126E-02
 149.70000  0.593265050988E-02
 149.80000  0.313992399389E-02
 149.90000  0.117439513479E-02
 150.00000  0.119975789652E-02
 150.10000  0.182421273117E-02
 150.20000  0.142326898444E-02
 150.30000  0.590286739677E-03
 150.40000  0.133522606248E-02
 150.50000  0.407475222044E-02
 150.60000  0.652312335051E-02
 150.70000  0.617569169170E-02
 150.80000  0.331847363560E-02
 150.90000  0.696323304457E-03
 151.00000  0.247322108964E-03
 151.10000  0.107547941194E-02
 151.20000  0.114474632861E-02
 151.30000  0.271651850537E-03
 151.40000  0.350614052001E-03
 151.50000  0.252276439738E-02
 151.60000  0.516477292434E-02
 151.70000  0.556271881907E-02
 151.80000  0.324188376329E-02
 151.90000  0.628725919078E-03
 152.00000  0.122067335606E-03
 152.10000  0.131486301092E-02
 152.20000  0.189182474936E-02
 152.30000  0.900235402283E-03
 152.40000  0.110204610715E-04
 152.50000  0.111557652079E-02
 152.60000  0.352049271424E-02
 152.70000  0.457675856766E-02
 152.80000  0.302298932868E-02
 152.90000  0.663488817925E-03
 153.00000  0.124456927107E-03
 153.10000  0.157722881324E-02
 153.20000  0.269140704724E-02
 153.30000  0.183701021994E-02
 153.40000  0.277260979498E-03
 153.50000  0.441566175882E-03
 153.60000  0.257671816741E-02
 153.70000  0.425326174738E-02
 153.80000  0.344492262014E-02
 153.90000  0.115455636741E-02
 154.00000  0.120469779062E-03
 154.10000  0.129400127882E-02
 154.20000  0.272324830820E-02
 154.30000  0.229399193595E-02
 154.40000  0.658908310493E-03
 154.50000  0.417295399827E-03
 154.60000  0.258154311417E-02
 154.70000  0.501505199824E-02
 154.80000  0.498793803456E-02
 154.90000  0.258038854669E-02
 155.00000  0.518550596839E-03
 155.10000  0.693579761055E-03
 155.20000  0.194702862504E-02
 155.30000  0.197831416911E-02
 155.40000  0.726067077391E-03
 155.50000  0.599647586340E-03
 155.60000  0.314498170114E-02
 155.70000  0.656356439696E-02
 155.80000  0.751615152824E-02
 155.90000  0.505588376216E-02
 156.00000  0.169339420084E-02
 156.10000  0.279775587960E-03
 156.20000  0.786000559265E-03
 156.30000  0.106997876063E-02
 156.40000  0.363343539000E-03
 156.50000  0.598767035517E-03
 156.60000  0.364752834807E-02
 156.70000  0.814207195460E-02
 156.80000  0.103286886560E-01
 156.90000  0.819552657761E-02
 157.00000  0.375535750047E-02
 157.10000  0.626908296394E-03
 157.20000  0.462467648255E-04
 157.30000  0.317818398116E-03
 157.40000  0.507684311420E-04
 157.50000  0.520570481953E-03
 157.60000  0.379213017387E-02
 157.70000  0.910686638854E-02
 157.80000  0.126213383031E-01
 157.90000  0.113297141669E-01
 158.00000  0.643773386411E-02
 158.10000  0.195859863323E-02
 158.20000  0.318764144168E-03
 158.30000  0.459090166209E-03
 158.40000  0.478318253897E-03
 158.50000  0.867841830586E-03
 158.60000  0.376953392037E-02
 158.70000  0.924116271392E-02
 158.80000  0.137966461046E-01
 158.90000  0.136880101485E-01
 159.00000  0.910308013996E-02
 159.10000  0.399989551026E-02
 159.20000  0.173424939090E-02
 159.30000  0.192254636306E-02
 159.40000  0.221460731311E-02
 159.50000  0.218284537550E-02
 159.60000  0.390360732816E-02
 159.70000  0.845744518342E-02
 159.80000  0.132739442966E-01
 159.90000  0.143245029659E-01
 160.00000  0.107336979087E-01
 160.10000  0.594957037106E-02
 160.20000  0.385106733747E-02
 160.30000  0.462982757042E-02
 160.40000  0.550147420986E-02
 160.50000  0.497502829909E-02
 160.60000  0.485489303005E-02
 160.70000  0.735129769481E-02
 160.80000  0.113495596239E-01
 160.90000  0.131242766089E-01
 161.00000  0.108661285295E-01
 161.10000  0.714938256499E-02
 161.20000  0.595384056427E-02
 161.30000  0.792164023541E-02
 161.40000  0.988581694403E-02
 161.50000  0.917861129593E-02
 161.60000  0.703342920650E-02
 161.70000  0.668345705137E-02
 161.80000  0.882702704486E-02
 161.90000  0.106150363695E-01
 162.00000  0.957621099644E-02
 162.10000  0.720950274905E-02
 162.20000  0.727578776136E-02
 162.30000  0.108273776289E-01
 162.40000  0.144801462009E-01
 162.50000  0.143493759780E-01
 162.60000  0.107007825652E-01
 162.70000  0.740488925414E-02
 162.80000  0.704369223235E-02
 162.90000  0.812396682776E-02
 163.00000  0.791177227981E-02
 163.10000  0.682621058640E-02
 163.20000  0.821055224544E-02
 163.30000  0.135308906263E-01
 163.40000  0.193948001891E-01
 163.50000  0.207047374664E-01
 163.60000  0.163179879671E-01
 163.70000  0.101897429492E-01
 163.80000  0.668145579482E-02
 163.90000  0.610965000508E-02
 164.00000  0.601116414577E-02
 164.10000  0.585849721435E-02
 164.20000  0.838409790473E-02
 164.30000  0.153921390280E-01
 164.40000  0.236876721146E-01
 164.50000  0.270970766206E-01
 164.60000  0.227699771948E-01
 164.70000  0.141831970004E-01
 164.80000  0.720870103922E-02
 164.90000  0.425440828809E-02
 165.00000  0.359478062285E-02
 165.10000  0.389788897787E-02
 165.20000  0.710005051571E-02
 165.30000  0.152980162721E-01
 165.40000  0.258484126568E-01
 165.50000  0.318976872512E-01
 165.60000  0.287769822270E-01
 165.70000  0.188488534189E-01
 165.80000  0.891726893012E-02
 165.90000  0.345441716498E-02
 166.00000  0.184035721999E-02
 166.10000  0.217472877425E-02
 166.20000  0.552648460144E-02
 166.30000  0.142738813252E-01
 166.40000  0.266966659265E-01
 166.50000  0.357433406083E-01
 166.60000  0.349244985085E-01
 166.70000  0.248606727055E-01
 166.80000  0.125977052359E-01
 166.90000  0.454605547506E-02
 167.00000  0.158688547450E-02
 167.10000  0.157312706557E-02
 167.20000  0.460795289279E-02
 167.30000  0.131627904397E-01
 167.40000  0.266657592332E-01
 167.50000  0.384345267096E-01
 167.60000  0.404463331443E-01
 167.70000  0.312037242288E-01
 167.80000  0.173234697555E-01
 167.90000  0.685610718405E-02
 168.00000  0.239755442241E-02
 168.10000  0.177871035115E-02
 168.20000  0.397565864304E-02
 168.30000  0.112975089104E-01
 168.40000  0.245642598913E-01
 168.50000  0.382353040420E-01
 168.60000  0.433527752125E-01
 168.70000  0.360965041226E-01
 168.80000  0.218629990667E-01
 168.90000  0.976042021355E-02
 169.00000  0.413631264435E-02
 169.10000  0.306544653866E-02
 169.20000  0.434098091603E-02
 169.30000  0.982322808149E-02
 169.40000  0.218056192037E-01
 169.50000  0.365529442719E-01
 169.60000  0.448272532001E-01
 169.70000  0.404135049533E-01
 169.80000  0.267628932303E-01
 169.90000  0.134683254457E-01
 170.00000  0.674489029200E-02
 170.10000  0.534141539478E-02
 170.20000  0.588295570939E-02
 170.30000  0.930893457937E-02
 170.40000  0.191262888216E-01
 170.50000  0.338750584231E-01
 170.60000  0.448256393102E-01
 170.70000  0.436129487584E-01
 170.80000  0.312268322931E-01
 170.90000  0.171599805418E-01
 171.00000  0.951664700524E-02
 171.10000  0.812477340527E-02
 171.20000  0.845749458525E-02
 171.30000  0.995571916104E-02
 171.40000  0.168913745906E-01
 171.50000  0.304797195248E-01
 171.60000  0.434544156089E-01
 171.70000  0.457906479543E-01
 171.80000  0.355576603007E-01
 171.90000  0.213836400346E-01
 172.00000  0.131051590534E-01
 172.10000  0.120779969169E-01
 172.20000  0.128301484148E-01
 172.30000  0.127960612609E-01
 172.40000  0.164017409057E-01
 172.50000  0.277224526634E-01
 172.60000  0.418629254574E-01
 172.70000  0.477286204799E-01
 172.80000  0.400597212736E-01
 172.90000  0.257999444289E-01
 173.00000  0.163838844394E-01
 173.10000  0.153993772869E-01
 173.20000  0.169705006634E-01
 173.30000  0.160954194095E-01
 173.40000  0.164550356334E-01
 173.50000  0.247883803580E-01
 173.60000  0.393486209152E-01
 173.70000  0.487046057378E-01
 173.80000  0.440105143915E-01
 173.90000  0.296985646617E-01
 174.00000  0.186321219192E-01
 174.10000  0.174475168607E-01
 174.20000  0.205614361663E-01
 174.30000  0.200247678790E-01
 174.40000  0.175243840836E-01
 174.50000  0.220042581336E-01
 174.60000  0.358090976830E-01
 174.70000  0.483732264142E-01
 174.80000  0.473041843737E-01
 174.90000  0.335590180990E-01
 175.00000  0.209302591835E-01
 175.10000  0.197675867348E-01
 175.20000  0.255107266898E-01
 175.30000  0.266806409704E-01
 175.40000  0.214803883687E-01
 175.50000  0.205413117906E-01
 175.60000  0.316378051463E-01
 175.70000  0.468082627854E-01
 175.80000  0.502178530381E-01
 175.90000  0.378691892436E-01
 176.00000  0.235181767567E-01
 176.10000  0.220822389884E-01
 176.20000  0.313752030618E-01
 176.30000  0.360746540784E-01
 176.40000  0.290386614671E-01
 176.50000  0.216465951920E-01
 176.60000  0.285561563659E-01
 176.70000  0.464522892816E-01
 176.80000  0.558229578937E-01
 176.90000  0.452968616280E-01
 177.00000  0.272763228936E-01
 177.10000  0.231660544314E-01
 177.20000  0.360650540268E-01
 177.30000  0.467703558136E-01
 177.40000  0.396355143771E-01
 177.50000  0.247893433725E-01
 177.60000  0.259646085607E-01
 177.70000  0.479913799378E-01
 177.80000  0.670922870471E-01
 177.90000  0.596742805702E-01
 178.00000  0.340511111491E-01
 178.10000  0.221732511580E-01
 178.20000  0.388826180762E-01
 178.30000  0.611324274518E-01
 178.40000  0.574013279959E-01
 178.50000  0.318217244344E-01
 178.60000  0.233658679619E-01
 178.70000  0.553001578959E-01
 178.80000  0.983552470913E-01
 178.90000  0.101246054390E+00
 179.00000  0.574582330583E-01
 179.10000  0.223579661764E-01
 179.20000  0.482860934709E-01
 179.30000  0.111624720721E+00
 179.40000  0.130918097727E+00
 179.50000  0.724171748889E-01
 179.60000  0.221238078433E-01
 179.70000  0.120247487773E+00
 179.80000  0.405172239053E+00
 179.90000  0.733040865625E+00
 180.00000  0.878490752705E+00
