 # E =    4.98875883616118       eV =    40240.0000000000       1/cm
 #  1801
# DFFCSO.  ACCUM LEV(I),J(I) =  1  0 LEV(F),J(F) =  1  0       , M =  0, WEIGHTED BY  1.00000
   0.10000  0.101345210104E+07
   0.20000  0.359891495711E+06
   0.30000  0.670354299117E+05
   0.40000  0.265839293916E+05
   0.50000  0.191355834018E+05
   0.60000  0.134407856476E+05
   0.70000  0.662478321050E+04
   0.80000  0.345281787298E+04
   0.90000  0.354860479876E+04
   1.00000  0.174197663948E+04
   1.10000  0.933360579420E+03
   1.20000  0.995015208583E+03
   1.30000  0.591806810867E+03
   1.40000  0.443372292841E+03
   1.50000  0.359708806604E+03
   1.60000  0.277654266878E+03
   1.70000  0.254623868295E+03
   1.80000  0.127070522644E+03
   1.90000  0.144098926706E+03
   2.00000  0.108047294190E+03
   2.10000  0.451662164945E+02
   2.20000  0.749567307742E+02
   2.30000  0.412647001403E+02
   2.40000  0.298514603411E+02
   2.50000  0.457513776364E+02
   2.60000  0.307331542405E+02
   2.70000  0.408689036733E+02
   2.80000  0.460685416010E+02
   2.90000  0.393719646357E+02
   3.00000  0.537833574032E+02
   3.10000  0.392939310128E+02
   3.20000  0.360418722914E+02
   3.30000  0.379045655207E+02
   3.40000  0.186057933750E+02
   3.50000  0.184812917788E+02
   3.60000  0.158450839781E+02
   3.70000  0.684788457903E+01
   3.80000  0.917076353265E+01
   3.90000  0.777197686535E+01
   4.00000  0.367947873965E+01
   4.10000  0.527695822490E+01
   4.20000  0.195172803888E+01
   4.30000  0.149080579866E+01
   4.40000  0.113301646417E+01
   4.50000  0.782055887705E+00
   4.60000  0.227687039577E+01
   4.70000  0.107984362749E+01
   4.80000  0.300273659444E+01
   4.90000  0.258333916342E+01
   5.00000  0.158644251737E+01
   5.10000  0.352740348571E+01
   5.20000  0.328359296249E+01
   5.30000  0.321871078779E+01
   5.40000  0.613004225887E+01
   5.50000  0.505149981434E+01
   5.60000  0.501581226597E+01
   5.70000  0.598007188120E+01
   5.80000  0.313439321873E+01
   5.90000  0.276956061980E+01
   6.00000  0.257398028098E+01
   6.10000  0.110184767566E+01
   6.20000  0.132957983775E+01
   6.30000  0.191954696698E+01
   6.40000  0.959289921269E+00
   6.50000  0.106665408579E+01
   6.60000  0.993667648564E+00
   6.70000  0.175745007044E+00
   6.80000  0.140523724657E+00
   6.90000  0.449541315779E+00
   7.00000  0.552249223177E+00
   7.10000  0.531088803837E+00
   7.20000  0.127573359103E+01
   7.30000  0.894263342438E+00
   7.40000  0.560689130782E+00
   7.50000  0.915867983423E+00
   7.60000  0.719236258585E+00
   7.70000  0.575830077406E+00
   7.80000  0.133869024852E+01
   7.90000  0.134555195073E+01
   8.00000  0.986591202909E+00
   8.10000  0.142301529099E+01
   8.20000  0.916635581660E+00
   8.30000  0.509486466596E+00
   8.40000  0.846324718634E+00
   8.50000  0.890327534165E+00
   8.60000  0.733690641165E+00
   8.70000  0.135338601811E+01
   8.80000  0.132641116448E+01
   8.90000  0.867472757864E+00
   9.00000  0.113308250117E+01
   9.10000  0.912696124345E+00
   9.20000  0.581922017018E+00
   9.30000  0.992033730715E+00
   9.40000  0.118967884596E+01
   9.50000  0.882894735662E+00
   9.60000  0.121638609305E+01
   9.70000  0.103712804841E+01
   9.80000  0.525159967765E+00
   9.90000  0.598319665218E+00
  10.00000  0.535911862075E+00
  10.10000  0.322172305193E+00
  10.20000  0.526121697760E+00
  10.30000  0.674691851149E+00
  10.40000  0.375800516602E+00
  10.50000  0.404956884600E+00
  10.60000  0.418307526342E+00
  10.70000  0.248673978130E+00
  10.80000  0.328045973589E+00
  10.90000  0.721479046764E+00
  11.00000  0.709379066744E+00
  11.10000  0.735052040875E+00
  11.20000  0.103075699093E+01
  11.30000  0.776371004946E+00
  11.40000  0.671078347529E+00
  11.50000  0.987114824297E+00
  11.60000  0.958998698244E+00
  11.70000  0.965754655909E+00
  11.80000  0.139665450060E+01
  11.90000  0.119776240289E+01
  12.00000  0.964801569451E+00
  12.10000  0.105852094198E+01
  12.20000  0.733071487637E+00
  12.30000  0.544062082063E+00
  12.40000  0.749081317610E+00
  12.50000  0.684608290328E+00
  12.60000  0.530028687512E+00
  12.70000  0.644103674900E+00
  12.80000  0.443747189015E+00
  12.90000  0.212790526689E+00
  13.00000  0.261102471647E+00
  13.10000  0.324873253258E+00
  13.20000  0.277447815908E+00
  13.30000  0.424774997600E+00
  13.40000  0.574558948009E+00
  13.50000  0.409836037957E+00
  13.60000  0.433419845612E+00
  13.70000  0.581523150764E+00
  13.80000  0.531432065605E+00
  13.90000  0.647561702779E+00
  14.00000  0.984228425333E+00
  14.10000  0.903602028198E+00
  14.20000  0.873140113650E+00
  14.30000  0.992657231343E+00
  14.40000  0.750480226940E+00
  14.50000  0.656482381765E+00
  14.60000  0.851941790832E+00
  14.70000  0.797141677588E+00
  14.80000  0.740980884630E+00
  14.90000  0.894553423688E+00
  15.00000  0.693068380625E+00
  15.10000  0.477778628732E+00
  15.20000  0.512515717823E+00
  15.30000  0.444769503915E+00
  15.40000  0.365440294680E+00
  15.50000  0.521668277541E+00
  15.60000  0.560939644265E+00
  15.70000  0.408452719668E+00
  15.80000  0.440429916594E+00
  15.90000  0.439926563023E+00
  16.00000  0.337450573096E+00
  16.10000  0.432614493556E+00
  16.20000  0.622273400073E+00
  16.30000  0.566876227097E+00
  16.40000  0.592929587903E+00
  16.50000  0.673950543306E+00
  16.60000  0.513354451364E+00
  16.70000  0.470866082453E+00
  16.80000  0.622270252881E+00
  16.90000  0.611289207383E+00
  17.00000  0.600887893547E+00
  17.10000  0.750485893615E+00
  17.20000  0.642399734958E+00
  17.30000  0.494353007150E+00
  17.40000  0.554306550163E+00
  17.50000  0.534138335879E+00
  17.60000  0.476648512791E+00
  17.70000  0.630517855033E+00
  17.80000  0.682915129699E+00
  17.90000  0.548608211690E+00
  18.00000  0.580040937505E+00
  18.10000  0.576253658909E+00
  18.20000  0.462529619626E+00
  18.30000  0.537703571951E+00
  18.40000  0.682724747625E+00
  18.50000  0.614396907754E+00
  18.60000  0.624775257780E+00
  18.70000  0.675664561302E+00
  18.80000  0.523677119264E+00
  18.90000  0.471957716627E+00
  19.00000  0.578117975595E+00
  19.10000  0.553677501894E+00
  19.20000  0.525547205762E+00
  19.30000  0.625323123798E+00
  19.40000  0.539451368618E+00
  19.50000  0.412791820590E+00
  19.60000  0.454092436458E+00
  19.70000  0.456421795545E+00
  19.80000  0.405476655397E+00
  19.90000  0.503107367393E+00
  20.00000  0.554776261109E+00
  20.10000  0.446571474057E+00
  20.20000  0.457709609533E+00
  20.30000  0.503579803178E+00
  20.40000  0.451101967372E+00
  20.50000  0.504634490648E+00
  20.60000  0.653923620409E+00
  20.70000  0.616019362642E+00
  20.80000  0.587367148504E+00
  20.90000  0.660175677377E+00
  21.00000  0.591759442214E+00
  21.10000  0.549588290462E+00
  21.20000  0.680303856483E+00
  21.30000  0.703063021383E+00
  21.40000  0.636707643130E+00
  21.50000  0.701288739782E+00
  21.60000  0.649385904282E+00
  21.70000  0.514641026967E+00
  21.80000  0.547868208344E+00
  21.90000  0.583800661162E+00
  22.00000  0.514169158394E+00
  22.10000  0.546471867861E+00
  22.20000  0.571160541067E+00
  22.30000  0.443630007303E+00
  22.40000  0.404742782975E+00
  22.50000  0.449001839563E+00
  22.60000  0.417462163424E+00
  22.70000  0.421871851215E+00
  22.80000  0.520028276929E+00
  22.90000  0.488244996510E+00
  23.00000  0.413913007966E+00
  23.10000  0.460073455432E+00
  23.20000  0.470356953268E+00
  23.30000  0.446990556624E+00
  23.40000  0.554107366518E+00
  23.50000  0.631328010424E+00
  23.60000  0.557186135655E+00
  23.70000  0.564808673867E+00
  23.80000  0.587287281615E+00
  23.90000  0.513153450514E+00
  24.00000  0.541319475083E+00
  24.10000  0.654981232802E+00
  24.20000  0.625923699273E+00
  24.30000  0.590716317600E+00
  24.40000  0.622605545297E+00
  24.50000  0.534614684008E+00
  24.60000  0.462421600591E+00
  24.70000  0.531897248035E+00
  24.80000  0.555538926421E+00
  24.90000  0.513999583048E+00
  25.00000  0.560979961242E+00
  25.10000  0.542645058264E+00
  25.20000  0.434416262857E+00
  25.30000  0.440483186742E+00
  25.40000  0.492663962385E+00
  25.50000  0.469433855082E+00
  25.60000  0.503832084734E+00
  25.70000  0.572460197887E+00
  25.80000  0.502599806137E+00
  25.90000  0.451095553506E+00
  26.00000  0.496146113270E+00
  26.10000  0.487507906399E+00
  26.20000  0.474999274928E+00
  26.30000  0.562311188867E+00
  26.40000  0.567856048384E+00
  26.50000  0.485250550080E+00
  26.60000  0.493432004539E+00
  26.70000  0.496309775916E+00
  26.80000  0.443759980889E+00
  26.90000  0.481193170820E+00
  27.00000  0.545857577816E+00
  27.10000  0.489115007376E+00
  27.20000  0.459184442004E+00
  27.30000  0.483399157323E+00
  27.40000  0.437999589689E+00
  27.50000  0.420996530748E+00
  27.60000  0.502705063812E+00
  27.70000  0.516119212169E+00
  27.80000  0.470043486932E+00
  27.90000  0.501734781894E+00
  28.00000  0.495938548628E+00
  28.10000  0.443360991917E+00
  28.20000  0.493667912436E+00
  28.30000  0.566092685395E+00
  28.40000  0.534869395874E+00
  28.50000  0.538336243256E+00
  28.60000  0.565711619758E+00
  28.70000  0.497934304737E+00
  28.80000  0.473396224331E+00
  28.90000  0.541660876595E+00
  29.00000  0.543082498351E+00
  29.10000  0.510469002872E+00
  29.20000  0.541595598477E+00
  29.30000  0.501108453240E+00
  29.40000  0.416569239830E+00
  29.50000  0.431904815683E+00
  29.60000  0.461358270775E+00
  29.70000  0.429064598066E+00
  29.80000  0.444479378296E+00
  29.90000  0.465206528380E+00
  30.00000  0.393220903190E+00
  30.10000  0.359032471705E+00
  30.20000  0.398905328822E+00
  30.30000  0.400036038108E+00
  30.40000  0.397875573277E+00
  30.50000  0.458344561467E+00
  30.60000  0.453370062739E+00
  30.70000  0.394607030094E+00
  30.80000  0.414901292686E+00
  30.90000  0.447053973071E+00
  31.00000  0.432926412843E+00
  31.10000  0.475448438754E+00
  31.20000  0.530436676239E+00
  31.30000  0.481380110685E+00
  31.40000  0.451400175828E+00
  31.50000  0.481668176396E+00
  31.60000  0.464411802231E+00
  31.70000  0.453217525275E+00
  31.80000  0.512687519931E+00
  31.90000  0.506792091930E+00
  32.00000  0.440697331023E+00
  32.10000  0.440723783336E+00
  32.20000  0.435762876659E+00
  32.30000  0.393418381849E+00
  32.40000  0.416758186106E+00
  32.50000  0.458240866673E+00
  32.60000  0.413006202816E+00
  32.70000  0.383147794595E+00
  32.80000  0.395805836732E+00
  32.90000  0.364595025808E+00
  33.00000  0.349607411247E+00
  33.10000  0.405333748368E+00
  33.20000  0.417739622332E+00
  33.30000  0.377058780472E+00
  33.40000  0.386564906102E+00
  33.50000  0.386618455192E+00
  33.60000  0.350008850666E+00
  33.70000  0.374156774928E+00
  33.80000  0.428117746304E+00
  33.90000  0.406635632981E+00
  34.00000  0.386319141552E+00
  34.10000  0.402820548422E+00
  34.20000  0.371378167112E+00
  34.30000  0.345376865590E+00
  34.40000  0.390371669029E+00
  34.50000  0.407781838983E+00
  34.60000  0.369151904261E+00
  34.70000  0.370592434433E+00
  34.80000  0.364961475258E+00
  34.90000  0.317912631372E+00
  35.00000  0.322651213829E+00
  35.10000  0.366644127069E+00
  35.20000  0.352883304458E+00
  35.30000  0.333295372057E+00
  35.40000  0.347923167492E+00
  35.50000  0.319636649907E+00
  35.60000  0.289144603403E+00
  35.70000  0.325835442939E+00
  35.80000  0.354513743707E+00
  35.90000  0.334877440724E+00
  36.00000  0.345745079727E+00
  36.10000  0.351260969633E+00
  36.20000  0.308508286988E+00
  36.30000  0.305866235091E+00
  36.40000  0.349327339394E+00
  36.50000  0.348800721832E+00
  36.60000  0.336832422109E+00
  36.70000  0.356924976051E+00
  36.80000  0.331755308076E+00
  36.90000  0.288255155269E+00
  37.00000  0.304675788542E+00
  37.10000  0.324072479537E+00
  37.20000  0.299327393270E+00
  37.30000  0.299318775270E+00
  37.40000  0.302813195101E+00
  37.50000  0.257483238626E+00
  37.60000  0.235913000105E+00
  37.70000  0.259497605883E+00
  37.80000  0.254851397131E+00
  37.90000  0.233671108963E+00
  38.00000  0.244232613165E+00
  38.10000  0.229694067092E+00
  38.20000  0.192411113605E+00
  38.30000  0.200199022575E+00
  38.40000  0.224484686957E+00
  38.50000  0.213701948713E+00
  38.60000  0.212407250333E+00
  38.70000  0.224548023755E+00
  38.80000  0.197741191564E+00
  38.90000  0.178557089643E+00
  39.00000  0.204759157024E+00
  39.10000  0.219497779315E+00
  39.20000  0.209899959617E+00
  39.30000  0.224697616267E+00
  39.40000  0.223645451350E+00
  39.50000  0.187603739479E+00
  39.60000  0.184069498430E+00
  39.70000  0.207695350619E+00
  39.80000  0.202110369012E+00
  39.90000  0.196417209679E+00
  40.00000  0.210241192505E+00
  40.10000  0.188136603006E+00
  40.20000  0.156609167042E+00
  40.30000  0.163986244735E+00
  40.40000  0.170637405387E+00
  40.50000  0.152499634413E+00
  40.60000  0.153185170097E+00
  40.70000  0.153763830914E+00
  40.80000  0.123981005484E+00
  40.90000  0.111056699935E+00
  41.00000  0.124371566984E+00
  41.10000  0.120155922030E+00
  41.20000  0.106262281089E+00
  41.30000  0.110876105903E+00
  41.40000  0.999713427846E-01
  41.50000  0.768325563018E-01
  41.60000  0.799300919691E-01
  41.70000  0.931984461765E-01
  41.80000  0.862190755829E-01
  41.90000  0.823996135415E-01
  42.00000  0.862380292278E-01
  42.10000  0.692932664087E-01
  42.20000  0.553797488808E-01
  42.30000  0.653668118231E-01
  42.40000  0.720747684474E-01
  42.50000  0.637802569290E-01
  42.60000  0.666828246778E-01
  42.70000  0.654762725672E-01
  42.80000  0.480606081476E-01
  42.90000  0.432603401821E-01
  43.00000  0.531702323909E-01
  43.10000  0.506422288693E-01
  43.20000  0.428185397914E-01
  43.30000  0.462760934604E-01
  43.40000  0.398315961162E-01
  43.50000  0.283402306002E-01
  43.60000  0.314952374381E-01
  43.70000  0.385609679065E-01
  43.80000  0.311950307543E-01
  43.90000  0.260572768342E-01
  44.00000  0.267345151155E-01
  44.10000  0.194356006166E-01
  44.20000  0.148991936364E-01
  44.30000  0.216511011417E-01
  44.40000  0.253686058308E-01
  44.50000  0.179660615195E-01
  44.60000  0.158737569102E-01
  44.70000  0.149426637863E-01
  44.80000  0.980969599504E-02
  44.90000  0.863816287711E-02
  45.00000  0.143671631320E-01
  45.10000  0.138144836234E-01
  45.20000  0.809826357370E-02
  45.30000  0.802039520606E-02
  45.40000  0.776384462541E-02
  45.50000  0.557965560263E-02
  45.60000  0.548914357577E-02
  45.70000  0.836869695892E-02
  45.80000  0.522820718050E-02
  45.90000  0.173731613659E-02
  46.00000  0.244148386225E-02
  46.10000  0.469762117370E-02
  46.20000  0.445908747973E-02
  46.30000  0.442135614024E-02
  46.40000  0.628096824181E-02
  46.50000  0.432977271560E-02
  46.60000  0.258943380098E-02
  46.70000  0.523067862038E-02
  46.80000  0.985685669362E-02
  46.90000  0.785289511504E-02
  47.00000  0.732976237009E-02
  47.10000  0.992970711039E-02
  47.20000  0.921788506726E-02
  47.30000  0.902000481324E-02
  47.40000  0.158017379159E-01
  47.50000  0.193853714353E-01
  47.60000  0.138498998184E-01
  47.70000  0.138850969765E-01
  47.80000  0.163765440806E-01
  47.90000  0.149233154668E-01
  48.00000  0.172849543703E-01
  48.10000  0.267019518519E-01
  48.20000  0.259343276244E-01
  48.30000  0.194922090273E-01
  48.40000  0.213651504735E-01
  48.50000  0.231940700643E-01
  48.60000  0.209626465063E-01
  48.70000  0.255646390970E-01
  48.80000  0.330762440881E-01
  48.90000  0.276664698232E-01
  49.00000  0.233117722203E-01
  49.10000  0.285523662977E-01
  49.20000  0.314891348501E-01
  49.30000  0.299166197834E-01
  49.40000  0.360908516335E-01
  49.50000  0.392404400283E-01
  49.60000  0.306235283448E-01
  49.70000  0.297135778730E-01
  49.80000  0.393186303308E-01
  49.90000  0.429586410918E-01
  50.00000  0.428774647305E-01
  50.10000  0.507980227602E-01
  50.20000  0.495949903279E-01
  50.30000  0.401171442795E-01
  50.40000  0.441428222744E-01
  50.50000  0.558972832979E-01
  50.60000  0.561855900974E-01
  50.70000  0.573673464632E-01
  50.80000  0.653302329133E-01
  50.90000  0.602263534144E-01
  51.00000  0.538193426573E-01
  51.10000  0.644687698978E-01
  51.20000  0.743375053309E-01
  51.30000  0.692780871003E-01
  51.40000  0.711017458335E-01
  51.50000  0.756067533111E-01
  51.60000  0.677642509198E-01
  51.70000  0.675586184132E-01
  51.80000  0.835993834928E-01
  51.90000  0.883747700587E-01
  52.00000  0.800042420199E-01
  52.10000  0.822848519517E-01
  52.20000  0.825380844527E-01
  52.30000  0.743754727635E-01
  52.40000  0.801682502083E-01
  52.50000  0.965439920432E-01
  52.60000  0.941748184983E-01
  52.70000  0.857192611949E-01
  52.80000  0.899913216367E-01
  52.90000  0.893558174603E-01
  53.00000  0.838145980016E-01
  53.10000  0.937967435895E-01
  53.20000  0.104919249464E+00
  53.30000  0.947729360611E-01
  53.40000  0.883414168114E-01
  53.50000  0.959123674254E-01
  53.60000  0.967601885453E-01
  53.70000  0.952942649947E-01
  53.80000  0.107736588753E+00
  53.90000  0.111053725253E+00
  54.00000  0.958986921869E-01
  54.10000  0.935139841901E-01
  54.20000  0.103883092735E+00
  54.30000  0.104586029074E+00
  54.40000  0.105686996947E+00
  54.50000  0.117627972422E+00
  54.60000  0.113884691605E+00
  54.70000  0.994454504045E-01
  54.80000  0.103922396943E+00
  54.90000  0.116012214881E+00
  55.00000  0.113711184826E+00
  55.10000  0.114233000877E+00
  55.20000  0.122001248214E+00
  55.30000  0.113677910261E+00
  55.40000  0.104626572916E+00
  55.50000  0.117041669271E+00
  55.60000  0.128713860565E+00
  55.70000  0.121730352211E+00
  55.80000  0.120283064091E+00
  55.90000  0.123721209486E+00
  56.00000  0.114462338356E+00
  56.10000  0.111641992635E+00
  56.20000  0.128178821953E+00
  56.30000  0.134398811267E+00
  56.40000  0.122348246137E+00
  56.50000  0.120791577714E+00
  56.60000  0.123783311552E+00
  56.70000  0.116773747529E+00
  56.80000  0.118152080394E+00
  56.90000  0.132302480635E+00
  57.00000  0.128630791403E+00
  57.10000  0.113205570341E+00
  57.20000  0.114163653948E+00
  57.30000  0.119183742993E+00
  57.40000  0.114331615709E+00
  57.50000  0.117067841540E+00
  57.60000  0.125082615393E+00
  57.70000  0.113464258437E+00
  57.80000  0.995862306742E-01
  57.90000  0.104954799882E+00
  58.00000  0.110864913697E+00
  58.10000  0.105249385512E+00
  58.20000  0.106681221279E+00
  58.30000  0.109026530733E+00
  58.40000  0.960354347451E-01
  58.50000  0.886711966634E-01
  58.60000  0.990373502904E-01
  58.70000  0.103521084266E+00
  58.80000  0.949832228165E-01
  58.90000  0.942830012782E-01
  59.00000  0.943584887237E-01
  59.10000  0.852068012122E-01
  59.20000  0.849626495535E-01
  59.30000  0.979028777818E-01
  59.40000  0.984073170153E-01
  59.50000  0.871464374500E-01
  59.60000  0.867365732892E-01
  59.70000  0.894468064828E-01
  59.80000  0.853006665704E-01
  59.90000  0.882035899634E-01
  60.00000  0.984789965240E-01
  60.10000  0.930677546850E-01
  60.20000  0.811748474307E-01
  60.30000  0.843937676477E-01
  60.40000  0.914916440590E-01
  60.50000  0.887801991888E-01
  60.60000  0.895264548297E-01
  60.70000  0.938970099117E-01
  60.80000  0.847327348086E-01
  60.90000  0.754065959306E-01
  61.00000  0.823540385885E-01
  61.10000  0.892999876782E-01
  61.20000  0.822766804912E-01
  61.30000  0.783034891200E-01
  61.40000  0.788907439622E-01
  61.50000  0.715094607146E-01
  61.60000  0.666831983237E-01
  61.70000  0.743029743468E-01
  61.80000  0.761619185591E-01
  61.90000  0.641096051143E-01
  62.00000  0.582156054207E-01
  62.10000  0.596602179927E-01
  62.20000  0.563639904644E-01
  62.30000  0.535981915697E-01
  62.40000  0.583501209021E-01
  62.50000  0.556519347435E-01
  62.60000  0.442097279095E-01
  62.70000  0.416377928110E-01
  62.80000  0.464707284607E-01
  62.90000  0.448374909831E-01
  63.00000  0.404630764448E-01
  63.10000  0.414405011398E-01
  63.20000  0.379334313247E-01
  63.30000  0.311026301776E-01
  63.40000  0.328322350362E-01
  63.50000  0.392978696669E-01
  63.60000  0.364700994812E-01
  63.70000  0.306274728383E-01
  63.80000  0.307950337086E-01
  63.90000  0.298020636865E-01
  64.00000  0.266103540849E-01
  64.10000  0.291787214079E-01
  64.20000  0.333595756911E-01
  64.30000  0.282724106710E-01
  64.40000  0.231966573735E-01
  64.50000  0.256603496133E-01
  64.60000  0.278340052189E-01
  64.70000  0.256053599341E-01
  64.80000  0.264938290184E-01
  64.90000  0.272420098225E-01
  65.00000  0.213882325179E-01
  65.10000  0.182389128136E-01
  65.20000  0.225529005484E-01
  65.30000  0.249584240975E-01
  65.40000  0.213988438289E-01
  65.50000  0.207721379934E-01
  65.60000  0.206674062087E-01
  65.70000  0.169970335202E-01
  65.80000  0.158658320343E-01
  65.90000  0.198187883159E-01
  66.00000  0.194575706883E-01
  66.10000  0.141128062556E-01
  66.20000  0.130900261093E-01
  66.30000  0.142573589822E-01
  66.40000  0.131515936038E-01
  66.50000  0.128943978822E-01
  66.60000  0.153684645601E-01
  66.70000  0.130484355991E-01
  66.80000  0.833246496434E-02
  66.90000  0.827595857378E-02
  67.00000  0.103904286511E-01
  67.10000  0.933669931197E-02
  67.20000  0.831311274565E-02
  67.30000  0.932296008041E-02
  67.40000  0.733665988122E-02
  67.50000  0.509308216956E-02
  67.60000  0.655509758256E-02
  67.70000  0.866614449063E-02
  67.80000  0.657534627149E-02
  67.90000  0.505980493907E-02
  68.00000  0.539105570259E-02
  68.10000  0.438331198162E-02
  68.20000  0.372146357623E-02
  68.30000  0.600758741567E-02
  68.40000  0.744915670777E-02
  68.50000  0.506016529276E-02
  68.60000  0.427528673358E-02
  68.70000  0.507829046900E-02
  68.80000  0.481668322629E-02
  68.90000  0.456142013767E-02
  69.00000  0.687297726093E-02
  69.10000  0.706652337794E-02
  69.20000  0.472817733560E-02
  69.30000  0.516509190501E-02
  69.40000  0.754944768546E-02
  69.50000  0.793322289053E-02
  69.60000  0.768694995183E-02
  69.70000  0.939669848076E-02
  69.80000  0.829440185935E-02
  69.90000  0.603236843626E-02
  70.00000  0.771602349661E-02
  70.10000  0.116187916090E-01
  70.20000  0.115678573678E-01
  70.30000  0.106992161183E-01
  70.40000  0.122059523911E-01
  70.50000  0.119450256788E-01
  70.60000  0.108421445278E-01
  70.70000  0.134585939473E-01
  70.80000  0.168442309778E-01
  70.90000  0.143299954109E-01
  71.00000  0.120878744273E-01
  71.10000  0.146080745419E-01
  71.20000  0.171071315717E-01
  71.30000  0.171090120348E-01
  71.40000  0.194878811985E-01
  71.50000  0.214704800795E-01
  71.60000  0.179209732778E-01
  71.70000  0.159906047214E-01
  71.80000  0.202724274504E-01
  71.90000  0.234996385293E-01
  72.00000  0.211527906234E-01
  72.10000  0.210884025273E-01
  72.20000  0.230002312893E-01
  72.30000  0.221648062170E-01
  72.40000  0.225535150950E-01
  72.50000  0.279181603631E-01
  72.60000  0.294894887806E-01
  72.70000  0.240991582296E-01
  72.80000  0.225629432330E-01
  72.90000  0.263688974437E-01
  73.00000  0.277962664922E-01
  73.10000  0.271390397186E-01
  73.20000  0.301642074728E-01
  73.30000  0.306059670043E-01
  73.40000  0.266891383675E-01
  73.50000  0.276747414597E-01
  73.60000  0.342767479856E-01
  73.70000  0.351010071255E-01
  73.80000  0.303352881105E-01
  73.90000  0.301902678085E-01
  74.00000  0.321021580448E-01
  74.10000  0.314731058105E-01
  74.20000  0.332964197733E-01
  74.30000  0.391334750571E-01
  74.40000  0.384179191045E-01
  74.50000  0.331692307211E-01
  74.60000  0.350055588991E-01
  74.70000  0.414119878262E-01
  74.80000  0.416972750810E-01
  74.90000  0.393582573029E-01
  75.00000  0.412351594846E-01
  75.10000  0.410250274295E-01
  75.20000  0.388044196659E-01
  75.30000  0.432835553700E-01
  75.40000  0.513650062744E-01
  75.50000  0.500248532410E-01
  75.60000  0.449788990424E-01
  75.70000  0.476645757044E-01
  75.80000  0.525135459821E-01
  75.90000  0.522279578386E-01
  76.00000  0.534323113749E-01
  76.10000  0.574007635104E-01
  76.20000  0.546036964177E-01
  76.30000  0.510094487731E-01
  76.40000  0.576143859917E-01
  76.50000  0.664207846524E-01
  76.60000  0.645765868229E-01
  76.70000  0.611463961422E-01
  76.80000  0.640367430100E-01
  76.90000  0.653094044539E-01
  77.00000  0.641324144141E-01
  77.10000  0.691920096874E-01
  77.20000  0.744636445838E-01
  77.30000  0.690628480448E-01
  77.40000  0.648163102358E-01
  77.50000  0.720378396757E-01
  77.60000  0.792270505143E-01
  77.70000  0.773681666892E-01
  77.80000  0.769889556814E-01
  77.90000  0.793762512834E-01
  78.00000  0.762106963313E-01
  78.10000  0.744386157600E-01
  78.20000  0.825746974603E-01
  78.30000  0.881121111897E-01
  78.40000  0.814609550461E-01
  78.50000  0.779516649363E-01
  78.60000  0.844050793236E-01
  78.70000  0.886446251800E-01
  78.80000  0.876782785949E-01
  78.90000  0.910599281070E-01
  79.00000  0.928203276927E-01
  79.10000  0.861540767002E-01
  79.20000  0.844907050524E-01
  79.30000  0.944452753306E-01
  79.40000  0.996186140590E-01
  79.50000  0.933627440517E-01
  79.60000  0.916561694043E-01
  79.70000  0.965934920893E-01
  79.80000  0.976146885899E-01
  79.90000  0.979992337706E-01
  80.00000  0.104827185834E+00
  80.10000  0.105928534214E+00
  80.20000  0.969744735012E-01
  80.30000  0.956735346508E-01
  80.40000  0.105872403671E+00
  80.50000  0.109864874020E+00
  80.60000  0.104710323745E+00
  80.70000  0.104849266615E+00
  80.80000  0.107424641727E+00
  80.90000  0.104953140199E+00
  81.00000  0.106238541857E+00
  81.10000  0.115062781838E+00
  81.20000  0.114886398517E+00
  81.30000  0.104366981061E+00
  81.40000  0.102962280812E+00
  81.50000  0.111376208310E+00
  81.60000  0.113091991879E+00
  81.70000  0.108952342462E+00
  81.80000  0.110127958459E+00
  81.90000  0.109564422831E+00
  82.00000  0.103664682828E+00
  82.10000  0.104911682522E+00
  82.20000  0.113698733756E+00
  82.30000  0.111830710976E+00
  82.40000  0.100715758572E+00
  82.50000  0.987989412980E-01
  82.60000  0.104149289801E+00
  82.70000  0.103363404709E+00
  82.80000  0.100009892555E+00
  82.90000  0.101386632793E+00
  83.00000  0.981924655297E-01
  83.10000  0.902552092429E-01
  83.20000  0.910864569070E-01
  83.30000  0.986721804123E-01
  83.40000  0.957674791115E-01
  83.50000  0.853925442111E-01
  83.60000  0.832926713322E-01
  83.70000  0.862104097254E-01
  83.80000  0.841157439387E-01
  83.90000  0.815944510874E-01
  84.00000  0.830142644799E-01
  84.10000  0.788638388796E-01
  84.20000  0.708571718175E-01
  84.30000  0.715757962760E-01
  84.40000  0.780920285344E-01
  84.50000  0.752942761327E-01
  84.60000  0.665452196209E-01
  84.70000  0.648505460235E-01
  84.80000  0.667640368858E-01
  84.90000  0.646393914410E-01
  85.00000  0.629213077198E-01
  85.10000  0.644774201472E-01
  85.20000  0.605943033031E-01
  85.30000  0.535371499875E-01
  85.40000  0.543627310546E-01
  85.50000  0.601666896502E-01
  85.60000  0.579272423501E-01
  85.70000  0.507731378867E-01
  85.80000  0.495900084141E-01
  85.90000  0.511374770633E-01
  86.00000  0.493252662857E-01
  86.10000  0.482034548155E-01
  86.20000  0.498332737700E-01
  86.30000  0.463653000338E-01
  86.40000  0.402056549948E-01
  86.50000  0.410221128313E-01
  86.60000  0.460884632770E-01
  86.70000  0.442414723170E-01
  86.80000  0.384282865060E-01
  86.90000  0.376497616691E-01
  87.00000  0.387433582942E-01
  87.10000  0.370915834404E-01
  87.20000  0.365497245333E-01
  87.30000  0.382929958354E-01
  87.40000  0.351071766121E-01
  87.50000  0.297235154271E-01
  87.60000  0.306132758967E-01
  87.70000  0.350083019458E-01
  87.80000  0.335217554141E-01
  87.90000  0.291551870795E-01
  88.00000  0.289381943365E-01
  88.10000  0.295368762223E-01
  88.20000  0.280527905709E-01
  88.30000  0.284591047566E-01
  88.40000  0.307281451918E-01
  88.50000  0.278965974382E-01
  88.60000  0.233136648668E-01
  88.70000  0.246005230494E-01
  88.80000  0.287132979688E-01
  88.90000  0.278031113511E-01
  89.00000  0.251135763057E-01
  89.10000  0.257647433962E-01
  89.20000  0.260126799089E-01
  89.30000  0.248154460817E-01
  89.40000  0.266217567171E-01
  89.50000  0.299077553707E-01
  89.60000  0.274413291577E-01
  89.70000  0.235321189533E-01
  89.80000  0.255889105231E-01
  89.90000  0.299701191571E-01
  90.00000  0.297384281355E-01
  90.10000  0.286576705928E-01
  90.20000  0.303762356322E-01
  90.30000  0.304433138183E-01
  90.40000  0.295104189672E-01
  90.50000  0.329209187906E-01
  90.60000  0.375409081999E-01
  90.70000  0.352236716008E-01
  90.80000  0.315036350667E-01
  90.90000  0.344103068322E-01
  91.00000  0.394449949060E-01
  91.10000  0.396965001800E-01
  91.20000  0.396308326817E-01
  91.30000  0.422051874856E-01
  91.40000  0.421373841655E-01
  91.50000  0.412299292106E-01
  91.60000  0.458694010043E-01
  91.70000  0.515590854541E-01
  91.80000  0.489071215212E-01
  91.90000  0.446070762701E-01
  92.00000  0.478866173620E-01
  92.10000  0.534108944336E-01
  92.20000  0.534853603732E-01
  92.30000  0.531879201242E-01
  92.40000  0.557683306166E-01
  92.50000  0.553837803690E-01
  92.60000  0.540158508875E-01
  92.70000  0.587319596734E-01
  92.80000  0.645064919087E-01
  92.90000  0.609899919783E-01
  93.00000  0.553917635523E-01
  93.10000  0.581210846940E-01
  93.20000  0.634910226722E-01
  93.30000  0.625731712082E-01
  93.40000  0.605894334283E-01
  93.50000  0.620690083034E-01
  93.60000  0.613094768105E-01
  93.70000  0.592108111178E-01
  93.80000  0.626340622277E-01
  93.90000  0.673478397693E-01
  94.00000  0.629953969866E-01
  94.10000  0.561580697832E-01
  94.20000  0.576898603606E-01
  94.30000  0.624143788871E-01
  94.40000  0.603441426643E-01
  94.50000  0.560976991048E-01
  94.60000  0.559921268038E-01
  94.70000  0.553402054218E-01
  94.80000  0.529307948221E-01
  94.90000  0.543285672734E-01
  95.00000  0.574122331486E-01
  95.10000  0.531482071448E-01
  95.20000  0.462797935866E-01
  95.30000  0.467837721075E-01
  95.40000  0.508548662156E-01
  95.50000  0.483326189222E-01
  95.60000  0.425467295605E-01
  95.70000  0.412428579735E-01
  95.80000  0.413957492488E-01
  95.90000  0.395029043221E-01
  96.00000  0.390295689639E-01
  96.10000  0.405387832372E-01
  96.20000  0.374399079383E-01
  96.30000  0.320018232901E-01
  96.40000  0.319784499290E-01
  96.50000  0.354055835297E-01
  96.60000  0.332968669039E-01
  96.70000  0.274035401741E-01
  96.80000  0.256580771488E-01
  96.90000  0.267625111462E-01
  97.00000  0.258171969651E-01
  97.10000  0.241122693300E-01
  97.20000  0.243670333670E-01
  97.30000  0.227515603581E-01
  97.40000  0.193723340548E-01
  97.50000  0.191290404808E-01
  97.60000  0.217228077163E-01
  97.70000  0.203978731007E-01
  97.80000  0.155855312475E-01
  97.90000  0.139933711375E-01
  98.00000  0.155114662751E-01
  98.10000  0.153080963194E-01
  98.20000  0.132283577919E-01
  98.30000  0.128258384161E-01
  98.40000  0.122737960078E-01
  98.50000  0.105672272694E-01
  98.60000  0.103181699169E-01
  98.70000  0.121763257580E-01
  98.80000  0.115666660467E-01
  98.90000  0.823658920849E-02
  99.00000  0.716329861423E-02
  99.10000  0.865020204573E-02
  99.20000  0.886921071589E-02
  99.30000  0.726021585800E-02
  99.40000  0.704977543944E-02
  99.50000  0.704943359192E-02
  99.60000  0.619805359685E-02
  99.70000  0.631155569766E-02
  99.80000  0.823087938646E-02
  99.90000  0.825006027631E-02
 100.00000  0.594576412144E-02
 100.10000  0.551137039403E-02
 100.20000  0.727257516811E-02
 100.30000  0.794641612149E-02
 100.40000  0.707164977101E-02
 100.50000  0.756759370535E-02
 100.60000  0.803796406527E-02
 100.70000  0.755397539405E-02
 100.80000  0.837261102722E-02
 100.90000  0.113589685223E-01
 101.00000  0.121001886823E-01
 101.10000  0.992733736767E-02
 101.20000  0.995874007542E-02
 101.30000  0.129357478793E-01
 101.40000  0.145227526360E-01
 101.50000  0.137349158050E-01
 101.60000  0.144917032252E-01
 101.70000  0.158356211948E-01
 101.80000  0.160351960072E-01
 101.90000  0.174119143459E-01
 102.00000  0.215319963505E-01
 102.10000  0.231556001036E-01
 102.20000  0.207087408118E-01
 102.30000  0.209210495973E-01
 102.40000  0.258476546324E-01
 102.50000  0.289007500070E-01
 102.60000  0.271547458047E-01
 102.70000  0.269233969687E-01
 102.80000  0.296313377242E-01
 102.90000  0.314837967435E-01
 103.00000  0.326332561586E-01
 103.10000  0.363175077235E-01
 103.20000  0.386942800032E-01
 103.30000  0.366803776778E-01
 103.40000  0.368563130297E-01
 103.50000  0.430836821635E-01
 103.60000  0.475134000232E-01
 103.70000  0.444115340118E-01
 103.80000  0.421785358222E-01
 103.90000  0.461837391486E-01
 104.00000  0.504085086597E-01
 104.10000  0.503342209138E-01
 104.20000  0.510435313551E-01
 104.30000  0.534358529750E-01
 104.40000  0.532207090401E-01
 104.50000  0.532260506481E-01
 104.60000  0.583564735820E-01
 104.70000  0.628716589521E-01
 104.80000  0.592335762870E-01
 104.90000  0.552379407419E-01
 105.00000  0.594463857307E-01
 105.10000  0.654127079311E-01
 105.20000  0.637044087259E-01
 105.30000  0.599360567568E-01
 105.40000  0.612980893524E-01
 105.50000  0.637004143887E-01
 105.60000  0.635127429579E-01
 105.70000  0.647804391744E-01
 105.80000  0.673981063564E-01
 105.90000  0.647847690330E-01
 106.00000  0.606006090487E-01
 106.10000  0.632811078606E-01
 106.20000  0.688799747426E-01
 106.30000  0.662114710117E-01
 106.40000  0.592069875207E-01
 106.50000  0.590029134778E-01
 106.60000  0.633804729294E-01
 106.70000  0.631419296276E-01
 106.80000  0.596786676699E-01
 106.90000  0.591854633719E-01
 107.00000  0.587313496871E-01
 107.10000  0.562373855596E-01
 107.20000  0.562417954119E-01
 107.30000  0.591948237725E-01
 107.40000  0.568585520658E-01
 107.50000  0.499663907100E-01
 107.60000  0.485700368925E-01
 107.70000  0.530510785506E-01
 107.80000  0.529938451051E-01
 107.90000  0.467913991799E-01
 108.00000  0.438203926491E-01
 108.10000  0.453710417264E-01
 108.20000  0.453740938140E-01
 108.30000  0.430324319094E-01
 108.40000  0.425396328842E-01
 108.50000  0.414143020887E-01
 108.60000  0.375219500024E-01
 108.70000  0.357977666397E-01
 108.80000  0.385485091419E-01
 108.90000  0.387537487360E-01
 109.00000  0.330441827209E-01
 109.10000  0.294771204532E-01
 109.20000  0.318382633451E-01
 109.30000  0.336834765930E-01
 109.40000  0.304401171950E-01
 109.50000  0.275504117440E-01
 109.60000  0.276237924183E-01
 109.70000  0.273641268557E-01
 109.80000  0.260155297364E-01
 109.90000  0.263992810198E-01
 110.00000  0.267236510631E-01
 110.10000  0.235476162512E-01
 110.20000  0.209634260415E-01
 110.30000  0.229741955296E-01
 110.40000  0.254775646238E-01
 110.50000  0.227369418340E-01
 110.60000  0.191456995169E-01
 110.70000  0.199288032871E-01
 110.80000  0.223097626742E-01
 110.90000  0.216469010736E-01
 111.00000  0.200798587444E-01
 111.10000  0.203211023533E-01
 111.20000  0.200396969309E-01
 111.30000  0.190835646327E-01
 111.40000  0.201731170820E-01
 111.50000  0.224904626030E-01
 111.60000  0.210469997905E-01
 111.70000  0.180281134909E-01
 111.80000  0.191305981808E-01
 111.90000  0.230777088969E-01
 112.00000  0.232290396957E-01
 112.10000  0.202726085969E-01
 112.20000  0.202449801144E-01
 112.30000  0.227727610318E-01
 112.40000  0.237934496658E-01
 112.50000  0.235138422987E-01
 112.60000  0.248026238027E-01
 112.70000  0.252619658621E-01
 112.80000  0.241310105742E-01
 112.90000  0.252475060253E-01
 113.00000  0.295200190369E-01
 113.10000  0.306502562689E-01
 113.20000  0.272958364389E-01
 113.30000  0.269571112337E-01
 113.40000  0.319040660909E-01
 113.50000  0.351563370485E-01
 113.60000  0.331234472833E-01
 113.70000  0.322563903347E-01
 113.80000  0.351337270244E-01
 113.90000  0.377009049845E-01
 114.00000  0.383481840663E-01
 114.10000  0.404423751986E-01
 114.20000  0.425278897594E-01
 114.30000  0.414572914461E-01
 114.40000  0.414303378656E-01
 114.50000  0.465478194782E-01
 114.60000  0.510577948984E-01
 114.70000  0.483853421739E-01
 114.80000  0.455039049682E-01
 114.90000  0.500046509180E-01
 115.00000  0.565716542580E-01
 115.10000  0.564701229609E-01
 115.20000  0.539756373284E-01
 115.30000  0.562808250348E-01
 115.40000  0.605220064516E-01
 115.50000  0.620296860427E-01
 115.60000  0.633589821689E-01
 115.70000  0.663887173471E-01
 115.80000  0.663614566879E-01
 115.90000  0.645954284360E-01
 116.00000  0.679075972095E-01
 116.10000  0.746647356805E-01
 116.20000  0.745128213604E-01
 116.30000  0.690763354217E-01
 116.40000  0.703239257114E-01
 116.50000  0.785942985531E-01
 116.60000  0.818193533422E-01
 116.70000  0.776626944061E-01
 116.80000  0.768227277566E-01
 116.90000  0.815741117734E-01
 117.00000  0.846099584892E-01
 117.10000  0.840670565530E-01
 117.20000  0.851954817023E-01
 117.30000  0.862732657543E-01
 117.40000  0.840827119513E-01
 117.50000  0.837594691861E-01
 117.60000  0.891444252703E-01
 117.70000  0.919725006735E-01
 117.80000  0.863465802729E-01
 117.90000  0.826908301599E-01
 118.00000  0.888367467439E-01
 118.10000  0.953044735286E-01
 118.20000  0.916343424340E-01
 118.30000  0.859676571938E-01
 118.40000  0.881192889326E-01
 118.50000  0.928881594921E-01
 118.60000  0.919340977807E-01
 118.70000  0.888621185038E-01
 118.80000  0.887437526383E-01
 118.90000  0.879606685890E-01
 119.00000  0.856372841157E-01
 119.10000  0.866175835638E-01
 119.20000  0.897953803291E-01
 119.30000  0.867670919813E-01
 119.40000  0.803509464178E-01
 119.50000  0.812150578878E-01
 119.60000  0.878382957825E-01
 119.70000  0.872506564960E-01
 119.80000  0.790164451534E-01
 119.90000  0.760391737780E-01
 120.00000  0.805136985175E-01
 120.10000  0.817962155316E-01
 120.20000  0.762121231457E-01
 120.30000  0.722715670376E-01
 120.40000  0.723037406926E-01
 120.50000  0.714697701043E-01
 120.60000  0.692136724306E-01
 120.70000  0.692164408618E-01
 120.80000  0.685565418677E-01
 120.90000  0.637958225334E-01
 121.00000  0.606765623469E-01
 121.10000  0.636355888776E-01
 121.20000  0.656138556907E-01
 121.30000  0.594869211293E-01
 121.40000  0.529708796419E-01
 121.50000  0.542114346102E-01
 121.60000  0.576457663939E-01
 121.70000  0.539466177949E-01
 121.80000  0.472163282103E-01
 121.90000  0.456673343910E-01
 122.00000  0.472597555570E-01
 122.10000  0.459607824354E-01
 122.20000  0.427731062455E-01
 122.30000  0.415582362578E-01
 122.40000  0.402043697311E-01
 122.50000  0.376992735455E-01
 122.60000  0.368615679208E-01
 122.70000  0.381013949408E-01
 122.80000  0.360099965017E-01
 122.90000  0.307031261750E-01
 123.00000  0.288069310654E-01
 123.10000  0.313665144689E-01
 123.20000  0.312405069704E-01
 123.30000  0.258482265396E-01
 123.40000  0.223772814712E-01
 123.50000  0.239721585875E-01
 123.60000  0.254700470127E-01
 123.70000  0.226422812537E-01
 123.80000  0.196651262215E-01
 123.90000  0.195143068293E-01
 124.00000  0.198965773933E-01
 124.10000  0.187091164614E-01
 124.20000  0.175989291514E-01
 124.30000  0.171566791842E-01
 124.40000  0.154180365561E-01
 124.50000  0.135671195403E-01
 124.60000  0.137200986334E-01
 124.70000  0.147092025155E-01
 124.80000  0.127504168622E-01
 124.90000  0.974888607180E-02
 125.00000  0.970210763102E-02
 125.10000  0.118313382104E-01
 125.20000  0.114402647892E-01
 125.30000  0.854687393031E-02
 125.40000  0.759724022726E-02
 125.50000  0.903775540656E-02
 125.60000  0.961884293950E-02
 125.70000  0.791585110595E-02
 125.80000  0.682899662409E-02
 125.90000  0.686483993408E-02
 126.00000  0.678079817664E-02
 126.10000  0.610932655799E-02
 126.20000  0.607974741971E-02
 126.30000  0.596834803696E-02
 126.40000  0.477379316519E-02
 126.50000  0.410343305485E-02
 126.60000  0.505399028864E-02
 126.70000  0.598537151605E-02
 126.80000  0.460216153420E-02
 126.90000  0.323529916041E-02
 127.00000  0.392121270057E-02
 127.10000  0.539221492462E-02
 127.20000  0.476744960599E-02
 127.30000  0.326214088814E-02
 127.40000  0.318667690184E-02
 127.50000  0.395251634002E-02
 127.60000  0.395228430739E-02
 127.70000  0.336667253533E-02
 127.80000  0.351339271702E-02
 127.90000  0.336762040612E-02
 128.00000  0.298745291179E-02
 128.10000  0.324726651382E-02
 128.20000  0.444757549328E-02
 128.30000  0.432973784330E-02
 128.40000  0.301481068208E-02
 128.50000  0.298601087071E-02
 128.60000  0.462400863528E-02
 128.70000  0.528683209691E-02
 128.80000  0.383169961615E-02
 128.90000  0.318342747611E-02
 129.00000  0.420666322179E-02
 129.10000  0.523179754433E-02
 129.20000  0.474640083538E-02
 129.30000  0.455347150847E-02
 129.40000  0.501372631090E-02
 129.50000  0.523201255970E-02
 129.60000  0.534123760999E-02
 129.70000  0.635644337954E-02
 129.80000  0.729951691317E-02
 129.90000  0.636055197671E-02
 130.00000  0.563285808258E-02
 130.10000  0.710657062363E-02
 130.20000  0.919682069596E-02
 130.30000  0.830954480502E-02
 130.40000  0.646975201498E-02
 130.50000  0.725756215064E-02
 130.60000  0.985558499301E-02
 130.70000  0.102723762117E-01
 130.80000  0.872092520644E-02
 130.90000  0.882618526547E-02
 131.00000  0.105401461649E-01
 131.10000  0.115640355151E-01
 131.20000  0.113506045754E-01
 131.30000  0.119268277852E-01
 131.40000  0.123903791796E-01
 131.50000  0.121062922431E-01
 131.60000  0.124396942309E-01
 131.70000  0.144157890980E-01
 131.80000  0.151142217216E-01
 131.90000  0.131239646154E-01
 132.00000  0.124637253610E-01
 132.10000  0.153115133255E-01
 132.20000  0.177701238636E-01
 132.30000  0.158176681698E-01
 132.40000  0.137503779265E-01
 132.50000  0.157896748071E-01
 132.60000  0.192688256506E-01
 132.70000  0.189156519512E-01
 132.80000  0.167100038886E-01
 132.90000  0.171786661837E-01
 133.00000  0.193994922409E-01
 133.10000  0.199849727074E-01
 133.20000  0.191812772960E-01
 133.30000  0.195273726156E-01
 133.40000  0.197434241240E-01
 133.50000  0.192653566031E-01
 133.60000  0.197452075243E-01
 133.70000  0.218669385573E-01
 133.80000  0.218462227001E-01
 133.90000  0.193439930680E-01
 134.00000  0.192071155657E-01
 134.10000  0.227980494495E-01
 134.20000  0.245027998672E-01
 134.30000  0.212272723609E-01
 134.40000  0.190915065165E-01
 134.50000  0.218891237617E-01
 134.60000  0.250408830288E-01
 134.70000  0.231038562192E-01
 134.80000  0.200769238250E-01
 134.90000  0.208464202758E-01
 135.00000  0.233632218462E-01
 135.10000  0.231917539361E-01
 135.20000  0.214910446861E-01
 135.30000  0.214696769708E-01
 135.40000  0.219149629642E-01
 135.50000  0.216460473408E-01
 135.60000  0.217705341144E-01
 135.70000  0.230196959530E-01
 135.80000  0.222675436459E-01
 135.90000  0.200143571538E-01
 136.00000  0.201837155075E-01
 136.10000  0.231380880568E-01
 136.20000  0.233990882179E-01
 136.30000  0.196537600244E-01
 136.40000  0.181165538072E-01
 136.50000  0.211830237562E-01
 136.60000  0.233847979515E-01
 136.70000  0.203654201586E-01
 136.80000  0.174153424331E-01
 136.90000  0.188734556361E-01
 137.00000  0.216055195675E-01
 137.10000  0.205974339305E-01
 137.20000  0.180970629320E-01
 137.30000  0.180429503330E-01
 137.40000  0.192581300128E-01
 137.50000  0.191929369552E-01
 137.60000  0.184101960452E-01
 137.70000  0.186213858689E-01
 137.80000  0.180819404493E-01
 137.90000  0.169126567787E-01
 138.00000  0.171202894599E-01
 138.10000  0.189334321854E-01
 138.20000  0.183903987917E-01
 138.30000  0.154569086619E-01
 138.40000  0.148650953893E-01
 138.50000  0.177039044671E-01
 138.60000  0.188368432974E-01
 138.70000  0.155463591447E-01
 138.80000  0.133476465070E-01
 138.90000  0.154619500933E-01
 139.00000  0.180057950422E-01
 139.10000  0.161878620035E-01
 139.20000  0.134263551546E-01
 139.30000  0.139256179517E-01
 139.40000  0.160612993372E-01
 139.50000  0.158772310309E-01
 139.60000  0.141362086146E-01
 139.70000  0.138788180367E-01
 139.80000  0.143277627982E-01
 139.90000  0.142007019866E-01
 140.00000  0.138720746826E-01
 140.10000  0.144528831791E-01
 140.20000  0.138969063068E-01
 140.30000  0.123580147459E-01
 140.40000  0.123140108349E-01
 140.50000  0.143282939000E-01
 140.60000  0.146039551385E-01
 140.70000  0.119014881664E-01
 140.80000  0.107657952378E-01
 140.90000  0.131817531241E-01
 141.00000  0.151716255124E-01
 141.10000  0.128485269557E-01
 141.20000  0.103839409966E-01
 141.30000  0.116812611318E-01
 141.40000  0.144175153822E-01
 141.50000  0.136429945422E-01
 141.60000  0.109894592295E-01
 141.70000  0.108297561962E-01
 141.80000  0.126771709077E-01
 141.90000  0.131087486168E-01
 142.00000  0.116264734981E-01
 142.10000  0.112117613238E-01
 142.20000  0.116679924062E-01
 142.30000  0.118608475475E-01
 142.40000  0.116455316667E-01
 142.50000  0.122927962371E-01
 142.60000  0.123448188994E-01
 142.70000  0.111881858139E-01
 142.80000  0.109215458156E-01
 142.90000  0.126539122817E-01
 143.00000  0.136742562311E-01
 143.10000  0.115622024399E-01
 143.20000  0.993784662861E-02
 143.30000  0.115961779214E-01
 143.40000  0.140462737326E-01
 143.50000  0.125688927929E-01
 143.60000  0.970035858709E-02
 143.70000  0.102049067945E-01
 143.80000  0.132663386323E-01
 143.90000  0.135831597664E-01
 144.00000  0.107781051143E-01
 144.10000  0.999977186602E-02
 144.20000  0.123055384273E-01
 144.30000  0.139464755772E-01
 144.40000  0.123612586863E-01
 144.50000  0.110915357901E-01
 144.60000  0.119658686304E-01
 144.70000  0.133155275907E-01
 144.80000  0.129199678172E-01
 144.90000  0.122084030707E-01
 145.00000  0.123613612118E-01
 145.10000  0.123606561362E-01
 145.20000  0.121165561796E-01
 145.30000  0.124510371166E-01
 145.40000  0.133478282360E-01
 145.50000  0.125135354544E-01
 145.60000  0.112722593006E-01
 145.70000  0.120160472525E-01
 145.80000  0.143979460885E-01
 145.90000  0.142299708957E-01
 146.00000  0.117079433300E-01
 146.10000  0.114855941627E-01
 146.20000  0.145405253524E-01
 146.30000  0.160444614457E-01
 146.40000  0.131834504474E-01
 146.50000  0.111940023758E-01
 146.60000  0.134079684278E-01
 146.70000  0.163225447568E-01
 146.80000  0.146617172632E-01
 146.90000  0.115812982456E-01
 147.00000  0.121588256656E-01
 147.10000  0.152586934711E-01
 147.20000  0.155676047268E-01
 147.30000  0.129489782583E-01
 147.40000  0.123407028648E-01
 147.50000  0.144420413708E-01
 147.60000  0.159410895817E-01
 147.70000  0.147435764350E-01
 147.80000  0.139862325400E-01
 147.90000  0.147784993751E-01
 148.00000  0.158061751320E-01
 148.10000  0.156532595585E-01
 148.20000  0.155860025163E-01
 148.30000  0.159089118607E-01
 148.40000  0.155078076521E-01
 148.50000  0.151472922384E-01
 148.60000  0.159224351921E-01
 148.70000  0.171541054035E-01
 148.80000  0.160192731898E-01
 148.90000  0.144082047976E-01
 149.00000  0.153482520749E-01
 149.10000  0.182195538477E-01
 149.20000  0.180601637171E-01
 149.30000  0.151289209317E-01
 149.40000  0.149256109853E-01
 149.50000  0.186292362391E-01
 149.60000  0.205816649407E-01
 149.70000  0.174033033197E-01
 149.80000  0.151494750990E-01
 149.90000  0.179184621406E-01
 150.00000  0.215819899618E-01
 150.10000  0.197268168196E-01
 150.20000  0.159425410792E-01
 150.30000  0.166063077190E-01
 150.40000  0.205019436879E-01
 150.50000  0.208955333535E-01
 150.60000  0.173446913837E-01
 150.70000  0.162627900929E-01
 150.80000  0.190206663330E-01
 150.90000  0.210683550490E-01
 151.00000  0.192232856089E-01
 151.10000  0.177039812119E-01
 151.20000  0.189313635248E-01
 151.30000  0.209362162003E-01
 151.40000  0.207505317794E-01
 151.50000  0.198990435871E-01
 151.60000  0.202579918489E-01
 151.70000  0.208272948933E-01
 151.80000  0.209001605903E-01
 151.90000  0.210040842640E-01
 152.00000  0.217840420583E-01
 152.10000  0.211538441453E-01
 152.20000  0.200464363394E-01
 152.30000  0.205325271902E-01
 152.40000  0.227296543253E-01
 152.50000  0.225803702492E-01
 152.60000  0.199329157905E-01
 152.70000  0.195689093819E-01
 152.80000  0.229434388818E-01
 152.90000  0.249275016782E-01
 153.00000  0.217907178263E-01
 153.10000  0.194137861656E-01
 153.20000  0.223527127773E-01
 153.30000  0.265562822221E-01
 153.40000  0.246708556674E-01
 153.50000  0.202625253252E-01
 153.60000  0.209925368853E-01
 153.70000  0.258978653274E-01
 153.80000  0.265113391183E-01
 153.90000  0.216368028959E-01
 154.00000  0.197233345454E-01
 154.10000  0.234809589871E-01
 154.20000  0.264169335567E-01
 154.30000  0.231871766463E-01
 154.40000  0.198112128035E-01
 154.50000  0.215270927825E-01
 154.60000  0.252720567232E-01
 154.70000  0.246431839448E-01
 154.80000  0.214827491329E-01
 154.90000  0.214336719921E-01
 155.00000  0.241727541998E-01
 155.10000  0.252614433532E-01
 155.20000  0.233869166560E-01
 155.30000  0.226534867160E-01
 155.40000  0.236510833932E-01
 155.50000  0.246026376849E-01
 155.60000  0.239792672678E-01
 155.70000  0.237547137776E-01
 155.80000  0.238399703944E-01
 155.90000  0.233334977517E-01
 156.00000  0.229594318819E-01
 156.10000  0.238649369991E-01
 156.20000  0.247661250884E-01
 156.30000  0.230769862517E-01
 156.40000  0.215862785071E-01
 156.50000  0.230301168083E-01
 156.60000  0.258222400430E-01
 156.70000  0.245369422010E-01
 156.80000  0.211891156999E-01
 156.90000  0.215839988717E-01
 157.00000  0.257061083009E-01
 157.10000  0.264501705812E-01
 157.20000  0.219541666529E-01
 157.30000  0.199207051464E-01
 157.40000  0.236281584964E-01
 157.50000  0.268756911615E-01
 157.60000  0.232118648175E-01
 157.70000  0.188258306720E-01
 157.80000  0.205665833085E-01
 157.90000  0.253518701138E-01
 158.00000  0.243518169708E-01
 158.10000  0.190799294727E-01
 158.20000  0.182879068058E-01
 158.30000  0.228334460557E-01
 158.40000  0.248648181126E-01
 158.50000  0.206501691450E-01
 158.60000  0.178491619095E-01
 158.70000  0.206516246339E-01
 158.80000  0.243867936561E-01
 158.90000  0.224646496445E-01
 159.00000  0.188314673222E-01
 159.10000  0.193797608100E-01
 159.20000  0.227561273913E-01
 159.30000  0.230339215505E-01
 159.40000  0.199565908496E-01
 159.50000  0.189778667721E-01
 159.60000  0.206801151202E-01
 159.70000  0.218679694878E-01
 159.80000  0.202178195269E-01
 159.90000  0.191072833859E-01
 160.00000  0.193650828389E-01
 160.10000  0.198986240256E-01
 160.20000  0.194139309396E-01
 160.30000  0.191831390864E-01
 160.40000  0.192942644634E-01
 160.50000  0.184848916067E-01
 160.60000  0.179139596924E-01
 160.70000  0.185095318354E-01
 160.80000  0.196825046253E-01
 160.90000  0.182780025561E-01
 161.00000  0.164435050176E-01
 161.10000  0.169327431870E-01
 161.20000  0.193700232344E-01
 161.30000  0.188785084174E-01
 161.40000  0.156366633110E-01
 161.50000  0.148772766176E-01
 161.60000  0.178079429838E-01
 161.70000  0.194089179117E-01
 161.80000  0.159371335843E-01
 161.90000  0.132870888680E-01
 162.00000  0.154956124586E-01
 162.10000  0.191586397578E-01
 162.20000  0.171882427288E-01
 162.30000  0.128789646518E-01
 162.40000  0.132451972266E-01
 162.50000  0.177500851936E-01
 162.60000  0.184891234899E-01
 162.70000  0.137672921479E-01
 162.80000  0.117747116665E-01
 162.90000  0.154100695691E-01
 163.00000  0.186557838441E-01
 163.10000  0.152456924727E-01
 163.20000  0.113177548623E-01
 163.30000  0.128582919429E-01
 163.40000  0.171535684479E-01
 163.50000  0.162965929507E-01
 163.60000  0.117396783381E-01
 163.70000  0.109899855610E-01
 163.80000  0.145733054099E-01
 163.90000  0.161757360824E-01
 164.00000  0.125405639136E-01
 164.10000  0.101921754222E-01
 164.20000  0.120617896861E-01
 164.30000  0.148513065034E-01
 164.40000  0.131716901999E-01
 164.50000  0.103133820296E-01
 164.60000  0.105485599536E-01
 164.70000  0.129777258451E-01
 164.80000  0.132200666447E-01
 164.90000  0.108616532110E-01
 165.00000  0.102019558082E-01
 165.10000  0.114264110670E-01
 165.20000  0.125644946009E-01
 165.30000  0.112789885011E-01
 165.40000  0.105005137259E-01
 165.50000  0.107154800598E-01
 165.60000  0.114250523780E-01
 165.70000  0.110863362191E-01
 165.80000  0.106645127427E-01
 165.90000  0.107431925672E-01
 166.00000  0.103836054326E-01
 166.10000  0.102001585086E-01
 166.20000  0.101834637620E-01
 166.30000  0.108819480852E-01
 166.40000  0.994306168915E-02
 166.50000  0.898208180176E-02
 166.60000  0.904583193143E-02
 166.70000  0.105333452932E-01
 166.80000  0.102406884681E-01
 166.90000  0.821359268585E-02
 167.00000  0.774495407961E-02
 167.10000  0.955914104580E-02
 167.20000  0.108294096336E-01
 167.30000  0.844032681760E-02
 167.40000  0.678516352444E-02
 167.50000  0.815132610932E-02
 167.60000  0.109126037915E-01
 167.70000  0.952294551538E-02
 167.80000  0.651906936114E-02
 167.90000  0.668801278042E-02
 168.00000  0.995930845995E-02
 168.10000  0.106280821517E-01
 168.20000  0.699147259650E-02
 168.30000  0.548102244439E-02
 168.40000  0.807804928297E-02
 168.50000  0.108453127750E-01
 168.60000  0.805350629298E-02
 168.70000  0.490658059778E-02
 168.80000  0.604334019348E-02
 168.90000  0.992592332912E-02
 169.00000  0.938215807477E-02
 169.10000  0.530739655430E-02
 169.20000  0.465408824852E-02
 169.30000  0.827349182070E-02
 169.40000  0.103807695074E-01
 169.50000  0.669097123340E-02
 169.60000  0.421982640374E-02
 169.70000  0.644281447135E-02
 169.80000  0.102843645644E-01
 169.90000  0.843199419374E-02
 170.00000  0.458558887219E-02
 170.10000  0.488461690411E-02
 170.20000  0.881142893852E-02
 170.30000  0.954238818750E-02
 170.40000  0.544561912479E-02
 170.50000  0.390081444045E-02
 170.60000  0.655073479556E-02
 170.70000  0.933689022250E-02
 170.80000  0.651390215081E-02
 170.90000  0.369226489048E-02
 171.00000  0.468989961050E-02
 171.10000  0.811753163799E-02
 171.20000  0.762151192842E-02
 171.30000  0.432415678319E-02
 171.40000  0.393995175879E-02
 171.50000  0.666189503685E-02
 171.60000  0.840714213819E-02
 171.70000  0.559682826118E-02
 171.80000  0.410451652061E-02
 171.90000  0.553305906834E-02
 172.00000  0.838894822586E-02
 172.10000  0.703216465869E-02
 172.20000  0.462705540219E-02
 172.30000  0.480530737589E-02
 172.40000  0.726903161469E-02
 172.50000  0.778810089661E-02
 172.60000  0.512486287256E-02
 172.70000  0.443582876954E-02
 172.80000  0.565500774677E-02
 172.90000  0.739934683008E-02
 173.00000  0.555089763430E-02
 173.10000  0.441494473627E-02
 173.20000  0.464358728617E-02
 173.30000  0.623015659529E-02
 173.40000  0.588486205376E-02
 173.50000  0.463130693261E-02
 173.60000  0.472486838413E-02
 173.70000  0.531572605669E-02
 173.80000  0.617981567714E-02
 173.90000  0.504500747365E-02
 174.00000  0.525910510380E-02
 174.10000  0.513245158764E-02
 174.20000  0.619605278514E-02
 174.30000  0.558549687857E-02
 174.40000  0.541388676258E-02
 174.50000  0.536396440744E-02
 174.60000  0.570310287857E-02
 174.70000  0.597327482113E-02
 174.80000  0.518284544795E-02
 174.90000  0.562764565035E-02
 175.00000  0.502890113955E-02
 175.10000  0.565398586820E-02
 175.20000  0.485723814521E-02
 175.30000  0.570736359802E-02
 175.40000  0.508154043695E-02
 175.50000  0.481996615389E-02
 175.60000  0.464195225570E-02
 175.70000  0.551602459053E-02
 175.80000  0.620941947567E-02
 175.90000  0.450513669047E-02
 176.00000  0.453389034386E-02
 176.10000  0.497507466626E-02
 176.20000  0.719185754486E-02
 176.30000  0.524028162611E-02
 176.40000  0.450612644295E-02
 176.50000  0.450871112142E-02
 176.60000  0.676849606558E-02
 176.70000  0.640541319534E-02
 176.80000  0.445658835167E-02
 176.90000  0.453837808741E-02
 177.00000  0.537558936379E-02
 177.10000  0.715010287227E-02
 177.20000  0.451725017977E-02
 177.30000  0.452663992355E-02
 177.40000  0.428494105830E-02
 177.50000  0.727591689217E-02
 177.60000  0.563343513404E-02
 177.70000  0.395175530697E-02
 177.80000  0.380794081802E-02
 177.90000  0.667196878465E-02
 178.00000  0.836810895424E-02
 178.10000  0.391672298068E-02
 178.20000  0.359843004471E-02
 178.30000  0.525945670817E-02
 178.40000  0.110759318477E-01
 178.50000  0.602407979129E-02
 178.60000  0.353804461541E-02
 178.70000  0.373350699893E-02
 178.80000  0.105136254995E-01
 178.90000  0.957385303018E-02
 179.00000  0.357154346618E-02
 179.10000  0.414824901121E-02
 179.20000  0.654967636276E-02
 179.30000  0.129487150540E-01
 179.40000  0.404281971289E-02
 179.50000  0.816960157399E-02
 179.60000  0.387465930185E-02
 179.70000  0.178076694716E-01
 179.80000  0.900277061905E-02
 179.90000  0.252710607331E-01
 180.00000  0.792709459658E-01
