 # E =    3.99968532734175       eV =    32262.0000000000       1/cm
 #  1801
# DFFCSO.  ACCUM LEV(I),J(I) =  1  0 LEV(F),J(F) =  1  0       , M =  0, WEIGHTED BY  1.00000
   0.10000  0.750403326460E+06
   0.20000  0.373698531194E+06
   0.30000  0.924532894669E+05
   0.40000  0.790855914977E+04
   0.50000  0.161061682149E+05
   0.60000  0.163211156394E+05
   0.70000  0.506993556092E+04
   0.80000  0.351825931673E+04
   0.90000  0.553922196906E+04
   1.00000  0.309278490355E+04
   1.10000  0.134491641244E+04
   1.20000  0.226476160035E+04
   1.30000  0.194678523106E+04
   1.40000  0.716373570818E+03
   1.50000  0.857860797753E+03
   1.60000  0.114216781582E+04
   1.70000  0.521968328144E+03
   1.80000  0.278724542824E+03
   1.90000  0.571839109312E+03
   2.00000  0.406872655642E+03
   2.10000  0.109196063804E+03
   2.20000  0.247619164516E+03
   2.30000  0.304299310751E+03
   2.40000  0.938237753918E+02
   2.50000  0.102686713534E+03
   2.60000  0.228880375647E+03
   2.70000  0.126392434279E+03
   2.80000  0.487221195612E+02
   2.90000  0.157781827456E+03
   3.00000  0.158556770546E+03
   3.10000  0.490837675692E+02
   3.20000  0.807859337711E+02
   3.30000  0.145050056815E+03
   3.40000  0.751069943539E+02
   3.50000  0.293212852307E+02
   3.60000  0.826439396354E+02
   3.70000  0.791522131976E+02
   3.80000  0.189306046512E+02
   3.90000  0.229514216291E+02
   4.00000  0.472775200513E+02
   4.10000  0.205855116851E+02
   4.20000  0.107852109182E+01
   4.30000  0.146382199182E+02
   4.40000  0.126030217548E+02
   4.50000  0.783104594820E+00
   4.60000  0.573409611712E+01
   4.70000  0.670644618369E+01
   4.80000  0.297475727402E+00
   4.90000  0.669794681071E+01
   5.00000  0.112447714391E+02
   5.10000  0.232291694279E+01
   5.20000  0.255262427442E+01
   5.30000  0.120189826413E+02
   5.40000  0.847530288453E+01
   5.50000  0.352644312367E+00
   5.60000  0.397748577207E+01
   5.70000  0.794326454396E+01
   5.80000  0.354300632499E+01
   5.90000  0.198276648978E+00
   6.00000  0.139133140230E+01
   6.10000  0.333408029654E+01
   6.20000  0.422251645905E+01
   6.30000  0.187215747331E+01
   6.40000  0.198205228363E+00
   6.50000  0.532894185532E+01
   6.60000  0.879106480634E+01
   6.70000  0.344558976378E+01
   6.80000  0.204709296588E+01
   6.90000  0.923949259919E+01
   7.00000  0.952117823439E+01
   7.10000  0.243798516155E+01
   7.20000  0.322755470422E+01
   7.30000  0.801214234684E+01
   7.40000  0.474031845438E+01
   7.50000  0.289127036676E+00
   7.60000  0.198117568804E+01
   7.70000  0.276295279140E+01
   7.80000  0.676847389827E+00
   7.90000  0.710887248126E+00
   8.00000  0.851385766505E+00
   8.10000  0.591023591379E-01
   8.20000  0.222818489096E+01
   8.30000  0.388238510811E+01
   8.40000  0.135125139799E+01
   8.50000  0.154377427255E+01
   8.60000  0.587389107034E+01
   8.70000  0.544261383763E+01
   8.80000  0.155389494254E+01
   8.90000  0.290200489674E+01
   9.00000  0.577118309330E+01
   9.10000  0.330597765772E+01
   9.20000  0.460717149511E+00
   9.30000  0.158998354708E+01
   9.40000  0.232744952127E+01
   9.50000  0.959899197993E+00
   9.60000  0.146258375495E+00
   9.70000  0.718030864574E-01
   9.80000  0.671995360330E+00
   9.90000  0.208594240476E+01
  10.00000  0.182846695495E+01
  10.10000  0.497001707250E+00
  10.20000  0.218150469492E+01
  10.30000  0.463774046059E+01
  10.40000  0.308516493058E+01
  10.50000  0.122929674907E+01
  10.60000  0.324777725610E+01
  10.70000  0.444571051130E+01
  10.80000  0.196948535570E+01
  10.90000  0.607058535410E+00
  11.00000  0.180560834769E+01
  11.10000  0.182296957308E+01
  11.20000  0.483583229045E+00
  11.30000  0.847852595761E-02
  11.40000  0.164508665950E+00
  11.50000  0.583071651535E+00
  11.60000  0.120828228631E+01
  11.70000  0.822108093645E+00
  11.80000  0.245923063140E+00
  11.90000  0.153738877709E+01
  12.00000  0.277068588910E+01
  12.10000  0.159977191484E+01
  12.20000  0.679444667315E+00
  12.30000  0.196036439497E+01
  12.40000  0.252562047783E+01
  12.50000  0.108407635158E+01
  12.60000  0.249398146336E+00
  12.70000  0.850266883312E+00
  12.80000  0.122702198436E+01
  12.90000  0.810038640408E+00
  13.00000  0.208808236162E+00
  13.10000  0.288892098572E+00
  13.20000  0.143881464840E+01
  13.30000  0.210986706716E+01
  13.40000  0.120684440888E+01
  13.50000  0.987366671910E+00
  13.60000  0.262433327392E+01
  13.70000  0.314297989169E+01
  13.80000  0.159238591103E+01
  13.90000  0.118311242920E+01
  14.00000  0.234667680265E+01
  14.10000  0.213214779272E+01
  14.20000  0.670888597851E+00
  14.30000  0.302586248316E+00
  14.40000  0.712986751480E+00
  14.50000  0.618707824009E+00
  14.60000  0.310159375996E+00
  14.70000  0.889048268815E-01
  14.80000  0.930884702538E-01
  14.90000  0.815981312829E+00
  15.00000  0.143558168661E+01
  15.10000  0.908318781857E+00
  15.20000  0.616579111888E+00
  15.30000  0.165700773233E+01
  15.40000  0.216523122569E+01
  15.50000  0.117056553979E+01
  15.60000  0.639390821768E+00
  15.70000  0.131074010658E+01
  15.80000  0.151202774688E+01
  15.90000  0.740570516846E+00
  16.00000  0.205983871841E+00
  16.10000  0.479916958218E+00
  16.20000  0.103429084771E+01
  16.30000  0.108503971602E+01
  16.40000  0.574091478447E+00
  16.50000  0.635681183522E+00
  16.60000  0.165673061235E+01
  16.70000  0.203714401301E+01
  16.80000  0.119868674684E+01
  16.90000  0.968991325142E+00
  17.00000  0.181389903800E+01
  17.10000  0.186046359210E+01
  17.20000  0.846686242950E+00
  17.30000  0.443493177964E+00
  17.40000  0.808311005290E+00
  17.50000  0.810289683835E+00
  17.60000  0.377672385900E+00
  17.70000  0.822564281860E-01
  17.80000  0.172488096507E+00
  17.90000  0.674858266653E+00
  18.00000  0.102669043776E+01
  18.10000  0.700447361826E+00
  18.20000  0.549703785447E+00
  18.30000  0.129564758140E+01
  18.40000  0.174969856815E+01
  18.50000  0.110742321780E+01
  18.60000  0.658348763033E+00
  18.70000  0.111516236510E+01
  18.80000  0.131282911242E+01
  18.90000  0.718682274543E+00
  19.00000  0.241606238611E+00
  19.10000  0.380856483650E+00
  19.20000  0.718937527413E+00
  19.30000  0.763147029702E+00
  19.40000  0.457466316312E+00
  19.50000  0.408440857909E+00
  19.60000  0.104230852987E+01
  19.70000  0.151645730651E+01
  19.80000  0.109541545943E+01
  19.90000  0.738267598587E+00
  20.00000  0.123349280601E+01
  20.10000  0.155295133530E+01
  20.20000  0.970700160554E+00
  20.30000  0.437723836764E+00
  20.40000  0.594670618173E+00
  20.50000  0.807389144804E+00
  20.60000  0.602262062529E+00
  20.70000  0.263620422939E+00
  20.80000  0.233398405454E+00
  20.90000  0.658269798833E+00
  21.00000  0.105021648764E+01
  21.10000  0.852478746491E+00
  21.20000  0.597447661673E+00
  21.30000  0.104586342680E+01
  21.40000  0.152801952726E+01
  21.50000  0.115700260660E+01
  21.60000  0.622352318631E+00
  21.70000  0.769049629086E+00
  21.80000  0.101478938434E+01
  21.90000  0.704296423786E+00
  22.00000  0.260955014320E+00
  22.10000  0.203881637345E+00
  22.20000  0.449077598959E+00
  22.30000  0.646294356157E+00
  22.40000  0.530670377807E+00
  22.50000  0.343067464632E+00
  22.60000  0.628240783814E+00
  22.70000  0.113182475996E+01
  22.80000  0.105400658200E+01
  22.90000  0.620092612752E+00
  23.00000  0.688774337616E+00
  23.10000  0.104474496198E+01
  23.20000  0.901495992715E+00
  23.30000  0.428555474731E+00
  23.40000  0.287334052283E+00
  23.50000  0.503586853880E+00
  23.60000  0.663399121148E+00
  23.70000  0.539026051232E+00
  23.80000  0.344187314361E+00
  23.90000  0.544375530395E+00
  24.00000  0.105019415194E+01
  24.10000  0.113549874150E+01
  24.20000  0.763266389475E+00
  24.30000  0.762938163287E+00
  24.40000  0.117909433773E+01
  24.50000  0.115442362801E+01
  24.60000  0.643786405881E+00
  24.70000  0.424752078213E+00
  24.80000  0.602740212290E+00
  24.90000  0.641224247693E+00
  25.00000  0.402522848842E+00
  25.10000  0.194968636319E+00
  25.20000  0.280854571128E+00
  25.30000  0.600684766704E+00
  25.40000  0.740693659578E+00
  25.50000  0.527094478518E+00
  25.60000  0.450927928149E+00
  25.70000  0.778244971563E+00
  25.80000  0.941711515278E+00
  25.90000  0.617932934077E+00
  26.00000  0.343503084382E+00
  26.10000  0.452972434434E+00
  26.20000  0.569105712114E+00
  26.30000  0.418692637786E+00
  26.40000  0.202139140018E+00
  26.50000  0.195192563421E+00
  26.60000  0.451299909680E+00
  26.70000  0.685630965641E+00
  26.80000  0.594428190107E+00
  26.90000  0.457164757421E+00
  27.00000  0.717952199871E+00
  27.10000  0.104254826324E+01
  27.20000  0.872237361175E+00
  27.30000  0.520111795189E+00
  27.40000  0.546939210751E+00
  27.50000  0.721035681105E+00
  27.60000  0.587552703797E+00
  27.70000  0.290174887716E+00
  27.80000  0.197518458463E+00
  27.90000  0.356847531551E+00
  28.00000  0.531408004287E+00
  28.10000  0.483994905518E+00
  28.20000  0.334674657534E+00
  28.30000  0.459242398612E+00
  28.40000  0.775890189874E+00
  28.50000  0.776117726658E+00
  28.60000  0.480443392786E+00
  28.70000  0.411803309315E+00
  28.80000  0.587579751384E+00
  28.90000  0.565504368235E+00
  29.00000  0.308935873204E+00
  29.10000  0.153962031734E+00
  29.20000  0.229016435346E+00
  29.30000  0.387654587528E+00
  29.40000  0.421980372096E+00
  29.50000  0.300843513023E+00
  29.60000  0.302574588527E+00
  29.70000  0.569040579178E+00
  29.80000  0.727827962885E+00
  29.90000  0.531632971160E+00
  30.00000  0.359025209858E+00
  30.10000  0.481080640831E+00
  30.20000  0.568583849600E+00
  30.30000  0.382142790765E+00
  30.40000  0.170549062127E+00
  30.50000  0.164741580482E+00
  30.60000  0.289023103743E+00
  30.70000  0.359793439862E+00
  30.80000  0.285224281686E+00
  30.90000  0.214823373591E+00
  31.00000  0.372638670631E+00
  31.10000  0.599831713037E+00
  31.20000  0.546314492360E+00
  31.30000  0.337139818805E+00
  31.40000  0.348218313936E+00
  31.50000  0.486547635677E+00
  31.60000  0.421833670747E+00
  31.70000  0.211587041678E+00
  31.80000  0.124012098622E+00
  31.90000  0.206261541985E+00
  32.00000  0.316499828565E+00
  32.10000  0.311189433257E+00
  32.20000  0.216723631130E+00
  32.30000  0.262373700862E+00
  32.40000  0.488901793561E+00
  32.50000  0.570740276037E+00
  32.60000  0.392926565497E+00
  32.70000  0.295422701715E+00
  32.80000  0.414618617848E+00
  32.90000  0.449349895950E+00
  33.00000  0.274115821610E+00
  33.10000  0.123305726009E+00
  33.20000  0.140744547882E+00
  33.30000  0.232696495483E+00
  33.40000  0.262891005990E+00
  33.50000  0.190532759480E+00
  33.60000  0.150468308570E+00
  33.70000  0.283157627912E+00
  33.80000  0.426808078545E+00
  33.90000  0.350181874750E+00
  34.00000  0.201014704863E+00
  34.10000  0.227143776666E+00
  34.20000  0.308755490434E+00
  34.30000  0.238027492842E+00
  34.40000  0.991182200779E-01
  34.50000  0.538065662653E-01
  34.60000  0.109602673518E+00
  34.70000  0.190973978146E+00
  34.80000  0.201503015333E+00
  34.90000  0.137242676798E+00
  35.00000  0.163502375965E+00
  35.10000  0.320831426105E+00
  35.20000  0.373637701693E+00
  35.30000  0.239800146390E+00
  35.40000  0.160658559807E+00
  35.50000  0.231457597797E+00
  35.60000  0.257857160318E+00
  35.70000  0.158090040793E+00
  35.80000  0.638202652354E-01
  35.90000  0.706901729952E-01
  36.00000  0.155864500237E+00
  36.10000  0.218618404371E+00
  36.20000  0.175906741901E+00
  36.30000  0.127974070221E+00
  36.40000  0.220764936935E+00
  36.50000  0.331684369404E+00
  36.60000  0.265399706285E+00
  36.70000  0.136605982502E+00
  36.80000  0.139890530304E+00
  36.90000  0.192209616835E+00
  37.00000  0.149170256765E+00
  37.10000  0.611587516448E-01
  37.20000  0.256004247507E-01
  37.30000  0.623285855510E-01
  37.40000  0.137127956150E+00
  37.50000  0.158632484688E+00
  37.60000  0.101248867600E+00
  37.70000  0.982410741034E-01
  37.80000  0.193648406977E+00
  37.90000  0.219751318414E+00
  38.00000  0.120298048164E+00
  38.10000  0.559863266979E-01
  38.20000  0.850822202535E-01
  38.30000  0.101099204938E+00
  38.40000  0.659798339544E-01
  38.50000  0.260849040974E-01
  38.60000  0.181232989709E-01
  38.70000  0.716558912759E-01
  38.80000  0.143394114262E+00
  38.90000  0.130206166044E+00
  39.00000  0.726154519207E-01
  39.10000  0.103729501938E+00
  39.20000  0.171029332165E+00
  39.30000  0.134611628843E+00
  39.40000  0.471302023057E-01
  39.50000  0.284774838578E-01
  39.60000  0.519602428861E-01
  39.70000  0.553453808347E-01
  39.80000  0.410778139201E-01
  39.90000  0.185765916258E-01
  40.00000  0.219809601789E-01
  40.10000  0.825868092734E-01
  40.20000  0.122335809669E+00
  40.30000  0.760107005117E-01
  40.40000  0.397130193133E-01
  40.50000  0.798796547002E-01
  40.60000  0.985079599136E-01
  40.70000  0.466547313054E-01
  40.80000  0.609953091330E-02
  40.90000  0.962398438122E-02
  41.00000  0.233428027743E-01
  41.10000  0.391396190609E-01
  41.20000  0.392647638862E-01
  41.30000  0.170070289105E-01
  41.40000  0.334559043903E-01
  41.50000  0.902875207483E-01
  41.60000  0.896756935397E-01
  41.70000  0.341091180297E-01
  41.80000  0.265156622392E-01
  41.90000  0.555824126477E-01
  42.00000  0.417606016668E-01
  42.10000  0.782973780161E-02
  42.20000  0.443485968910E-03
  42.30000  0.280571263854E-02
  42.40000  0.125064035648E-01
  42.50000  0.316094926345E-01
  42.60000  0.238885930003E-01
  42.70000  0.488590913928E-02
  42.80000  0.265759039313E-01
  42.90000  0.498182005493E-01
  43.00000  0.237123760095E-01
  43.10000  0.199625730375E-02
  43.20000  0.176564816349E-01
  43.30000  0.182708150386E-01
  43.40000  0.180990471839E-02
  43.50000  0.865855554621E-02
  43.60000  0.140103867621E-01
  43.70000  0.105875158753E-02
  43.80000  0.958646542202E-02
  43.90000  0.275710952058E-01
  44.00000  0.135996972150E-01
  44.10000  0.381435124366E-03
  44.20000  0.142529857825E-01
  44.30000  0.146082764451E-01
  44.40000  0.111347734274E-02
  44.50000  0.928514773395E-02
  44.60000  0.150247145977E-01
  44.70000  0.157251248870E-02
  44.80000  0.910283188948E-02
  44.90000  0.289049507172E-01
  45.00000  0.165918092454E-01
  45.10000  0.455276979475E-03
  45.20000  0.122897062516E-01
  45.30000  0.148704864357E-01
  45.40000  0.174704109693E-02
  45.50000  0.806596884549E-02
  45.60000  0.146004487084E-01
  45.70000  0.205364109111E-02
  45.80000  0.986881917070E-02
  45.90000  0.341533843491E-01
  46.00000  0.247855696546E-01
  46.10000  0.311751659094E-02
  46.20000  0.123777356368E-01
  46.30000  0.223219558670E-01
  46.40000  0.973022310247E-02
  46.50000  0.269437731237E-02
  46.60000  0.256285022756E-02
  46.70000  0.755817657072E-03
  46.80000  0.191458036722E-01
  46.90000  0.400910453795E-01
  47.00000  0.253122243371E-01
  47.10000  0.147952107911E-01
  47.20000  0.475652412967E-01
  47.30000  0.652134200646E-01
  47.40000  0.326226481953E-01
  47.50000  0.774250827677E-02
  47.60000  0.167582496898E-01
  47.70000  0.245584952452E-01
  47.80000  0.221834607846E-01
  47.90000  0.161120485370E-01
  48.00000  0.686614048221E-02
  48.10000  0.233317612255E-01
  48.20000  0.665408610256E-01
  48.30000  0.730392740284E-01
  48.40000  0.368685595416E-01
  48.50000  0.322928613228E-01
  48.60000  0.617491293349E-01
  48.70000  0.575481945240E-01
  48.80000  0.217874543581E-01
  48.90000  0.374756006730E-02
  49.00000  0.955197777253E-02
  49.10000  0.284137942330E-01
  49.20000  0.475256312188E-01
  49.30000  0.399313763673E-01
  49.40000  0.262506652456E-01
  49.50000  0.579828433794E-01
  49.60000  0.999515551436E-01
  49.70000  0.811224586102E-01
  49.80000  0.362817430952E-01
  49.90000  0.348692238503E-01
  50.00000  0.546437781193E-01
  50.10000  0.495511908697E-01
  50.20000  0.279756776978E-01
  50.30000  0.130142549839E-01
  50.40000  0.252305759489E-01
  50.50000  0.707421278961E-01
  50.60000  0.989908448371E-01
  50.70000  0.727455496262E-01
  50.80000  0.529390379423E-01
  50.90000  0.860876407633E-01
  51.00000  0.107379501913E+00
  51.10000  0.695628183621E-01
  51.20000  0.262316325857E-01
  51.30000  0.226530896569E-01
  51.40000  0.421467642416E-01
  51.50000  0.592619568313E-01
  51.60000  0.552611303322E-01
  51.70000  0.378190937376E-01
  51.80000  0.561091483056E-01
  51.90000  0.110386033303E+00
  52.00000  0.122175530604E+00
  52.10000  0.757596655748E-01
  52.20000  0.515961431496E-01
  52.30000  0.738397454908E-01
  52.40000  0.831418011362E-01
  52.50000  0.572517676251E-01
  52.60000  0.289498873680E-01
  52.70000  0.291113652006E-01
  52.80000  0.697370825911E-01
  52.90000  0.117467192314E+00
  53.00000  0.114686111370E+00
  53.10000  0.838674876183E-01
  53.20000  0.101777310807E+00
  53.30000  0.148577034463E+00
  53.40000  0.138537351527E+00
  53.50000  0.793559499505E-01
  53.60000  0.479041144724E-01
  53.70000  0.640151646731E-01
  53.80000  0.919809752131E-01
  53.90000  0.976826795309E-01
  54.00000  0.764338791920E-01
  54.10000  0.743341086820E-01
  54.20000  0.127759346983E+00
  54.30000  0.175328928891E+00
  54.40000  0.146510002259E+00
  54.50000  0.928195023741E-01
  54.60000  0.934068755252E-01
  54.70000  0.118888453752E+00
  54.80000  0.106584239585E+00
  54.90000  0.659830705969E-01
  55.00000  0.437538471282E-01
  55.10000  0.677657482172E-01
  55.20000  0.122792014551E+00
  55.30000  0.147696225872E+00
  55.40000  0.118675443128E+00
  55.50000  0.104270589584E+00
  55.60000  0.144706438599E+00
  55.70000  0.169101674620E+00
  55.80000  0.125473560154E+00
  55.90000  0.686458485038E-01
  56.00000  0.579795179769E-01
  56.10000  0.846247053401E-01
  56.20000  0.110732733136E+00
  56.30000  0.106645231337E+00
  56.40000  0.846871787635E-01
  56.50000  0.100690422912E+00
  56.60000  0.157110378242E+00
  56.70000  0.172998840766E+00
  56.80000  0.120785922167E+00
  56.90000  0.759078580990E-01
  57.00000  0.823937900751E-01
  57.10000  0.988446532196E-01
  57.20000  0.886466397223E-01
  57.30000  0.618137339080E-01
  57.40000  0.513910095444E-01
  57.50000  0.867163721581E-01
  57.60000  0.141951649204E+00
  57.70000  0.147956578364E+00
  57.80000  0.106744727586E+00
  57.90000  0.955233585969E-01
  58.00000  0.125649586836E+00
  58.10000  0.129214430120E+00
  58.20000  0.872582951877E-01
  58.30000  0.491063871465E-01
  58.40000  0.510555337262E-01
  58.50000  0.884295193586E-01
  58.60000  0.123228770573E+00
  58.70000  0.115642822006E+00
  58.80000  0.901616584657E-01
  58.90000  0.106244980525E+00
  59.00000  0.144238997228E+00
  59.10000  0.132561110077E+00
  59.20000  0.771424613840E-01
  59.30000  0.433278507732E-01
  59.40000  0.494099381097E-01
  59.50000  0.676609715171E-01
  59.60000  0.732088009889E-01
  59.70000  0.577995710439E-01
  59.80000  0.471749906793E-01
  59.90000  0.740659207289E-01
  60.00000  0.107438150234E+00
  60.10000  0.918364600352E-01
  60.20000  0.486076563298E-01
  60.30000  0.347830222637E-01
  60.40000  0.455627587740E-01
  60.50000  0.460454113287E-01
  60.60000  0.330796200583E-01
  60.70000  0.192618610973E-01
  60.80000  0.205111434092E-01
  60.90000  0.487667531554E-01
  61.00000  0.751823476108E-01
  61.10000  0.617267121264E-01
  61.20000  0.338022848485E-01
  61.30000  0.349832500913E-01
  61.40000  0.469373239691E-01
  61.50000  0.365794610843E-01
  61.60000  0.160255055975E-01
  61.70000  0.536323540326E-02
  61.80000  0.875024528565E-02
  61.90000  0.283471922988E-01
  62.00000  0.457992866624E-01
  62.10000  0.356449062874E-01
  62.20000  0.178081221862E-01
  62.30000  0.236504949504E-01
  62.40000  0.332441024236E-01
  62.50000  0.209874277757E-01
  62.60000  0.468260133944E-02
  62.70000  0.148010132282E-03
  62.80000  0.123165921578E-02
  62.90000  0.104095066733E-01
  63.00000  0.229004857120E-01
  63.10000  0.185347286991E-01
  63.20000  0.625159189214E-02
  63.30000  0.103818021157E-01
  63.40000  0.178719957549E-01
  63.50000  0.977897711139E-02
  63.60000  0.127472928740E-02
  63.70000  0.142647541785E-02
  63.80000  0.148825717546E-03
  63.90000  0.386732536199E-02
  64.00000  0.160546642530E-01
  64.10000  0.161500951935E-01
  64.20000  0.442465339346E-02
  64.30000  0.429178932095E-02
  64.40000  0.106010926558E-01
  64.50000  0.648177125223E-02
  64.60000  0.200773642622E-02
  64.70000  0.338953157455E-02
  64.80000  0.102161434565E-02
  64.90000  0.335539387134E-02
  65.00000  0.169298888046E-01
  65.10000  0.198910734179E-01
  65.20000  0.728179857773E-02
  65.30000  0.356796086710E-02
  65.40000  0.981468568104E-02
  65.50000  0.867397364793E-02
  65.60000  0.487814823688E-02
  65.70000  0.460980799879E-02
  65.80000  0.197460394463E-02
  65.90000  0.713021810503E-02
  66.00000  0.258740021481E-01
  66.10000  0.322326442789E-01
  66.20000  0.170575627235E-01
  66.30000  0.886896810738E-02
  66.40000  0.160795529511E-01
  66.50000  0.186980599992E-01
  66.60000  0.137821257129E-01
  66.70000  0.903226818473E-02
  66.80000  0.585202157386E-02
  66.90000  0.159585498868E-01
  67.00000  0.407078503469E-01
  67.10000  0.489559041115E-01
  67.20000  0.302878124697E-01
  67.30000  0.186343939749E-01
  67.40000  0.270818944470E-01
  67.50000  0.307919316851E-01
  67.60000  0.212032503586E-01
  67.70000  0.107714542665E-01
  67.80000  0.706520431457E-02
  67.90000  0.189215132624E-01
  68.00000  0.431494833177E-01
  68.10000  0.498655419221E-01
  68.20000  0.315702322887E-01
  68.30000  0.228073473906E-01
  68.40000  0.342371937601E-01
  68.50000  0.365254257201E-01
  68.60000  0.212850079928E-01
  68.70000  0.765354746806E-02
  68.80000  0.519928335222E-02
  68.90000  0.165632159270E-01
  69.00000  0.367518930105E-01
  69.10000  0.419031488168E-01
  69.20000  0.271114818834E-01
  69.30000  0.231027995962E-01
  69.40000  0.369852611188E-01
  69.50000  0.384049286512E-01
  69.60000  0.205715680457E-01
  69.70000  0.610111863358E-02
  69.80000  0.425665294087E-02
  69.90000  0.136323177976E-01
  70.00000  0.301837325157E-01
  70.10000  0.350248590647E-01
  70.20000  0.226031626880E-01
  70.30000  0.194407164022E-01
  70.40000  0.328561245092E-01
  70.50000  0.345757479011E-01
  70.60000  0.176149625288E-01
  70.70000  0.419400966784E-02
  70.80000  0.251717140149E-02
  70.90000  0.915039676805E-02
  71.00000  0.220519428488E-01
  71.10000  0.267290084407E-01
  71.20000  0.164537475499E-01
  71.30000  0.135848783972E-01
  71.40000  0.259971891104E-01
  71.50000  0.280424448548E-01
  71.60000  0.128403868187E-01
  71.70000  0.190532897054E-02
  71.80000  0.154417823778E-02
  71.90000  0.527451357286E-02
  72.00000  0.130239032958E-01
  72.10000  0.164381855340E-01
  72.20000  0.914607219814E-02
  72.30000  0.829876643988E-02
  72.40000  0.203140382262E-01
  72.50000  0.222159005390E-01
  72.60000  0.869785227585E-02
  72.70000  0.947172592878E-03
  72.80000  0.255244111307E-02
  72.90000  0.348464087099E-02
  73.00000  0.598544791529E-02
  73.10000  0.824397601096E-02
  73.20000  0.375002887306E-02
  73.30000  0.358315240230E-02
  73.40000  0.133464659635E-01
  73.50000  0.146845167004E-01
  73.60000  0.422646455375E-02
  73.70000  0.950111921854E-03
  73.80000  0.461207392651E-02
  73.90000  0.272826815235E-02
  74.00000  0.941846042315E-03
  74.10000  0.329653398136E-02
  74.20000  0.161799743286E-02
  74.30000  0.444591897945E-03
  74.40000  0.598875182296E-02
  74.50000  0.653287391753E-02
  74.60000  0.935989312310E-03
  74.70000  0.441674734851E-02
  74.80000  0.115956930866E-01
  74.90000  0.728347158507E-02
  75.00000  0.651995791731E-03
  75.10000  0.230569750611E-02
  75.20000  0.369118218163E-02
  75.30000  0.302903002728E-02
  75.40000  0.562950433481E-02
  75.50000  0.500184453817E-02
  75.60000  0.262168958420E-02
  75.70000  0.116810340700E-01
  75.80000  0.228259874476E-01
  75.90000  0.171598748123E-01
  76.00000  0.525278300986E-02
  76.10000  0.418779182405E-02
  76.20000  0.753904192039E-02
  76.30000  0.870751915982E-02
  76.40000  0.103225070583E-01
  76.50000  0.844117716307E-02
  76.60000  0.680110549443E-02
  76.70000  0.187452116964E-01
  76.80000  0.332724991305E-01
  76.90000  0.277282370508E-01
  77.00000  0.117935475080E-01
  77.10000  0.758946499439E-02
  77.20000  0.119758059945E-01
  77.30000  0.151258805374E-01
  77.40000  0.166775047240E-01
  77.50000  0.138485706103E-01
  77.60000  0.121190825156E-01
  77.70000  0.258520287282E-01
  77.80000  0.436997075168E-01
  77.90000  0.393556576440E-01
  78.00000  0.201555895338E-01
  78.10000  0.123071422385E-01
  78.20000  0.170333636870E-01
  78.30000  0.226491418781E-01
  78.40000  0.253606775236E-01
  78.50000  0.221068102602E-01
  78.60000  0.196603408161E-01
  78.70000  0.344103103481E-01
  78.80000  0.559102764855E-01
  78.90000  0.539926942209E-01
  79.00000  0.319623366962E-01
  79.10000  0.194514100993E-01
  79.20000  0.238316670022E-01
  79.30000  0.332937069630E-01
  79.40000  0.396436550624E-01
  79.50000  0.372552049553E-01
  79.60000  0.336345601884E-01
  79.70000  0.488547991853E-01
  79.80000  0.749875764660E-01
  79.90000  0.772438022206E-01
  80.00000  0.523438268438E-01
  80.10000  0.326424244952E-01
  80.20000  0.346398898109E-01
  80.30000  0.495363112571E-01
  80.40000  0.636755634886E-01
  80.50000  0.645549542624E-01
  80.60000  0.576785275254E-01
  80.70000  0.685520637745E-01
  80.80000  0.961135767145E-01
  80.90000  0.103057069507E+00
  81.00000  0.768897626172E-01
  81.10000  0.488435839812E-01
  81.20000  0.447675544945E-01
  81.30000  0.628316821214E-01
  81.40000  0.861856375599E-01
  81.50000  0.927633867300E-01
  81.60000  0.811787782012E-01
  81.70000  0.810328122950E-01
  81.80000  0.102846626390E+00
  81.90000  0.113001479991E+00
  82.00000  0.902325735688E-01
  82.10000  0.586366379401E-01
  82.20000  0.480992556689E-01
  82.30000  0.649509465009E-01
  82.40000  0.945776887414E-01
  82.50000  0.108316916080E+00
  82.60000  0.951809472985E-01
  82.70000  0.843108190619E-01
  82.80000  0.977127586146E-01
  82.90000  0.110185812945E+00
  83.00000  0.947364043815E-01
  83.10000  0.653631074834E-01
  83.20000  0.508453054605E-01
  83.30000  0.646788687844E-01
  83.40000  0.983929871934E-01
  83.50000  0.120524091663E+00
  83.60000  0.109624021246E+00
  83.70000  0.902386139002E-01
  83.80000  0.941819459036E-01
  83.90000  0.107749440672E+00
  84.00000  0.101490974307E+00
  84.10000  0.781167141578E-01
  84.20000  0.615088224733E-01
  84.30000  0.710575373625E-01
  84.40000  0.107070104527E+00
  84.50000  0.138216526603E+00
  84.60000  0.131827617524E+00
  84.70000  0.104164320042E+00
  84.80000  0.954498922498E-01
  84.90000  0.107050473654E+00
  85.00000  0.111238089716E+00
  85.10000  0.985209778173E-01
  85.20000  0.827690546715E-01
  85.30000  0.861073912840E-01
  85.40000  0.120089192187E+00
  85.50000  0.158588119884E+00
  85.60000  0.159055174906E+00
  85.70000  0.125186876706E+00
  85.80000  0.101495718783E+00
  85.90000  0.106613824670E+00
  86.00000  0.120600667404E+00
  86.10000  0.123485291917E+00
  86.20000  0.113513932198E+00
  86.30000  0.108837923650E+00
  86.40000  0.132555529616E+00
  86.50000  0.171349944002E+00
  86.60000  0.178994970161E+00
  86.70000  0.143800689182E+00
  86.80000  0.106453100850E+00
  86.90000  0.100218807045E+00
  87.00000  0.119158729909E+00
  87.10000  0.139277476605E+00
  87.20000  0.140709267504E+00
  87.30000  0.128348750254E+00
  87.40000  0.132245306971E+00
  87.50000  0.159092040053E+00
  87.60000  0.170804725457E+00
  87.70000  0.142736685155E+00
  87.80000  0.101544111094E+00
  87.90000  0.844253224068E-01
  88.00000  0.100489255772E+00
  88.10000  0.132054397430E+00
  88.20000  0.147514707804E+00
  88.30000  0.133262327596E+00
  88.40000  0.116711098448E+00
  88.50000  0.123962612406E+00
  88.60000  0.135441300535E+00
  88.70000  0.121944223753E+00
  88.80000  0.911547180195E-01
  88.90000  0.709915293876E-01
  89.00000  0.793126219454E-01
  89.10000  0.112288632806E+00
  89.20000  0.138909740158E+00
  89.30000  0.130058575893E+00
  89.40000  0.101634623925E+00
  89.50000  0.903906557451E-01
  89.60000  0.976719146137E-01
  89.70000  0.991644268431E-01
  89.80000  0.868612806031E-01
  89.90000  0.717990907458E-01
  90.00000  0.714710381460E-01
  90.10000  0.967973026009E-01
  90.20000  0.127813741055E+00
  90.30000  0.127598238694E+00
  90.40000  0.962893491312E-01
  90.50000  0.708442813219E-01
  90.60000  0.701785261423E-01
  90.70000  0.820606076786E-01
  90.80000  0.902819002514E-01
  90.90000  0.866697850522E-01
  91.00000  0.789645696578E-01
  91.10000  0.885609910576E-01
  91.20000  0.113896667627E+00
  91.30000  0.121110581772E+00
  91.40000  0.955579142220E-01
  91.50000  0.640949110413E-01
  91.60000  0.543122732082E-01
  91.70000  0.689719488767E-01
  91.80000  0.937049727402E-01
  91.90000  0.105173831829E+00
  92.00000  0.943134760347E-01
  92.10000  0.842438491577E-01
  92.20000  0.937693766687E-01
  92.30000  0.103746827648E+00
  92.40000  0.916933287232E-01
  92.50000  0.670735346673E-01
  92.60000  0.525965635742E-01
  92.70000  0.618615067968E-01
  92.80000  0.919611165838E-01
  92.90000  0.116042738493E+00
  93.00000  0.108238494748E+00
  93.10000  0.827479504449E-01
  93.20000  0.720019711920E-01
  93.30000  0.780405766036E-01
  93.40000  0.817031724124E-01
  93.50000  0.756103193873E-01
  93.60000  0.653952404187E-01
  93.70000  0.645800719638E-01
  93.80000  0.854192621973E-01
  93.90000  0.112417276430E+00
  94.00000  0.112120927200E+00
  94.10000  0.830331067937E-01
  94.20000  0.574326726540E-01
  94.30000  0.547363915473E-01
  94.40000  0.687429834661E-01
  94.50000  0.846684862295E-01
  94.60000  0.874708045735E-01
  94.70000  0.780105257521E-01
  94.80000  0.783370914726E-01
  94.90000  0.946583463115E-01
  95.00000  0.101132953087E+00
  95.10000  0.825299182682E-01
  95.20000  0.567907175824E-01
  95.30000  0.465864559314E-01
  95.40000  0.601784441732E-01
  95.50000  0.892589495716E-01
  95.60000  0.107184321463E+00
  95.70000  0.960805580021E-01
  95.80000  0.754127071397E-01
  95.90000  0.714687144907E-01
  96.00000  0.784304215872E-01
  96.10000  0.781822804123E-01
  96.20000  0.687198457295E-01
  96.30000  0.588576647211E-01
  96.40000  0.619979561519E-01
  96.50000  0.857660753280E-01
  96.60000  0.109921397852E+00
  96.70000  0.104425763216E+00
  96.80000  0.748643019280E-01
  96.90000  0.531578405681E-01
  97.00000  0.533206332394E-01
  97.10000  0.669884799578E-01
  97.20000  0.801705569734E-01
  97.30000  0.799781713001E-01
  97.40000  0.704038225625E-01
  97.50000  0.724159879775E-01
  97.60000  0.870717962314E-01
  97.70000  0.887685937703E-01
  97.80000  0.682141756119E-01
  97.90000  0.448896240202E-01
  98.00000  0.374481778102E-01
  98.10000  0.507961619392E-01
  98.20000  0.753951840430E-01
  98.30000  0.866407371081E-01
  98.40000  0.723951623159E-01
  98.50000  0.537903328561E-01
  98.60000  0.511978147121E-01
  98.70000  0.553753502386E-01
  98.80000  0.522554261186E-01
  98.90000  0.431144300768E-01
  99.00000  0.349964711587E-01
  99.10000  0.378263845268E-01
  99.20000  0.562856139459E-01
  99.30000  0.717255005672E-01
  99.40000  0.623695640768E-01
  99.50000  0.385874220855E-01
  99.60000  0.252084687995E-01
  99.70000  0.270009158562E-01
  99.80000  0.354835302805E-01
  99.90000  0.425388514799E-01
 100.00000  0.403584978801E-01
 100.10000  0.337462250108E-01
 100.20000  0.383176119458E-01
 100.30000  0.501212387068E-01
 100.40000  0.481961533295E-01
 100.50000  0.311815753247E-01
 100.60000  0.166581491297E-01
 100.70000  0.144375258605E-01
 100.80000  0.250535800470E-01
 100.90000  0.418567291703E-01
 101.00000  0.476320299549E-01
 101.10000  0.365423681515E-01
 101.20000  0.267073509791E-01
 101.30000  0.289375472471E-01
 101.40000  0.316195212006E-01
 101.50000  0.272025575563E-01
 101.60000  0.206799161166E-01
 101.70000  0.164071973899E-01
 101.80000  0.205333108726E-01
 101.90000  0.358926105913E-01
 102.00000  0.464922852691E-01
 102.10000  0.371439607081E-01
 102.20000  0.195998810788E-01
 102.30000  0.117443366017E-01
 102.40000  0.139108440560E-01
 102.50000  0.208812416433E-01
 102.60000  0.278672276050E-01
 102.70000  0.266229788851E-01
 102.80000  0.202479692282E-01
 102.90000  0.222881547604E-01
 103.00000  0.295109989727E-01
 103.10000  0.267680117080E-01
 103.20000  0.155545193692E-01
 103.30000  0.744195851177E-02
 103.40000  0.617858391786E-02
 103.50000  0.136206909265E-01
 103.60000  0.269969354925E-01
 103.70000  0.311771991799E-01
 103.80000  0.205245551586E-01
 103.90000  0.104127552704E-01
 104.00000  0.975906503980E-02
 104.10000  0.114698391531E-01
 104.20000  0.125072547860E-01
 104.30000  0.134362421655E-01
 104.40000  0.109807233978E-01
 104.50000  0.990782854777E-02
 104.60000  0.172525342918E-01
 104.70000  0.231284327965E-01
 104.80000  0.166070172504E-01
 104.90000  0.609810324126E-02
 105.00000  0.166421915972E-02
 105.10000  0.259582101862E-02
 105.20000  0.916881745306E-02
 105.30000  0.183286473366E-01
 105.40000  0.185282397772E-01
 105.50000  0.101260710538E-01
 105.60000  0.653552273635E-02
 105.70000  0.867811893813E-02
 105.80000  0.831468295024E-02
 105.90000  0.698364734409E-02
 106.00000  0.690150901663E-02
 106.10000  0.511680706179E-02
 106.20000  0.637238560628E-02
 106.30000  0.140883000492E-01
 106.40000  0.170802735934E-01
 106.50000  0.962762988276E-02
 106.60000  0.220007482633E-02
 106.70000  0.358532477455E-03
 106.80000  0.157619064274E-02
 106.90000  0.769886217290E-02
 107.00000  0.152811414825E-01
 107.10000  0.137385681186E-01
 107.20000  0.613621182435E-02
 107.30000  0.397495665812E-02
 107.40000  0.544929845851E-02
 107.50000  0.522117013164E-02
 107.60000  0.653503414023E-02
 107.70000  0.806169290076E-02
 107.80000  0.577040989229E-02
 107.90000  0.632801730509E-02
 108.00000  0.125670957377E-01
 108.10000  0.137907935557E-01
 108.20000  0.732619083811E-02
 108.30000  0.235363149329E-02
 108.40000  0.110396326420E-02
 108.50000  0.289693217171E-02
 108.60000  0.112334509090E-01
 108.70000  0.194534778992E-01
 108.80000  0.160593291669E-01
 108.90000  0.673624233909E-02
 109.00000  0.323694644781E-02
 109.10000  0.428761181267E-02
 109.20000  0.714288883702E-02
 109.30000  0.128211576117E-01
 109.40000  0.150034475230E-01
 109.50000  0.108576413524E-01
 109.60000  0.105442506369E-01
 109.70000  0.161033093913E-01
 109.80000  0.165417478244E-01
 109.90000  0.107331083377E-01
 110.00000  0.636820734843E-02
 110.10000  0.495218924956E-02
 110.20000  0.891597735532E-02
 110.30000  0.209351764276E-01
 110.40000  0.292900339679E-01
 110.50000  0.226370593879E-01
 110.60000  0.105721439217E-01
 110.70000  0.582498594910E-02
 110.80000  0.791978686128E-02
 110.90000  0.149474189085E-01
 111.00000  0.238519466376E-01
 111.10000  0.248528550366E-01
 111.20000  0.186074120294E-01
 111.30000  0.181715293001E-01
 111.40000  0.235014915564E-01
 111.50000  0.232595650559E-01
 111.60000  0.176709817522E-01
 111.70000  0.132472463699E-01
 111.80000  0.121139226271E-01
 111.90000  0.193223675866E-01
 112.00000  0.346675792927E-01
 112.10000  0.416481458856E-01
 112.20000  0.309078564213E-01
 112.30000  0.161816445297E-01
 112.40000  0.108953674097E-01
 112.50000  0.154339593977E-01
 112.60000  0.274545610334E-01
 112.70000  0.387750153219E-01
 112.80000  0.374712072092E-01
 112.90000  0.287231402896E-01
 113.00000  0.277648460208E-01
 113.10000  0.326357454199E-01
 113.20000  0.324191699163E-01
 113.30000  0.278815106179E-01
 113.40000  0.237408172470E-01
 113.50000  0.233873086294E-01
 113.60000  0.339798333399E-01
 113.70000  0.514729215017E-01
 113.80000  0.557380043888E-01
 113.90000  0.407047950814E-01
 114.00000  0.238021060595E-01
 114.10000  0.189930068719E-01
 114.20000  0.275279990947E-01
 114.30000  0.450766835142E-01
 114.40000  0.576223253335E-01
 114.50000  0.528246974002E-01
 114.60000  0.413541200793E-01
 114.70000  0.399711043195E-01
 114.80000  0.448706486032E-01
 114.90000  0.455512200394E-01
 115.00000  0.422897283288E-01
 115.10000  0.382958417947E-01
 115.20000  0.393434917689E-01
 115.30000  0.537611125679E-01
 115.40000  0.724789360091E-01
 115.50000  0.728902899594E-01
 115.60000  0.533855274792E-01
 115.70000  0.349046474137E-01
 115.80000  0.319876632019E-01
 115.90000  0.461122337878E-01
 116.00000  0.690628992609E-01
 116.10000  0.810817784947E-01
 116.20000  0.716838699739E-01
 116.30000  0.575985695540E-01
 116.40000  0.561435980808E-01
 116.50000  0.616570307337E-01
 116.60000  0.638896838853E-01
 116.70000  0.618870975788E-01
 116.80000  0.579410871748E-01
 116.90000  0.607105456228E-01
 117.00000  0.783144692673E-01
 117.10000  0.963508426116E-01
 117.20000  0.916929629346E-01
 117.30000  0.679711591939E-01
 117.40000  0.487479551767E-01
 117.50000  0.487572591269E-01
 117.60000  0.689749411818E-01
 117.70000  0.960972534430E-01
 117.80000  0.105398056739E+00
 117.90000  0.897897127725E-01
 118.00000  0.716752174146E-01
 118.10000  0.687312376620E-01
 118.20000  0.749371307837E-01
 118.30000  0.803874698650E-01
 118.40000  0.809446618387E-01
 118.50000  0.766256622416E-01
 118.60000  0.783202677915E-01
 118.70000  0.941834941601E-01
 118.80000  0.107558100980E+00
 118.90000  0.980480901645E-01
 119.00000  0.732802329080E-01
 119.10000  0.556934486669E-01
 119.20000  0.583821118823E-01
 119.30000  0.818506794274E-01
 119.40000  0.109040605621E+00
 119.50000  0.112894114611E+00
 119.60000  0.905767634396E-01
 119.70000  0.682077932970E-01
 119.80000  0.632461193004E-01
 119.90000  0.709633309106E-01
 120.00000  0.816618040153E-01
 120.10000  0.858304234342E-01
 120.20000  0.797040931847E-01
 120.30000  0.760552492548E-01
 120.40000  0.848618186421E-01
 120.50000  0.917534057889E-01
 120.60000  0.814870570082E-01
 120.70000  0.620628280392E-01
 120.80000  0.494574682635E-01
 120.90000  0.531958367399E-01
 121.00000  0.747180849360E-01
 121.10000  0.970265952087E-01
 121.20000  0.949115726277E-01
 121.30000  0.697777988438E-01
 121.40000  0.474906719353E-01
 121.50000  0.429481627626E-01
 121.60000  0.531229101536E-01
 121.70000  0.687709113460E-01
 121.80000  0.753460415458E-01
 121.90000  0.663194622063E-01
 122.00000  0.564817585997E-01
 122.10000  0.580374654008E-01
 122.20000  0.609095525712E-01
 122.30000  0.550747958338E-01
 122.40000  0.453891197104E-01
 122.50000  0.385895517429E-01
 122.60000  0.409044405754E-01
 122.70000  0.565342300757E-01
 122.80000  0.717144094193E-01
 122.90000  0.659946787346E-01
 123.00000  0.437420613420E-01
 123.10000  0.263777762918E-01
 123.20000  0.241252527160E-01
 123.30000  0.358607110002E-01
 123.40000  0.535864697548E-01
 123.50000  0.599677159482E-01
 123.60000  0.480639827670E-01
 123.70000  0.342372575112E-01
 123.80000  0.314219125501E-01
 123.90000  0.334927584280E-01
 124.00000  0.345095731099E-01
 124.10000  0.343794514818E-01
 124.20000  0.311197937413E-01
 124.30000  0.295253114571E-01
 124.40000  0.375150410535E-01
 124.50000  0.458147274630E-01
 124.60000  0.397221834555E-01
 124.70000  0.245566670852E-01
 124.80000  0.142525886184E-01
 124.90000  0.137037392990E-01
 125.00000  0.242827292276E-01
 125.10000  0.402646874884E-01
 125.20000  0.442342995882E-01
 125.30000  0.308074609516E-01
 125.40000  0.163837811010E-01
 125.50000  0.122477626726E-01
 125.60000  0.152109063751E-01
 125.70000  0.224079085110E-01
 125.80000  0.287532190102E-01
 125.90000  0.259321647618E-01
 126.00000  0.191581775294E-01
 126.10000  0.197570719627E-01
 126.20000  0.229254767073E-01
 126.30000  0.196400523919E-01
 126.40000  0.140565916400E-01
 126.50000  0.107808201571E-01
 126.60000  0.976174327875E-02
 126.70000  0.156467053162E-01
 126.80000  0.263463767476E-01
 126.90000  0.273360463664E-01
 127.00000  0.158863876301E-01
 127.10000  0.555915195890E-02
 127.20000  0.277975470757E-02
 127.30000  0.600424458757E-02
 127.40000  0.154125888380E-01
 127.50000  0.233302876616E-01
 127.60000  0.191430447030E-01
 127.70000  0.941414954552E-02
 127.80000  0.624516804428E-02
 127.90000  0.716821643916E-02
 128.00000  0.780641274013E-02
 128.10000  0.103915717506E-01
 128.20000  0.113854244976E-01
 128.30000  0.796919982874E-02
 128.40000  0.821342191990E-02
 128.50000  0.133245416921E-01
 128.60000  0.128203420798E-01
 128.70000  0.651192946178E-02
 128.80000  0.281002645053E-02
 128.90000  0.177327657423E-02
 129.00000  0.320714603826E-02
 129.10000  0.106388420999E-01
 129.20000  0.165346700646E-01
 129.30000  0.115519351682E-01
 129.40000  0.318956064925E-02
 129.50000  0.642038783489E-03
 129.60000  0.108006780069E-02
 129.70000  0.375181697058E-02
 129.80000  0.984929696871E-02
 129.90000  0.114373987174E-01
 130.00000  0.597397002774E-02
 130.10000  0.358621732740E-02
 130.20000  0.590184311722E-02
 130.30000  0.530161045537E-02
 130.40000  0.358245218282E-02
 130.50000  0.436676546157E-02
 130.60000  0.347152076186E-02
 130.70000  0.296405003792E-02
 130.80000  0.838980510682E-02
 130.90000  0.121705376224E-01
 131.00000  0.722465240470E-02
 131.10000  0.141112451432E-02
 131.20000  0.106692795586E-03
 131.30000  0.285538716312E-03
 131.40000  0.427199853247E-02
 131.50000  0.117879991099E-01
 131.60000  0.123927605186E-01
 131.70000  0.539404633070E-02
 131.80000  0.189554426253E-02
 131.90000  0.280224360662E-02
 132.00000  0.306903383997E-02
 132.10000  0.548351046131E-02
 132.20000  0.888309284183E-02
 132.30000  0.687305502127E-02
 132.40000  0.453596519977E-02
 132.50000  0.834092698352E-02
 132.60000  0.105629587402E-01
 132.70000  0.649423984523E-02
 132.80000  0.326905890096E-02
 132.90000  0.255094066820E-02
 133.00000  0.247886906089E-02
 133.10000  0.809155613358E-02
 133.20000  0.166227145313E-01
 133.30000  0.156723677407E-01
 133.40000  0.665939404235E-02
 133.50000  0.126337613579E-02
 133.60000  0.861906861784E-03
 133.70000  0.396465990104E-02
 133.80000  0.125220691268E-01
 133.90000  0.186391910839E-01
 134.00000  0.137647088975E-01
 134.10000  0.654539356329E-02
 134.20000  0.597363860704E-02
 134.30000  0.719241601171E-02
 134.40000  0.815377904956E-02
 134.50000  0.115388302757E-01
 134.60000  0.122073653152E-01
 134.70000  0.916073833592E-02
 134.80000  0.114855229855E-01
 134.90000  0.172918017161E-01
 135.00000  0.156667006573E-01
 135.10000  0.907353747113E-02
 135.20000  0.552521973266E-02
 135.30000  0.470731141996E-02
 135.40000  0.890975470944E-02
 135.50000  0.202548462843E-01
 135.60000  0.264348703592E-01
 135.70000  0.184096497540E-01
 135.80000  0.706762959249E-02
 135.90000  0.272698066212E-02
 136.00000  0.453490711189E-02
 136.10000  0.131318281669E-01
 136.20000  0.245467075746E-01
 136.30000  0.253820662460E-01
 136.40000  0.153566597426E-01
 136.50000  0.889524888973E-02
 136.60000  0.930566600125E-02
 136.70000  0.110142461678E-01
 136.80000  0.150361089899E-01
 136.90000  0.189732866735E-01
 137.00000  0.163782803274E-01
 137.10000  0.135940871851E-01
 137.20000  0.180610388040E-01
 137.30000  0.209820897829E-01
 137.40000  0.160588063843E-01
 137.50000  0.107890997538E-01
 137.60000  0.862512117940E-02
 137.70000  0.910986932432E-02
 137.80000  0.173439702710E-01
 137.90000  0.285772648096E-01
 138.00000  0.274718094268E-01
 138.10000  0.149193227571E-01
 138.20000  0.546024439225E-02
 138.30000  0.370517246591E-02
 138.40000  0.915574532452E-02
 138.50000  0.220541431404E-01
 138.60000  0.307940367260E-01
 138.70000  0.239969371016E-01
 138.80000  0.116175754687E-01
 138.90000  0.689724888773E-02
 139.00000  0.797743253912E-02
 139.10000  0.125940734865E-01
 139.20000  0.204437211066E-01
 139.30000  0.223595801150E-01
 139.40000  0.158265168549E-01
 139.50000  0.128535266930E-01
 139.60000  0.157966468416E-01
 139.70000  0.153502052071E-01
 139.80000  0.124812202233E-01
 139.90000  0.119426091227E-01
 140.00000  0.105659459194E-01
 140.10000  0.110830977774E-01
 140.20000  0.190432874871E-01
 140.30000  0.244929072658E-01
 140.40000  0.177580570077E-01
 140.50000  0.786101288287E-02
 140.60000  0.363445138463E-02
 140.70000  0.412550015130E-02
 140.80000  0.117320489700E-01
 140.90000  0.237763286315E-01
 141.00000  0.253027577203E-01
 141.10000  0.137959934093E-01
 141.20000  0.408416423405E-02
 141.30000  0.205510138657E-02
 141.40000  0.459985034814E-02
 141.50000  0.130085573720E-01
 141.60000  0.213413546793E-01
 141.70000  0.180516782662E-01
 141.80000  0.867259089402E-02
 141.90000  0.575554286411E-02
 142.00000  0.661991995328E-02
 142.10000  0.696458087861E-02
 142.20000  0.104349857110E-01
 142.30000  0.128743607473E-01
 142.40000  0.900577121125E-02
 142.50000  0.731334831747E-02
 142.60000  0.114130636656E-01
 142.70000  0.113179411985E-01
 142.80000  0.647513622910E-02
 142.90000  0.485936819241E-02
 143.00000  0.437996001310E-02
 143.10000  0.381248626100E-02
 143.20000  0.942085221960E-02
 143.30000  0.156031401019E-01
 143.40000  0.114589997126E-01
 143.50000  0.332761058079E-02
 143.60000  0.625502419382E-03
 143.70000  0.366985602392E-03
 143.80000  0.294403874886E-02
 143.90000  0.111371721698E-01
 144.00000  0.146962509097E-01
 144.10000  0.752216069684E-02
 144.20000  0.919468135554E-03
 144.30000  0.376304350850E-03
 144.40000  0.463675734676E-03
 144.50000  0.339175492560E-02
 144.60000  0.993245339193E-02
 144.70000  0.981851763664E-02
 144.80000  0.321623097960E-02
 144.90000  0.136381386762E-02
 145.00000  0.273063400767E-02
 145.10000  0.146574522395E-02
 145.20000  0.292025707420E-02
 145.30000  0.672071700767E-02
 145.40000  0.459806941920E-02
 145.50000  0.118941590326E-02
 145.60000  0.358161143861E-02
 145.70000  0.449977020779E-02
 145.80000  0.128550653335E-02
 145.90000  0.196125170120E-02
 146.00000  0.400505935811E-02
 146.10000  0.147100171521E-02
 146.20000  0.127838077566E-02
 146.30000  0.521539459341E-02
 146.40000  0.409358007813E-02
 146.50000  0.395561037018E-03
 146.60000  0.193696489695E-02
 146.70000  0.292174647109E-02
 146.80000  0.343199956009E-03
 146.90000  0.202894889531E-02
 147.00000  0.525823841795E-02
 147.10000  0.239091889263E-02
 147.20000  0.193092673124E-03
 147.30000  0.301307981001E-02
 147.40000  0.260923013221E-02
 147.50000  0.113410880894E-03
 147.60000  0.286586188665E-02
 147.70000  0.461154252665E-02
 147.80000  0.106442652298E-02
 147.90000  0.962643434028E-03
 148.00000  0.385343783508E-02
 148.10000  0.185504783665E-02
 148.20000  0.534900213333E-03
 148.30000  0.442028538314E-02
 148.40000  0.452663570410E-02
 148.50000  0.699087927146E-03
 148.60000  0.168767957341E-02
 148.70000  0.325363084374E-02
 148.80000  0.745946221254E-03
 148.90000  0.231882025814E-02
 149.00000  0.713284057211E-02
 149.10000  0.506356979653E-02
 149.20000  0.640567168111E-03
 149.30000  0.145072060752E-02
 149.40000  0.149804074194E-02
 149.50000  0.513713204172E-03
 149.60000  0.580230462847E-02
 149.70000  0.101580787055E-01
 149.80000  0.523457168145E-02
 149.90000  0.291378794781E-03
 150.00000  0.644140720271E-03
 150.10000  0.130842489158E-03
 150.20000  0.208213374420E-02
 150.30000  0.989781474210E-02
 150.40000  0.117645256375E-01
 150.50000  0.438572283989E-02
 150.60000  0.193485312575E-03
 150.70000  0.673726489943E-03
 150.80000  0.437146935129E-03
 150.90000  0.489698577648E-02
 151.00000  0.125361910722E-01
 151.10000  0.108219181463E-01
 151.20000  0.320498646330E-02
 151.30000  0.169739926225E-02
 151.40000  0.257657996101E-02
 151.50000  0.225233055309E-02
 151.60000  0.719207404576E-02
 151.70000  0.121679368065E-01
 151.80000  0.793244208332E-02
 151.90000  0.342800376063E-02
 152.00000  0.568715997504E-02
 152.10000  0.595970261201E-02
 152.20000  0.413584939049E-02
 152.30000  0.737876130545E-02
 152.40000  0.897394712349E-02
 152.50000  0.514269659845E-02
 152.60000  0.643331259312E-02
 152.70000  0.115021573711E-01
 152.80000  0.915240740327E-02
 152.90000  0.460581963110E-02
 153.00000  0.528905225895E-02
 153.10000  0.482183996291E-02
 153.20000  0.458302371025E-02
 153.30000  0.120309312803E-01
 153.40000  0.170563514216E-01
 153.50000  0.104065416497E-01
 153.60000  0.333237791868E-02
 153.70000  0.227484759797E-02
 153.80000  0.200864422728E-02
 153.90000  0.702169063111E-02
 154.00000  0.183264069270E-01
 154.10000  0.200482725152E-01
 154.20000  0.920693254739E-02
 154.30000  0.146689236424E-02
 154.40000  0.303025360929E-03
 154.50000  0.187600348589E-02
 154.60000  0.114179635666E-01
 154.70000  0.227563642086E-01
 154.80000  0.193555862489E-01
 154.90000  0.667516395949E-02
 155.00000  0.856431631353E-03
 155.10000  0.698805113747E-03
 155.20000  0.415717442239E-02
 155.30000  0.156094265970E-01
 155.40000  0.235206432940E-01
 155.50000  0.157380312619E-01
 155.60000  0.495795824717E-02
 155.70000  0.283464647767E-02
 155.80000  0.335489011273E-02
 155.90000  0.727173058227E-02
 156.00000  0.175068678159E-01
 156.10000  0.204232163088E-01
 156.20000  0.113231410908E-01
 156.30000  0.591037887712E-02
 156.40000  0.734526518128E-02
 156.50000  0.688160594933E-02
 156.60000  0.934588169283E-02
 156.70000  0.161978756636E-01
 156.80000  0.149752616003E-01
 156.90000  0.859452205914E-02
 157.00000  0.101338873398E-01
 157.10000  0.129703588492E-01
 157.20000  0.947887549492E-02
 157.30000  0.921990856550E-02
 157.40000  0.122384562101E-01
 157.50000  0.955071614320E-02
 157.60000  0.919998861332E-02
 157.70000  0.166716115673E-01
 157.80000  0.176652075823E-01
 157.90000  0.993990862716E-02
 158.00000  0.700552287457E-02
 158.10000  0.731182916192E-02
 158.20000  0.633255455093E-02
 158.30000  0.132783899216E-01
 158.40000  0.234652901332E-01
 158.50000  0.197406819505E-01
 158.60000  0.819003221344E-02
 158.70000  0.384133635870E-02
 158.80000  0.334245351313E-02
 158.90000  0.644040418847E-02
 159.00000  0.195048538112E-01
 159.10000  0.282838215951E-01
 159.20000  0.186464429674E-01
 159.30000  0.528057420835E-02
 159.40000  0.124230249039E-02
 159.50000  0.164096217530E-02
 159.60000  0.957220620648E-02
 159.70000  0.256626848745E-01
 159.80000  0.295470509612E-01
 159.90000  0.150710787386E-01
 160.00000  0.278500707393E-02
 160.10000  0.381934614278E-03
 160.20000  0.252318449721E-02
 160.30000  0.143870655202E-01
 160.40000  0.297076066880E-01
 160.50000  0.270919335532E-01
 160.60000  0.107561379677E-01
 160.70000  0.214645401288E-02
 160.80000  0.164671890774E-02
 160.90000  0.533597403009E-02
 161.00000  0.190597490036E-01
 161.10000  0.303769088967E-01
 161.20000  0.220534823536E-01
 161.30000  0.773119899232E-02
 161.40000  0.408111995442E-02
 161.50000  0.457597374380E-02
 161.60000  0.887075088390E-02
 161.70000  0.220032383046E-01
 161.80000  0.275819559062E-01
 161.90000  0.163889700499E-01
 162.00000  0.751844219200E-02
 162.10000  0.828721514159E-02
 162.20000  0.808859434032E-02
 162.30000  0.118266231978E-01
 162.40000  0.223317097242E-01
 162.50000  0.223613224899E-01
 162.60000  0.122314705232E-01
 162.70000  0.106742676837E-01
 162.80000  0.136553429225E-01
 162.90000  0.109886505155E-01
 163.00000  0.132478125447E-01
 163.10000  0.200042137788E-01
 163.20000  0.164402635471E-01
 163.30000  0.111944761327E-01
 163.40000  0.166082341379E-01
 163.50000  0.186201972891E-01
 163.60000  0.123431086732E-01
 163.70000  0.127744215898E-01
 163.80000  0.157906475788E-01
 163.90000  0.117299595849E-01
 164.00000  0.139667999448E-01
 164.10000  0.238985148543E-01
 164.20000  0.217898606140E-01
 164.30000  0.118024400856E-01
 164.40000  0.106463932756E-01
 164.50000  0.109733355689E-01
 164.60000  0.979957513313E-02
 164.70000  0.201445884868E-01
 164.80000  0.307080595293E-01
 164.90000  0.223503111373E-01
 165.00000  0.966454684489E-02
 165.10000  0.757492861899E-02
 165.20000  0.697609594447E-02
 165.30000  0.114517037900E-01
 165.40000  0.283232144394E-01
 165.50000  0.352449916061E-01
 165.60000  0.201939832571E-01
 165.70000  0.663778887470E-02
 165.80000  0.444102553369E-02
 165.90000  0.500665207515E-02
 166.00000  0.166344439682E-01
 166.10000  0.366595791933E-01
 166.20000  0.364218535926E-01
 166.30000  0.160069768621E-01
 166.40000  0.360804075918E-02
 166.50000  0.205952511218E-02
 166.60000  0.575857098175E-02
 166.70000  0.243611146972E-01
 166.80000  0.431788243086E-01
 166.90000  0.340052320631E-01
 167.00000  0.110194294169E-01
 167.10000  0.140790668463E-02
 167.20000  0.107050242141E-02
 167.30000  0.940149446021E-02
 167.40000  0.331467670572E-01
 167.50000  0.464325165500E-01
 167.60000  0.286915097492E-01
 167.70000  0.656215129528E-02
 167.80000  0.514450284792E-03
 167.90000  0.179665676138E-02
 168.00000  0.155008350298E-01
 168.10000  0.412252521673E-01
 168.20000  0.457188881646E-01
 168.30000  0.218712153244E-01
 168.40000  0.375090989226E-02
 168.50000  0.103859522003E-02
 168.60000  0.429472432125E-02
 168.70000  0.231958295152E-01
 168.80000  0.470449668658E-01
 168.90000  0.413234441734E-01
 169.00000  0.152753918110E-01
 169.10000  0.316932165682E-02
 169.20000  0.274347153089E-02
 169.30000  0.838054591552E-02
 169.40000  0.312980933999E-01
 169.50000  0.494582808719E-01
 169.60000  0.343021033139E-01
 169.70000  0.104825658555E-01
 169.80000  0.477427825799E-02
 169.90000  0.522140085913E-02
 170.00000  0.137045531894E-01
 170.10000  0.385415182246E-01
 170.20000  0.480573505013E-01
 170.30000  0.263428420656E-01
 170.40000  0.859477274281E-02
 170.50000  0.797071380712E-02
 170.60000  0.809217439574E-02
 170.70000  0.198411262207E-01
 170.80000  0.437940858263E-01
 170.90000  0.431927594949E-01
 171.00000  0.192935415237E-01
 171.10000  0.992618322083E-02
 171.20000  0.117759771283E-01
 171.30000  0.110582482225E-01
 171.40000  0.262018880929E-01
 171.50000  0.462111088767E-01
 171.60000  0.360140761976E-01
 171.70000  0.149217228568E-01
 171.80000  0.140871298252E-01
 171.90000  0.152307392787E-01
 172.00000  0.141052157921E-01
 172.10000  0.321618898165E-01
 172.20000  0.453515763139E-01
 172.30000  0.280680802141E-01
 172.40000  0.142894947872E-01
 172.50000  0.199237235159E-01
 172.60000  0.175840625842E-01
 172.70000  0.174156756062E-01
 172.80000  0.371344213227E-01
 172.90000  0.414924151668E-01
 173.00000  0.213221152924E-01
 173.10000  0.177490070449E-01
 173.20000  0.258916397097E-01
 173.30000  0.185103256598E-01
 173.40000  0.211940028053E-01
 173.50000  0.404484024055E-01
 173.60000  0.353791403603E-01
 173.70000  0.175923016898E-01
 173.80000  0.247943579319E-01
 173.90000  0.305070885720E-01
 174.00000  0.183263472140E-01
 174.10000  0.256129674395E-01
 174.20000  0.415137525143E-01
 174.30000  0.282248133462E-01
 174.40000  0.181955623093E-01
 174.50000  0.340314837049E-01
 174.60000  0.325668486219E-01
 174.70000  0.178768698761E-01
 174.80000  0.307355635647E-01
 174.90000  0.401023416781E-01
 175.00000  0.218048801703E-01
 175.10000  0.239456065760E-01
 175.20000  0.436411535130E-01
 175.30000  0.315276116177E-01
 175.40000  0.182214854943E-01
 175.50000  0.361076195188E-01
 175.60000  0.361739037333E-01
 175.70000  0.181180203507E-01
 175.80000  0.349191449960E-01
 175.90000  0.516324864274E-01
 176.00000  0.277619361467E-01
 176.10000  0.207609951231E-01
 176.20000  0.411809444303E-01
 176.30000  0.302340443399E-01
 176.40000  0.192765594677E-01
 176.50000  0.504852887056E-01
 176.60000  0.561789850620E-01
 176.70000  0.225068253113E-01
 176.80000  0.268992140372E-01
 176.90000  0.453276846625E-01
 177.00000  0.235841661858E-01
 177.10000  0.277744469884E-01
 177.20000  0.697033250417E-01
 177.30000  0.559160062468E-01
 177.40000  0.179785738243E-01
 177.50000  0.382741149997E-01
 177.60000  0.479621619460E-01
 177.70000  0.182706941243E-01
 177.80000  0.469549437506E-01
 177.90000  0.920808473431E-01
 178.00000  0.503298918951E-01
 178.10000  0.182215069892E-01
 178.20000  0.580519016069E-01
 178.30000  0.487546146179E-01
 178.40000  0.178146273505E-01
 178.50000  0.844036722199E-01
 178.60000  0.119885045734E+00
 178.70000  0.394467306293E-01
 178.80000  0.328661853463E-01
 178.90000  0.978172076162E-01
 179.00000  0.490137645600E-01
 179.10000  0.328645621465E-01
 179.20000  0.173888137420E+00
 179.30000  0.172755769259E+00
 179.40000  0.238950298382E-01
 179.50000  0.118622957966E+00
 179.60000  0.251353720497E+00
 179.70000  0.580810283777E-01
 179.80000  0.207863273276E+00
 179.90000  0.120008986780E+01
 180.00000  0.186766588945E+01
