 # E =    2.99970200794622       eV =    24196.0000000000       1/cm
 #  1801
# DFFCSO.  ACCUM LEV(I),J(I) =  1  0 LEV(F),J(F) =  1  0       , M =  0, WEIGHTED BY  1.00000
   0.10000  0.674419098275E+06
   0.20000  0.388916598498E+06
   0.30000  0.136717776744E+06
   0.40000  0.222301509506E+05
   0.50000  0.957131064229E+04
   0.60000  0.171955564459E+05
   0.70000  0.115707465443E+05
   0.80000  0.415815868749E+04
   0.90000  0.410950609462E+04
   1.00000  0.520429488131E+04
   1.10000  0.318982687475E+04
   1.20000  0.155316298655E+04
   1.30000  0.207642166600E+04
   1.40000  0.224200815832E+04
   1.50000  0.117393916087E+04
   1.60000  0.655430617795E+03
   1.70000  0.104499788798E+04
   1.80000  0.101052820414E+04
   1.90000  0.429626838074E+03
   2.00000  0.272629299554E+03
   2.10000  0.513191087963E+03
   2.20000  0.435267296164E+03
   2.30000  0.135956005530E+03
   2.40000  0.127695853238E+03
   2.50000  0.266723438159E+03
   2.60000  0.184875895734E+03
   2.70000  0.416545366575E+02
   2.80000  0.915807055134E+02
   2.90000  0.167126208261E+03
   3.00000  0.913071482684E+02
   3.10000  0.241788574250E+02
   3.20000  0.837655872255E+02
   3.30000  0.120883402689E+03
   3.40000  0.559893072271E+02
   3.50000  0.202645604487E+02
   3.60000  0.660632068612E+02
   3.70000  0.821710881706E+02
   3.80000  0.337502755277E+02
   3.90000  0.107215510285E+02
   4.00000  0.370792121207E+02
   4.10000  0.446386343753E+02
   4.20000  0.167029374577E+02
   4.30000  0.164649052006E+01
   4.40000  0.121219930718E+02
   4.50000  0.179262692158E+02
   4.60000  0.925042401831E+01
   4.70000  0.105244408095E+01
   4.80000  0.107184359780E+01
   4.90000  0.618079252200E+01
   5.00000  0.988652687606E+01
   5.10000  0.631141249865E+01
   5.20000  0.402593051869E+00
   5.30000  0.323195943109E+01
   5.40000  0.106372707307E+02
   5.50000  0.888719920187E+01
   5.60000  0.134727250986E+01
   5.70000  0.169755096780E+01
   5.80000  0.693354228663E+01
   5.90000  0.549758251240E+01
   6.00000  0.713161973427E+00
   6.10000  0.947615621257E+00
   6.20000  0.238679331385E+01
   6.30000  0.897525991658E+00
   6.40000  0.152658649681E+01
   6.50000  0.427498583097E+01
   6.60000  0.265340732917E+01
   6.70000  0.399691072763E+00
   6.80000  0.547719188720E+01
   6.90000  0.109886610075E+02
   7.00000  0.729660951595E+01
   7.10000  0.307370311545E+01
   7.20000  0.891228950681E+01
   7.30000  0.151107983608E+02
   7.40000  0.103716231573E+02
   7.50000  0.415563586324E+01
   7.60000  0.761168183723E+01
   7.70000  0.123314949149E+02
   7.80000  0.818467380927E+01
   7.90000  0.216005903940E+01
   8.00000  0.289915634581E+01
   8.10000  0.539800608543E+01
   8.20000  0.344674664185E+01
   8.30000  0.459639176541E+00
   8.40000  0.145075334933E+00
   8.50000  0.606153691367E+00
   8.60000  0.856280926603E+00
   8.70000  0.176997811413E+01
   8.80000  0.177973835725E+01
   8.90000  0.401394975732E+00
   9.00000  0.107032206807E+01
   9.10000  0.408210268533E+01
   9.20000  0.456197879184E+01
   9.30000  0.185183426902E+01
   9.40000  0.127935585662E+01
   9.50000  0.385254860889E+01
   9.60000  0.449793693094E+01
   9.70000  0.192531104958E+01
   9.80000  0.369762761789E+00
   9.90000  0.131977249172E+01
  10.00000  0.201968944455E+01
  10.10000  0.129770783726E+01
  10.20000  0.402642782754E+00
  10.30000  0.654193907269E-02
  10.40000  0.434445142611E+00
  10.50000  0.184567066803E+01
  10.60000  0.259816280963E+01
  10.70000  0.147301050524E+01
  10.80000  0.868644037838E+00
  10.90000  0.288139922115E+01
  11.00000  0.468485268270E+01
  11.10000  0.332974153856E+01
  11.20000  0.143456795627E+01
  11.30000  0.234857997994E+01
  11.40000  0.400091897035E+01
  11.50000  0.309806489690E+01
  11.60000  0.100360973748E+01
  11.70000  0.610861465846E+00
  11.80000  0.145974911221E+01
  11.90000  0.162177342431E+01
  12.00000  0.940217919357E+00
  12.10000  0.249995686569E+00
  12.20000  0.168199316248E+00
  12.30000  0.108459790825E+01
  12.40000  0.222377169575E+01
  12.50000  0.201315473113E+01
  12.60000  0.979353508927E+00
  12.70000  0.146281280651E+01
  12.80000  0.325051031685E+01
  12.90000  0.347954592426E+01
  13.00000  0.183606358589E+01
  13.10000  0.118475799440E+01
  13.20000  0.227616233665E+01
  13.30000  0.265886505191E+01
  13.40000  0.138963926808E+01
  13.50000  0.314827613951E+00
  13.60000  0.438592266069E+00
  13.70000  0.806398719015E+00
  13.80000  0.770120714474E+00
  13.90000  0.522597727732E+00
  14.00000  0.192745309239E+00
  14.10000  0.211236807536E+00
  14.20000  0.108375659485E+01
  14.30000  0.196074722630E+01
  14.40000  0.160701337960E+01
  14.50000  0.869073814236E+00
  14.60000  0.144407979860E+01
  14.70000  0.264529697863E+01
  14.80000  0.248064629865E+01
  14.90000  0.124037437557E+01
  15.00000  0.879250974713E+00
  15.10000  0.159259577538E+01
  15.20000  0.184702885233E+01
  15.30000  0.112299557532E+01
  15.40000  0.387950043055E+00
  15.50000  0.420736892881E+00
  15.60000  0.104600099589E+01
  15.70000  0.151458804666E+01
  15.80000  0.124123024607E+01
  15.90000  0.709997196433E+00
  16.00000  0.107658141765E+01
  16.10000  0.220369294526E+01
  16.20000  0.250637662161E+01
  16.30000  0.160860103326E+01
  16.40000  0.114073824609E+01
  16.50000  0.186231849358E+01
  16.60000  0.232656754954E+01
  16.70000  0.154410379812E+01
  16.80000  0.610320950962E+00
  16.90000  0.585329732276E+00
  17.00000  0.907440673423E+00
  17.10000  0.786789708140E+00
  17.20000  0.381173999560E+00
  17.30000  0.104074493623E+00
  17.40000  0.134125923960E+00
  17.50000  0.566927352716E+00
  17.60000  0.107049393819E+01
  17.70000  0.100866588946E+01
  17.80000  0.598992792383E+00
  17.90000  0.810068658361E+00
  18.00000  0.160144150319E+01
  18.10000  0.179239590528E+01
  18.20000  0.111067369457E+01
  18.30000  0.673065868086E+00
  18.40000  0.103055166817E+01
  18.50000  0.137507993527E+01
  18.60000  0.104862904971E+01
  18.70000  0.473529797258E+00
  18.80000  0.319539683471E+00
  18.90000  0.672815192779E+00
  19.00000  0.109405980728E+01
  19.10000  0.108193573573E+01
  19.20000  0.707903789336E+00
  19.30000  0.717415961241E+00
  19.40000  0.141795321244E+01
  19.50000  0.194212363906E+01
  19.60000  0.155905716556E+01
  19.70000  0.991625805133E+00
  19.80000  0.120558229604E+01
  19.90000  0.172226794069E+01
  20.00000  0.151509786569E+01
  20.10000  0.778195093160E+00
  20.20000  0.443054612980E+00
  20.30000  0.633593826576E+00
  20.40000  0.758808366884E+00
  20.50000  0.563152913206E+00
  20.60000  0.269282753162E+00
  20.70000  0.162150597118E+00
  20.80000  0.411558396014E+00
  20.90000  0.843813738401E+00
  21.00000  0.951474722254E+00
  21.10000  0.642389895482E+00
  21.20000  0.545674323075E+00
  21.30000  0.978954306959E+00
  21.40000  0.130378543466E+01
  21.50000  0.987299824329E+00
  21.60000  0.506828587010E+00
  21.70000  0.494758933522E+00
  21.80000  0.752494951112E+00
  21.90000  0.747605588497E+00
  22.00000  0.447441026349E+00
  22.10000  0.201314297347E+00
  22.20000  0.260062933544E+00
  22.30000  0.588436606020E+00
  22.40000  0.850188442600E+00
  22.50000  0.737992555784E+00
  22.60000  0.510479005565E+00
  22.70000  0.710722038048E+00
  22.80000  0.120782909980E+01
  22.90000  0.128614533188E+01
  23.00000  0.846174016072E+00
  23.10000  0.588989486241E+00
  23.20000  0.811552407733E+00
  23.30000  0.977349271733E+00
  23.40000  0.703810295792E+00
  23.50000  0.314112782096E+00
  23.60000  0.211478802188E+00
  23.70000  0.369095040474E+00
  23.80000  0.535258764810E+00
  23.90000  0.518899487051E+00
  24.00000  0.344453960826E+00
  24.10000  0.315040457322E+00
  24.20000  0.636455550362E+00
  24.30000  0.971836898018E+00
  24.40000  0.872336358309E+00
  24.50000  0.550440106356E+00
  24.60000  0.559212670937E+00
  24.70000  0.844104119345E+00
  24.80000  0.862704395694E+00
  24.90000  0.517821193042E+00
  25.00000  0.246937100409E+00
  25.10000  0.284227233390E+00
  25.20000  0.427369069537E+00
  25.30000  0.442923556814E+00
  25.40000  0.309601066168E+00
  25.50000  0.183713888645E+00
  25.60000  0.279515509566E+00
  25.70000  0.580383712363E+00
  25.80000  0.735209217842E+00
  25.90000  0.555414099608E+00
  26.00000  0.381432065960E+00
  26.10000  0.537305258116E+00
  26.20000  0.755641583222E+00
  26.30000  0.636972669010E+00
  26.40000  0.320251593363E+00
  26.50000  0.196074341340E+00
  26.60000  0.287534152663E+00
  26.70000  0.345788781942E+00
  26.80000  0.271347885672E+00
  26.90000  0.146673197127E+00
  27.00000  0.973216765894E-01
  27.10000  0.228523001658E+00
  27.20000  0.464077719261E+00
  27.30000  0.533601734311E+00
  27.40000  0.376580695744E+00
  27.50000  0.312451035486E+00
  27.60000  0.516008623776E+00
  27.70000  0.679388785804E+00
  27.80000  0.526215238754E+00
  27.90000  0.270888666956E+00
  28.00000  0.230877334379E+00
  28.10000  0.345613288534E+00
  28.20000  0.370755657901E+00
  28.30000  0.254380924736E+00
  28.40000  0.127363822786E+00
  28.50000  0.130576881981E+00
  28.60000  0.297393607509E+00
  28.70000  0.466867578505E+00
  28.80000  0.434242347174E+00
  28.90000  0.288542059530E+00
  29.00000  0.326269240147E+00
  29.10000  0.541176807756E+00
  29.20000  0.592277401623E+00
  29.30000  0.379648517703E+00
  29.40000  0.204473779925E+00
  29.50000  0.245466424496E+00
  29.60000  0.315902068164E+00
  29.70000  0.242716534496E+00
  29.80000  0.105782153933E+00
  29.90000  0.371655622200E-01
  30.00000  0.698711488944E-01
  30.10000  0.173267305959E+00
  30.20000  0.249102109300E+00
  30.30000  0.202131303174E+00
  30.40000  0.121324808357E+00
  30.50000  0.183613588975E+00
  30.60000  0.331525459084E+00
  30.70000  0.333821211205E+00
  30.80000  0.180113122978E+00
  30.90000  0.901113196813E-01
  31.00000  0.137260209040E+00
  31.10000  0.179206388964E+00
  31.20000  0.134192462298E+00
  31.30000  0.607410008620E-01
  31.40000  0.222763038860E-01
  31.50000  0.561340820855E-01
  31.60000  0.164850817680E+00
  31.70000  0.243547495862E+00
  31.80000  0.193578689396E+00
  31.90000  0.124688934307E+00
  32.00000  0.201965696586E+00
  32.10000  0.333902457640E+00
  32.20000  0.306688988852E+00
  32.30000  0.156593243801E+00
  32.40000  0.958824397159E-01
  32.50000  0.152151632403E+00
  32.60000  0.174498712153E+00
  32.70000  0.110318006541E+00
  32.80000  0.377538601994E-01
  32.90000  0.160124710307E-01
  33.00000  0.571396383927E-01
  33.10000  0.135437408003E+00
  33.20000  0.164706451901E+00
  33.30000  0.105945407565E+00
  33.40000  0.713802775536E-01
  33.50000  0.150236886525E+00
  33.60000  0.226780742627E+00
  33.70000  0.169636391130E+00
  33.80000  0.641439988441E-01
  33.90000  0.512220381272E-01
  34.00000  0.927006924052E-01
  34.10000  0.837661659325E-01
  34.20000  0.365351197470E-01
  34.30000  0.756216774875E-02
  34.40000  0.845373345009E-03
  34.50000  0.228752434002E-01
  34.60000  0.783610415500E-01
  34.70000  0.103395482318E+00
  34.80000  0.596345956850E-01
  34.90000  0.352175020150E-01
  35.00000  0.944521386699E-01
  35.10000  0.141958676685E+00
  35.20000  0.919048063906E-01
  35.30000  0.234129045104E-01
  35.40000  0.256369447722E-01
  35.50000  0.518032690251E-01
  35.60000  0.402251207957E-01
  35.70000  0.167747830206E-01
  35.80000  0.709011017466E-02
  35.90000  0.164551015609E-03
  36.00000  0.141261933491E-01
  36.10000  0.582509271592E-01
  36.20000  0.728508168888E-01
  36.30000  0.333158777322E-01
  36.40000  0.184347512576E-01
  36.50000  0.641720956851E-01
  36.60000  0.860537284061E-01
  36.70000  0.407421694936E-01
  36.80000  0.403919117343E-02
  36.90000  0.178394629429E-01
  37.00000  0.278145100078E-01
  37.10000  0.120225213464E-01
  37.20000  0.852924540815E-02
  37.30000  0.141954099458E-01
  37.40000  0.338753746466E-02
  37.50000  0.612727835009E-02
  37.60000  0.409720798073E-01
  37.70000  0.525298047666E-01
  37.80000  0.194922207253E-01
  37.90000  0.847965166271E-02
  38.00000  0.417670720468E-01
  38.10000  0.514624937125E-01
  38.20000  0.174559557597E-01
  38.30000  0.645455942873E-03
  38.40000  0.155496173118E-01
  38.50000  0.169530634671E-01
  38.60000  0.485360701844E-02
  38.70000  0.966248910173E-02
  38.80000  0.144425685518E-01
  38.90000  0.227223312935E-02
  39.00000  0.685993061794E-02
  39.10000  0.333390904602E-01
  39.20000  0.323228225146E-01
  39.30000  0.582053907548E-02
  39.40000  0.124214881582E-01
  39.50000  0.439113073601E-01
  39.60000  0.375900296650E-01
  39.70000  0.626178924955E-02
  39.80000  0.111350000092E-01
  39.90000  0.361244515998E-01
  40.00000  0.270004533203E-01
  40.10000  0.246123540678E-02
  40.20000  0.565054414084E-02
  40.30000  0.169443955020E-01
  40.40000  0.936281545649E-02
  40.50000  0.433227298758E-02
  40.60000  0.108371752954E-01
  40.70000  0.600997261864E-02
  40.80000  0.865484360962E-03
  40.90000  0.218061688564E-01
  41.00000  0.392180436934E-01
  41.10000  0.202278202158E-01
  41.20000  0.599893327757E-02
  41.30000  0.335034336196E-01
  41.40000  0.549513716007E-01
  41.50000  0.299406646285E-01
  41.60000  0.373716844979E-02
  41.70000  0.141482602315E-01
  41.80000  0.254935144599E-01
  41.90000  0.128554570909E-01
  42.00000  0.381671662152E-02
  42.10000  0.667145539226E-02
  42.20000  0.209976661635E-02
  42.30000  0.367557489167E-02
  42.40000  0.283187067925E-01
  42.50000  0.413154682692E-01
  42.60000  0.197757419816E-01
  42.70000  0.799140439007E-02
  42.80000  0.328654697871E-01
  42.90000  0.482509865860E-01
  43.00000  0.251448337094E-01
  43.10000  0.196189599782E-02
  43.20000  0.363200769604E-02
  43.30000  0.834432584150E-02
  43.40000  0.101919120706E-01
  43.50000  0.209268752088E-01
  43.60000  0.234581273221E-01
  43.70000  0.951576875852E-02
  43.80000  0.184082784973E-01
  43.90000  0.612134954311E-01
  44.00000  0.791789065277E-01
  44.10000  0.460778247405E-01
  44.20000  0.206283664981E-01
  44.30000  0.395830562315E-01
  44.40000  0.583596080469E-01
  44.50000  0.411332508417E-01
  44.60000  0.133392781357E-01
  44.70000  0.186547996986E-02
  44.80000  0.757906027153E-02
  44.90000  0.318909895573E-01
  45.00000  0.606677215186E-01
  45.10000  0.584704608202E-01
  45.20000  0.343986313369E-01
  45.30000  0.463871395343E-01
  45.40000  0.959310112711E-01
  45.50000  0.110344054956E+00
  45.60000  0.663603164243E-01
  45.70000  0.282241679250E-01
  45.80000  0.350957106961E-01
  45.90000  0.520644128614E-01
  46.00000  0.475887832806E-01
  46.10000  0.305425423023E-01
  46.20000  0.148231906643E-01
  46.30000  0.161465037490E-01
  46.40000  0.526913905726E-01
  46.50000  0.990817201171E-01
  46.60000  0.995549914216E-01
  46.70000  0.621384748789E-01
  46.80000  0.566985353826E-01
  46.90000  0.949464273253E-01
  47.00000  0.109792334068E+00
  47.10000  0.715798643402E-01
  47.20000  0.277378220220E-01
  47.30000  0.183255997040E-01
  47.40000  0.355832080288E-01
  47.50000  0.596527859915E-01
  47.60000  0.709248256658E-01
  47.70000  0.562644872566E-01
  47.80000  0.442948699559E-01
  47.90000  0.789807480241E-01
  48.00000  0.134686328190E+00
  48.10000  0.137736511178E+00
  48.20000  0.862765129468E-01
  48.30000  0.546820146777E-01
  48.40000  0.714686154513E-01
  48.50000  0.882068681817E-01
  48.60000  0.709701163975E-01
  48.70000  0.389076108152E-01
  48.80000  0.204491025340E-01
  48.90000  0.324005447390E-01
  49.00000  0.755116960953E-01
  49.10000  0.112869803929E+00
  49.20000  0.102390386751E+00
  49.30000  0.696138135816E-01
  49.40000  0.775876056475E-01
  49.50000  0.119189856456E+00
  49.60000  0.125307671398E+00
  49.70000  0.792353911359E-01
  49.80000  0.353398751808E-01
  49.90000  0.298357177885E-01
  50.00000  0.486940153663E-01
  50.10000  0.684029901260E-01
  50.20000  0.721397499860E-01
  50.30000  0.556150569974E-01
  50.40000  0.501275101742E-01
  50.50000  0.897153799636E-01
  50.60000  0.141512425586E+00
  50.70000  0.139283735952E+00
  50.80000  0.895383605391E-01
  50.90000  0.624304454641E-01
  51.00000  0.800301695768E-01
  51.10000  0.960142080724E-01
  51.20000  0.793543136313E-01
  51.30000  0.475239022801E-01
  51.40000  0.299026847286E-01
  51.50000  0.462334357734E-01
  51.60000  0.933608554589E-01
  51.70000  0.128710934286E+00
  51.80000  0.114299848756E+00
  51.90000  0.829673797290E-01
  52.00000  0.950756138434E-01
  52.10000  0.136218174039E+00
  52.20000  0.137753352955E+00
  52.30000  0.884354748777E-01
  52.40000  0.445939531599E-01
  52.50000  0.410697159196E-01
  52.60000  0.608187279376E-01
  52.70000  0.762785653845E-01
  52.80000  0.721283924186E-01
  52.90000  0.527873301962E-01
  53.00000  0.515301385098E-01
  53.10000  0.910800035127E-01
  53.20000  0.132324098003E+00
  53.30000  0.120734309479E+00
  53.40000  0.740928034885E-01
  53.50000  0.547490691126E-01
  53.60000  0.712404764458E-01
  53.70000  0.787926506662E-01
  53.80000  0.579784179229E-01
  53.90000  0.302730505353E-01
  54.00000  0.178847631334E-01
  54.10000  0.316328922313E-01
  54.20000  0.675009105234E-01
  54.30000  0.927759839935E-01
  54.40000  0.792460942397E-01
  54.50000  0.544854033183E-01
  54.60000  0.645918322818E-01
  54.70000  0.951730375909E-01
  54.80000  0.938764908988E-01
  54.90000  0.561481296486E-01
  55.00000  0.247620889693E-01
  55.10000  0.226354880242E-01
  55.20000  0.386873251103E-01
  55.30000  0.562368278121E-01
  55.40000  0.597847839812E-01
  55.50000  0.458534313981E-01
  55.60000  0.427167000896E-01
  55.70000  0.753062659571E-01
  55.80000  0.112140249925E+00
  55.90000  0.103821875189E+00
  56.00000  0.630311482347E-01
  56.10000  0.435580795876E-01
  56.20000  0.562485684939E-01
  56.30000  0.663054649164E-01
  56.40000  0.549522020511E-01
  56.50000  0.341836365929E-01
  56.60000  0.223977859499E-01
  56.70000  0.358122698274E-01
  56.80000  0.735098130495E-01
  56.90000  0.100264821727E+00
  57.00000  0.863642830669E-01
  57.10000  0.596829671896E-01
  57.20000  0.658973056042E-01
  57.30000  0.924792043197E-01
  57.40000  0.911722223384E-01
  57.50000  0.566426978696E-01
  57.60000  0.263116465235E-01
  57.70000  0.225779778338E-01
  57.80000  0.392564444407E-01
  57.90000  0.607212235778E-01
  58.00000  0.673650561773E-01
  58.10000  0.532952079312E-01
  58.20000  0.471158712669E-01
  58.30000  0.743943983671E-01
  58.40000  0.106578031856E+00
  58.50000  0.980187466634E-01
  58.60000  0.586708737688E-01
  58.70000  0.357783261623E-01
  58.80000  0.423660339369E-01
  58.90000  0.536400675796E-01
  59.00000  0.525959273696E-01
  59.10000  0.408316864215E-01
  59.20000  0.289878335844E-01
  59.30000  0.372129970629E-01
  59.40000  0.725187511896E-01
  59.50000  0.101872597172E+00
  59.60000  0.903744075526E-01
  59.70000  0.582991500781E-01
  59.80000  0.509927569599E-01
  59.90000  0.676303392426E-01
  60.00000  0.711474982493E-01
  60.10000  0.502889177560E-01
  60.20000  0.262145200696E-01
  60.30000  0.177434387755E-01
  60.40000  0.315751563808E-01
  60.50000  0.611561273203E-01
  60.60000  0.795608463654E-01
  60.70000  0.672298805161E-01
  60.80000  0.481029690779E-01
  60.90000  0.567054641153E-01
  61.00000  0.793767136095E-01
  61.10000  0.760590595746E-01
  61.20000  0.451633788464E-01
  61.30000  0.195306181377E-01
  61.40000  0.159499100679E-01
  61.50000  0.274393001801E-01
  61.60000  0.432008801052E-01
  61.70000  0.496062535737E-01
  61.80000  0.392392312743E-01
  61.90000  0.313094093661E-01
  62.00000  0.481057912774E-01
  62.10000  0.717252531622E-01
  62.20000  0.666012489594E-01
  62.30000  0.368203612485E-01
  62.40000  0.166018699128E-01
  62.50000  0.173594336322E-01
  62.60000  0.247377906670E-01
  62.70000  0.294707667045E-01
  62.80000  0.287906836229E-01
  62.90000  0.209566511204E-01
  63.00000  0.186320876013E-01
  63.10000  0.368499957044E-01
  63.20000  0.593698287991E-01
  63.30000  0.554641232584E-01
  63.40000  0.300954779914E-01
  63.50000  0.154435304762E-01
  63.60000  0.194626017401E-01
  63.70000  0.239553175023E-01
  63.80000  0.209995356618E-01
  63.90000  0.154384324911E-01
  64.00000  0.920898239689E-02
  64.10000  0.909183579888E-02
  64.20000  0.246659262169E-01
  64.30000  0.432661709168E-01
  64.40000  0.401718779211E-01
  64.50000  0.202631416470E-01
  64.60000  0.113673840884E-01
  64.70000  0.175271765506E-01
  64.80000  0.190612603743E-01
  64.90000  0.112718077520E-01
  65.00000  0.499399078916E-02
  65.10000  0.203838566171E-02
  65.20000  0.140370361434E-02
  65.30000  0.965278972946E-02
  65.40000  0.222262307810E-01
  65.50000  0.216559184896E-01
  65.60000  0.876005144442E-02
  65.70000  0.329880161915E-02
  65.80000  0.810631963095E-02
  65.90000  0.823431885186E-02
  66.00000  0.311578653770E-02
  66.10000  0.332211730717E-02
  66.20000  0.519145554341E-02
  66.30000  0.199864868180E-02
  66.40000  0.312511177743E-02
  66.50000  0.136487820518E-01
  66.60000  0.186121450623E-01
  66.70000  0.999139179286E-02
  66.80000  0.129123993986E-02
  66.90000  0.100232094661E-02
  67.00000  0.233646417309E-02
  67.10000  0.446528809375E-02
  67.20000  0.117657054318E-01
  67.30000  0.159497644448E-01
  67.40000  0.104782637866E-01
  67.50000  0.959240005099E-02
  67.60000  0.232109531517E-01
  67.70000  0.337701222719E-01
  67.80000  0.251548487806E-01
  67.90000  0.943437097044E-02
  68.00000  0.342553892165E-02
  68.10000  0.627392664619E-02
  68.20000  0.132785278683E-01
  68.30000  0.228559466774E-01
  68.40000  0.262884264128E-01
  68.50000  0.198269753015E-01
  68.60000  0.200241958004E-01
  68.70000  0.376537040606E-01
  68.80000  0.524810798043E-01
  68.90000  0.432826419806E-01
  69.00000  0.218071034264E-01
  69.10000  0.111789030305E-01
  69.20000  0.145580185407E-01
  69.30000  0.238943331134E-01
  69.40000  0.336204493513E-01
  69.50000  0.358352796547E-01
  69.60000  0.290262714141E-01
  69.70000  0.305969341851E-01
  69.80000  0.518348134695E-01
  69.90000  0.710868180540E-01
  70.00000  0.627763935510E-01
  70.10000  0.371877306257E-01
  70.20000  0.223898363950E-01
  70.30000  0.258112147828E-01
  70.40000  0.369734804975E-01
  70.50000  0.464226837461E-01
  70.60000  0.468888696601E-01
  70.70000  0.394098238381E-01
  70.80000  0.423777310037E-01
  70.90000  0.672013333925E-01
  71.00000  0.907673411262E-01
  71.10000  0.836372715062E-01
  71.20000  0.546740364362E-01
  71.30000  0.362237430621E-01
  71.40000  0.393399033523E-01
  71.50000  0.509383038454E-01
  71.60000  0.581017933765E-01
  71.70000  0.552036950831E-01
  71.80000  0.464272343201E-01
  71.90000  0.502710020877E-01
  72.00000  0.771249660018E-01
  72.10000  0.103202409909E+00
  72.20000  0.971702521046E-01
  72.30000  0.666229123487E-01
  72.40000  0.460399708999E-01
  72.50000  0.484325648758E-01
  72.60000  0.587421346919E-01
  72.70000  0.623229947057E-01
  72.80000  0.559620927419E-01
  72.90000  0.460432762288E-01
  73.00000  0.495645271000E-01
  73.10000  0.757736274264E-01
  73.20000  0.102369187497E+00
  73.30000  0.981712318904E-01
  73.40000  0.686427756865E-01
  73.50000  0.476964268411E-01
  73.60000  0.492982608679E-01
  73.70000  0.579102724433E-01
  73.80000  0.586013915479E-01
  73.90000  0.501793895801E-01
  74.00000  0.397957279727E-01
  74.10000  0.420438178390E-01
  74.20000  0.655522271673E-01
  74.30000  0.912375345594E-01
  74.40000  0.893847147077E-01
  74.50000  0.626650358034E-01
  74.60000  0.426603733086E-01
  74.70000  0.436911433379E-01
  74.80000  0.506428264145E-01
  74.90000  0.490594204748E-01
  75.00000  0.395549746773E-01
  75.10000  0.293777216292E-01
  75.20000  0.300210936556E-01
  75.30000  0.492360880027E-01
  75.40000  0.721131303218E-01
  75.50000  0.720722430199E-01
  75.60000  0.494199480492E-01
  75.70000  0.320093360241E-01
  75.80000  0.331420296571E-01
  75.90000  0.382789792209E-01
  76.00000  0.344620737045E-01
  76.10000  0.246978872746E-01
  76.20000  0.159301837816E-01
  76.30000  0.153602556907E-01
  76.40000  0.290127486127E-01
  76.50000  0.470552866509E-01
  76.60000  0.481347635221E-01
  76.70000  0.309598859738E-01
  76.80000  0.181885552435E-01
  76.90000  0.205258009854E-01
  77.00000  0.241766627239E-01
  77.10000  0.187904459148E-01
  77.20000  0.102194439270E-01
  77.30000  0.457399247630E-02
  77.40000  0.379271336964E-02
  77.50000  0.115585870711E-01
  77.60000  0.236591772749E-01
  77.70000  0.253393496937E-01
  77.80000  0.143414017191E-01
  77.90000  0.743725983438E-02
  78.00000  0.119885872973E-01
  78.10000  0.149805280778E-01
  78.20000  0.879560490584E-02
  78.30000  0.200184946914E-02
  78.40000  0.109197660208E-03
  78.50000  0.195917145781E-03
  78.60000  0.318545492550E-02
  78.70000  0.951858287149E-02
  78.80000  0.108886070968E-01
  78.90000  0.502687106471E-02
  79.00000  0.384148088878E-02
  79.10000  0.115259437299E-01
  79.20000  0.149384272540E-01
  79.30000  0.781524162746E-02
  79.40000  0.120345573098E-02
  79.50000  0.178748664300E-02
  79.60000  0.365176199153E-02
  79.70000  0.425246074664E-02
  79.80000  0.604046464182E-02
  79.90000  0.591712439292E-02
  80.00000  0.318393430563E-02
  80.10000  0.721169637538E-02
  80.20000  0.194892795449E-01
  80.30000  0.249162220284E-01
  80.40000  0.163210811654E-01
  80.50000  0.712518033997E-02
  80.60000  0.784605650617E-02
  80.70000  0.121683864722E-01
  80.80000  0.133638581447E-01
  80.90000  0.126580545312E-01
  81.00000  0.103525104839E-01
  81.10000  0.877915911529E-02
  81.20000  0.173420746665E-01
  81.30000  0.356218684972E-01
  81.40000  0.449733581077E-01
  81.50000  0.350003098462E-01
  81.60000  0.208734286325E-01
  81.70000  0.190175293294E-01
  81.80000  0.254649322226E-01
  81.90000  0.295608436044E-01
  82.00000  0.287949302322E-01
  82.10000  0.245328500403E-01
  82.20000  0.222452564971E-01
  82.30000  0.332747043538E-01
  82.40000  0.570122578336E-01
  82.50000  0.713577553780E-01
  82.60000  0.609614517276E-01
  82.70000  0.408140526079E-01
  82.80000  0.335175597969E-01
  82.90000  0.400428658207E-01
  83.00000  0.478021144523E-01
  83.10000  0.495596467076E-01
  83.20000  0.448243087170E-01
  83.30000  0.402657108336E-01
  83.40000  0.499301255310E-01
  83.50000  0.758534040061E-01
  83.60000  0.948127596439E-01
  83.70000  0.857892410165E-01
  83.80000  0.603871976939E-01
  83.90000  0.455117829849E-01
  84.00000  0.490221649618E-01
  84.10000  0.598721514790E-01
  84.20000  0.669025050899E-01
  84.30000  0.648793770243E-01
  84.40000  0.580152878855E-01
  84.50000  0.622504177809E-01
  84.60000  0.853346524433E-01
  84.70000  0.107110007493E+00
  84.80000  0.101835477609E+00
  84.90000  0.743174802407E-01
  85.00000  0.519968311717E-01
  85.10000  0.499197922326E-01
  85.20000  0.622985490142E-01
  85.30000  0.766117622152E-01
  85.40000  0.813791817564E-01
  85.50000  0.743044577623E-01
  85.60000  0.706582874386E-01
  85.70000  0.856611057365E-01
  85.80000  0.107008410643E+00
  85.90000  0.107263437893E+00
  86.00000  0.824086630852E-01
  86.10000  0.556645244726E-01
  86.20000  0.470379741115E-01
  86.30000  0.582857181058E-01
  86.40000  0.793283177332E-01
  86.50000  0.936348059785E-01
  86.60000  0.897337963835E-01
  86.70000  0.782725949503E-01
  86.80000  0.809837851603E-01
  86.90000  0.971478566841E-01
  87.00000  0.102536821673E+00
  87.10000  0.850465516539E-01
  87.20000  0.593521239647E-01
  87.30000  0.456060902246E-01
  87.40000  0.525066451985E-01
  87.50000  0.761818264374E-01
  87.60000  0.992472481592E-01
  87.70000  0.101452092852E+00
  87.80000  0.848842705774E-01
  87.90000  0.738014999899E-01
  88.00000  0.799382922783E-01
  88.10000  0.875353564591E-01
  88.20000  0.802127330529E-01
  88.30000  0.620332261469E-01
  88.40000  0.473297314672E-01
  88.50000  0.477994370236E-01
  88.60000  0.676674689392E-01
  88.70000  0.946566263991E-01
  88.80000  0.103933324859E+00
  88.90000  0.871001362532E-01
  89.00000  0.650211074199E-01
  89.10000  0.587662365444E-01
  89.20000  0.643260012013E-01
  89.30000  0.668149929984E-01
  89.40000  0.612743069451E-01
  89.50000  0.516844773447E-01
  89.60000  0.465636761236E-01
  89.70000  0.566811335030E-01
  89.80000  0.799680146911E-01
  89.90000  0.941067898420E-01
  90.00000  0.820950258482E-01
  90.10000  0.560807562166E-01
  90.20000  0.397878055349E-01
  90.30000  0.399890025317E-01
  90.40000  0.484542328267E-01
  90.50000  0.564200065080E-01
  90.60000  0.571223660884E-01
  90.70000  0.502208549094E-01
  90.80000  0.479802036433E-01
  90.90000  0.599599122099E-01
  91.00000  0.736262737003E-01
  91.10000  0.691749925667E-01
  91.20000  0.480695205896E-01
  91.30000  0.288646837634E-01
  91.40000  0.233872854093E-01
  91.50000  0.317376325984E-01
  91.60000  0.481248121151E-01
  91.70000  0.599276833838E-01
  91.80000  0.561057978890E-01
  91.90000  0.439500130846E-01
  92.00000  0.408673752905E-01
  92.10000  0.477748287023E-01
  92.20000  0.495337061359E-01
  92.30000  0.398769594178E-01
  92.40000  0.270431159996E-01
  92.50000  0.196142724420E-01
  92.60000  0.226180347892E-01
  92.70000  0.379773819854E-01
  92.80000  0.556276335326E-01
  92.90000  0.578091355958E-01
  93.00000  0.425831104715E-01
  93.10000  0.275428822681E-01
  93.20000  0.244604558763E-01
  93.30000  0.279036078644E-01
  93.40000  0.305014056034E-01
  93.50000  0.308146605041E-01
  93.60000  0.278147776549E-01
  93.70000  0.243607662867E-01
  93.80000  0.296553433048E-01
  93.90000  0.436694253997E-01
  94.00000  0.504931354260E-01
  94.10000  0.400752315500E-01
  94.20000  0.227399713292E-01
  94.30000  0.128060787579E-01
  94.40000  0.134828779982E-01
  94.50000  0.225972669430E-01
  94.60000  0.355783781659E-01
  94.70000  0.418229420491E-01
  94.80000  0.356546048946E-01
  94.90000  0.277199766002E-01
  95.00000  0.296645971361E-01
  95.10000  0.357406600130E-01
  95.20000  0.342755092916E-01
  95.30000  0.258462152591E-01
  95.40000  0.179333830910E-01
  95.50000  0.150353864375E-01
  95.60000  0.215480803866E-01
  95.70000  0.382313872822E-01
  95.80000  0.523529698648E-01
  95.90000  0.491396163226E-01
  96.00000  0.331986048994E-01
  96.10000  0.218136756747E-01
  96.20000  0.214792875352E-01
  96.30000  0.265708911549E-01
  96.40000  0.324103414219E-01
  96.50000  0.356443353921E-01
  96.60000  0.331035282766E-01
  96.70000  0.305580700885E-01
  96.80000  0.382888932941E-01
  96.90000  0.518375532073E-01
  97.00000  0.542817267804E-01
  97.10000  0.409282096516E-01
  97.20000  0.246563743015E-01
  97.30000  0.174344565857E-01
  97.40000  0.222344300161E-01
  97.50000  0.373351176564E-01
  97.60000  0.535905145318E-01
  97.70000  0.569094008823E-01
  97.80000  0.463817786056E-01
  97.90000  0.378769015865E-01
  98.00000  0.406631422481E-01
  98.10000  0.457785300422E-01
  98.20000  0.435463417206E-01
  98.30000  0.359418844841E-01
  98.40000  0.289196356220E-01
  98.50000  0.282096882579E-01
  98.60000  0.400075705737E-01
  98.70000  0.602949338837E-01
  98.80000  0.707036529340E-01
  98.90000  0.600247949809E-01
  99.00000  0.402181735144E-01
  99.10000  0.293079810998E-01
  99.20000  0.310368696561E-01
  99.30000  0.395723100986E-01
  99.40000  0.488496745027E-01
  99.50000  0.519642090393E-01
  99.60000  0.471210033310E-01
  99.70000  0.449929828652E-01
  99.80000  0.545196470262E-01
  99.90000  0.656997079903E-01
 100.00000  0.625865797592E-01
 100.10000  0.462618087169E-01
 100.20000  0.308689413627E-01
 100.30000  0.265895693383E-01
 100.40000  0.365890525844E-01
 100.50000  0.571495575446E-01
 100.60000  0.734811541698E-01
 100.70000  0.710845343653E-01
 100.80000  0.555987266204E-01
 100.90000  0.458901327807E-01
 101.00000  0.481552804956E-01
 101.10000  0.528753047947E-01
 101.20000  0.528203040151E-01
 101.30000  0.485804063662E-01
 101.40000  0.434160183098E-01
 101.50000  0.447780059536E-01
 101.60000  0.597323616549E-01
 101.70000  0.796317854943E-01
 101.80000  0.840361616048E-01
 101.90000  0.671679048157E-01
 102.00000  0.454368932305E-01
 102.10000  0.356488866174E-01
 102.20000  0.408897988904E-01
 102.30000  0.559692029333E-01
 102.40000  0.708569357757E-01
 102.50000  0.737643719764E-01
 102.60000  0.651624086022E-01
 102.70000  0.604892303516E-01
 102.80000  0.677704028612E-01
 102.90000  0.750816943548E-01
 103.00000  0.695991123259E-01
 103.10000  0.548089372959E-01
 103.20000  0.424287656419E-01
 103.30000  0.415242952733E-01
 103.40000  0.566218821810E-01
 103.50000  0.809407216563E-01
 103.60000  0.944088656143E-01
 103.70000  0.843573875455E-01
 103.80000  0.628680934541E-01
 103.90000  0.504514531616E-01
 104.00000  0.519346484854E-01
 104.10000  0.592439282086E-01
 104.20000  0.651211638024E-01
 104.30000  0.651870456581E-01
 104.40000  0.600844967391E-01
 104.50000  0.600988331748E-01
 104.60000  0.729491473451E-01
 104.70000  0.872907470458E-01
 104.80000  0.846281412924E-01
 104.90000  0.647461749246E-01
 105.00000  0.444669084581E-01
 105.10000  0.373320044299E-01
 105.20000  0.464767415962E-01
 105.30000  0.668270836897E-01
 105.40000  0.837770396396E-01
 105.50000  0.826817499542E-01
 105.60000  0.676048597341E-01
 105.70000  0.571486877352E-01
 105.80000  0.588091553993E-01
 105.90000  0.628261205690E-01
 106.00000  0.606775448476E-01
 106.10000  0.537062588895E-01
 106.20000  0.467394962047E-01
 106.30000  0.467753942048E-01
 106.40000  0.602970825685E-01
 106.50000  0.801234627672E-01
 106.60000  0.863839941614E-01
 106.70000  0.708923638419E-01
 106.80000  0.481002063631E-01
 106.90000  0.356538887513E-01
 107.00000  0.379803136090E-01
 107.10000  0.506648749645E-01
 107.20000  0.650589189061E-01
 107.30000  0.695522930293E-01
 107.40000  0.615459346507E-01
 107.50000  0.539980619901E-01
 107.60000  0.573180430631E-01
 107.70000  0.636243307862E-01
 107.80000  0.604845121681E-01
 107.90000  0.487313070804E-01
 108.00000  0.374524977947E-01
 108.10000  0.339857720854E-01
 108.20000  0.435193770469E-01
 108.30000  0.636780777348E-01
 108.40000  0.782651573212E-01
 108.50000  0.723101967121E-01
 108.60000  0.521394125918E-01
 108.70000  0.366236195745E-01
 108.80000  0.341768635173E-01
 108.90000  0.406393768418E-01
 109.00000  0.499151165284E-01
 109.10000  0.553230057342E-01
 109.20000  0.520546334229E-01
 109.30000  0.464687997306E-01
 109.40000  0.499122700055E-01
 109.50000  0.595992211462E-01
 109.60000  0.607933645779E-01
 109.70000  0.487623052971E-01
 109.80000  0.335235050694E-01
 109.90000  0.253742568587E-01
 110.00000  0.290174293994E-01
 110.10000  0.447181959958E-01
 110.20000  0.626598378563E-01
 110.30000  0.663438043558E-01
 110.40000  0.525100366734E-01
 110.50000  0.364154230413E-01
 110.60000  0.308601894719E-01
 110.70000  0.335729699244E-01
 110.80000  0.379870797198E-01
 110.90000  0.409497322610E-01
 111.00000  0.395921234148E-01
 111.10000  0.352411720245E-01
 111.20000  0.368215218864E-01
 111.30000  0.472136554840E-01
 111.40000  0.541077128395E-01
 111.50000  0.465729716432E-01
 111.60000  0.305766111645E-01
 111.70000  0.187533793479E-01
 111.80000  0.168591277687E-01
 111.90000  0.255821004776E-01
 112.00000  0.410255192061E-01
 112.10000  0.508477666323E-01
 112.20000  0.452482683614E-01
 112.30000  0.315175276667E-01
 112.40000  0.240456715067E-01
 112.50000  0.248695242021E-01
 112.60000  0.268219326272E-01
 112.70000  0.270928882749E-01
 112.80000  0.259522038487E-01
 112.90000  0.227421486173E-01
 113.00000  0.216645576013E-01
 113.10000  0.288182766933E-01
 113.20000  0.386808171984E-01
 113.30000  0.381488046978E-01
 113.40000  0.258931986105E-01
 113.50000  0.132743238783E-01
 113.60000  0.803223087125E-02
 113.70000  0.105881346112E-01
 113.80000  0.201044934143E-01
 113.90000  0.310698523714E-01
 114.00000  0.328620077023E-01
 114.10000  0.238675897216E-01
 114.20000  0.154186335277E-01
 114.30000  0.145790362748E-01
 114.40000  0.161891579360E-01
 114.50000  0.156412576506E-01
 114.60000  0.145949304541E-01
 114.70000  0.131340434305E-01
 114.80000  0.108305760426E-01
 114.90000  0.127388512016E-01
 115.00000  0.207267400514E-01
 115.10000  0.254980109875E-01
 115.20000  0.196099822829E-01
 115.30000  0.919731697422E-02
 115.40000  0.315828321929E-02
 115.50000  0.240982142951E-02
 115.60000  0.605463742215E-02
 115.70000  0.140164679410E-01
 115.80000  0.200515978688E-01
 115.90000  0.169647829588E-01
 116.00000  0.913952800810E-02
 116.10000  0.605847341880E-02
 116.20000  0.736228160762E-02
 116.30000  0.735739820622E-02
 116.40000  0.659179389763E-02
 116.50000  0.707934319813E-02
 116.60000  0.618280650788E-02
 116.70000  0.443638028495E-02
 116.80000  0.720325678474E-02
 116.90000  0.127409001149E-01
 117.00000  0.125619029522E-01
 117.10000  0.619671076151E-02
 117.20000  0.126752728792E-02
 117.30000  0.122750570024E-03
 117.40000  0.334590703512E-03
 117.50000  0.331734913116E-02
 117.60000  0.919174230663E-02
 117.70000  0.111525562631E-01
 117.80000  0.628522316559E-02
 117.90000  0.168757836696E-02
 118.00000  0.181490948225E-02
 118.10000  0.241566059964E-02
 118.20000  0.168097738968E-02
 118.30000  0.297810642097E-02
 118.40000  0.491303186974E-02
 118.50000  0.332557608773E-02
 118.60000  0.130639580638E-02
 118.70000  0.344500547312E-02
 118.80000  0.570346144258E-02
 118.90000  0.342989561875E-02
 119.00000  0.645306494301E-03
 119.10000  0.106979081536E-02
 119.20000  0.127666216019E-02
 119.30000  0.185956129265E-03
 119.40000  0.201843118512E-02
 119.50000  0.555235202623E-02
 119.60000  0.476851668903E-02
 119.70000  0.990271131660E-03
 119.80000  0.187695530890E-03
 119.90000  0.125096487918E-02
 120.00000  0.393800961648E-03
 120.10000  0.497817343607E-03
 120.20000  0.388410334604E-02
 120.30000  0.533255416984E-02
 120.40000  0.222964826555E-02
 120.50000  0.417054754775E-04
 120.60000  0.105661394575E-02
 120.70000  0.104564223520E-02
 120.80000  0.140946932094E-03
 120.90000  0.250105207444E-02
 121.00000  0.552936985514E-02
 121.10000  0.393021197487E-02
 121.20000  0.777041861994E-03
 121.30000  0.126303747056E-02
 121.40000  0.258213958161E-02
 121.50000  0.141283536193E-02
 121.60000  0.129355198617E-02
 121.70000  0.360823733919E-02
 121.80000  0.364106563343E-02
 121.90000  0.143820668268E-02
 122.00000  0.267162250293E-02
 122.10000  0.628379505724E-02
 122.20000  0.585100763051E-02
 122.30000  0.222464911261E-02
 122.40000  0.796820471928E-03
 122.50000  0.870447983112E-03
 122.60000  0.404793290339E-03
 122.70000  0.298421659890E-02
 122.80000  0.900532254431E-02
 122.90000  0.109322388141E-01
 123.00000  0.601395076083E-02
 123.10000  0.122170003517E-02
 123.20000  0.501320686562E-03
 123.30000  0.898998397428E-03
 123.40000  0.244910986586E-02
 123.50000  0.718072946316E-02
 123.60000  0.104844510998E-01
 123.70000  0.771573363063E-02
 123.80000  0.402857981373E-02
 123.90000  0.518121312939E-02
 124.00000  0.728721825662E-02
 124.10000  0.599777615259E-02
 124.20000  0.447092275038E-02
 124.30000  0.467527831665E-02
 124.40000  0.392858325948E-02
 124.50000  0.405453229568E-02
 124.60000  0.945945748151E-02
 124.70000  0.155545766728E-01
 124.80000  0.139596444862E-01
 124.90000  0.669564142039E-02
 125.00000  0.172856264712E-02
 125.10000  0.656449747758E-03
 125.20000  0.234525340526E-02
 125.30000  0.868471106002E-02
 125.40000  0.167937055534E-01
 125.50000  0.178345496174E-01
 125.60000  0.109966403818E-01
 125.70000  0.550123836896E-02
 125.80000  0.541080031529E-02
 125.90000  0.657465247667E-02
 126.00000  0.789456437791E-02
 126.10000  0.109192465750E-01
 126.20000  0.121938605947E-01
 126.30000  0.964852167420E-02
 126.40000  0.939873400444E-02
 126.50000  0.145805035370E-01
 126.60000  0.177473324180E-01
 126.70000  0.136945884589E-01
 126.80000  0.758469909587E-02
 126.90000  0.438769016394E-02
 127.00000  0.389009600320E-02
 127.10000  0.801019549105E-02
 127.20000  0.179490200751E-01
 127.30000  0.253901641917E-01
 127.40000  0.215926032348E-01
 127.50000  0.112797750326E-01
 127.60000  0.476329543568E-02
 127.70000  0.407106892171E-02
 127.80000  0.718873160953E-02
 127.90000  0.143615093696E-01
 128.00000  0.215432548353E-01
 128.10000  0.210521913349E-01
 128.20000  0.145886193248E-01
 128.30000  0.117416921605E-01
 128.40000  0.140407236326E-01
 128.50000  0.149629547034E-01
 128.60000  0.133610534424E-01
 128.70000  0.125359034237E-01
 128.80000  0.116507082658E-01
 128.90000  0.107545500465E-01
 129.00000  0.151687871861E-01
 129.10000  0.241832865718E-01
 129.20000  0.272711301788E-01
 129.30000  0.198714405406E-01
 129.40000  0.100040632129E-01
 129.50000  0.496749212905E-02
 129.60000  0.544319668123E-02
 129.70000  0.124302389501E-01
 129.80000  0.245274677231E-01
 129.90000  0.315620682101E-01
 130.00000  0.259318523575E-01
 130.10000  0.147723889596E-01
 130.20000  0.893061899906E-02
 130.30000  0.917522529059E-02
 130.40000  0.124006641371E-01
 130.50000  0.184577863652E-01
 130.60000  0.236950468592E-01
 130.70000  0.221498714123E-01
 130.80000  0.172022239645E-01
 130.90000  0.175109233162E-01
 131.00000  0.216674786637E-01
 131.10000  0.215928092742E-01
 131.20000  0.171368220938E-01
 131.30000  0.135067159687E-01
 131.40000  0.115867686052E-01
 131.50000  0.123992006438E-01
 131.60000  0.201362240559E-01
 131.70000  0.311749046775E-01
 131.80000  0.334080537265E-01
 131.90000  0.236137826064E-01
 132.00000  0.119008061766E-01
 132.10000  0.641362275132E-02
 132.20000  0.783027324949E-02
 132.30000  0.165204433796E-01
 132.40000  0.295541998414E-01
 132.50000  0.358235568933E-01
 132.60000  0.288801890581E-01
 132.70000  0.174736384796E-01
 132.80000  0.123064022575E-01
 132.90000  0.130880052796E-01
 133.00000  0.164001004410E-01
 133.10000  0.221099740268E-01
 133.20000  0.265061022540E-01
 133.30000  0.243838235073E-01
 133.40000  0.201613649829E-01
 133.50000  0.219293510344E-01
 133.60000  0.266247665080E-01
 133.70000  0.257882970275E-01
 133.80000  0.202253715574E-01
 133.90000  0.157838727988E-01
 134.00000  0.136836538709E-01
 134.10000  0.154866356141E-01
 134.20000  0.249673738529E-01
 134.30000  0.368181880348E-01
 134.40000  0.381431127391E-01
 134.50000  0.268208663144E-01
 134.60000  0.141294454208E-01
 134.70000  0.844641144812E-02
 134.80000  0.106650441234E-01
 134.90000  0.211228444424E-01
 135.00000  0.355803718231E-01
 135.10000  0.415850686724E-01
 135.20000  0.331697833833E-01
 135.30000  0.204380982307E-01
 135.40000  0.145866747406E-01
 135.50000  0.154798097247E-01
 135.60000  0.200757235535E-01
 135.70000  0.276254031891E-01
 135.80000  0.328250929388E-01
 135.90000  0.300170337290E-01
 136.00000  0.246800075837E-01
 136.10000  0.256013525342E-01
 136.20000  0.297172886225E-01
 136.30000  0.289942642357E-01
 136.40000  0.244872267350E-01
 136.50000  0.210808366402E-01
 136.60000  0.191656212507E-01
 136.70000  0.208954587325E-01
 136.80000  0.306132613351E-01
 136.90000  0.424057808590E-01
 137.00000  0.430012071676E-01
 137.10000  0.309036548152E-01
 137.20000  0.177490658848E-01
 137.30000  0.118589766425E-01
 137.40000  0.147764578351E-01
 137.50000  0.273070717596E-01
 137.60000  0.438193839036E-01
 137.70000  0.499032193878E-01
 137.80000  0.394870922513E-01
 137.90000  0.240553863906E-01
 138.00000  0.161611688226E-01
 138.10000  0.170135128909E-01
 138.20000  0.243989927090E-01
 138.30000  0.360583289621E-01
 138.40000  0.434544979301E-01
 138.50000  0.393545970922E-01
 138.60000  0.305371882532E-01
 138.70000  0.279940294425E-01
 138.80000  0.304873128337E-01
 138.90000  0.312221441118E-01
 139.00000  0.305751365918E-01
 139.10000  0.304686894920E-01
 139.20000  0.289359677422E-01
 139.30000  0.287047324054E-01
 139.40000  0.360326324072E-01
 139.50000  0.461350592939E-01
 139.60000  0.463230660101E-01
 139.70000  0.352538906612E-01
 139.80000  0.234609427024E-01
 139.90000  0.180018518236E-01
 140.00000  0.209623961372E-01
 140.10000  0.343811577552E-01
 140.20000  0.520811430280E-01
 140.30000  0.580303874921E-01
 140.40000  0.457583613806E-01
 140.50000  0.276011800558E-01
 140.60000  0.173748794322E-01
 140.70000  0.181762797899E-01
 140.80000  0.291356097964E-01
 140.90000  0.461890287152E-01
 141.00000  0.565275360502E-01
 141.10000  0.504010479720E-01
 141.20000  0.358910931589E-01
 141.30000  0.274162461220E-01
 141.40000  0.273885336781E-01
 141.50000  0.312887814866E-01
 141.60000  0.379527746598E-01
 141.70000  0.439639110054E-01
 141.80000  0.428377946214E-01
 141.90000  0.375528069826E-01
 142.00000  0.381255244065E-01
 142.10000  0.437975821752E-01
 142.20000  0.444464733261E-01
 142.30000  0.383846886452E-01
 142.40000  0.322820134228E-01
 142.50000  0.289447242870E-01
 142.60000  0.299419756176E-01
 142.70000  0.400064777074E-01
 142.80000  0.552559638314E-01
 142.90000  0.603136424079E-01
 143.00000  0.484946571501E-01
 143.10000  0.310607131249E-01
 143.20000  0.206658379968E-01
 143.30000  0.212088514193E-01
 143.40000  0.338820406377E-01
 143.50000  0.543656054776E-01
 143.60000  0.666854128586E-01
 143.70000  0.585939836540E-01
 143.80000  0.386955601256E-01
 143.90000  0.242524362482E-01
 144.00000  0.216984914302E-01
 144.10000  0.296568621314E-01
 144.20000  0.455131955858E-01
 144.30000  0.592731829669E-01
 144.40000  0.582445675235E-01
 144.50000  0.450198479223E-01
 144.60000  0.347029785959E-01
 144.70000  0.333850220465E-01
 144.80000  0.359089039080E-01
 144.90000  0.400360916961E-01
 145.00000  0.453408568083E-01
 145.10000  0.462443746549E-01
 145.20000  0.418364322912E-01
 145.30000  0.413771807971E-01
 145.40000  0.479331215157E-01
 145.50000  0.512075565523E-01
 145.60000  0.452435701210E-01
 145.70000  0.367053132173E-01
 145.80000  0.315035201568E-01
 145.90000  0.307313081135E-01
 146.00000  0.384799645962E-01
 146.10000  0.547098472162E-01
 146.20000  0.653519951637E-01
 146.30000  0.578277536922E-01
 146.40000  0.391178521966E-01
 146.50000  0.246251194059E-01
 146.60000  0.211192158822E-01
 146.70000  0.301167000231E-01
 146.80000  0.502959667860E-01
 146.90000  0.684122707115E-01
 147.00000  0.671591961269E-01
 147.10000  0.478791496286E-01
 147.20000  0.286791576028E-01
 147.30000  0.212852561581E-01
 147.40000  0.260484200910E-01
 147.50000  0.412946881558E-01
 147.60000  0.594372911188E-01
 147.70000  0.649724703497E-01
 147.80000  0.529405746282E-01
 147.90000  0.373792848724E-01
 148.00000  0.310388161361E-01
 148.10000  0.324095630234E-01
 148.20000  0.378251011623E-01
 148.30000  0.466070352348E-01
 148.40000  0.521250719897E-01
 148.50000  0.479827632497E-01
 148.60000  0.414331755679E-01
 148.70000  0.424246895396E-01
 148.80000  0.464775535557E-01
 148.90000  0.448950792138E-01
 149.00000  0.401702279459E-01
 149.10000  0.373535561466E-01
 149.20000  0.353506416844E-01
 149.30000  0.365943314021E-01
 149.40000  0.467986915036E-01
 149.50000  0.590705686949E-01
 149.60000  0.583943276509E-01
 149.70000  0.442051661267E-01
 149.80000  0.298279851413E-01
 149.90000  0.233868934429E-01
 150.00000  0.266121356802E-01
 150.10000  0.418025494226E-01
 150.20000  0.621368155599E-01
 150.30000  0.689083646868E-01
 150.40000  0.542613502080E-01
 150.50000  0.324367917317E-01
 150.60000  0.195589628415E-01
 150.70000  0.196621692854E-01
 150.80000  0.328137258412E-01
 150.90000  0.547755053156E-01
 151.00000  0.689728676491E-01
 151.10000  0.612937935987E-01
 151.20000  0.402328856925E-01
 151.30000  0.247303798951E-01
 151.40000  0.214335988915E-01
 151.50000  0.282297441961E-01
 151.60000  0.435857511943E-01
 151.70000  0.586091541726E-01
 151.80000  0.588945308792E-01
 151.90000  0.451133792613E-01
 152.00000  0.332799913080E-01
 152.10000  0.309374990454E-01
 152.20000  0.328817120651E-01
 152.30000  0.373254694027E-01
 152.40000  0.446922294951E-01
 152.50000  0.475618962101E-01
 152.60000  0.419914983165E-01
 152.70000  0.378404181162E-01
 152.80000  0.416022307919E-01
 152.90000  0.446167073035E-01
 153.00000  0.405763655983E-01
 153.10000  0.356444544077E-01
 153.20000  0.335941715341E-01
 153.30000  0.319485925767E-01
 153.40000  0.347282087539E-01
 153.50000  0.464252254943E-01
 153.60000  0.563439857463E-01
 153.70000  0.511628233131E-01
 153.80000  0.359982905314E-01
 153.90000  0.244950092646E-01
 154.00000  0.208456733418E-01
 154.10000  0.260406603410E-01
 154.20000  0.426381992491E-01
 154.30000  0.608846318679E-01
 154.40000  0.618918876284E-01
 154.50000  0.437259341617E-01
 154.60000  0.238940721293E-01
 154.70000  0.148303798498E-01
 154.80000  0.177332643305E-01
 154.90000  0.334172875404E-01
 155.00000  0.558565771405E-01
 155.10000  0.657339728146E-01
 155.20000  0.523944081921E-01
 155.30000  0.298666090102E-01
 155.40000  0.162958827421E-01
 155.50000  0.151703688977E-01
 155.60000  0.252380088755E-01
 155.70000  0.447661025230E-01
 155.80000  0.601134254148E-01
 155.90000  0.555548687967E-01
 156.00000  0.368249401639E-01
 156.10000  0.228195268130E-01
 156.20000  0.197057508759E-01
 156.30000  0.235116149095E-01
 156.40000  0.343895681698E-01
 156.50000  0.480156216209E-01
 156.60000  0.505630859858E-01
 156.70000  0.393853246376E-01
 156.80000  0.292873030256E-01
 156.90000  0.282275986297E-01
 157.00000  0.294047027206E-01
 157.10000  0.305829334099E-01
 157.20000  0.357365218380E-01
 157.30000  0.395085832448E-01
 157.40000  0.352706981472E-01
 157.50000  0.311392389282E-01
 157.60000  0.353663753659E-01
 157.70000  0.394518306501E-01
 157.80000  0.350933067633E-01
 157.90000  0.292564953379E-01
 158.00000  0.277508826388E-01
 158.10000  0.263816812041E-01
 158.20000  0.270718817002E-01
 158.30000  0.368818855096E-01
 158.40000  0.478769574603E-01
 158.50000  0.448720036594E-01
 158.60000  0.308953595762E-01
 158.70000  0.203994085707E-01
 158.80000  0.169243739542E-01
 158.90000  0.192314302972E-01
 159.00000  0.319618489069E-01
 159.10000  0.500374569876E-01
 159.20000  0.542494067452E-01
 159.30000  0.387113336603E-01
 159.40000  0.199638268414E-01
 159.50000  0.109974482452E-01
 159.60000  0.115763379802E-01
 159.70000  0.232726731136E-01
 159.80000  0.447915115374E-01
 159.90000  0.581067713095E-01
 160.00000  0.479113229533E-01
 160.10000  0.254115820816E-01
 160.20000  0.105176155361E-01
 160.30000  0.755349125819E-02
 160.40000  0.151781939264E-01
 160.50000  0.346882049918E-01
 160.60000  0.542508171465E-01
 160.70000  0.534222824544E-01
 160.80000  0.331664943372E-01
 160.90000  0.146611040687E-01
 161.00000  0.841211316044E-02
 161.10000  0.113892021501E-01
 161.20000  0.245535546015E-01
 161.30000  0.443933596264E-01
 161.40000  0.523470418713E-01
 161.50000  0.390363595609E-01
 161.60000  0.206334462728E-01
 161.70000  0.128398937839E-01
 161.80000  0.130305966933E-01
 161.90000  0.187064852977E-01
 162.00000  0.327912017014E-01
 162.10000  0.449862108616E-01
 162.20000  0.402180588216E-01
 162.30000  0.253800099873E-01
 162.40000  0.181239128413E-01
 162.50000  0.185786131401E-01
 162.60000  0.192164475988E-01
 162.70000  0.242506534138E-01
 162.80000  0.343321355677E-01
 162.90000  0.360846530228E-01
 163.00000  0.267395407607E-01
 163.10000  0.215170758257E-01
 163.20000  0.247824997675E-01
 163.30000  0.250512495735E-01
 163.40000  0.219332642882E-01
 163.50000  0.246612322779E-01
 163.60000  0.283367506360E-01
 163.70000  0.242756154404E-01
 163.80000  0.215157464030E-01
 163.90000  0.284005868560E-01
 164.00000  0.328853708762E-01
 164.10000  0.261621810740E-01
 164.20000  0.195830220548E-01
 164.30000  0.198986792239E-01
 164.40000  0.190008433553E-01
 164.50000  0.182482789373E-01
 164.60000  0.276577161565E-01
 164.70000  0.387539477883E-01
 164.80000  0.345459579109E-01
 164.90000  0.207932729039E-01
 165.00000  0.138555154656E-01
 165.10000  0.127923859047E-01
 165.20000  0.130413765417E-01
 165.30000  0.227820253304E-01
 165.40000  0.398224117419E-01
 165.50000  0.432146339863E-01
 165.60000  0.276006152820E-01
 165.70000  0.123844901365E-01
 165.80000  0.767918879978E-02
 165.90000  0.767597469656E-02
 166.00000  0.155905386880E-01
 166.10000  0.353021203508E-01
 166.20000  0.482730314022E-01
 166.30000  0.372348189474E-01
 166.40000  0.160899751881E-01
 166.50000  0.522685408610E-02
 166.60000  0.359865766550E-02
 166.70000  0.854662556967E-02
 166.80000  0.267453493030E-01
 166.90000  0.475110041161E-01
 167.00000  0.460813940010E-01
 167.10000  0.239585523288E-01
 167.20000  0.627694764690E-02
 167.30000  0.156749890043E-02
 167.40000  0.356115710630E-02
 167.50000  0.169459630674E-01
 167.60000  0.408504385362E-01
 167.70000  0.508323779065E-01
 167.80000  0.337059806866E-01
 167.90000  0.108775837705E-01
 168.00000  0.174145226641E-02
 168.10000  0.146636532758E-02
 168.20000  0.892485035079E-02
 168.30000  0.304083099855E-01
 168.40000  0.496263436521E-01
 168.50000  0.423673290017E-01
 168.60000  0.182189733849E-01
 168.70000  0.391870318706E-02
 168.80000  0.186997334699E-02
 168.90000  0.458424045221E-02
 169.00000  0.194805840125E-01
 169.10000  0.427317228847E-01
 169.20000  0.473861121923E-01
 169.30000  0.269185761166E-01
 169.40000  0.787399033143E-02
 169.50000  0.373640733052E-02
 169.60000  0.422015316696E-02
 169.70000  0.112395638133E-01
 169.80000  0.321494284447E-01
 169.90000  0.470140604607E-01
 170.00000  0.349717923255E-01
 170.10000  0.133347123466E-01
 170.20000  0.606014782633E-02
 170.30000  0.661991165852E-02
 170.40000  0.769433443143E-02
 170.50000  0.212590770705E-01
 170.60000  0.413434418734E-01
 170.70000  0.404406839457E-01
 170.80000  0.198968931977E-01
 170.90000  0.842978085685E-02
 171.00000  0.984333424542E-02
 171.10000  0.895072022180E-02
 171.20000  0.133125318176E-01
 171.30000  0.319429561615E-01
 171.40000  0.417027081215E-01
 171.50000  0.267291906092E-01
 171.60000  0.110911536157E-01
 171.70000  0.120985537493E-01
 171.80000  0.133280132885E-01
 171.90000  0.105672467091E-01
 172.00000  0.218129682905E-01
 172.10000  0.382119311572E-01
 172.20000  0.325156780099E-01
 172.30000  0.146810161706E-01
 172.40000  0.127332795103E-01
 172.50000  0.182282380999E-01
 172.60000  0.133616332625E-01
 172.70000  0.142740107139E-01
 172.80000  0.308026372882E-01
 172.90000  0.357095732505E-01
 173.00000  0.195330216845E-01
 173.10000  0.122444218042E-01
 173.20000  0.210706905999E-01
 173.30000  0.200450012177E-01
 173.40000  0.120489284483E-01
 173.50000  0.217484441341E-01
 173.60000  0.350145273690E-01
 173.70000  0.252410320456E-01
 173.80000  0.122133464033E-01
 173.90000  0.205634462854E-01
 174.00000  0.275227994391E-01
 174.10000  0.161900271224E-01
 174.20000  0.143662414259E-01
 174.30000  0.302311317546E-01
 174.40000  0.305135556125E-01
 174.50000  0.143129986644E-01
 174.60000  0.171899562206E-01
 174.70000  0.324924527249E-01
 174.80000  0.257066694282E-01
 174.90000  0.120115715000E-01
 175.00000  0.225071670131E-01
 175.10000  0.334035303837E-01
 175.20000  0.194396604881E-01
 175.30000  0.130649960548E-01
 175.40000  0.324239968254E-01
 175.50000  0.374491988538E-01
 175.60000  0.170688652870E-01
 175.70000  0.147578700494E-01
 175.80000  0.323065880873E-01
 175.90000  0.271281518158E-01
 176.00000  0.114006585633E-01
 176.10000  0.270812487421E-01
 176.20000  0.474196713431E-01
 176.30000  0.301497158218E-01
 176.40000  0.110450443064E-01
 176.50000  0.267540595138E-01
 176.60000  0.354838810311E-01
 176.70000  0.152719430752E-01
 176.80000  0.184685535793E-01
 176.90000  0.515282826880E-01
 177.00000  0.496523358788E-01
 177.10000  0.160487507351E-01
 177.20000  0.182841711540E-01
 177.30000  0.416966841500E-01
 177.40000  0.269464184469E-01
 177.50000  0.112761409907E-01
 177.60000  0.474082421635E-01
 177.70000  0.723972914948E-01
 177.80000  0.345963681158E-01
 177.90000  0.110654434068E-01
 178.00000  0.433371314203E-01
 178.10000  0.481997704259E-01
 178.20000  0.127410289401E-01
 178.30000  0.351606765780E-01
 178.40000  0.957017504156E-01
 178.50000  0.743340726145E-01
 178.60000  0.132276767461E-01
 178.70000  0.390574806510E-01
 178.80000  0.843113798782E-01
 178.90000  0.377215451938E-01
 179.00000  0.182592565873E-01
 179.10000  0.123228439759E+00
 179.20000  0.164697468383E+00
 179.30000  0.490860915758E-01
 179.40000  0.312374372678E-01
 179.50000  0.186068129779E+00
 179.60000  0.178229862009E+00
 179.70000  0.123191830463E-01
 179.80000  0.287531568257E+00
 179.90000  0.111833425295E+01
 180.00000  0.160776735007E+01
