 # E =    1.99984266367088       eV =    16131.0000000000       1/cm
 #  1801
# DFFCSO.  ACCUM LEV(I),J(I) =  1  0 LEV(F),J(F) =  1  0       , M =  0, WEIGHTED BY  1.00000
   0.10000  0.562218719855E+06
   0.20000  0.379895936727E+06
   0.30000  0.186380080046E+06
   0.40000  0.588019350670E+05
   0.50000  0.115567804120E+05
   0.60000  0.986980124179E+04
   0.70000  0.145291326176E+05
   0.80000  0.110354011335E+05
   0.90000  0.508236327506E+04
   1.00000  0.333557791937E+04
   1.10000  0.448356260237E+04
   1.20000  0.440598601552E+04
   1.30000  0.262777423954E+04
   1.40000  0.146397917849E+04
   1.50000  0.177930500422E+04
   1.60000  0.218716708802E+04
   1.70000  0.163687206440E+04
   1.80000  0.789844781275E+03
   1.90000  0.618197233159E+03
   2.00000  0.940455142913E+03
   2.10000  0.961198866476E+03
   2.20000  0.540032470969E+03
   2.30000  0.220601659322E+03
   2.40000  0.290139237484E+03
   2.50000  0.437328984598E+03
   2.60000  0.341283462800E+03
   2.70000  0.124586385902E+03
   2.80000  0.620016371974E+02
   2.90000  0.147672542025E+03
   3.00000  0.175429700432E+03
   3.10000  0.868575557603E+02
   3.20000  0.163511792923E+02
   3.30000  0.433709863478E+02
   3.40000  0.871928868822E+02
   3.50000  0.648637121397E+02
   3.60000  0.154825556001E+02
   3.70000  0.132222747178E+02
   3.80000  0.469286455334E+02
   3.90000  0.540132312844E+02
   4.00000  0.244104088514E+02
   4.10000  0.468625659079E+01
   4.20000  0.179598546036E+02
   4.30000  0.354505494106E+02
   4.40000  0.287391547040E+02
   4.50000  0.895210078259E+01
   4.60000  0.183792556502E+01
   4.70000  0.105339034180E+02
   4.80000  0.185677773839E+02
   4.90000  0.154637795880E+02
   5.00000  0.603126426014E+01
   5.10000  0.552796469011E+00
   5.20000  0.416640186953E+01
   5.30000  0.129474247526E+02
   5.40000  0.170228368307E+02
   5.50000  0.112481465713E+02
   5.60000  0.348984477883E+01
   5.70000  0.593153244858E+01
   5.80000  0.172933478101E+02
   5.90000  0.227226956768E+02
   6.00000  0.149823684951E+02
   6.10000  0.582231538609E+01
   6.20000  0.868831648093E+01
   6.30000  0.185109390374E+02
   6.40000  0.198520082090E+02
   6.50000  0.103937906890E+02
   6.60000  0.329345011121E+01
   6.70000  0.632081233040E+01
   6.80000  0.113865523237E+02
   6.90000  0.898085486529E+01
   7.00000  0.239926409534E+01
   7.10000  0.325706969582E+00
   7.20000  0.277423626811E+01
   7.30000  0.328746856921E+01
   7.40000  0.854448828657E+00
   7.50000  0.417916262213E+00
   7.60000  0.292684314789E+01
   7.70000  0.363947374540E+01
   7.80000  0.125708079902E+01
   7.90000  0.896794781953E+00
   8.00000  0.513360850948E+01
   8.10000  0.873745433794E+01
   8.20000  0.677766514117E+01
   8.30000  0.287724627777E+01
   8.40000  0.373652551187E+01
   8.50000  0.859485871710E+01
   8.60000  0.104305983948E+02
   8.70000  0.667423556049E+01
   8.80000  0.263632991595E+01
   8.90000  0.320588817239E+01
   9.00000  0.621615508103E+01
   9.10000  0.661501786452E+01
   9.20000  0.368682035684E+01
   9.30000  0.928148959248E+00
   9.40000  0.701832143037E+00
   9.50000  0.205115932328E+01
   9.60000  0.302951179019E+01
   9.70000  0.277842112366E+01
   9.80000  0.154791973452E+01
   9.90000  0.454230185715E+00
  10.00000  0.980829907310E+00
  10.10000  0.319684147775E+01
  10.20000  0.486609730237E+01
  10.30000  0.399476540068E+01
  10.40000  0.190880699272E+01
  10.50000  0.178259264157E+01
  10.60000  0.406613277527E+01
  10.70000  0.564475378183E+01
  10.80000  0.429188491445E+01
  10.90000  0.179612070296E+01
  11.00000  0.117479413348E+01
  11.10000  0.243884238147E+01
  11.20000  0.311787973506E+01
  11.30000  0.206003283229E+01
  11.40000  0.576781173453E+00
  11.50000  0.329672865465E-01
  11.60000  0.255101969179E+00
  11.70000  0.613929177739E+00
  11.80000  0.102709905494E+01
  11.90000  0.132174018799E+01
  12.00000  0.100602186091E+01
  12.10000  0.408599466282E+00
  12.20000  0.798330599833E+00
  12.30000  0.244246726735E+01
  12.40000  0.366047164787E+01
  12.50000  0.302246328916E+01
  12.60000  0.162247002643E+01
  12.70000  0.166256530018E+01
  12.80000  0.322546304226E+01
  12.90000  0.412600663368E+01
  13.00000  0.307298953518E+01
  13.10000  0.138659577526E+01
  13.20000  0.945651787424E+00
  13.30000  0.169553910509E+01
  13.40000  0.216388810892E+01
  13.50000  0.162681241856E+01
  13.60000  0.694697459709E+00
  13.70000  0.164607047748E+00
  13.80000  0.262105503214E+00
  13.90000  0.846715295403E+00
  14.00000  0.153699034002E+01
  14.10000  0.171415266962E+01
  14.20000  0.117277416860E+01
  14.30000  0.729296850280E+00
  14.40000  0.137034194285E+01
  14.50000  0.272558416578E+01
  14.60000  0.328274767203E+01
  14.70000  0.243036297655E+01
  14.80000  0.140456812751E+01
  14.90000  0.159474977218E+01
  15.00000  0.261807743401E+01
  15.10000  0.294175117613E+01
  15.20000  0.202770931211E+01
  15.30000  0.902344291693E+00
  15.40000  0.628127226819E+00
  15.50000  0.106992060578E+01
  15.60000  0.140989626709E+01
  15.70000  0.122706793120E+01
  15.80000  0.717799527386E+00
  15.90000  0.305962396300E+00
  16.00000  0.370892472511E+00
  16.10000  0.100192185288E+01
  16.20000  0.172152549234E+01
  16.30000  0.180818522197E+01
  16.40000  0.122715818200E+01
  16.50000  0.869850483299E+00
  16.60000  0.142140074266E+01
  16.70000  0.231586180814E+01
  16.80000  0.241976984763E+01
  16.90000  0.158994130080E+01
  17.00000  0.852336539136E+00
  17.10000  0.960117245963E+00
  17.20000  0.145315366089E+01
  17.30000  0.145600295930E+01
  17.40000  0.865490185554E+00
  17.50000  0.283847587499E+00
  17.60000  0.122627249767E+00
  17.70000  0.278345666848E+00
  17.80000  0.515368697336E+00
  17.90000  0.688199420070E+00
  18.00000  0.653872339506E+00
  18.10000  0.409410705536E+00
  18.20000  0.312918819283E+00
  18.30000  0.733495803025E+00
  18.40000  0.141827909974E+01
  18.50000  0.165157751643E+01
  18.60000  0.121356516703E+01
  18.70000  0.758904168063E+00
  18.80000  0.943121881734E+00
  18.90000  0.151248735391E+01
  19.00000  0.167399114374E+01
  19.10000  0.117710187834E+01
  19.20000  0.574271167801E+00
  19.30000  0.433653314521E+00
  19.40000  0.700652400250E+00
  19.50000  0.933848277015E+00
  19.60000  0.860225209865E+00
  19.70000  0.554958246824E+00
  19.80000  0.295861600870E+00
  19.90000  0.366262682185E+00
  20.00000  0.808749515982E+00
  20.10000  0.126669746197E+01
  20.20000  0.128490997444E+01
  20.30000  0.903050477678E+00
  20.40000  0.708419626246E+00
  20.50000  0.108212263106E+01
  20.60000  0.162102626964E+01
  20.70000  0.163672841070E+01
  20.80000  0.109196407433E+01
  20.90000  0.637292684694E+00
  21.00000  0.709213161789E+00
  21.10000  0.997634657803E+00
  21.20000  0.966600454693E+00
  21.30000  0.571998234718E+00
  21.40000  0.199676011688E+00
  21.50000  0.103762988614E+00
  21.60000  0.201902362892E+00
  21.70000  0.323760776842E+00
  21.80000  0.382624996237E+00
  21.90000  0.330126441082E+00
  22.00000  0.188636100342E+00
  22.10000  0.139080741388E+00
  22.20000  0.349728452584E+00
  22.30000  0.679232734150E+00
  22.40000  0.772576809136E+00
  22.50000  0.533150730899E+00
  22.60000  0.287628194021E+00
  22.70000  0.348086974722E+00
  22.80000  0.591415876214E+00
  22.90000  0.657651421836E+00
  23.00000  0.441074178064E+00
  23.10000  0.174088090044E+00
  23.20000  0.830677124408E-01
  23.30000  0.165501133067E+00
  23.40000  0.297816351289E+00
  23.50000  0.378057224133E+00
  23.60000  0.343544938094E+00
  23.70000  0.218642649311E+00
  23.80000  0.179010192224E+00
  23.90000  0.393974707581E+00
  24.00000  0.744668853228E+00
  24.10000  0.883169441440E+00
  24.20000  0.683673693042E+00
  24.30000  0.460359568733E+00
  24.40000  0.560747997593E+00
  24.50000  0.873772014103E+00
  24.60000  0.974400042872E+00
  24.70000  0.706122470442E+00
  24.80000  0.369326636081E+00
  24.90000  0.290418228076E+00
  25.00000  0.425109017820E+00
  25.10000  0.500746978529E+00
  25.20000  0.390087002452E+00
  25.30000  0.198363716211E+00
  25.40000  0.772775647715E-01
  25.50000  0.945690929565E-01
  25.60000  0.232170031761E+00
  25.70000  0.387525829669E+00
  25.80000  0.415441681268E+00
  25.90000  0.288166236331E+00
  26.00000  0.182613668686E+00
  26.10000  0.280535059771E+00
  26.20000  0.499805077917E+00
  26.30000  0.571068385561E+00
  26.40000  0.397892199252E+00
  26.50000  0.186577470247E+00
  26.60000  0.155732226613E+00
  26.70000  0.257514590696E+00
  26.80000  0.293036501977E+00
  26.90000  0.196982769312E+00
  27.00000  0.732133850374E-01
  27.10000  0.119950755132E-01
  27.20000  0.140039880174E-01
  27.30000  0.688755203801E-01
  27.40000  0.169230789135E+00
  27.50000  0.243262900418E+00
  27.60000  0.207991693817E+00
  27.70000  0.119675145058E+00
  27.80000  0.143083246705E+00
  27.90000  0.313386381066E+00
  28.00000  0.447235376620E+00
  28.10000  0.381153010964E+00
  28.20000  0.202831723332E+00
  28.30000  0.127515931809E+00
  28.40000  0.204945415781E+00
  28.50000  0.281684303131E+00
  28.60000  0.234941926329E+00
  28.70000  0.113424561304E+00
  28.80000  0.285921071746E-01
  28.90000  0.194013295658E-01
  29.00000  0.651636003825E-01
  29.10000  0.137816993000E+00
  29.20000  0.188419705594E+00
  29.30000  0.162239050227E+00
  29.40000  0.894038299002E-01
  29.50000  0.893604263580E-01
  29.60000  0.210967256674E+00
  29.70000  0.330484661574E+00
  29.80000  0.301501886296E+00
  29.90000  0.162772056878E+00
  30.00000  0.876616893786E-01
  30.10000  0.141977161911E+00
  30.20000  0.208788046258E+00
  30.30000  0.173371268824E+00
  30.40000  0.726248574794E-01
  30.50000  0.903303630390E-02
  30.60000  0.640600908582E-02
  30.70000  0.236442905990E-01
  30.80000  0.454412109228E-01
  30.90000  0.757603340758E-01
  31.00000  0.846132488754E-01
  31.10000  0.487334461138E-01
  31.20000  0.208998012826E-01
  31.30000  0.700207100208E-01
  31.40000  0.159941473375E+00
  31.50000  0.178983754814E+00
  31.60000  0.102008705663E+00
  31.70000  0.330593414214E-01
  31.80000  0.528602364363E-01
  31.90000  0.106794837201E+00
  32.00000  0.100694930185E+00
  32.10000  0.403644715350E-01
  32.20000  0.169426212345E-02
  32.30000  0.730780631531E-02
  32.40000  0.157417576674E-01
  32.50000  0.111746772552E-01
  32.60000  0.203472068977E-01
  32.70000  0.418309319549E-01
  32.80000  0.374021902627E-01
  32.90000  0.833160588792E-02
  33.00000  0.787639737665E-02
  33.10000  0.507585811696E-01
  33.20000  0.769469860161E-01
  33.30000  0.455230171670E-01
  33.40000  0.476630064834E-02
  33.50000  0.149156355616E-01
  33.60000  0.504403224389E-01
  33.70000  0.466432651944E-01
  33.80000  0.100377093874E-01
  33.90000  0.445828240920E-02
  34.00000  0.397552300594E-01
  34.10000  0.554606729163E-01
  34.20000  0.253044481065E-01
  34.30000  0.147608856571E-02
  34.40000  0.247707302762E-01
  34.50000  0.564855924546E-01
  34.60000  0.452110659051E-01
  34.70000  0.995437112149E-02
  34.80000  0.165097952664E-02
  34.90000  0.186230397208E-01
  35.00000  0.210584456985E-01
  35.10000  0.703594628466E-02
  35.20000  0.101747889383E-01
  35.30000  0.299930685667E-01
  35.40000  0.292654851223E-01
  35.50000  0.647732731695E-02
  35.60000  0.804414291586E-02
  35.70000  0.484131317017E-01
  35.80000  0.758254546471E-01
  35.90000  0.510273277215E-01
  36.00000  0.110028028439E-01
  36.10000  0.103631097305E-01
  36.20000  0.377530023383E-01
  36.30000  0.427115049102E-01
  36.40000  0.192789723357E-01
  36.50000  0.503792149551E-02
  36.60000  0.102236535954E-01
  36.70000  0.869726612127E-02
  36.80000  0.684650516507E-05
  36.90000  0.185704605488E-01
  37.00000  0.648642451096E-01
  37.10000  0.857731887344E-01
  37.20000  0.553927997616E-01
  37.30000  0.261013728682E-01
  37.40000  0.543143107615E-01
  37.50000  0.111501150216E+00
  37.60000  0.122612893355E+00
  37.70000  0.732002121798E-01
  37.80000  0.229155120108E-01
  37.90000  0.175325095884E-01
  38.00000  0.400289153202E-01
  38.10000  0.552332322175E-01
  38.20000  0.548988938968E-01
  38.30000  0.437198602877E-01
  38.40000  0.242056239719E-01
  38.50000  0.167424179507E-01
  38.60000  0.539045291374E-01
  38.70000  0.125266722676E+00
  38.80000  0.164633437991E+00
  38.90000  0.131861760086E+00
  39.00000  0.788905832324E-01
  39.10000  0.857841296458E-01
  39.20000  0.147581386817E+00
  39.30000  0.179537059810E+00
  39.40000  0.134471313785E+00
  39.50000  0.605077339336E-01
  39.60000  0.267770454499E-01
  39.70000  0.395499428148E-01
  39.80000  0.593820075485E-01
  39.90000  0.630746665511E-01
  40.00000  0.533276860707E-01
  40.10000  0.344839039287E-01
  40.20000  0.174663780875E-01
  40.30000  0.302939379978E-01
  40.40000  0.829654968073E-01
  40.50000  0.132470023332E+00
  40.60000  0.125415681547E+00
  40.70000  0.738539243617E-01
  40.80000  0.456960269155E-01
  40.90000  0.722275571955E-01
  41.00000  0.107376033557E+00
  41.10000  0.968136860770E-01
  41.20000  0.493465509544E-01
  41.30000  0.119058652197E-01
  41.40000  0.429113213727E-02
  41.50000  0.133860117819E-01
  41.60000  0.300253067116E-01
  41.70000  0.518632345789E-01
  41.80000  0.617954921239E-01
  41.90000  0.454813597837E-01
  42.00000  0.280926442353E-01
  42.10000  0.516698327510E-01
  42.20000  0.108507732784E+00
  42.30000  0.137533431064E+00
  42.40000  0.104771230868E+00
  42.50000  0.520273795157E-01
  42.60000  0.390797206244E-01
  42.70000  0.654534378021E-01
  42.80000  0.825601393490E-01
  42.90000  0.646739297338E-01
  43.00000  0.314625733154E-01
  43.10000  0.920213899401E-02
  43.20000  0.588600000955E-02
  43.30000  0.232570281352E-01
  43.40000  0.580244137822E-01
  43.50000  0.858370084998E-01
  43.60000  0.784195653089E-01
  43.70000  0.488606041344E-01
  43.80000  0.474331780402E-01
  43.90000  0.928202613696E-01
  44.00000  0.136718475013E+00
  44.10000  0.124835672121E+00
  44.20000  0.709445562374E-01
  44.30000  0.359807465003E-01
  44.40000  0.460385711889E-01
  44.50000  0.682707953746E-01
  44.60000  0.660803961105E-01
  44.70000  0.418835311955E-01
  44.80000  0.178062074190E-01
  44.90000  0.631643492650E-02
  45.00000  0.136518933520E-01
  45.10000  0.439744601264E-01
  45.20000  0.812131771528E-01
  45.30000  0.911755322659E-01
  45.40000  0.657014931038E-01
  45.50000  0.453194976842E-01
  45.60000  0.694207545032E-01
  45.70000  0.117141910830E+00
  45.80000  0.130468974109E+00
  45.90000  0.915767005968E-01
  46.00000  0.436592789009E-01
  46.10000  0.306086373492E-01
  46.20000  0.474136634449E-01
  46.30000  0.621400017316E-01
  46.40000  0.594370862018E-01
  46.50000  0.445349721578E-01
  46.60000  0.268283524196E-01
  46.70000  0.211417167104E-01
  46.80000  0.467966430561E-01
  46.90000  0.996032861929E-01
  47.00000  0.137957115436E+00
  47.10000  0.126482484079E+00
  47.20000  0.877488607645E-01
  47.30000  0.793565725887E-01
  47.40000  0.117498163611E+00
  47.50000  0.154173478692E+00
  47.60000  0.140990387299E+00
  47.70000  0.885328443116E-01
  47.80000  0.452405099967E-01
  47.90000  0.388604897280E-01
  48.00000  0.597328767060E-01
  48.10000  0.855479734618E-01
  48.20000  0.985198683394E-01
  48.30000  0.889494542667E-01
  48.40000  0.677101495000E-01
  48.50000  0.696023560130E-01
  48.60000  0.116929960386E+00
  48.70000  0.179340700029E+00
  48.80000  0.197844552097E+00
  48.90000  0.156584262719E+00
  49.00000  0.105330906160E+00
  49.10000  0.970829639282E-01
  49.20000  0.125381707790E+00
  49.30000  0.142341301260E+00
  49.40000  0.121414564594E+00
  49.50000  0.792734077620E-01
  49.60000  0.468802893562E-01
  49.70000  0.438167340712E-01
  49.80000  0.751631394921E-01
  49.90000  0.126857273858E+00
  50.00000  0.163283532700E+00
  50.10000  0.156109690313E+00
  50.20000  0.123536497460E+00
  50.30000  0.117499128300E+00
  50.40000  0.158966629491E+00
  50.50000  0.205991026303E+00
  50.60000  0.203472516925E+00
  50.70000  0.149537492742E+00
  50.80000  0.926847220374E-01
  50.90000  0.738162782783E-01
  51.00000  0.925158858443E-01
  51.10000  0.123593532734E+00
  51.20000  0.142781294934E+00
  51.30000  0.137152566723E+00
  51.40000  0.114887523146E+00
  51.50000  0.109783117562E+00
  51.60000  0.152304811894E+00
  51.70000  0.224876272666E+00
  51.80000  0.266797225647E+00
  51.90000  0.240773762484E+00
  52.00000  0.179612286848E+00
  52.10000  0.147455140770E+00
  52.20000  0.165004723547E+00
  52.30000  0.194243427943E+00
  52.40000  0.191401508963E+00
  52.50000  0.152529139723E+00
  52.60000  0.106936766628E+00
  52.70000  0.874896054874E-01
  52.80000  0.111445087240E+00
  52.90000  0.168936781498E+00
  53.00000  0.220639606060E+00
  53.10000  0.226049578420E+00
  53.20000  0.188947711557E+00
  53.30000  0.160464556908E+00
  53.40000  0.180173088540E+00
  53.50000  0.225142895144E+00
  53.60000  0.236801396460E+00
  53.70000  0.191679222432E+00
  53.80000  0.124636332343E+00
  53.90000  0.839190473560E-01
  54.00000  0.846514950424E-01
  54.10000  0.109494840290E+00
  54.20000  0.133247063837E+00
  54.30000  0.137209441210E+00
  54.40000  0.118078780468E+00
  54.50000  0.972549047210E-01
  54.60000  0.107516605166E+00
  54.70000  0.153602535891E+00
  54.80000  0.195486920166E+00
  54.90000  0.189050084831E+00
  55.00000  0.138459056194E+00
  55.10000  0.903701040962E-01
  55.20000  0.784693337421E-01
  55.30000  0.923722399465E-01
  55.40000  0.102272808523E+00
  55.50000  0.940672589938E-01
  55.60000  0.732404292075E-01
  55.70000  0.527651524235E-01
  55.80000  0.492929255780E-01
  55.90000  0.758717495479E-01
  56.00000  0.121979968662E+00
  56.10000  0.151176724266E+00
  56.20000  0.137258890405E+00
  56.30000  0.982253162751E-01
  56.40000  0.767156449748E-01
  56.50000  0.882291719265E-01
  56.60000  0.106297299257E+00
  56.70000  0.100481566589E+00
  56.80000  0.710195224114E-01
  56.90000  0.399496723347E-01
  57.00000  0.248712807815E-01
  57.10000  0.315020982206E-01
  57.20000  0.571448330768E-01
  57.30000  0.868811548698E-01
  57.40000  0.969983799944E-01
  57.50000  0.794272164272E-01
  57.60000  0.574779037583E-01
  57.70000  0.604478223999E-01
  57.80000  0.846716691109E-01
  57.90000  0.967669787086E-01
  58.00000  0.767570632125E-01
  58.10000  0.409784234854E-01
  58.20000  0.172694276458E-01
  58.30000  0.137581194393E-01
  58.40000  0.211602857097E-01
  58.50000  0.311389245470E-01
  58.60000  0.386684170277E-01
  58.70000  0.367782233610E-01
  58.80000  0.252595667471E-01
  58.90000  0.190952034438E-01
  59.00000  0.319439724464E-01
  59.10000  0.531558565792E-01
  59.20000  0.572239553450E-01
  59.30000  0.373289690194E-01
  59.40000  0.140121835546E-01
  59.50000  0.649029221309E-02
  59.60000  0.105556580616E-01
  59.70000  0.124539738594E-01
  59.80000  0.103371432152E-01
  59.90000  0.987951629393E-02
  60.00000  0.951234359015E-02
  60.10000  0.505497368517E-02
  60.20000  0.265620304366E-02
  60.30000  0.112450473235E-01
  60.40000  0.244687449691E-01
  60.50000  0.258663087670E-01
  60.60000  0.131112144974E-01
  60.70000  0.216218665536E-02
  60.80000  0.343918576731E-02
  60.90000  0.826690079891E-02
  61.00000  0.601683496531E-02
  61.10000  0.131187841334E-02
  61.20000  0.328393406311E-02
  61.30000  0.823035734258E-02
  61.40000  0.666094518487E-02
  61.50000  0.107396050414E-02
  61.60000  0.197314717883E-02
  61.70000  0.903384937856E-02
  61.80000  0.110439502574E-01
  61.90000  0.494820813246E-02
  62.00000  0.538249595259E-03
  62.10000  0.301058009585E-02
  62.20000  0.485135122533E-02
  62.30000  0.138808819730E-02
  62.40000  0.131125567691E-02
  62.50000  0.116226406868E-01
  62.60000  0.225476696668E-01
  62.70000  0.204207647188E-01
  62.80000  0.908706301361E-02
  62.90000  0.449809760393E-02
  63.00000  0.109755081508E-01
  63.10000  0.168967986744E-01
  63.20000  0.140497242191E-01
  63.30000  0.755858110292E-02
  63.40000  0.378768446673E-02
  63.50000  0.163314655748E-02
  63.60000  0.142772630458E-02
  63.70000  0.990022233591E-02
  63.80000  0.270780801295E-01
  63.90000  0.384888869520E-01
  64.00000  0.324619945010E-01
  64.10000  0.186495839240E-01
  64.20000  0.163041917818E-01
  64.30000  0.275155110972E-01
  64.40000  0.354722130402E-01
  64.50000  0.288580351735E-01
  64.60000  0.147001186405E-01
  64.70000  0.470850262006E-02
  64.80000  0.177885782707E-02
  64.90000  0.513715210126E-02
  65.00000  0.164873422349E-01
  65.10000  0.322351671327E-01
  65.20000  0.395071177283E-01
  65.30000  0.314328631520E-01
  65.40000  0.202002879989E-01
  65.50000  0.227466911108E-01
  65.60000  0.368048419728E-01
  65.70000  0.435515792510E-01
  65.80000  0.332401034165E-01
  65.90000  0.158601663007E-01
  66.00000  0.489249790721E-02
  66.10000  0.290294708146E-02
  66.20000  0.735787163456E-02
  66.30000  0.182893867502E-01
  66.40000  0.320390609088E-01
  66.50000  0.374876123402E-01
  66.60000  0.296625942760E-01
  66.70000  0.208332050541E-01
  66.80000  0.262019201778E-01
  66.90000  0.417852815671E-01
  67.00000  0.484086347027E-01
  67.10000  0.369895075970E-01
  67.20000  0.183536156298E-01
  67.30000  0.678350008025E-02
  67.40000  0.539523652671E-02
  67.50000  0.111729325647E-01
  67.60000  0.225499101796E-01
  67.70000  0.347975483717E-01
  67.80000  0.379438461141E-01
  67.90000  0.295628742279E-01
  68.00000  0.230497387806E-01
  68.10000  0.318544863578E-01
  68.20000  0.490807358879E-01
  68.30000  0.543484661759E-01
  68.40000  0.400248220994E-01
  68.50000  0.194646516233E-01
  68.60000  0.822702086732E-02
  68.70000  0.827165429474E-02
  68.80000  0.138580536331E-01
  68.90000  0.216589744163E-01
  69.00000  0.283362242817E-01
  69.10000  0.277204834404E-01
  69.20000  0.199033621253E-01
  69.30000  0.166166539501E-01
  69.40000  0.270393047463E-01
  69.50000  0.420786399783E-01
  69.60000  0.436898195108E-01
  69.70000  0.284600658698E-01
  69.80000  0.111797833639E-01
  69.90000  0.451104000389E-02
  70.00000  0.607596290772E-02
  70.10000  0.843160619996E-02
  70.20000  0.106248971302E-01
  70.30000  0.135676264135E-01
  70.40000  0.133634579305E-01
  70.50000  0.821879286531E-02
  70.60000  0.557434492439E-02
  70.70000  0.124087418324E-01
  70.80000  0.223081237660E-01
  70.90000  0.224647555778E-01
  71.00000  0.118568728901E-01
  71.10000  0.216420888378E-02
  71.20000  0.510167063263E-03
  71.30000  0.194026000618E-02
  71.40000  0.141114550934E-02
  71.50000  0.239702551501E-02
  71.60000  0.784963568153E-02
  71.70000  0.118168700084E-01
  71.80000  0.840916180766E-02
  71.90000  0.271230743713E-02
  72.00000  0.348293580804E-02
  72.10000  0.907414238404E-02
  72.20000  0.103628767015E-01
  72.30000  0.551688978711E-02
  72.40000  0.168499902704E-02
  72.50000  0.213840240150E-02
  72.60000  0.224272642698E-02
  72.70000  0.530348052422E-03
  72.80000  0.336702297304E-02
  72.90000  0.131951034221E-01
  73.00000  0.208900779862E-01
  73.10000  0.175532466923E-01
  73.20000  0.779447775487E-02
  73.30000  0.288825824876E-02
  73.40000  0.505145139548E-02
  73.50000  0.750564923141E-02
  73.60000  0.728432469811E-02
  73.70000  0.788509161383E-02
  73.80000  0.973617530025E-02
  73.90000  0.864713589703E-02
  74.00000  0.605941214672E-02
  74.10000  0.106662711014E-01
  74.20000  0.245091266893E-01
  74.30000  0.357594456436E-01
  74.40000  0.326771227137E-01
  74.50000  0.190948912585E-01
  74.60000  0.849362174928E-02
  74.70000  0.708998322863E-02
  74.80000  0.109166990895E-01
  74.90000  0.161156896130E-01
  75.00000  0.222114334667E-01
  75.10000  0.261872500169E-01
  75.20000  0.240351210655E-01
  75.30000  0.204561601783E-01
  75.40000  0.270326457660E-01
  75.50000  0.455298866385E-01
  75.60000  0.609417338497E-01
  75.70000  0.581413513937E-01
  75.80000  0.401918065288E-01
  75.90000  0.233464304733E-01
  76.00000  0.183307491349E-01
  76.10000  0.239140811246E-01
  76.20000  0.348306406931E-01
  76.30000  0.462721085505E-01
  76.40000  0.519199307625E-01
  76.50000  0.483290934271E-01
  76.60000  0.435679138832E-01
  76.70000  0.518056660180E-01
  76.80000  0.742157080997E-01
  76.90000  0.927477189677E-01
  77.00000  0.894383382302E-01
  77.10000  0.669918076384E-01
  77.20000  0.442083652006E-01
  77.30000  0.356171519920E-01
  77.40000  0.422677064149E-01
  77.50000  0.578141385004E-01
  77.60000  0.739165911397E-01
  77.70000  0.813215539555E-01
  77.80000  0.765529828735E-01
  77.90000  0.700053820209E-01
  78.00000  0.780527090496E-01
  78.10000  0.102104729010E+00
  78.20000  0.122469801075E+00
  78.30000  0.119070464443E+00
  78.40000  0.936331904824E-01
  78.50000  0.661255824964E-01
  78.60000  0.540155668246E-01
  78.70000  0.610427337491E-01
  78.80000  0.809892490743E-01
  78.90000  0.102732935104E+00
  79.00000  0.113550101013E+00
  79.10000  0.108536054287E+00
  79.20000  0.994391447030E-01
  79.30000  0.105221873031E+00
  79.40000  0.128972774711E+00
  79.50000  0.150643122477E+00
  79.60000  0.148167349431E+00
  79.70000  0.121317233069E+00
  79.80000  0.900770870891E-01
  79.90000  0.744376284178E-01
  80.00000  0.813073304623E-01
  80.10000  0.105384702437E+00
  80.20000  0.133117046288E+00
  80.30000  0.147926026500E+00
  80.40000  0.142680113478E+00
  80.50000  0.129907365781E+00
  80.60000  0.131269565361E+00
  80.70000  0.152309084080E+00
  80.80000  0.173605076982E+00
  80.90000  0.171703169627E+00
  81.00000  0.144234578192E+00
  81.10000  0.110273010520E+00
  81.20000  0.912024766148E-01
  81.30000  0.965378971723E-01
  81.40000  0.122347211392E+00
  81.50000  0.153788088903E+00
  81.60000  0.171295213949E+00
  81.70000  0.165301400162E+00
  81.80000  0.147977310300E+00
  81.90000  0.142710188424E+00
  82.00000  0.157787570734E+00
  82.10000  0.176012992178E+00
  82.20000  0.174225045908E+00
  82.30000  0.148166065711E+00
  82.40000  0.114369367091E+00
  82.50000  0.932532110679E-01
  82.60000  0.957342838428E-01
  82.70000  0.120189065616E+00
  82.80000  0.152729102241E+00
  82.90000  0.172373164650E+00
  83.00000  0.166676807478E+00
  83.10000  0.145531130933E+00
  83.20000  0.132567542824E+00
  83.30000  0.139310888148E+00
  83.40000  0.152968332488E+00
  83.50000  0.152658964012E+00
  83.60000  0.132222197404E+00
  83.70000  0.103494275280E+00
  83.80000  0.832915427464E-01
  83.90000  0.828611190486E-01
  84.00000  0.104083561845E+00
  84.10000  0.136318982483E+00
  84.20000  0.158617656161E+00
  84.30000  0.155228065082E+00
  84.40000  0.132127874397E+00
  84.50000  0.111985598864E+00
  84.60000  0.109874712390E+00
  84.70000  0.118905063880E+00
  84.80000  0.121816847841E+00
  84.90000  0.110560482735E+00
  85.00000  0.908873146224E-01
  85.10000  0.742103616383E-01
  85.20000  0.711293528267E-01
  85.30000  0.874643277661E-01
  85.40000  0.117279477434E+00
  85.50000  0.141133676477E+00
  85.60000  0.140587532712E+00
  85.70000  0.117238676861E+00
  85.80000  0.917045342462E-01
  85.90000  0.816822099726E-01
  86.00000  0.860251934480E-01
  86.10000  0.917489999694E-01
  86.20000  0.898155022592E-01
  86.30000  0.802094070310E-01
  86.40000  0.682226623390E-01
  86.50000  0.624531805045E-01
  86.60000  0.717599992812E-01
  86.70000  0.954215665889E-01
  86.80000  0.117373799547E+00
  86.90000  0.118515466536E+00
  87.00000  0.967322466969E-01
  87.10000  0.692795313571E-01
  87.20000  0.540587427927E-01
  87.30000  0.539166637452E-01
  87.40000  0.603538738730E-01
  87.50000  0.652285193851E-01
  87.60000  0.646433297069E-01
  87.70000  0.579950257955E-01
  87.80000  0.502704915492E-01
  87.90000  0.514421890789E-01
  88.00000  0.656767613915E-01
  88.10000  0.821639541568E-01
  88.20000  0.838900699728E-01
  88.30000  0.664240782220E-01
  88.40000  0.424172789172E-01
  88.50000  0.268626535659E-01
  88.60000  0.238755670735E-01
  88.70000  0.290715052459E-01
  88.80000  0.373043898412E-01
  88.90000  0.435780861096E-01
  89.00000  0.426730382717E-01
  89.10000  0.349375463159E-01
  89.20000  0.292863353597E-01
  89.30000  0.335157460988E-01
  89.40000  0.429068671367E-01
  89.50000  0.448033885620E-01
  89.60000  0.342222053331E-01
  89.70000  0.188512919180E-01
  89.80000  0.830998650683E-02
  89.90000  0.508950618289E-02
  90.00000  0.767401586180E-02
  90.10000  0.152147532245E-01
  90.20000  0.245273003589E-01
  90.30000  0.282484402289E-01
  90.40000  0.225068051808E-01
  90.50000  0.134914954931E-01
  90.60000  0.103401714828E-01
  90.70000  0.132950494348E-01
  90.80000  0.148226710787E-01
  90.90000  0.112282220794E-01
  91.00000  0.645022013450E-02
  91.10000  0.410210966036E-02
  91.20000  0.285827111857E-02
  91.30000  0.197977718062E-02
  91.40000  0.471214167501E-02
  91.50000  0.118437603302E-01
  91.60000  0.170710864665E-01
  91.70000  0.143342124398E-01
  91.80000  0.648761879037E-02
  91.90000  0.116410526537E-02
  92.00000  0.491915948767E-03
  92.10000  0.885877465789E-03
  92.20000  0.131935854803E-02
  92.30000  0.461571807946E-02
  92.40000  0.100654363547E-01
  92.50000  0.119291939077E-01
  92.60000  0.800696163957E-02
  92.70000  0.384538819899E-02
  92.80000  0.465267319743E-02
  92.90000  0.783296565294E-02
  93.00000  0.803990491685E-02
  93.10000  0.558300001878E-02
  93.20000  0.436983303920E-02
  93.30000  0.455214540462E-02
  93.40000  0.366762866268E-02
  93.50000  0.355508958652E-02
  93.60000  0.892305128260E-02
  93.70000  0.182958717544E-01
  93.80000  0.231039664246E-01
  93.90000  0.184134727846E-01
  94.00000  0.929954578476E-02
  94.10000  0.353281780316E-02
  94.20000  0.278940590369E-02
  94.30000  0.483677828809E-02
  94.40000  0.950643739604E-02
  94.50000  0.167327360889E-01
  94.60000  0.219721951954E-01
  94.70000  0.205835779486E-01
  94.80000  0.159181982905E-01
  94.90000  0.163888351640E-01
  95.00000  0.236664832825E-01
  95.10000  0.297269980513E-01
  95.20000  0.274796200910E-01
  95.30000  0.190446103678E-01
  95.40000  0.110815091255E-01
  95.50000  0.725280170592E-02
  95.60000  0.893712443417E-02
  95.70000  0.180210910184E-01
  95.80000  0.328086956540E-01
  95.90000  0.442796912161E-01
  96.00000  0.435906799794E-01
  96.10000  0.331346191753E-01
  96.20000  0.243860643550E-01
  96.30000  0.242551032870E-01
  96.40000  0.288054849323E-01
  96.50000  0.311808735345E-01
  96.60000  0.298088957005E-01
  96.70000  0.265679581292E-01
  96.80000  0.228532356001E-01
  96.90000  0.216838432516E-01
  97.00000  0.286237796338E-01
  97.10000  0.443463291644E-01
  97.20000  0.588877734578E-01
  97.30000  0.599115299305E-01
  97.40000  0.465905810513E-01
  97.50000  0.303116647423E-01
  97.60000  0.218087311888E-01
  97.70000  0.226401125008E-01
  97.80000  0.291134856927E-01
  97.90000  0.377646147430E-01
  98.00000  0.444942945731E-01
  98.10000  0.447406293610E-01
  98.20000  0.396248339397E-01
  98.30000  0.378348870265E-01
  98.40000  0.456532780432E-01
  98.50000  0.572366335657E-01
  98.60000  0.602416725354E-01
  98.70000  0.501620635027E-01
  98.80000  0.342859737813E-01
  98.90000  0.224605938647E-01
  99.00000  0.195289818766E-01
  99.10000  0.264734704931E-01
  99.20000  0.415962326778E-01
  99.30000  0.575659816535E-01
  99.40000  0.635642357127E-01
  99.50000  0.559243773618E-01
  99.60000  0.436258141689E-01
  99.70000  0.384798823482E-01
  99.80000  0.419581566186E-01
  99.90000  0.459871560313E-01
 100.00000  0.444177363786E-01
 100.10000  0.383199239493E-01
 100.20000  0.314321691273E-01
 100.30000  0.269609417002E-01
 100.40000  0.292947546178E-01
 100.50000  0.417564465025E-01
 100.60000  0.592981770952E-01
 100.70000  0.688705314837E-01
 100.80000  0.620336785848E-01
 100.90000  0.445358276925E-01
 101.00000  0.296321429079E-01
 101.10000  0.245976664700E-01
 101.20000  0.275978947129E-01
 101.30000  0.343381122337E-01
 101.40000  0.414774540938E-01
 101.50000  0.448769343733E-01
 101.60000  0.418062521318E-01
 101.70000  0.365273356883E-01
 101.80000  0.376742626664E-01
 101.90000  0.469749145710E-01
 102.00000  0.550647603691E-01
 102.10000  0.520433350541E-01
 102.20000  0.387700519620E-01
 102.30000  0.243580633181E-01
 102.40000  0.161056211706E-01
 102.50000  0.162035007297E-01
 102.60000  0.246948419344E-01
 102.70000  0.388062387939E-01
 102.80000  0.502094836574E-01
 102.90000  0.501351455057E-01
 103.00000  0.394232609899E-01
 103.10000  0.286270765119E-01
 103.20000  0.258382307622E-01
 103.30000  0.285267762975E-01
 103.40000  0.296086019995E-01
 103.50000  0.268535230330E-01
 103.60000  0.225979687334E-01
 103.70000  0.184389168294E-01
 103.80000  0.156133809186E-01
 103.90000  0.178635899826E-01
 104.00000  0.273850354452E-01
 104.10000  0.383137781356E-01
 104.20000  0.404091813451E-01
 104.30000  0.307397641544E-01
 104.40000  0.171171449735E-01
 104.50000  0.849762329893E-02
 104.60000  0.659286826089E-02
 104.70000  0.879016812601E-02
 104.80000  0.138049365076E-01
 104.90000  0.201238208624E-01
 105.00000  0.230924451115E-01
 105.10000  0.195304801415E-01
 105.20000  0.135233528648E-01
 105.30000  0.120803600354E-01
 105.40000  0.155386767096E-01
 105.50000  0.174297138771E-01
 105.60000  0.139948545039E-01
 105.70000  0.850648170413E-02
 105.80000  0.503314568402E-02
 105.90000  0.341455754748E-02
 106.00000  0.299274399187E-02
 106.10000  0.609894395967E-02
 106.20000  0.133703481174E-01
 106.30000  0.192638936881E-01
 106.40000  0.176023018038E-01
 106.50000  0.986636513024E-02
 106.60000  0.311915580923E-02
 106.70000  0.862404724245E-03
 106.80000  0.101002207187E-02
 106.90000  0.224962550480E-02
 107.00000  0.625225708176E-02
 107.10000  0.121585027273E-01
 107.20000  0.147028745070E-01
 107.30000  0.111979722303E-01
 107.40000  0.615400804725E-02
 107.50000  0.510811731677E-02
 107.60000  0.717505773250E-02
 107.70000  0.792543752797E-02
 107.80000  0.683286845018E-02
 107.90000  0.674550949273E-02
 108.00000  0.770472532377E-02
 108.10000  0.714533818008E-02
 108.20000  0.609051321463E-02
 108.30000  0.912682660713E-02
 108.40000  0.165251016447E-01
 108.50000  0.216230480181E-01
 108.60000  0.190106014239E-01
 108.70000  0.113494929438E-01
 108.80000  0.495911306441E-02
 108.90000  0.239091326033E-02
 109.00000  0.321707288720E-02
 109.10000  0.847124231202E-02
 109.20000  0.184708455718E-01
 109.30000  0.278524425180E-01
 109.40000  0.291416614284E-01
 109.50000  0.221046068762E-01
 109.60000  0.145883875371E-01
 109.70000  0.127682698284E-01
 109.80000  0.150635306128E-01
 109.90000  0.172784828976E-01
 110.00000  0.187414956522E-01
 110.10000  0.202100029242E-01
 110.20000  0.202595449690E-01
 110.30000  0.185684656231E-01
 110.40000  0.196992555278E-01
 110.50000  0.278236097205E-01
 110.60000  0.387450359873E-01
 110.70000  0.427261457811E-01
 110.80000  0.357682797114E-01
 110.90000  0.236739659496E-01
 111.00000  0.145257423743E-01
 111.10000  0.119543017513E-01
 111.20000  0.167285508446E-01
 111.30000  0.288221571395E-01
 111.40000  0.439791398851E-01
 111.50000  0.528855758259E-01
 111.60000  0.495491969633E-01
 111.70000  0.389210161477E-01
 111.80000  0.316110938291E-01
 111.90000  0.320656644432E-01
 112.00000  0.361065501800E-01
 112.10000  0.388216437187E-01
 112.20000  0.394615532619E-01
 112.30000  0.385466685578E-01
 112.40000  0.362759728947E-01
 112.50000  0.359548357903E-01
 112.60000  0.433604367015E-01
 112.70000  0.584058551351E-01
 112.80000  0.710659118021E-01
 112.90000  0.705044218155E-01
 113.00000  0.567799242047E-01
 113.10000  0.400023054466E-01
 113.20000  0.299407989944E-01
 113.30000  0.304648431486E-01
 113.40000  0.415643857906E-01
 113.50000  0.598630054495E-01
 113.60000  0.764632615610E-01
 113.70000  0.811248716352E-01
 113.80000  0.725411559153E-01
 113.90000  0.608692438237E-01
 114.00000  0.567657926125E-01
 114.10000  0.606548235997E-01
 114.20000  0.654600632726E-01
 114.30000  0.663263091923E-01
 114.40000  0.635557010176E-01
 114.50000  0.591391576679E-01
 114.60000  0.562396526468E-01
 114.70000  0.607073622609E-01
 114.80000  0.762049053388E-01
 114.90000  0.961850994325E-01
 115.00000  0.106241933047E+00
 115.10000  0.978565305288E-01
 115.20000  0.770562124619E-01
 115.30000  0.576985129836E-01
 115.40000  0.496876805479E-01
 115.50000  0.555070276677E-01
 115.60000  0.726802131430E-01
 115.70000  0.938334070072E-01
 115.80000  0.107364629448E+00
 115.90000  0.105528750184E+00
 116.00000  0.930795348964E-01
 116.10000  0.831771742200E-01
 116.20000  0.833780525009E-01
 116.30000  0.892382689573E-01
 116.40000  0.922190282023E-01
 116.50000  0.891579718558E-01
 116.60000  0.823655360515E-01
 116.70000  0.757946566689E-01
 116.80000  0.749140389750E-01
 116.90000  0.856410391550E-01
 117.00000  0.107056663633E+00
 117.10000  0.126750389090E+00
 117.20000  0.129610071334E+00
 117.30000  0.112539671073E+00
 117.40000  0.872659252170E-01
 117.50000  0.688623699422E-01
 117.60000  0.651937863896E-01
 117.70000  0.763374622650E-01
 117.80000  0.971317118431E-01
 117.90000  0.117267270237E+00
 118.00000  0.124957689969E+00
 118.10000  0.116853135016E+00
 118.20000  0.102668496228E+00
 118.30000  0.954742195696E-01
 118.40000  0.982609520690E-01
 118.50000  0.103383206830E+00
 118.60000  0.103332905603E+00
 118.70000  0.974040512433E-01
 118.80000  0.890736431247E-01
 118.90000  0.830065220213E-01
 119.00000  0.854101776612E-01
 119.10000  0.100599274766E+00
 119.20000  0.123119376777E+00
 119.30000  0.137629246438E+00
 119.40000  0.131894138366E+00
 119.50000  0.108887518772E+00
 119.60000  0.833702602420E-01
 119.70000  0.687418764605E-01
 119.80000  0.699957320481E-01
 119.90000  0.853575405686E-01
 120.00000  0.107717526844E+00
 120.10000  0.124941897122E+00
 120.20000  0.126448024315E+00
 120.30000  0.113332643294E+00
 120.40000  0.982921897782E-01
 120.50000  0.925554354454E-01
 120.60000  0.955430495285E-01
 120.70000  0.991719918285E-01
 120.80000  0.982283884777E-01
 120.90000  0.930895732879E-01
 121.00000  0.862771007051E-01
 121.10000  0.819183042105E-01
 121.20000  0.863457203900E-01
 121.30000  0.102263278746E+00
 121.40000  0.121372964823E+00
 121.50000  0.128523326671E+00
 121.60000  0.116108046433E+00
 121.70000  0.915325576473E-01
 121.80000  0.693390752803E-01
 121.90000  0.596656144546E-01
 122.00000  0.653057118193E-01
 122.10000  0.836650847617E-01
 122.20000  0.106155488973E+00
 122.30000  0.119475078786E+00
 122.40000  0.114988382860E+00
 122.50000  0.977184521668E-01
 122.60000  0.817260699361E-01
 122.70000  0.760092267027E-01
 122.80000  0.783061034911E-01
 122.90000  0.819995297432E-01
 123.00000  0.835859442853E-01
 123.10000  0.821903865265E-01
 123.20000  0.778065480887E-01
 123.30000  0.739220161472E-01
 123.40000  0.773616775988E-01
 123.50000  0.900408846779E-01
 123.60000  0.102919788997E+00
 123.70000  0.103391108677E+00
 123.80000  0.884677791803E-01
 123.90000  0.671359184577E-01
 124.00000  0.508518909835E-01
 124.10000  0.460549399431E-01
 124.20000  0.545185273492E-01
 124.30000  0.736888135934E-01
 124.40000  0.940287238375E-01
 124.50000  0.102133833689E+00
 124.60000  0.921268163135E-01
 124.70000  0.721268713134E-01
 124.80000  0.559649666119E-01
 124.90000  0.503515896810E-01
 125.00000  0.528849819759E-01
 125.10000  0.590610892221E-01
 125.20000  0.656100466187E-01
 125.30000  0.686192257513E-01
 125.40000  0.653470338911E-01
 125.50000  0.594374540093E-01
 125.60000  0.588178537660E-01
 125.70000  0.655650425441E-01
 125.80000  0.718455371138E-01
 125.90000  0.689279042605E-01
 126.00000  0.570176261597E-01
 126.10000  0.433473972314E-01
 126.20000  0.341843849343E-01
 126.30000  0.326979095074E-01
 126.40000  0.409880366592E-01
 126.50000  0.574710429518E-01
 126.60000  0.728172721123E-01
 126.70000  0.751757438011E-01
 126.80000  0.619434786226E-01
 126.90000  0.426778461403E-01
 127.00000  0.289206543394E-01
 127.10000  0.248408304907E-01
 127.20000  0.288147338748E-01
 127.30000  0.383761643264E-01
 127.40000  0.493830783130E-01
 127.50000  0.547053085354E-01
 127.60000  0.501178233132E-01
 127.70000  0.404614830189E-01
 127.80000  0.348292941153E-01
 127.90000  0.358019980235E-01
 128.00000  0.378596098122E-01
 128.10000  0.362003653192E-01
 128.20000  0.319719350215E-01
 128.30000  0.279352524350E-01
 128.40000  0.245712102747E-01
 128.50000  0.231398904725E-01
 128.60000  0.274106201169E-01
 128.70000  0.376706099627E-01
 128.80000  0.462830638131E-01
 128.90000  0.445270923907E-01
 129.00000  0.326884696875E-01
 129.10000  0.191722003896E-01
 129.20000  0.109059887573E-01
 129.30000  0.920613233876E-02
 129.40000  0.137994145024E-01
 129.50000  0.242582152281E-01
 129.60000  0.358254902685E-01
 129.70000  0.399117849600E-01
 129.80000  0.328881684249E-01
 129.90000  0.210231960723E-01
 130.00000  0.131715604969E-01
 130.10000  0.114485060926E-01
 130.20000  0.125527286467E-01
 130.30000  0.148452686611E-01
 130.40000  0.187240267291E-01
 130.50000  0.218744573103E-01
 130.60000  0.205361622035E-01
 130.70000  0.160083629064E-01
 130.80000  0.142979197118E-01
 130.90000  0.175371522020E-01
 131.00000  0.205376583335E-01
 131.10000  0.183171389047E-01
 131.20000  0.127249462196E-01
 131.30000  0.842822820219E-02
 131.40000  0.635225593484E-02
 131.50000  0.540323865195E-02
 131.60000  0.733636467014E-02
 131.70000  0.140923449756E-01
 131.80000  0.216561668773E-01
 131.90000  0.226160812093E-01
 132.00000  0.154931410250E-01
 132.10000  0.662239813957E-02
 132.20000  0.176831833434E-02
 132.30000  0.720695923714E-03
 132.40000  0.175084466310E-02
 132.50000  0.586761301835E-02
 132.60000  0.128575125200E-01
 132.70000  0.174867094803E-01
 132.80000  0.149579001034E-01
 132.90000  0.795847332204E-02
 133.00000  0.332094169265E-02
 133.10000  0.303962332059E-02
 133.20000  0.359886036141E-02
 133.30000  0.333797576997E-02
 133.40000  0.458582962806E-02
 133.50000  0.766600907817E-02
 133.60000  0.866150555464E-02
 133.70000  0.578784816631E-02
 133.80000  0.314195409757E-02
 133.90000  0.447575183781E-02
 134.00000  0.712049082636E-02
 134.10000  0.642866797738E-02
 134.20000  0.323718221537E-02
 134.30000  0.188319493810E-02
 134.40000  0.278063252859E-02
 134.50000  0.260597862351E-02
 134.60000  0.119284690376E-02
 134.70000  0.225176088364E-02
 134.80000  0.626285040958E-02
 134.90000  0.831971329830E-02
 135.00000  0.546828621848E-02
 135.10000  0.137178911786E-02
 135.20000  0.404190132454E-03
 135.30000  0.129556279190E-02
 135.40000  0.811602597396E-03
 135.50000  0.225796762542E-03
 135.60000  0.277930803093E-02
 135.70000  0.677339977527E-02
 135.80000  0.710324225348E-02
 135.90000  0.327553456818E-02
 136.00000  0.243797730620E-03
 136.10000  0.570563158590E-03
 136.20000  0.128279168217E-02
 136.30000  0.309917129841E-03
 136.40000  0.581335300851E-03
 136.50000  0.431988993649E-02
 136.60000  0.781931848630E-02
 136.70000  0.653167523765E-02
 136.80000  0.221788590291E-02
 136.90000  0.221132098214E-04
 137.00000  0.599702130870E-03
 137.10000  0.640333978178E-03
 137.20000  0.360735900226E-04
 137.30000  0.232420429160E-02
 137.40000  0.739579075605E-02
 137.50000  0.979839253649E-02
 137.60000  0.660317139464E-02
 137.70000  0.192044529698E-02
 137.80000  0.487428423572E-03
 137.90000  0.121920142322E-02
 138.00000  0.109063042070E-02
 138.10000  0.144808556798E-02
 138.20000  0.509722520102E-02
 138.30000  0.962653733863E-02
 138.40000  0.974219069004E-02
 138.50000  0.557484572800E-02
 138.60000  0.280157621565E-02
 138.70000  0.400240571557E-02
 138.80000  0.556369939995E-02
 138.90000  0.472029263072E-02
 139.00000  0.404730027618E-02
 139.10000  0.593788346689E-02
 139.20000  0.764707396377E-02
 139.30000  0.625372077788E-02
 139.40000  0.468800287878E-02
 139.50000  0.740444763878E-02
 139.60000  0.124343006752E-01
 139.70000  0.135648714962E-01
 139.80000  0.948416226202E-02
 139.90000  0.503058096035E-02
 140.00000  0.336585958331E-02
 140.10000  0.288549420313E-02
 140.20000  0.311207581188E-02
 140.30000  0.732991586133E-02
 140.40000  0.159260642577E-01
 140.50000  0.222472076677E-01
 140.60000  0.199779121382E-01
 140.70000  0.114854340572E-01
 140.80000  0.418800218664E-02
 140.90000  0.132529523781E-02
 141.00000  0.148335325135E-02
 141.10000  0.488726324515E-02
 141.20000  0.132063714558E-01
 141.30000  0.229959238259E-01
 141.40000  0.262653217146E-01
 141.50000  0.201761020442E-01
 141.60000  0.111176525199E-01
 141.70000  0.633135174165E-02
 141.80000  0.609291650797E-02
 141.90000  0.745797904783E-02
 142.00000  0.107762173631E-01
 142.10000  0.170769889547E-01
 142.20000  0.224225332579E-01
 142.30000  0.215656731977E-01
 142.40000  0.162310282269E-01
 142.50000  0.135368777761E-01
 142.60000  0.159152878349E-01
 142.70000  0.184509555556E-01
 142.80000  0.173479999963E-01
 142.90000  0.150814060777E-01
 143.00000  0.146669122785E-01
 143.10000  0.145606144056E-01
 143.20000  0.133840794370E-01
 143.30000  0.148408746413E-01
 143.40000  0.221441664503E-01
 143.50000  0.305065807240E-01
 143.60000  0.314912659738E-01
 143.70000  0.238351443870E-01
 143.80000  0.143421465763E-01
 143.90000  0.862914587556E-02
 144.00000  0.704293364599E-02
 144.10000  0.992389879551E-02
 144.20000  0.194924784813E-01
 144.30000  0.332127618334E-01
 144.40000  0.414052464526E-01
 144.50000  0.368815959609E-01
 144.60000  0.237187056995E-01
 144.70000  0.119857952611E-01
 144.80000  0.683829802965E-02
 144.90000  0.760524552025E-02
 145.00000  0.141194372336E-01
 145.10000  0.264029819930E-01
 145.20000  0.386814020562E-01
 145.30000  0.416002100924E-01
 145.40000  0.330477235416E-01
 145.50000  0.213515135212E-01
 145.60000  0.150878122617E-01
 145.70000  0.146556219694E-01
 145.80000  0.167384658482E-01
 145.90000  0.212618334782E-01
 146.00000  0.285390115079E-01
 146.10000  0.338708894852E-01
 146.20000  0.321173292638E-01
 146.30000  0.260688802149E-01
 146.40000  0.235992683224E-01
 146.50000  0.266505800587E-01
 146.60000  0.293178064233E-01
 146.70000  0.275586017697E-01
 146.80000  0.243267772058E-01
 146.90000  0.230029111173E-01
 147.00000  0.222043526992E-01
 147.10000  0.210239917026E-01
 147.20000  0.236355712446E-01
 147.30000  0.327284280151E-01
 147.40000  0.420717140320E-01
 147.50000  0.423170697652E-01
 147.60000  0.327242456587E-01
 147.70000  0.212622141586E-01
 147.80000  0.142582446160E-01
 147.90000  0.123805506661E-01
 148.00000  0.163240955387E-01
 148.10000  0.281734126997E-01
 148.20000  0.441016055908E-01
 148.30000  0.527648660586E-01
 148.40000  0.465426141481E-01
 148.50000  0.306139203384E-01
 148.60000  0.164331250613E-01
 148.70000  0.993557114741E-02
 148.80000  0.109329986875E-01
 148.90000  0.195627636639E-01
 149.00000  0.351467863661E-01
 149.10000  0.499404351263E-01
 149.20000  0.527889713625E-01
 149.30000  0.415594619844E-01
 149.40000  0.261108307585E-01
 149.50000  0.166680136746E-01
 149.60000  0.147555874796E-01
 149.70000  0.178702536732E-01
 149.80000  0.259996451012E-01
 149.90000  0.378418304806E-01
 150.00000  0.459068488208E-01
 150.10000  0.432452744122E-01
 150.20000  0.332388571684E-01
 150.30000  0.259048283564E-01
 150.40000  0.252623601842E-01
 150.50000  0.268648691260E-01
 150.60000  0.274386927283E-01
 150.70000  0.292347038980E-01
 150.80000  0.329810270957E-01
 150.90000  0.341960853518E-01
 151.00000  0.308860479897E-01
 151.10000  0.287793275211E-01
 151.20000  0.330952523866E-01
 151.30000  0.394937800853E-01
 151.40000  0.396708350987E-01
 151.50000  0.330525209400E-01
 151.60000  0.262308396599E-01
 151.70000  0.227961462308E-01
 151.80000  0.213097763670E-01
 151.90000  0.227827972913E-01
 152.00000  0.313566148566E-01
 152.10000  0.448782130577E-01
 152.20000  0.524615555573E-01
 152.30000  0.464589340707E-01
 152.40000  0.318532502438E-01
 152.50000  0.192224886395E-01
 152.60000  0.132992126078E-01
 152.70000  0.138130494168E-01
 152.80000  0.222454925060E-01
 152.90000  0.389067579290E-01
 153.00000  0.551916693604E-01
 153.10000  0.581865730294E-01
 153.20000  0.450641581280E-01
 153.30000  0.264376559156E-01
 153.40000  0.137789781920E-01
 153.50000  0.100029583098E-01
 153.60000  0.142494869718E-01
 153.70000  0.272629318484E-01
 153.80000  0.458365396460E-01
 153.90000  0.583408372846E-01
 154.00000  0.545660919990E-01
 154.10000  0.380764521166E-01
 154.20000  0.220434196732E-01
 154.30000  0.145065475304E-01
 154.40000  0.144509759239E-01
 154.50000  0.203452585002E-01
 154.60000  0.328478230071E-01
 154.70000  0.472871338928E-01
 154.80000  0.528432625561E-01
 154.90000  0.447323275676E-01
 155.00000  0.312482126139E-01
 155.10000  0.233746728855E-01
 155.20000  0.224748563684E-01
 155.30000  0.238511015152E-01
 155.40000  0.270361108999E-01
 155.50000  0.342014067896E-01
 155.60000  0.414091289034E-01
 155.70000  0.411669308961E-01
 155.80000  0.340809502539E-01
 155.90000  0.293282815720E-01
 156.00000  0.314681795122E-01
 156.10000  0.346370043368E-01
 156.20000  0.331000904944E-01
 156.30000  0.298897539110E-01
 156.40000  0.297967546064E-01
 156.50000  0.306448707381E-01
 156.60000  0.287596253449E-01
 156.70000  0.279607963000E-01
 156.80000  0.342065857233E-01
 156.90000  0.437695897014E-01
 157.00000  0.459934290804E-01
 157.10000  0.378475267564E-01
 157.20000  0.273468575826E-01
 157.30000  0.214839232483E-01
 157.40000  0.194413211381E-01
 157.50000  0.203778486416E-01
 157.60000  0.284601094118E-01
 157.70000  0.437499596653E-01
 157.80000  0.553017283687E-01
 157.90000  0.519433310281E-01
 158.00000  0.363615448264E-01
 158.10000  0.209957454784E-01
 158.20000  0.131011295846E-01
 158.30000  0.120251599703E-01
 158.40000  0.183478753268E-01
 158.50000  0.343488166085E-01
 158.60000  0.537454867307E-01
 158.70000  0.617149191468E-01
 158.80000  0.508707454177E-01
 158.90000  0.304452029097E-01
 159.00000  0.146443593237E-01
 159.10000  0.846751194905E-02
 159.20000  0.105216656460E-01
 159.30000  0.219017247281E-01
 159.40000  0.420421470941E-01
 159.50000  0.598500021933E-01
 159.60000  0.608258410514E-01
 159.70000  0.440952231489E-01
 159.80000  0.236842061256E-01
 159.90000  0.117764659471E-01
 160.00000  0.927073333392E-02
 160.10000  0.141606976305E-01
 160.20000  0.279714313284E-01
 160.30000  0.475326296046E-01
 160.40000  0.595866827519E-01
 160.50000  0.535363406588E-01
 160.60000  0.352889491686E-01
 160.70000  0.199505545588E-01
 160.80000  0.142345153016E-01
 160.90000  0.147691621017E-01
 161.00000  0.202166642196E-01
 161.10000  0.329748881604E-01
 161.20000  0.481473689507E-01
 161.30000  0.530523407592E-01
 161.40000  0.429736313288E-01
 161.50000  0.285293851859E-01
 161.60000  0.215574452526E-01
 161.70000  0.214960761806E-01
 161.80000  0.224251639940E-01
 161.90000  0.255332981006E-01
 162.00000  0.344533181793E-01
 162.10000  0.434928702646E-01
 162.20000  0.426413688411E-01
 162.30000  0.331359344869E-01
 162.40000  0.267300687458E-01
 162.50000  0.284618638588E-01
 162.60000  0.310141715972E-01
 162.70000  0.289826544725E-01
 162.80000  0.276158632338E-01
 162.90000  0.315608787254E-01
 163.00000  0.349942888599E-01
 163.10000  0.317141118121E-01
 163.20000  0.273436419302E-01
 163.30000  0.308264190029E-01
 163.40000  0.387342677515E-01
 163.50000  0.396863154224E-01
 163.60000  0.321260651293E-01
 163.70000  0.257612828217E-01
 163.80000  0.253102093356E-01
 163.90000  0.252278392649E-01
 164.00000  0.233544117665E-01
 164.10000  0.271331825689E-01
 164.20000  0.394814717636E-01
 164.30000  0.491239999147E-01
 164.40000  0.446428832489E-01
 164.50000  0.307752900240E-01
 164.60000  0.206156680366E-01
 164.70000  0.176034861916E-01
 164.80000  0.168214195179E-01
 164.90000  0.196295880716E-01
 165.00000  0.323722964604E-01
 165.10000  0.502058924996E-01
 165.20000  0.567173922659E-01
 165.30000  0.446597682639E-01
 165.40000  0.257585671689E-01
 165.50000  0.141157210337E-01
 165.60000  0.106902320049E-01
 165.70000  0.117279255487E-01
 165.80000  0.210912017552E-01
 165.90000  0.413813664510E-01
 166.00000  0.600344569756E-01
 166.10000  0.595168082323E-01
 166.20000  0.399604188753E-01
 166.30000  0.187755313743E-01
 166.40000  0.813350224280E-02
 166.50000  0.605755605119E-02
 166.60000  0.106548590213E-01
 166.70000  0.268337236021E-01
 166.80000  0.515202378790E-01
 166.90000  0.662442769548E-01
 167.00000  0.567794230837E-01
 167.10000  0.320093046295E-01
 167.20000  0.119609285589E-01
 167.30000  0.420771702970E-02
 167.40000  0.446602450776E-02
 167.50000  0.134350775847E-01
 167.60000  0.353333112448E-01
 167.70000  0.604851043666E-01
 167.80000  0.676358163308E-01
 167.90000  0.496250155869E-01
 168.00000  0.232622962826E-01
 168.10000  0.722563239639E-02
 168.20000  0.303460911295E-02
 168.30000  0.579495346726E-02
 168.40000  0.191325338114E-01
 168.50000  0.446225604350E-01
 168.60000  0.662521250659E-01
 168.70000  0.639045550590E-01
 168.80000  0.398263744120E-01
 168.90000  0.158908660863E-01
 169.00000  0.552522244405E-02
 169.10000  0.441817378759E-02
 169.20000  0.938718339492E-02
 169.30000  0.265663208736E-01
 169.40000  0.529843069774E-01
 169.50000  0.678011123518E-01
 169.60000  0.560380124389E-01
 169.70000  0.297292507563E-01
 169.80000  0.115337978403E-01
 169.90000  0.683353606801E-02
 170.00000  0.747995933706E-02
 170.10000  0.142437636558E-01
 170.20000  0.343556169550E-01
 170.30000  0.588460461222E-01
 170.40000  0.647709310783E-01
 170.50000  0.456583675584E-01
 170.60000  0.215367666710E-01
 170.70000  0.109984511305E-01
 170.80000  0.104538888791E-01
 170.90000  0.113436907193E-01
 171.00000  0.198350598738E-01
 171.10000  0.418666958222E-01
 171.20000  0.618172645547E-01
 171.30000  0.582162956851E-01
 171.40000  0.351672228524E-01
 171.50000  0.170356193411E-01
 171.60000  0.140734713663E-01
 171.70000  0.150712880226E-01
 171.80000  0.150626107031E-01
 171.90000  0.255132959326E-01
 172.00000  0.480699478817E-01
 172.10000  0.611674138694E-01
 172.20000  0.489333935712E-01
 172.30000  0.262940428998E-01
 172.40000  0.168353101404E-01
 172.50000  0.195982636892E-01
 172.60000  0.192811183688E-01
 172.70000  0.182155358302E-01
 172.80000  0.312767155266E-01
 172.90000  0.528001891376E-01
 173.00000  0.574833723096E-01
 173.10000  0.389765452540E-01
 173.20000  0.211536855875E-01
 173.30000  0.211784996400E-01
 173.40000  0.262960310735E-01
 173.50000  0.222926822673E-01
 173.60000  0.210951719758E-01
 173.70000  0.372662367989E-01
 173.80000  0.556423056679E-01
 173.90000  0.510968135238E-01
 174.00000  0.298878787735E-01
 174.10000  0.207102051667E-01
 174.20000  0.289331046014E-01
 174.30000  0.321133525391E-01
 174.40000  0.232325644156E-01
 174.50000  0.239996772456E-01
 174.60000  0.435026859574E-01
 174.70000  0.563569419186E-01
 174.80000  0.428895589754E-01
 174.90000  0.235093978200E-01
 175.00000  0.256929637513E-01
 175.10000  0.389438643670E-01
 175.20000  0.359705227742E-01
 175.30000  0.228242540686E-01
 175.40000  0.284189578150E-01
 175.50000  0.505085548822E-01
 175.60000  0.550942558909E-01
 175.70000  0.343018086977E-01
 175.80000  0.219526528418E-01
 175.90000  0.365046778315E-01
 176.00000  0.495794251517E-01
 176.10000  0.366940843014E-01
 176.20000  0.219424821700E-01
 176.30000  0.357869735563E-01
 176.40000  0.585055251575E-01
 176.50000  0.517326843121E-01
 176.60000  0.265394967813E-01
 176.70000  0.269265438844E-01
 176.80000  0.531249043075E-01
 176.90000  0.593144565948E-01
 177.00000  0.340420383710E-01
 177.10000  0.228029594202E-01
 177.20000  0.485157852157E-01
 177.30000  0.680163186209E-01
 177.40000  0.463685477510E-01
 177.50000  0.219140148687E-01
 177.60000  0.422509240893E-01
 177.70000  0.774907468007E-01
 177.80000  0.674970930125E-01
 177.90000  0.286063764168E-01
 178.00000  0.303264049847E-01
 178.10000  0.731566389469E-01
 178.20000  0.822563731528E-01
 178.30000  0.396485621612E-01
 178.40000  0.250151701258E-01
 178.50000  0.786039835071E-01
 178.60000  0.118842540397E+00
 178.70000  0.756679254520E-01
 178.80000  0.224201723549E-01
 178.90000  0.610115429474E-01
 179.00000  0.136433508578E+00
 179.10000  0.115960572068E+00
 179.20000  0.316435739647E-01
 179.30000  0.591386237835E-01
 179.40000  0.211785241814E+00
 179.50000  0.260631153518E+00
 179.60000  0.103142804213E+00
 179.70000  0.395216302561E-01
 179.80000  0.425947605830E+00
 179.90000  0.110098721732E+01
 180.00000  0.144425304470E+01
