    0.1000      0.823737050101E+07
    0.2000      0.405107658191E+07
    0.3000      0.107202875541E+07
    0.4000      0.237980744727E+06
    0.5000      0.275311802345E+06
    0.6000      0.212891389320E+06
    0.7000      0.105687391764E+06
    0.8000      0.101194376411E+06
    0.9000      0.972636688674E+05
    1.0000      0.619591246118E+05
    1.1000      0.501519262953E+05
    1.2000      0.500971808269E+05
    1.3000      0.373803750132E+05
    1.4000      0.305165999092E+05
    1.5000      0.331289645133E+05
    1.6000      0.274964428079E+05
    1.7000      0.166865055374E+05
    1.8000      0.131902999697E+05
    1.9000      0.134589586867E+05
    2.0000      0.108639892915E+05
    2.1000      0.873966698150E+04
    2.2000      0.978523341114E+04
    2.3000      0.985443019271E+04
    2.4000      0.718549197262E+04
    2.5000      0.594707715434E+04
    2.6000      0.755016321270E+04
    2.7000      0.836622969041E+04
    2.8000      0.750348680181E+04
    2.9000      0.736739115328E+04
    3.0000      0.739807746854E+04
    3.1000      0.570935307609E+04
    3.2000      0.388559140443E+04
    3.3000      0.391646979335E+04
    3.4000      0.451804934066E+04
    3.5000      0.410531963131E+04
    3.6000      0.339420980997E+04
    3.7000      0.325546572136E+04
    3.8000      0.306183618546E+04
    3.9000      0.233400875320E+04
    4.0000      0.196653466098E+04
    4.1000      0.257552718524E+04
    4.2000      0.320654822933E+04
    4.3000      0.303098164535E+04
    4.4000      0.263896484519E+04
    4.5000      0.251376552344E+04
    4.6000      0.219883104854E+04
    4.7000      0.167301635453E+04
    4.8000      0.160881833490E+04
    4.9000      0.203322339753E+04
    5.0000      0.224251415822E+04
    5.1000      0.197840305886E+04
    5.2000      0.166635915101E+04
    5.3000      0.155453962253E+04
    5.4000      0.138879513578E+04
    5.5000      0.111404480556E+04
    5.6000      0.114082617737E+04
    5.7000      0.153052881986E+04
    5.8000      0.173601793405E+04
    5.9000      0.150565817194E+04
    6.0000      0.119340353014E+04
    6.1000      0.102533379768E+04
    6.2000      0.859417453219E+03
    6.3000      0.681575179424E+03
    6.4000      0.716257741164E+03
    6.5000      0.100300110468E+04
    6.6000      0.124483793602E+04
    6.7000      0.121663328854E+04
    6.8000      0.106444127129E+04
    6.9000      0.977508155552E+03
    7.0000      0.879204448794E+03
    7.1000      0.721694303869E+03
    7.2000      0.689846092311E+03
    7.3000      0.852056994546E+03
    7.4000      0.989254222648E+03
    7.5000      0.932738901259E+03
    7.6000      0.778314239905E+03
    7.7000      0.677007801000E+03
    7.8000      0.611865643289E+03
    7.9000      0.508025336592E+03
    8.0000      0.448000163638E+03
    8.1000      0.553602017832E+03
    8.2000      0.720889501438E+03
    8.3000      0.744463993793E+03
    8.4000      0.624774897849E+03
    8.5000      0.505217538449E+03
    8.6000      0.425612101130E+03
    8.7000      0.339315734533E+03
    8.8000      0.273970215667E+03
    8.9000      0.320891359864E+03
    9.0000      0.476656288560E+03
    9.1000      0.604841689135E+03
    9.2000      0.613480494906E+03
    9.3000      0.560286991984E+03
    9.4000      0.507084536010E+03
    9.5000      0.425471075715E+03
    9.6000      0.320898952107E+03
    9.7000      0.284253255602E+03
    9.8000      0.359037464610E+03
    9.9000      0.472460095747E+03
   10.0000      0.533918390688E+03
   10.1000      0.539514469300E+03
   10.2000      0.534711344939E+03
   10.3000      0.507818872400E+03
   10.4000      0.416573466714E+03
   10.5000      0.306122419159E+03
   10.6000      0.271910020816E+03
   10.7000      0.316960318095E+03
   10.8000      0.361455472093E+03
   10.9000      0.367700983137E+03
   11.0000      0.366497890325E+03
   11.1000      0.375904329971E+03
   11.2000      0.358267218421E+03
   11.3000      0.286057450822E+03
   11.4000      0.209716311321E+03
   11.5000      0.193848680620E+03
   11.6000      0.220751155720E+03
   11.7000      0.232984119036E+03
   11.8000      0.224956110137E+03
   11.9000      0.223981958929E+03
   12.0000      0.226024051925E+03
   12.1000      0.202682884192E+03
   12.2000      0.154396515670E+03
   12.3000      0.123026569489E+03
   12.4000      0.136571561192E+03
   12.5000      0.169623601340E+03
   12.6000      0.190701567061E+03
   12.7000      0.206714475687E+03
   12.8000      0.224457176705E+03
   12.9000      0.220761845473E+03
   13.0000      0.182641195870E+03
   13.1000      0.136909777160E+03
   13.2000      0.120480861151E+03
   13.3000      0.138629742258E+03
   13.4000      0.167714599823E+03
   13.5000      0.197849052891E+03
   13.6000      0.241162137337E+03
   13.7000      0.286495975565E+03
   13.8000      0.294793636338E+03
   13.9000      0.256792090357E+03
   14.0000      0.209561959553E+03
   14.1000      0.186386559067E+03
   14.2000      0.183975362880E+03
   14.3000      0.186060080496E+03
   14.4000      0.199026519640E+03
   14.5000      0.240901855398E+03
   14.6000      0.296276165476E+03
   14.7000      0.321070823286E+03
   14.8000      0.302007602890E+03
   14.9000      0.270081220382E+03
   15.0000      0.249877830355E+03
   15.1000      0.233839331683E+03
   15.2000      0.211328472025E+03
   15.3000      0.196632806286E+03
   15.4000      0.211965818742E+03
   15.5000      0.248447316908E+03
   15.6000      0.270446686352E+03
   15.7000      0.264586318671E+03
   15.8000      0.251833811630E+03
   15.9000      0.246212073900E+03
   16.0000      0.236402271483E+03
   16.1000      0.213218730425E+03
   16.2000      0.190085550077E+03
   16.3000      0.186569081662E+03
   16.4000      0.199406833713E+03
   16.5000      0.205441385847E+03
   16.6000      0.196487635212E+03
   16.7000      0.188167337271E+03
   16.8000      0.188688552616E+03
   16.9000      0.186418065265E+03
   17.0000      0.173433475106E+03
   17.1000      0.159430827119E+03
   17.2000      0.157097068470E+03
   17.3000      0.163123744145E+03
   17.4000      0.161853311706E+03
   17.5000      0.148934651295E+03
   17.6000      0.136961963531E+03
   17.7000      0.132366135111E+03
   17.8000      0.126722415378E+03
   17.9000      0.115801388929E+03
   18.0000      0.108362518039E+03
   18.1000      0.112528905268E+03
   18.2000      0.123531595501E+03
   18.3000      0.128568819611E+03
   18.4000      0.123142424235E+03
   18.5000      0.115066189447E+03
   18.6000      0.108325829938E+03
   18.7000      0.969995150283E+02
   18.8000      0.803357161353E+02
   18.9000      0.683542020081E+02
   19.0000      0.688863796860E+02
   19.1000      0.787284142447E+02
   19.2000      0.885777654435E+02
   19.3000      0.938409422581E+02
   19.4000      0.972845232461E+02
   19.5000      0.986390266799E+02
   19.6000      0.910919907399E+02
   19.7000      0.738669402910E+02
   19.8000      0.567534997179E+02
   19.9000      0.483088867334E+02
   20.0000      0.485403844490E+02
   20.1000      0.532305324075E+02
   20.2000      0.604377622174E+02
   20.3000      0.711822032028E+02
   20.4000      0.825078372912E+02
   20.5000      0.856491095981E+02
   20.6000      0.769287702155E+02
   20.7000      0.628597942143E+02
   20.8000      0.506106946674E+02
   20.9000      0.417800967114E+02
   21.0000      0.362441862770E+02
   21.1000      0.359290015914E+02
   21.2000      0.435310890349E+02
   21.3000      0.570024723988E+02
   21.4000      0.678897349403E+02
   21.5000      0.700844584820E+02
   21.6000      0.657200169188E+02
   21.7000      0.585815038938E+02
   21.8000      0.491075687485E+02
   21.9000      0.381291458095E+02
   22.0000      0.295587531448E+02
   22.1000      0.281607658330E+02
   22.2000      0.349012060748E+02
   22.3000      0.446983462526E+02
   22.4000      0.520193495618E+02
   22.5000      0.562926685562E+02
   22.6000      0.579025189068E+02
   22.7000      0.546852869737E+02
   22.8000      0.459763454887E+02
   22.9000      0.351867749407E+02
   23.0000      0.273061757812E+02
   23.1000      0.252694786666E+02
   23.2000      0.278608752127E+02
   23.3000      0.325216792484E+02
   23.4000      0.389863153814E+02
   23.5000      0.463189721621E+02
   23.6000      0.503085415873E+02
   23.7000      0.480357613664E+02
   23.8000      0.411253044736E+02
   23.9000      0.332404122783E+02
   24.0000      0.270375766564E+02
   24.1000      0.229846214444E+02
   24.2000      0.211110215100E+02
   24.3000      0.232418499894E+02
   24.4000      0.298816588464E+02
   24.5000      0.369964394313E+02
   24.6000      0.402429318707E+02
   24.7000      0.393608623679E+02
   24.8000      0.363140596066E+02
   24.9000      0.322764188296E+02
   25.0000      0.270097862562E+02
   25.1000      0.207528455882E+02
   25.2000      0.165464644038E+02
   25.3000      0.174790523595E+02
   25.4000      0.220525192940E+02
   25.5000      0.264272279173E+02
   25.6000      0.292735883228E+02
   25.7000      0.312826015881E+02
   25.8000      0.324117856093E+02
   25.9000      0.311065078416E+02
   26.0000      0.260095031052E+02
   26.1000      0.190232359326E+02
   26.2000      0.143401998971E+02
   26.3000      0.134723659911E+02
   26.4000      0.147640145820E+02
   26.5000      0.171403450175E+02
   26.6000      0.207364304376E+02
   26.7000      0.250856772600E+02
   26.8000      0.283235276451E+02
   26.9000      0.279569544047E+02
   27.0000      0.236120759791E+02
   27.1000      0.180461466336E+02
   27.2000      0.137433986746E+02
   27.3000      0.110379580877E+02
   27.4000      0.100887042308E+02
   27.5000      0.114363384520E+02
   27.6000      0.148779461583E+02
   27.7000      0.192100017840E+02
   27.8000      0.223657411566E+02
   27.9000      0.227843787766E+02
   28.0000      0.209473357588E+02
   28.1000      0.179522728289E+02
   28.2000      0.141500498177E+02
   28.3000      0.104374293327E+02
   28.4000      0.831024506705E+01
   28.5000      0.838463556802E+01
   28.6000      0.103390776691E+02
   28.7000      0.132325938602E+02
   28.8000      0.159072557976E+02
   28.9000      0.178939216887E+02
   29.0000      0.187465723883E+02
   29.1000      0.174193462386E+02
   29.2000      0.140366032096E+02
   29.3000      0.103752771880E+02
   29.4000      0.788650952231E+01
   29.5000      0.696142802922E+01
   29.6000      0.739973245659E+01
   29.7000      0.879710373509E+01
   29.8000      0.111332224152E+02
   29.9000      0.140312225222E+02
   30.0000      0.157759272240E+02
   30.1000      0.151076264166E+02
   30.2000      0.128348724502E+02
   30.3000      0.104138035385E+02
   30.4000      0.857349665479E+01
   30.5000      0.735055808075E+01
   30.6000      0.651363440111E+01
   30.7000      0.647312942279E+01
   30.8000      0.793178547283E+01
   30.9000      0.101764698753E+02
   31.0000      0.116500436045E+02
   31.1000      0.119156902039E+02
   31.2000      0.114649361243E+02
   31.3000      0.107181604216E+02
   31.4000      0.976347273495E+01
   31.5000      0.829897046124E+01
   31.6000      0.648897499456E+01
   31.7000      0.546865683685E+01
   31.8000      0.585040559161E+01
   31.9000      0.703885603923E+01
   32.0000      0.839984506175E+01
   32.1000      0.958474456985E+01
   32.2000      0.102917361599E+02
   32.3000      0.104557627185E+02
   32.4000      0.990409131196E+01
   32.5000      0.847452801293E+01
   32.6000      0.678956412521E+01
   32.7000      0.564849867864E+01
   32.8000      0.522383816972E+01
   32.9000      0.555017178907E+01
   33.0000      0.651899232387E+01
   33.1000      0.759250129782E+01
   33.2000      0.842518932444E+01
   33.3000      0.891982964587E+01
   33.4000      0.887267665464E+01
   33.5000      0.836636478576E+01
   33.6000      0.761639644816E+01
   33.7000      0.657277349513E+01
   33.8000      0.553825292867E+01
   33.9000      0.511736163933E+01
   34.0000      0.534613061547E+01
   34.1000      0.593000140597E+01
   34.2000      0.667718591293E+01
   34.3000      0.734322040897E+01
   34.4000      0.786960794909E+01
   34.5000      0.823405157053E+01
   34.6000      0.797687914889E+01
   34.7000      0.694319865591E+01
   34.8000      0.578899666259E+01
   34.9000      0.509521603556E+01
   35.0000      0.497753143272E+01
   35.1000      0.531809875589E+01
   35.2000      0.576481774036E+01
   35.3000      0.618616259202E+01
   35.4000      0.678083241180E+01
   35.5000      0.730410869676E+01
   35.6000      0.727501293224E+01
   35.7000      0.677659830633E+01
   35.8000      0.615495206599E+01
   35.9000      0.565481184425E+01
   36.0000      0.544919043650E+01
   36.1000      0.536455463776E+01
   36.2000      0.519354827527E+01
   36.3000      0.521090631417E+01
   36.4000      0.558776404282E+01
   36.5000      0.605549309605E+01
   36.6000      0.642009396606E+01
   36.7000      0.655126074505E+01
   36.8000      0.633683587305E+01
   36.9000      0.598466297999E+01
   37.0000      0.565466961232E+01
   37.1000      0.525252669639E+01
   37.2000      0.491466797564E+01
   37.3000      0.484460351648E+01
   37.4000      0.498685059111E+01
   37.5000      0.533352515414E+01
   37.6000      0.579710719068E+01
   37.7000      0.603488911785E+01
   37.8000      0.597438836841E+01
   37.9000      0.581032013337E+01
   38.0000      0.559407918032E+01
   38.1000      0.540781305889E+01
   38.2000      0.530148788007E+01
   38.3000      0.510003847782E+01
   38.4000      0.486355588402E+01
   38.5000      0.487092478170E+01
   38.6000      0.507745836684E+01
   38.7000      0.531464109708E+01
   38.8000      0.552770971006E+01
   38.9000      0.560337362476E+01
   39.0000      0.557828235443E+01
   39.1000      0.559085916652E+01
   39.2000      0.547470866492E+01
   39.3000      0.511807389042E+01
   39.4000      0.478315468063E+01
   39.5000      0.465657444414E+01
   39.6000      0.475066385398E+01
   39.7000      0.502467347651E+01
   39.8000      0.522995260330E+01
   39.9000      0.522793744760E+01
   40.0000      0.522055630272E+01
   40.1000      0.525503184048E+01
   40.2000      0.519032698507E+01
   40.3000      0.505797840018E+01
   40.4000      0.489462593185E+01
   40.5000      0.472765005230E+01
   40.6000      0.471121026545E+01
   40.7000      0.479019390856E+01
   40.8000      0.476505698219E+01
   40.9000      0.471528134290E+01
   41.0000      0.475986573972E+01
   41.1000      0.485670723499E+01
   41.2000      0.500637374541E+01
   41.3000      0.510203100707E+01
   41.4000      0.496655068696E+01
   41.5000      0.473181833575E+01
   41.6000      0.459577244578E+01
   41.7000      0.453610086569E+01
   41.8000      0.455423804208E+01
   41.9000      0.462621654593E+01
   42.0000      0.463236205404E+01
   42.1000      0.464659428850E+01
   42.2000      0.475345558892E+01
   42.3000      0.479565164429E+01
   42.4000      0.471973954237E+01
   42.5000      0.462880479371E+01
   42.6000      0.454652320072E+01
   42.7000      0.454104528288E+01
   42.8000      0.462603878936E+01
   42.9000      0.460054022458E+01
   43.0000      0.443817821472E+01
   43.1000      0.434719685275E+01
   43.2000      0.437952903244E+01
   43.3000      0.449228239600E+01
   43.4000      0.463456181536E+01
   43.5000      0.464732715151E+01
   43.6000      0.453345521215E+01
   43.7000      0.447738731015E+01
   43.8000      0.445796917765E+01
   43.9000      0.438213325934E+01
   44.0000      0.431106150189E+01
   44.1000      0.426473971752E+01
   44.2000      0.426440069579E+01
   44.3000      0.437443303536E+01
   44.4000      0.445730784413E+01
   44.5000      0.437681822772E+01
   44.6000      0.426383996490E+01
   44.7000      0.422241877335E+01
   44.8000      0.423724117801E+01
   44.9000      0.431221438226E+01
   45.0000      0.433841785533E+01
   45.1000      0.422730766633E+01
   45.2000      0.412882948110E+01
   45.3000      0.412675374839E+01
   45.4000      0.413527449865E+01
   45.5000      0.415086520164E+01
   45.6000      0.416661510516E+01
   45.7000      0.414744112744E+01
   45.8000      0.418130629626E+01
   45.9000      0.425448730543E+01
   46.0000      0.420882549306E+01
   46.1000      0.407628096900E+01
   46.2000      0.398870327204E+01
   46.3000      0.397501476882E+01
   46.4000      0.406200113074E+01
   46.5000      0.417482400989E+01
   46.6000      0.413794838154E+01
   46.7000      0.400400041521E+01
   46.8000      0.394350517039E+01
   46.9000      0.395470907937E+01
   47.0000      0.400166282258E+01
   47.1000      0.404826911361E+01
   47.2000      0.400505647369E+01
   47.3000      0.393471430401E+01
   47.4000      0.394678388138E+01
   47.5000      0.395087154527E+01
   47.6000      0.388529789121E+01
   47.7000      0.382743655641E+01
   47.8000      0.380392509517E+01
   47.9000      0.384643492971E+01
   48.0000      0.396073271626E+01
   48.1000      0.398695615516E+01
   48.2000      0.386565185277E+01
   48.3000      0.375306150882E+01
   48.4000      0.372516580402E+01
   48.5000      0.376532068262E+01
   48.6000      0.384984754437E+01
   48.7000      0.386213447685E+01
   48.8000      0.377329852780E+01
   48.9000      0.372542461973E+01
   49.0000      0.373715606268E+01
   49.1000      0.372626987059E+01
   49.2000      0.370746784796E+01
   49.3000      0.368327274358E+01
   49.4000      0.366064187656E+01
   49.5000      0.371074464240E+01
   49.6000      0.376304775662E+01
   49.7000      0.369190320743E+01
   49.8000      0.357264890696E+01
   49.9000      0.351503307349E+01
   50.0000      0.353403892874E+01
   50.1000      0.363225506567E+01
   50.2000      0.370752622744E+01
   50.3000      0.364223664191E+01
   50.4000      0.353509691690E+01
   50.5000      0.350445787213E+01
   50.6000      0.351594665773E+01
   50.7000      0.354451289076E+01
   50.8000      0.356174168463E+01
   50.9000      0.352322216008E+01
   51.0000      0.350768961714E+01
   51.1000      0.355387931476E+01
   51.2000      0.354678462072E+01
   51.3000      0.346825925803E+01
   51.4000      0.340625144619E+01
   51.5000      0.339255910757E+01
   51.6000      0.345696209666E+01
   51.7000      0.355800689937E+01
   51.8000      0.354297282106E+01
   51.9000      0.341554457194E+01
   52.0000      0.332710284300E+01
   52.1000      0.332028726009E+01
   52.2000      0.337338268864E+01
   52.3000      0.344393689512E+01
   52.4000      0.343121813710E+01
   52.5000      0.335676724978E+01
   52.6000      0.333883095190E+01
   52.7000      0.335067728612E+01
   52.8000      0.332727989914E+01
   52.9000      0.329650963501E+01
   53.0000      0.326794203110E+01
   53.1000      0.327074194375E+01
   53.2000      0.334324025180E+01
   53.3000      0.337837337686E+01
   53.4000      0.329076049172E+01
   53.5000      0.318133671206E+01
   53.6000      0.314017549268E+01
   53.7000      0.317787082660E+01
   53.8000      0.327570351939E+01
   53.9000      0.331615298487E+01
   54.0000      0.323054987052E+01
   54.1000      0.313829837732E+01
   54.2000      0.311879081260E+01
   54.3000      0.313147221978E+01
   54.4000      0.315730703373E+01
   54.5000      0.316084203745E+01
   54.6000      0.312351210884E+01
   54.7000      0.312623592286E+01
   54.8000      0.316732404178E+01
   54.9000      0.314398778502E+01
   55.0000      0.307079391361E+01
   55.1000      0.302228946480E+01
   55.2000      0.302385580384E+01
   55.3000      0.309885641404E+01
   55.4000      0.317993760645E+01
   55.5000      0.314107779299E+01
   55.6000      0.302706855050E+01
   55.7000      0.296470901262E+01
   55.8000      0.297271228478E+01
   55.9000      0.303163336082E+01
   56.0000      0.308723344752E+01
   56.1000      0.305697309724E+01
   56.2000      0.299181603381E+01
   56.3000      0.298298925308E+01
   56.4000      0.298768713741E+01
   56.5000      0.296621175767E+01
   56.6000      0.294294870908E+01
   56.7000      0.291978619870E+01
   56.8000      0.293380535690E+01
   56.9000      0.300076287292E+01
   57.0000      0.301226251840E+01
   57.1000      0.292574270811E+01
   57.2000      0.284112876175E+01
   57.3000      0.281967804720E+01
   57.4000      0.286973009924E+01
   57.5000      0.296048528871E+01
   57.6000      0.297607256797E+01
   57.7000      0.288715108205E+01
   57.8000      0.281181712756E+01
   57.9000      0.280008101078E+01
   58.0000      0.281983877720E+01
   58.1000      0.285260281679E+01
   58.2000      0.284954668727E+01
   58.3000      0.280737363752E+01
   58.4000      0.280471754767E+01
   58.5000      0.282517858799E+01
   58.6000      0.279453747295E+01
   58.7000      0.273991884106E+01
   58.8000      0.270581644579E+01
   58.9000      0.271012496854E+01
   59.0000      0.277523657162E+01
   59.1000      0.282785514401E+01
   59.2000      0.277454507852E+01
   59.3000      0.267798440537E+01
   59.4000      0.263374848508E+01
   59.5000      0.265175300490E+01
   59.6000      0.271874835206E+01
   59.7000      0.276738878186E+01
   59.8000      0.272675452551E+01
   59.9000      0.266266053975E+01
   60.0000      0.265014242997E+01
   60.1000      0.265577889377E+01
   60.2000      0.265897067251E+01
   60.3000      0.265837430995E+01
   60.4000      0.263780892863E+01
   60.5000      0.264158618890E+01
   60.6000      0.268342590466E+01
   60.7000      0.267777078255E+01
   60.8000      0.261131427953E+01
   60.9000      0.255709527626E+01
   61.0000      0.254662183998E+01
   61.1000      0.259415659677E+01
   61.2000      0.266796780699E+01
   61.3000      0.266368152065E+01
   61.4000      0.257785252329E+01
   61.5000      0.251470655120E+01
   61.6000      0.250890261224E+01
   61.7000      0.254446131386E+01
   61.8000      0.259396045096E+01
   61.9000      0.258974665636E+01
   62.0000      0.253858795994E+01
   62.1000      0.252117682179E+01
   62.2000      0.252827911066E+01
   62.3000      0.251551209252E+01
   62.4000      0.249815302022E+01
   62.5000      0.248045884927E+01
   62.6000      0.247781824407E+01
   62.7000      0.252155102569E+01
   62.8000      0.254877520920E+01
   62.9000      0.249561054377E+01
   63.0000      0.242088070188E+01
   63.1000      0.238776139493E+01
   63.2000      0.240913276537E+01
   63.3000      0.247860921640E+01
   63.4000      0.251609020635E+01
   63.5000      0.245919163669E+01
   63.6000      0.238183519939E+01
   63.7000      0.235567189525E+01
   63.8000      0.236996958247E+01
   63.9000      0.240885310401E+01
   64.0000      0.242905002348E+01
   64.1000      0.239540528142E+01
   64.2000      0.236661397694E+01
   64.3000      0.237500785442E+01
   64.4000      0.237010010278E+01
   64.5000      0.234629629298E+01
   64.6000      0.232736093072E+01
   64.7000      0.231659919107E+01
   64.8000      0.234368609082E+01
   64.9000      0.239111194827E+01
   65.0000      0.237592118721E+01
   65.1000      0.230569360092E+01
   65.2000      0.225697281646E+01
   65.3000      0.225480856561E+01
   65.4000      0.230133856715E+01
   65.5000      0.235899259253E+01
   65.6000      0.234612761239E+01
   65.7000      0.227769537130E+01
   65.8000      0.223855126887E+01
   65.9000      0.223915101899E+01
   66.0000      0.225963354619E+01
   66.1000      0.228497793964E+01
   66.2000      0.227501897409E+01
   66.3000      0.224733249543E+01
   66.4000      0.225465342413E+01
   66.5000      0.226431459252E+01
   66.6000      0.223882704910E+01
   66.7000      0.220856701797E+01
   66.8000      0.219225013800E+01
   66.9000      0.220658553682E+01
   67.0000      0.226136754248E+01
   67.1000      0.228475366704E+01
   67.2000      0.222921889360E+01
   67.3000      0.216075948428E+01
   67.4000      0.213698051597E+01
   67.5000      0.216498406463E+01
   67.6000      0.222970590271E+01
   67.7000      0.225696074110E+01
   67.8000      0.220460299423E+01
   67.9000      0.214461498396E+01
   68.0000      0.212966697843E+01
   68.1000      0.214261289215E+01
   68.2000      0.217004974455E+01
   68.3000      0.217968324512E+01
   68.4000      0.215242965357E+01
   68.5000      0.214000226992E+01
   68.6000      0.215447742581E+01
   68.7000      0.214478877798E+01
   68.8000      0.211402215389E+01
   68.9000      0.209154873551E+01
   69.0000      0.208697443128E+01
   69.1000      0.212267727389E+01
   69.2000      0.216808188338E+01
   69.3000      0.214737166578E+01
   69.4000      0.207847459670E+01
   69.5000      0.203434498651E+01
   69.6000      0.203721952516E+01
   69.7000      0.208518052777E+01
   69.8000      0.213576543909E+01
   69.9000      0.211793248337E+01
   70.0000      0.205520308426E+01
   70.1000      0.202268257787E+01
   70.2000      0.202487289111E+01
   70.3000      0.204348683004E+01
   70.4000      0.206294899383E+01
   70.5000      0.205022401087E+01
   70.6000      0.202746583747E+01
   70.7000      0.203692590672E+01
   70.8000      0.204301152791E+01
   70.9000      0.201602415900E+01
   71.0000      0.198604868810E+01
   71.1000      0.197111938304E+01
   71.2000      0.198832608570E+01
   71.3000      0.203985628695E+01
   71.4000      0.205563297749E+01
   71.5000      0.199998372665E+01
   71.6000      0.193723969202E+01
   71.7000      0.191775631567E+01
   71.8000      0.194743491466E+01
   71.9000      0.200747239298E+01
   72.0000      0.202692475894E+01
   72.1000      0.197506542961E+01
   72.2000      0.192120974608E+01
   72.3000      0.190917454035E+01
   72.4000      0.192302613752E+01
   72.5000      0.194910082279E+01
   72.6000      0.195533608088E+01
   72.7000      0.192938398977E+01
   72.8000      0.192011820362E+01
   72.9000      0.193317030858E+01
   73.0000      0.192309456304E+01
   73.1000      0.189551835916E+01
   73.2000      0.187565385875E+01
   73.3000      0.187456523999E+01
   73.4000      0.191236791725E+01
   73.5000      0.195420810892E+01
   73.6000      0.193168810782E+01
   73.7000      0.186695699821E+01
   73.8000      0.182740552892E+01
   73.9000      0.183554791256E+01
   74.0000      0.188901141405E+01
   74.1000      0.193968273492E+01
   74.2000      0.191974801199E+01
   74.3000      0.185674901564E+01
   74.4000      0.182341076510E+01
   74.5000      0.182902962339E+01
   74.6000      0.185839510863E+01
   74.7000      0.188610139205E+01
   74.8000      0.187354808179E+01
   74.9000      0.184486547039E+01
   75.0000      0.184499324798E+01
   75.1000      0.184950210614E+01
   75.2000      0.183584742928E+01
   75.3000      0.182117709609E+01
   75.4000      0.181056042575E+01
   75.5000      0.182115041785E+01
   75.6000      0.186041140007E+01
   75.7000      0.187091630661E+01
   75.8000      0.182577704261E+01
   75.9000      0.177771002537E+01
   76.0000      0.176425486561E+01
   76.1000      0.179260499048E+01
   76.2000      0.184743246709E+01
   76.3000      0.186324802809E+01
   76.4000      0.181487678300E+01
   76.5000      0.176552810698E+01
   76.6000      0.175467537812E+01
   76.7000      0.177302678334E+01
   76.8000      0.180629763521E+01
   76.9000      0.181524065894E+01
   77.0000      0.178624377898E+01
   77.1000      0.176835138007E+01
   77.2000      0.177342398432E+01
   77.3000      0.176871732398E+01
   77.4000      0.175652567888E+01
   77.5000      0.174529219236E+01
   77.6000      0.173973563298E+01
   77.7000      0.176390138208E+01
   77.8000      0.179306919775E+01
   77.9000      0.177214205611E+01
   78.0000      0.172022112834E+01
   78.1000      0.168853994131E+01
   78.2000      0.169547468565E+01
   78.3000      0.174353009095E+01
   78.4000      0.178797364368E+01
   78.5000      0.176592307899E+01
   78.6000      0.170370560552E+01
   78.7000      0.166847568537E+01
   78.8000      0.167523935108E+01
   78.9000      0.171387034409E+01
   79.0000      0.174945608653E+01
   79.1000      0.173469018005E+01
   79.2000      0.169381666541E+01
   79.3000      0.167899393615E+01
   79.4000      0.168202767812E+01
   79.5000      0.168604939606E+01
   79.6000      0.168932461640E+01
   79.7000      0.167902487620E+01
   79.8000      0.167357373514E+01
   79.9000      0.169331504741E+01
   80.0000      0.169819972674E+01
   80.1000      0.166611234102E+01
   80.2000      0.163209394232E+01
   80.3000      0.161968303266E+01
   80.4000      0.164099362455E+01
   80.5000      0.168845785980E+01
   80.6000      0.170071586908E+01
   80.7000      0.165211642787E+01
   80.8000      0.159915529317E+01
   80.9000      0.158432496611E+01
   81.0000      0.161089654899E+01
   81.1000      0.166090200550E+01
   81.2000      0.167704145826E+01
   81.3000      0.163617996911E+01
   81.4000      0.159398543118E+01
   81.5000      0.158538758635E+01
   81.6000      0.159864905385E+01
   81.7000      0.162293427990E+01
   81.8000      0.163089682184E+01
   81.9000      0.161071149029E+01
   82.0000      0.160117398596E+01
   82.1000      0.160994398080E+01
   82.2000      0.160495921649E+01
   82.3000      0.159005464708E+01
   82.4000      0.157942503050E+01
   82.5000      0.157744394085E+01
   82.6000      0.160203968249E+01
   82.7000      0.163182603806E+01
   82.8000      0.161678294948E+01
   82.9000      0.157201509432E+01
   83.0000      0.154468657758E+01
   83.1000      0.155044990694E+01
   83.2000      0.159119180939E+01
   83.3000      0.163227865669E+01
   83.4000      0.161867860797E+01
   83.5000      0.156868663539E+01
   83.6000      0.153992252888E+01
   83.7000      0.154516475368E+01
   83.8000      0.157657809456E+01
   83.9000      0.160903289993E+01
   84.0000      0.160140337615E+01
   84.1000      0.156943191239E+01
   84.2000      0.155814096652E+01
   84.3000      0.156188359861E+01
   84.4000      0.156602233335E+01
   84.5000      0.157120659046E+01
   84.6000      0.156511016643E+01
   84.7000      0.155980567627E+01
   84.8000      0.157586654055E+01
   84.9000      0.158247913943E+01
   85.0000      0.155834870883E+01
   85.1000      0.153172960963E+01
   85.2000      0.152097531563E+01
   85.3000      0.153495564212E+01
   85.4000      0.157260552182E+01
   85.5000      0.158567916366E+01
   85.6000      0.154778932004E+01
   85.7000      0.150349376225E+01
   85.8000      0.148885134027E+01
   85.9000      0.150714329272E+01
   86.0000      0.154780994313E+01
   86.1000      0.156449146904E+01
   86.2000      0.153179270612E+01
   86.3000      0.149442237448E+01
   86.4000      0.148520214161E+01
   86.5000      0.149549782308E+01
   86.6000      0.151753935214E+01
   86.7000      0.152782908517E+01
   86.8000      0.151112373397E+01
   86.9000      0.150030782436E+01
   87.0000      0.150756585626E+01
   87.1000      0.150593426472E+01
   87.2000      0.149609991141E+01
   87.3000      0.148898686739E+01
   87.4000      0.148616366210E+01
   87.5000      0.150509618058E+01
   87.6000      0.153263771971E+01
   87.7000      0.152310886601E+01
   87.8000      0.148389503691E+01
   87.9000      0.145670992694E+01
   88.0000      0.145838155708E+01
   88.1000      0.149370737270E+01
   88.2000      0.153380761961E+01
   88.3000      0.152352974888E+01
   88.4000      0.147194410966E+01
   88.5000      0.143532065755E+01
   88.6000      0.143473504901E+01
   88.7000      0.146613666117E+01
   88.8000      0.150245418944E+01
   88.9000      0.149570967723E+01
   89.0000      0.145346737974E+01
   89.1000      0.142666986670E+01
   89.2000      0.142514486733E+01
   89.3000      0.143702399487E+01
   89.4000      0.145256753268E+01
   89.5000      0.144753873099E+01
   89.6000      0.142862937368E+01
   89.7000      0.142767839281E+01
   89.8000      0.143195175074E+01
   89.9000      0.142034029104E+01
   90.0000      0.140631371655E+01
   90.1000      0.139728082740E+01
   90.2000      0.140129249238E+01
   90.3000      0.142848113873E+01
   90.4000      0.144351803906E+01
   90.5000      0.141585867067E+01
   90.6000      0.137700299257E+01
   90.7000      0.136071620900E+01
   90.8000      0.137604304662E+01
   90.9000      0.141825601679E+01
   91.0000      0.144172505969E+01
   91.1000      0.141106421810E+01
   91.2000      0.136417380929E+01
   91.3000      0.134509384406E+01
   91.4000      0.135855493949E+01
   91.5000      0.139496555201E+01
   91.6000      0.141719975172E+01
   91.7000      0.139450310567E+01
   91.8000      0.136006333134E+01
   91.9000      0.134942322786E+01
   92.0000      0.135468241947E+01
   92.1000      0.136824396261E+01
   92.2000      0.137743270890E+01
   92.3000      0.136632070773E+01
   92.4000      0.135763566609E+01
   92.5000      0.136617603173E+01
   92.6000      0.136549554460E+01
   92.7000      0.135122035692E+01
   92.8000      0.134056609809E+01
   92.9000      0.133733047634E+01
   93.0000      0.135369588207E+01
   93.1000      0.138322823018E+01
   93.2000      0.138278365267E+01
   93.3000      0.134881625757E+01
   93.4000      0.132147986059E+01
   93.5000      0.131997895237E+01
   93.6000      0.134814609412E+01
   93.7000      0.138828557584E+01
   93.8000      0.139164721706E+01
   93.9000      0.135362480318E+01
   94.0000      0.132237798937E+01
   94.1000      0.132003840157E+01
   94.2000      0.134270043314E+01
   94.3000      0.137534118931E+01
   94.4000      0.138002771721E+01
   94.5000      0.135250066001E+01
   94.6000      0.133373941085E+01
   94.7000      0.133407001544E+01
   94.8000      0.133963062434E+01
   94.9000      0.134839738122E+01
   95.0000      0.134755820952E+01
   95.1000      0.133724403134E+01
   95.2000      0.134236919820E+01
   95.3000      0.135207634554E+01
   95.4000      0.133974590305E+01
   95.5000      0.131864363533E+01
   95.6000      0.130633675611E+01
   95.7000      0.131049015789E+01
   95.8000      0.133949501177E+01
   95.9000      0.136234893327E+01
   96.0000      0.134023529688E+01
   96.1000      0.129656369390E+01
   96.2000      0.127291169865E+01
   96.3000      0.128300256218E+01
   96.4000      0.132405472813E+01
   96.5000      0.135609860785E+01
   96.6000      0.133460365095E+01
   96.7000      0.128492384336E+01
   96.8000      0.125773985298E+01
   96.9000      0.126571396046E+01
   97.0000      0.130110031592E+01
   97.1000      0.133090235635E+01
   97.2000      0.131623315757E+01
   97.3000      0.127809311830E+01
   97.4000      0.125977436482E+01
   97.5000      0.126291177089E+01
   97.6000      0.127793580415E+01
   97.7000      0.129205042793E+01
   97.8000      0.128372364897E+01
   97.9000      0.126772916951E+01
   98.0000      0.126897312770E+01
   98.1000      0.127051197414E+01
   98.2000      0.126031067894E+01
   98.3000      0.125063467845E+01
   98.4000      0.124377740915E+01
   98.5000      0.124987626984E+01
   98.6000      0.127365482257E+01
   98.7000      0.127919835808E+01
   98.8000      0.124994012414E+01
   98.9000      0.121849376809E+01
   99.0000      0.120870289953E+01
   99.1000      0.122793771747E+01
   99.2000      0.126708294628E+01
   99.3000      0.127945886314E+01
   99.4000      0.124383906255E+01
   99.5000      0.120219484724E+01
   99.6000      0.118951999317E+01
   99.7000      0.120966797392E+01
   99.8000      0.124955202570E+01
   99.9000      0.126571153239E+01
  100.0000      0.123592968483E+01
  100.1000      0.119981559905E+01
  100.2000      0.118949274263E+01
  100.3000      0.120138591140E+01
  100.4000      0.122649969609E+01
  100.5000      0.123862182805E+01
  100.6000      0.122100887760E+01
  100.7000      0.120318196596E+01
  100.8000      0.120285034988E+01
  100.9000      0.120415096462E+01
  101.0000      0.120517745789E+01
  101.1000      0.120524368000E+01
  101.2000      0.119902552977E+01
  101.3000      0.120396823477E+01
  101.4000      0.121899290769E+01
  101.5000      0.121374635011E+01
  101.6000      0.119142179475E+01
  101.7000      0.117629039272E+01
  101.8000      0.117625465400E+01
  101.9000      0.119894634211E+01
  102.0000      0.122846661172E+01
  102.1000      0.122318472174E+01
  102.2000      0.118714231374E+01
  102.3000      0.116102069595E+01
  102.4000      0.116187298262E+01
  102.5000      0.119079352981E+01
  102.6000      0.122677752184E+01
  102.7000      0.122569640719E+01
  102.8000      0.118930561349E+01
  102.9000      0.116225894398E+01
  103.0000      0.116204257648E+01
  103.1000      0.118468227366E+01
  103.2000      0.121472990605E+01
  103.3000      0.121714216271E+01
  103.4000      0.119135717771E+01
  103.5000      0.117479716275E+01
  103.6000      0.117571986537E+01
  103.7000      0.118392707649E+01
  103.8000      0.119656550570E+01
  103.9000      0.119763716298E+01
  104.0000      0.118694834284E+01
  104.1000      0.118848331117E+01
  104.2000      0.119501486843E+01
  104.3000      0.118777188218E+01
  104.4000      0.117758608701E+01
  104.5000      0.117185709951E+01
  104.6000      0.117387970025E+01
  104.7000      0.119395933900E+01
  104.8000      0.120944520230E+01
  104.9000      0.119206135643E+01
  105.0000      0.116210589805E+01
  105.1000      0.114742287325E+01
  105.2000      0.115568072945E+01
  105.3000      0.118746243747E+01
  105.4000      0.121121750627E+01
  105.5000      0.119176827914E+01
  105.6000      0.115218724550E+01
  105.7000      0.113179332647E+01
  105.8000      0.113984176081E+01
  105.9000      0.117215746544E+01
  106.0000      0.119866810836E+01
  106.1000      0.118373037366E+01
  106.2000      0.114738370301E+01
  106.3000      0.112901911515E+01
  106.4000      0.113369089379E+01
  106.5000      0.115560342456E+01
  106.6000      0.117629335528E+01
  106.7000      0.116809353948E+01
  106.8000      0.114530275494E+01
  106.9000      0.113776826487E+01
  107.0000      0.114006138353E+01
  107.1000      0.114492696312E+01
  107.2000      0.115163302675E+01
  107.3000      0.114779550842E+01
  107.4000      0.114256625423E+01
  107.5000      0.115148717140E+01
  107.6000      0.115499953860E+01
  107.7000      0.114242542607E+01
  107.8000      0.113098602428E+01
  107.9000      0.112676169821E+01
  108.0000      0.113606427177E+01
  108.1000      0.116101385737E+01
  108.2000      0.116914637954E+01
  108.3000      0.114440298239E+01
  108.4000      0.111683467034E+01
  108.5000      0.110857470052E+01
  108.6000      0.112480345047E+01
  108.7000      0.115921740113E+01
  108.8000      0.117280301196E+01
  108.9000      0.114428291006E+01
  109.0000      0.110856033608E+01
  109.1000      0.109653468480E+01
  109.2000      0.111164462540E+01
  109.3000      0.114537023347E+01
  109.4000      0.116175901603E+01
  109.5000      0.113753883420E+01
  109.6000      0.110481459424E+01
  109.7000      0.109369284120E+01
  109.8000      0.110273124861E+01
  109.9000      0.112575188846E+01
  110.0000      0.113950536549E+01
  110.1000      0.112427837139E+01
  110.2000      0.110454900226E+01
  110.3000      0.110119559679E+01
  110.4000      0.110363324311E+01
  110.5000      0.110933959846E+01
  110.6000      0.111419192499E+01
  110.7000      0.110784405201E+01
  110.8000      0.110602649257E+01
  110.9000      0.111588646647E+01
  111.0000      0.111463300264E+01
  111.1000      0.110163967135E+01
  111.2000      0.109309658017E+01
  111.3000      0.109162156172E+01
  111.4000      0.110593392709E+01
  111.5000      0.113003807545E+01
  111.6000      0.112917684044E+01
  111.7000      0.110139948235E+01
  111.8000      0.107906200753E+01
  111.9000      0.107739247916E+01
  112.0000      0.110074211441E+01
  112.1000      0.113483461801E+01
  112.2000      0.113736615883E+01
  112.3000      0.110251822173E+01
  112.4000      0.107105525508E+01
  112.5000      0.106628511000E+01
  112.6000      0.108973868174E+01
  112.7000      0.112569293090E+01
  112.8000      0.113209526465E+01
  112.9000      0.109901255630E+01
  113.0000      0.106700487169E+01
  113.1000      0.106017565099E+01
  113.2000      0.107660203443E+01
  113.3000      0.110517122344E+01
  113.4000      0.111305745245E+01
  113.5000      0.108865119751E+01
  113.6000      0.106552171593E+01
  113.7000      0.106104486236E+01
  113.8000      0.106731998539E+01
  113.9000      0.108103172107E+01
  114.0000      0.108597391486E+01
  114.1000      0.107301462249E+01
  114.2000      0.106540251695E+01
  114.3000      0.106863165581E+01
  114.4000      0.106586888419E+01
  114.5000      0.106119976463E+01
  114.6000      0.105855961201E+01
  114.7000      0.105530636411E+01
  114.8000      0.106460142626E+01
  114.9000      0.107897392428E+01
  115.0000      0.107118324756E+01
  115.1000      0.104950863750E+01
  115.2000      0.103667778742E+01
  115.3000      0.103849893580E+01
  115.4000      0.106060248745E+01
  115.5000      0.108573984848E+01
  115.6000      0.107774225458E+01
  115.7000      0.104484331692E+01
  115.8000      0.102293481954E+01
  115.9000      0.102505388842E+01
  116.0000      0.105227792244E+01
  116.1000      0.108373810397E+01
  116.2000      0.107913394628E+01
  116.3000      0.104334882223E+01
  116.4000      0.101742787641E+01
  116.5000      0.101737189595E+01
  116.6000      0.104141292123E+01
  116.7000      0.107195360558E+01
  116.8000      0.107173045453E+01
  116.9000      0.104125828553E+01
  117.0000      0.101880825965E+01
  117.1000      0.101739967831E+01
  117.2000      0.103206575378E+01
  117.3000      0.105380130576E+01
  117.4000      0.105599753835E+01
  117.5000      0.103631602297E+01
  117.6000      0.102455828691E+01
  117.7000      0.102519589781E+01
  117.8000      0.102801150149E+01
  117.9000      0.103477922474E+01
  118.0000      0.103539833886E+01
  118.1000      0.102785169766E+01
  118.2000      0.103114220018E+01
  118.3000      0.103797779840E+01
  118.4000      0.103041330726E+01
  118.5000      0.101970266064E+01
  118.6000      0.101461283813E+01
  118.7000      0.101671111510E+01
  118.8000      0.103509559734E+01
  118.9000      0.105101226670E+01
  119.0000      0.103747795722E+01
  119.1000      0.101129690168E+01
  119.2000      0.998304942082E+00
  119.3000      0.100541103388E+01
  119.4000      0.103472218388E+01
  119.5000      0.105981806672E+01
  119.6000      0.104577386187E+01
  119.7000      0.101003565934E+01
  119.8000      0.990142083725E+00
  119.9000      0.997619630067E+00
  120.0000      0.103082969313E+01
  120.1000      0.106181882040E+01
  120.2000      0.105160834241E+01
  120.3000      0.101419409817E+01
  120.4000      0.991484047773E+00
  120.5000      0.996426241012E+00
  120.6000      0.102571527000E+01
  120.7000      0.105648102401E+01
  120.8000      0.105173331789E+01
  120.9000      0.102003928831E+01
  121.0000      0.100040955741E+01
  121.1000      0.100251045706E+01
  121.2000      0.102149347846E+01
  121.3000      0.104475064049E+01
  121.4000      0.104402380149E+01
  121.5000      0.102297982848E+01
  121.6000      0.101232925682E+01
  121.7000      0.101379106866E+01
  121.8000      0.101927613531E+01
  121.9000      0.102880181113E+01
  122.0000      0.102850882205E+01
  122.1000      0.101964435680E+01
  122.2000      0.102211654747E+01
  122.3000      0.102664581564E+01
  122.4000      0.101931206859E+01
  122.5000      0.101186235524E+01
  122.6000      0.100790969773E+01
  122.7000      0.100950395550E+01
  122.8000      0.102620405575E+01
  122.9000      0.103738123669E+01
  123.0000      0.102113089594E+01
  123.1000      0.997325009074E+00
  123.2000      0.986740044543E+00
  123.3000      0.994809902451E+00
  123.4000      0.102333650901E+01
  123.5000      0.104295263760E+01
  123.6000      0.102327705869E+01
  123.7000      0.987272759602E+00
  123.8000      0.969330834628E+00
  123.9000      0.979142718134E+00
  124.0000      0.101415601950E+01
  124.1000      0.104121193765E+01
  124.2000      0.102330245648E+01
  124.3000      0.981566973134E+00
  124.4000      0.958199049398E+00
  124.5000      0.965897005214E+00
  124.6000      0.100059928553E+01
  124.7000      0.103134731150E+01
  124.8000      0.101861063477E+01
  124.9000      0.978237666417E+00
  125.0000      0.953625372412E+00
  125.1000      0.957436864800E+00
  125.2000      0.985420160873E+00
  125.3000      0.101431370393E+01
  125.4000      0.100761457499E+01
  125.5000      0.974604830670E+00
  125.6000      0.954031682710E+00
  125.7000      0.954629652447E+00
  125.8000      0.971447952131E+00
  125.9000      0.992591820025E+00
  126.0000      0.990314703259E+00
  126.1000      0.968261210803E+00
  126.2000      0.956594636487E+00
  126.3000      0.956599643097E+00
  126.4000      0.960682623607E+00
  126.5000      0.969381534365E+00
  126.6000      0.968265066878E+00
  126.7000      0.957829882245E+00
  126.8000      0.958174444720E+00
  126.9000      0.961097876791E+00
  127.0000      0.953875591990E+00
  127.1000      0.947881727823E+00
  127.2000      0.944334961633E+00
  127.3000      0.943593611776E+00
  127.4000      0.956489151592E+00
  127.5000      0.965463122204E+00
  127.6000      0.950704132358E+00
  127.7000      0.930780903740E+00
  127.8000      0.922184637006E+00
  127.9000      0.927577159546E+00
  128.0000      0.950855912071E+00
  128.1000      0.967468407931E+00
  128.2000      0.950014493302E+00
  128.3000      0.919643423147E+00
  128.4000      0.905204023054E+00
  128.5000      0.912726225280E+00
  128.6000      0.942005127713E+00
  128.7000      0.965564584840E+00
  128.8000      0.949861629486E+00
  128.9000      0.914246841925E+00
  129.0000      0.895225268041E+00
  129.1000      0.901562166162E+00
  129.2000      0.931270586932E+00
  129.3000      0.958763043523E+00
  129.4000      0.947681360008E+00
  129.5000      0.912451224715E+00
  129.6000      0.891841398535E+00
  129.7000      0.895241447093E+00
  129.8000      0.919982574204E+00
  129.9000      0.946790204446E+00
  130.0000      0.941105296626E+00
  130.1000      0.911140111200E+00
  130.2000      0.892980345967E+00
  130.3000      0.893703252663E+00
  130.4000      0.909597054139E+00
  130.5000      0.930738279507E+00
  130.6000      0.929317424035E+00
  130.7000      0.907928516424E+00
  130.8000      0.896372940495E+00
  130.9000      0.896532555121E+00
  131.0000      0.902085071319E+00
  131.1000      0.913487426979E+00
  131.2000      0.913916487165E+00
  131.3000      0.902384939689E+00
  131.4000      0.900635219505E+00
  131.5000      0.903384485312E+00
  131.6000      0.899570633835E+00
  131.7000      0.898934336926E+00
  131.8000      0.898280478099E+00
  131.9000      0.895758234443E+00
  132.0000      0.905099584885E+00
  132.1000      0.913409964893E+00
  132.2000      0.903023174135E+00
  132.3000      0.890125644395E+00
  132.4000      0.885689594405E+00
  132.5000      0.889545255841E+00
  132.6000      0.908847773198E+00
  132.7000      0.924365709595E+00
  132.8000      0.910997695952E+00
  132.9000      0.887555248078E+00
  133.0000      0.877576706519E+00
  133.1000      0.884219324430E+00
  133.2000      0.910163693720E+00
  133.3000      0.932594273264E+00
  133.4000      0.919679293988E+00
  133.5000      0.888972580887E+00
  133.6000      0.873238443179E+00
  133.7000      0.879281011742E+00
  133.8000      0.907294196904E+00
  133.9000      0.934500399712E+00
  134.0000      0.924686957712E+00
  134.1000      0.891057322373E+00
  134.2000      0.871240392508E+00
  134.3000      0.874633989564E+00
  134.4000      0.900174468976E+00
  134.5000      0.928800543455E+00
  134.6000      0.923608573196E+00
  134.7000      0.891749251591E+00
  134.8000      0.871193200314E+00
  134.9000      0.871827791066E+00
  135.0000      0.891452868353E+00
  135.1000      0.917647888467E+00
  135.2000      0.917222442050E+00
  135.3000      0.891208137060E+00
  135.4000      0.874044023503E+00
  135.5000      0.873539595649E+00
  135.6000      0.885387212122E+00
  135.7000      0.905366496779E+00
  135.8000      0.908331288001E+00
  135.9000      0.890633651494E+00
  136.0000      0.880545187804E+00
  136.1000      0.881450164745E+00
  136.2000      0.885217534749E+00
  136.3000      0.895734404499E+00
  136.4000      0.899380111313E+00
  136.5000      0.890321292326E+00
  136.6000      0.889518663425E+00
  136.7000      0.894404083791E+00
  136.8000      0.891123288579E+00
  136.9000      0.889997463196E+00
  137.0000      0.890952416183E+00
  137.1000      0.888871461585E+00
  137.2000      0.897659302916E+00
  137.3000      0.908465769419E+00
  137.4000      0.900250362574E+00
  137.5000      0.886905824042E+00
  137.6000      0.882139867277E+00
  137.7000      0.884183749231E+00
  137.8000      0.901159845310E+00
  137.9000      0.918882431850E+00
  138.0000      0.908626268620E+00
  138.1000      0.884418211907E+00
  138.2000      0.872211028265E+00
  138.3000      0.875385713689E+00
  138.4000      0.898028683139E+00
  138.5000      0.922620810344E+00
  138.6000      0.913534617178E+00
  138.7000      0.881618389269E+00
  138.8000      0.862088267016E+00
  138.9000      0.864117750497E+00
  139.0000      0.889409203220E+00
  139.1000      0.919721916287E+00
  139.2000      0.914636119355E+00
  139.3000      0.879275885764E+00
  139.4000      0.854249037578E+00
  139.5000      0.853953018992E+00
  139.6000      0.878809932311E+00
  139.7000      0.912522866665E+00
  139.8000      0.913093703972E+00
  139.9000      0.878608662690E+00
  140.0000      0.850964638931E+00
  140.1000      0.848209580286E+00
  140.2000      0.869786755713E+00
  140.3000      0.903514110948E+00
  140.4000      0.909688037298E+00
  140.5000      0.879485255803E+00
  140.6000      0.852387538185E+00
  140.7000      0.847903434415E+00
  140.8000      0.863968323013E+00
  140.9000      0.893755106613E+00
  141.0000      0.903806620085E+00
  141.1000      0.879891766780E+00
  141.2000      0.856255766345E+00
  141.3000      0.851527457376E+00
  141.4000      0.860952363938E+00
  141.5000      0.883119011006E+00
  141.6000      0.894243610520E+00
  141.7000      0.877250424375E+00
  141.8000      0.859481466126E+00
  141.9000      0.856639556678E+00
  142.0000      0.859776390327E+00
  142.1000      0.871759002874E+00
  142.2000      0.880863827479E+00
  142.3000      0.870322638434E+00
  142.4000      0.860109265609E+00
  142.5000      0.861595538012E+00
  142.6000      0.860226055920E+00
  142.7000      0.861022617233E+00
  142.8000      0.865331933774E+00
  142.9000      0.859903006858E+00
  143.0000      0.857928657834E+00
  143.1000      0.865886245163E+00
  143.2000      0.862700811117E+00
  143.3000      0.852832523892E+00
  143.4000      0.850218428256E+00
  143.5000      0.847893224915E+00
  143.6000      0.853610475562E+00
  143.7000      0.869256063607E+00
  143.8000      0.867144464646E+00
  143.9000      0.848358320714E+00
  144.0000      0.837561855084E+00
  144.1000      0.836005764416E+00
  144.2000      0.847716701961E+00
  144.3000      0.871008879440E+00
  144.4000      0.872478499458E+00
  144.5000      0.847413062805E+00
  144.6000      0.828252520539E+00
  144.7000      0.825314512358E+00
  144.8000      0.840586764278E+00
  144.9000      0.870261246564E+00
  145.0000      0.877064944912E+00
  145.1000      0.848893975290E+00
  145.2000      0.822358155495E+00
  145.3000      0.816559900853E+00
  145.4000      0.832783125502E+00
  145.5000      0.866620256398E+00
  145.6000      0.879531727996E+00
  145.7000      0.851534360301E+00
  145.8000      0.819649828890E+00
  145.9000      0.810477527365E+00
  146.0000      0.825373396194E+00
  146.1000      0.860576053452E+00
  146.2000      0.879294672370E+00
  146.3000      0.854394665614E+00
  146.4000      0.819884893213E+00
  146.5000      0.807834257691E+00
  146.6000      0.819826565087E+00
  146.7000      0.853436452275E+00
  146.8000      0.876626841141E+00
  146.9000      0.856969295488E+00
  147.0000      0.822764796210E+00
  147.1000      0.809131952352E+00
  147.2000      0.817499354965E+00
  147.3000      0.846753448530E+00
  147.4000      0.872175056225E+00
  147.5000      0.858778051297E+00
  147.6000      0.827452423086E+00
  147.7000      0.813917900789E+00
  147.8000      0.818716459012E+00
  147.9000      0.841298949689E+00
  148.0000      0.866029586101E+00
  148.1000      0.858621181484E+00
  148.2000      0.831947785153E+00
  148.3000      0.820163189800E+00
  148.4000      0.822083408457E+00
  148.5000      0.836384330076E+00
  148.6000      0.857251550403E+00
  148.7000      0.854470543502E+00
  148.8000      0.833341824092E+00
  148.9000      0.824771631111E+00
  149.0000      0.825127445900E+00
  149.1000      0.830607630564E+00
  149.2000      0.844845123491E+00
  149.3000      0.844792816022E+00
  149.4000      0.829489242681E+00
  149.5000      0.825483619248E+00
  149.6000      0.826255192798E+00
  149.7000      0.823733186700E+00
  149.8000      0.829566473473E+00
  149.9000      0.830356585988E+00
  150.0000      0.820812685238E+00
  150.1000      0.822583922510E+00
  150.2000      0.826198319430E+00
  150.3000      0.817715566485E+00
  150.4000      0.814495613565E+00
  150.5000      0.814429536925E+00
  150.6000      0.810190671326E+00
  150.7000      0.818487828030E+00
  150.8000      0.827236135745E+00
  150.9000      0.815471118577E+00
  151.0000      0.803368802780E+00
  151.1000      0.800798955948E+00
  151.2000      0.800806316158E+00
  151.3000      0.815522952362E+00
  151.4000      0.830955488471E+00
  151.5000      0.818602339973E+00
  151.6000      0.798294472727E+00
  151.7000      0.791588433775E+00
  151.8000      0.794183844569E+00
  151.9000      0.814280504468E+00
  152.0000      0.836961938031E+00
  152.1000      0.826431711870E+00
  152.2000      0.799064915291E+00
  152.3000      0.786862026712E+00
  152.4000      0.790114814571E+00
  152.5000      0.813880320809E+00
  152.6000      0.843463755259E+00
  152.7000      0.836801072749E+00
  152.8000      0.804049717289E+00
  152.9000      0.785565243986E+00
  153.0000      0.787644259081E+00
  153.1000      0.813003845264E+00
  153.2000      0.848333586199E+00
  153.3000      0.847073223884E+00
  153.4000      0.811031822763E+00
  153.5000      0.786177232518E+00
  153.6000      0.785587062085E+00
  153.7000      0.810339750868E+00
  153.8000      0.849540244617E+00
  153.9000      0.854536161234E+00
  154.0000      0.817526318870E+00
  154.1000      0.786951541668E+00
  154.2000      0.782765996874E+00
  154.3000      0.804915493682E+00
  154.4000      0.845662803619E+00
  154.5000      0.857102076293E+00
  154.6000      0.821577453498E+00
  154.7000      0.786756890083E+00
  154.8000      0.778914478852E+00
  154.9000      0.797113577331E+00
  155.0000      0.837073538320E+00
  155.1000      0.854624374267E+00
  155.2000      0.823064458206E+00
  155.3000      0.786238102349E+00
  155.4000      0.775641491311E+00
  155.5000      0.789448320546E+00
  155.6000      0.826573309829E+00
  155.7000      0.849392402042E+00
  155.8000      0.823945695479E+00
  155.9000      0.787683327433E+00
  156.0000      0.775865600259E+00
  156.1000      0.785584321419E+00
  156.2000      0.818095725797E+00
  156.3000      0.844632099367E+00
  156.4000      0.826564125432E+00
  156.5000      0.793082493149E+00
  156.6000      0.781603153183E+00
  156.7000      0.787888541715E+00
  156.8000      0.814156527658E+00
  156.9000      0.842038743799E+00
  157.0000      0.831363083353E+00
  157.1000      0.802028924210E+00
  157.2000      0.792034368110E+00
  157.3000      0.795651686538E+00
  157.4000      0.814303849868E+00
  157.5000      0.840615023127E+00
  157.6000      0.836220583783E+00
  157.7000      0.811549439821E+00
  157.8000      0.803760940086E+00
  157.9000      0.805668371671E+00
  158.0000      0.815972166901E+00
  158.1000      0.837860301119E+00
  158.2000      0.838028346481E+00
  158.3000      0.818035014918E+00
  158.4000      0.812981972280E+00
  158.5000      0.814500286676E+00
  158.6000      0.816701628217E+00
  158.7000      0.831929421632E+00
  158.8000      0.834815543163E+00
  158.9000      0.819313774423E+00
  159.0000      0.817462567463E+00
  159.1000      0.820229098441E+00
  159.2000      0.815554620251E+00
  159.3000      0.822699779092E+00
  159.4000      0.826535587838E+00
  159.5000      0.815222718908E+00
  159.6000      0.816932732098E+00
  159.7000      0.822659540357E+00
  159.8000      0.813054422718E+00
  159.9000      0.811452952677E+00
  160.0000      0.814575071374E+00
  160.1000      0.807025408580E+00
  160.2000      0.812487963306E+00
  160.3000      0.822736243105E+00
  160.4000      0.810587984562E+00
  160.5000      0.800253431634E+00
  160.6000      0.801133680817E+00
  160.7000      0.796806638588E+00
  160.8000      0.806035456084E+00
  160.9000      0.822082812006E+00
  161.0000      0.810014945903E+00
  161.1000      0.791588282845E+00
  161.2000      0.788875632437E+00
  161.3000      0.787109662940E+00
  161.4000      0.799922174736E+00
  161.5000      0.822644311742E+00
  161.6000      0.813288001429E+00
  161.7000      0.787916918262E+00
  161.8000      0.780404957277E+00
  161.9000      0.780332657276E+00
  162.0000      0.796257367101E+00
  162.1000      0.825955022840E+00
  162.2000      0.821640335943E+00
  162.3000      0.790753133079E+00
  162.4000      0.777270320791E+00
  162.5000      0.777672880288E+00
  162.6000      0.795803292881E+00
  162.7000      0.832014838469E+00
  162.8000      0.834469226495E+00
  162.9000      0.799570309445E+00
  163.0000      0.778940056828E+00
  163.1000      0.778195094139E+00
  163.2000      0.797143851638E+00
  163.3000      0.838607455356E+00
  163.4000      0.848839387635E+00
  163.5000      0.811497966106E+00
  163.6000      0.782733509124E+00
  163.7000      0.779035123466E+00
  163.8000      0.797173617979E+00
  163.9000      0.842099034560E+00
  164.0000      0.860568156968E+00
  164.1000      0.822623276847E+00
  164.2000      0.785328386869E+00
  164.3000      0.777142303474E+00
  164.4000      0.793078238999E+00
  164.5000      0.839640654830E+00
  164.6000      0.866569755606E+00
  164.7000      0.830339534937E+00
  164.8000      0.785040739182E+00
  164.9000      0.771477211382E+00
  165.0000      0.784419857081E+00
  165.1000      0.831116335481E+00
  165.2000      0.866616519965E+00
  165.3000      0.834815459667E+00
  165.4000      0.782930813513E+00
  165.5000      0.763728155628E+00
  165.6000      0.773436030668E+00
  165.7000      0.819045035626E+00
  165.8000      0.862891111432E+00
  165.9000      0.838188089467E+00
  166.0000      0.781625730231E+00
  166.1000      0.756789594457E+00
  166.2000      0.763204892787E+00
  166.3000      0.806517280210E+00
  166.4000      0.857811270501E+00
  166.5000      0.842321081286E+00
  166.6000      0.783035229149E+00
  166.7000      0.752500620921E+00
  166.8000      0.755471072949E+00
  166.9000      0.795197986856E+00
  167.0000      0.852317476459E+00
  167.1000      0.847407968974E+00
  167.2000      0.787264899990E+00
  167.3000      0.750893658117E+00
  167.4000      0.750234411655E+00
  167.5000      0.785262858771E+00
  167.6000      0.846201929385E+00
  167.7000      0.852688733405E+00
  167.8000      0.793668115887E+00
  167.9000      0.751535924900E+00
  168.0000      0.747293706304E+00
  168.1000      0.777055016270E+00
  168.2000      0.839862299388E+00
  168.3000      0.858276292723E+00
  168.4000      0.802676199514E+00
  168.5000      0.755297189412E+00
  168.6000      0.747848876919E+00
  168.7000      0.772411631747E+00
  168.8000      0.835325224024E+00
  168.9000      0.865861251495E+00
  169.0000      0.816136153440E+00
  169.1000      0.764302424667E+00
  169.2000      0.754044171578E+00
  169.3000      0.773758310651E+00
  169.4000      0.834915213605E+00
  169.5000      0.876989480219E+00
  169.6000      0.835203007576E+00
  169.7000      0.779497670154E+00
  169.8000      0.766288562076E+00
  169.9000      0.781242314890E+00
  170.0000      0.838300463861E+00
  170.1000      0.890123570376E+00
  170.2000      0.857475191391E+00
  170.3000      0.797956764665E+00
  170.4000      0.780857992996E+00
  170.5000      0.790722940049E+00
  170.6000      0.840988521794E+00
  170.7000      0.899752613355E+00
  170.8000      0.876747898385E+00
  170.9000      0.813306416510E+00
  171.0000      0.791035446444E+00
  171.1000      0.795630407618E+00
  171.2000      0.836920110357E+00
  171.3000      0.899725762944E+00
  171.4000      0.886991743447E+00
  171.5000      0.820222603836E+00
  171.6000      0.792006699676E+00
  171.7000      0.792106932573E+00
  171.8000      0.823723722356E+00
  171.9000      0.888515742451E+00
  172.0000      0.887455138860E+00
  172.1000      0.819174696818E+00
  172.2000      0.785065325228E+00
  172.3000      0.782470705511E+00
  172.4000      0.805288784936E+00
  172.5000      0.870851506465E+00
  172.6000      0.883318350465E+00
  172.7000      0.816065352089E+00
  172.8000      0.776222885425E+00
  172.9000      0.772757313020E+00
  173.0000      0.788250004973E+00
  173.1000      0.853291839439E+00
  173.2000      0.880565627698E+00
  173.3000      0.816623226678E+00
  173.4000      0.770340465217E+00
  173.5000      0.766741958252E+00
  173.6000      0.776032037531E+00
  173.7000      0.838504498001E+00
  173.8000      0.880762487952E+00
  173.9000      0.821936477686E+00
  174.0000      0.767635503637E+00
  174.1000      0.763523279078E+00
  174.2000      0.767503106115E+00
  174.3000      0.824969615257E+00
  174.4000      0.881817199718E+00
  174.5000      0.830278499951E+00
  174.6000      0.766541546698E+00
  174.7000      0.761302841488E+00
  174.8000      0.761436421726E+00
  174.9000      0.811821340223E+00
  175.0000      0.882949473972E+00
  175.1000      0.842002091820E+00
  175.2000      0.768345481432E+00
  175.3000      0.761629755490E+00
  175.4000      0.760194340754E+00
  175.5000      0.801719083382E+00
  175.6000      0.886575179172E+00
  175.7000      0.860357808467E+00
  175.8000      0.776883122463E+00
  175.9000      0.768112146673E+00
  176.0000      0.767687320600E+00
  176.1000      0.798116355083E+00
  176.2000      0.895008641090E+00
  176.3000      0.887814553817E+00
  176.4000      0.794501944760E+00
  176.5000      0.782323800394E+00
  176.6000      0.785744687225E+00
  176.7000      0.802233769848E+00
  176.8000      0.908237763806E+00
  176.9000      0.924883534951E+00
  177.0000      0.821572132802E+00
  177.1000      0.804006940443E+00
  177.2000      0.815500809774E+00
  177.3000      0.815328515953E+00
  177.4000      0.927074527754E+00
  177.5000      0.974484275597E+00
  177.6000      0.860877962848E+00
  177.7000      0.834999453367E+00
  177.8000      0.861653883291E+00
  177.9000      0.842182120225E+00
  178.0000      0.955883909450E+00
  178.1000      0.104545603374E+01
  178.2000      0.919318879994E+00
  178.3000      0.878334872128E+00
  178.4000      0.932074221935E+00
  178.5000      0.888148748228E+00
  178.6000      0.997671825962E+00
  178.7000      0.115258660052E+01
  178.8000      0.100490075069E+01
  178.9000      0.930300986686E+00
  179.0000      0.103942943728E+01
  179.1000      0.956348042295E+00
  179.2000      0.104858970633E+01
  179.3000      0.134840557222E+01
  179.4000      0.114950156441E+01
  179.5000      0.980220328915E+00
  179.6000      0.130915617400E+01
  179.7000      0.112948209886E+01
  179.8000      0.117415758720E+01
  179.9000      0.304888300384E+01
  180.0000      0.449484577759E+01
