    0.1000      0.129409302296E+08
    0.2000      0.149245200275E+07
    0.3000      0.736849315054E+06
    0.4000      0.322789490886E+06
    0.5000      0.259964638545E+06
    0.6000      0.138033582291E+06
    0.7000      0.103325761995E+06
    0.8000      0.686709902918E+05
    0.9000      0.737633002868E+05
    1.0000      0.447751352474E+05
    1.1000      0.387483826527E+05
    1.2000      0.298107549767E+05
    1.3000      0.347734956715E+05
    1.4000      0.226743157035E+05
    1.5000      0.157504297968E+05
    1.6000      0.122048034624E+05
    1.7000      0.141733348818E+05
    1.8000      0.135701603556E+05
    1.9000      0.101981123643E+05
    2.0000      0.109056137611E+05
    2.1000      0.114018717113E+05
    2.2000      0.126693926031E+05
    2.3000      0.806735105601E+04
    2.4000      0.578261657814E+04
    2.5000      0.506134907816E+04
    2.6000      0.641690103632E+04
    2.7000      0.669686955439E+04
    2.8000      0.400762924603E+04
    2.9000      0.266460515097E+04
    3.0000      0.213264715998E+04
    3.1000      0.343953670412E+04
    3.2000      0.360143850587E+04
    3.3000      0.286964186951E+04
    3.4000      0.227406743950E+04
    3.5000      0.233150811404E+04
    3.6000      0.332254411078E+04
    3.7000      0.331963006588E+04
    3.8000      0.311080557356E+04
    3.9000      0.245462731744E+04
    4.0000      0.244209243020E+04
    4.1000      0.308361298408E+04
    4.2000      0.309489930653E+04
    4.3000      0.304547984780E+04
    4.4000      0.227878007788E+04
    4.5000      0.190775826454E+04
    4.6000      0.217411557073E+04
    4.7000      0.226969223533E+04
    4.8000      0.243140352938E+04
    4.9000      0.188204524873E+04
    5.0000      0.135584925394E+04
    5.1000      0.130206759695E+04
    5.2000      0.135944028461E+04
    5.3000      0.161558885550E+04
    5.4000      0.138819616121E+04
    5.5000      0.975679199863E+03
    5.6000      0.775948935691E+03
    5.7000      0.740473314235E+03
    5.8000      0.952570808816E+03
    5.9000      0.931258015483E+03
    6.0000      0.712407169976E+03
    6.1000      0.503351559976E+03
    6.2000      0.396374979090E+03
    6.3000      0.528542284837E+03
    6.4000      0.597599075285E+03
    6.5000      0.537340404168E+03
    6.6000      0.378571534138E+03
    6.7000      0.219492638534E+03
    6.8000      0.263011692732E+03
    6.9000      0.347288081076E+03
    7.0000      0.389153468893E+03
    7.1000      0.322720438856E+03
    7.2000      0.165000970694E+03
    7.3000      0.131051827651E+03
    7.4000      0.174739825502E+03
    7.5000      0.242513183952E+03
    7.6000      0.264126473509E+03
    7.7000      0.167993873424E+03
    7.8000      0.988358033073E+02
    7.9000      0.814185055956E+02
    8.0000      0.109866278549E+03
    8.1000      0.168745909539E+03
    8.2000      0.158520791942E+03
    8.3000      0.117378149274E+03
    8.4000      0.729421213294E+02
    8.5000      0.462491995225E+02
    8.6000      0.769694222570E+02
    8.7000      0.105867326807E+03
    8.8000      0.110943039196E+03
    8.9000      0.866332557534E+02
    9.0000      0.443720709302E+02
    9.1000      0.359320765893E+02
    9.2000      0.530058349464E+02
    9.3000      0.772835856862E+02
    9.4000      0.835045797230E+02
    9.5000      0.587933744873E+02
    9.6000      0.346567664678E+02
    9.7000      0.249818215356E+02
    9.8000      0.384697159711E+02
    9.9000      0.594680507896E+02
   10.0000      0.616099799057E+02
   10.1000      0.498462552871E+02
   10.2000      0.314430303158E+02
   10.3000      0.246822733085E+02
   10.4000      0.340944380120E+02
   10.5000      0.430966159306E+02
   10.6000      0.458530923703E+02
   10.7000      0.382652554608E+02
   10.8000      0.286430172040E+02
   10.9000      0.269094333602E+02
   11.0000      0.317125483476E+02
   11.1000      0.390793716598E+02
   11.2000      0.405067381441E+02
   11.3000      0.351218847831E+02
   11.4000      0.274495072971E+02
   11.5000      0.237803234578E+02
   11.6000      0.274489969319E+02
   11.7000      0.322269486349E+02
   11.8000      0.351203694641E+02
   11.9000      0.338330568832E+02
   12.0000      0.292159257360E+02
   12.1000      0.269338338891E+02
   12.2000      0.262830535975E+02
   12.3000      0.274657952011E+02
   12.4000      0.298304862430E+02
   12.5000      0.286955233392E+02
   12.6000      0.260604397456E+02
   12.7000      0.250925790914E+02
   12.8000      0.254849682959E+02
   12.9000      0.282861639049E+02
   13.0000      0.293648591155E+02
   13.1000      0.258917722855E+02
   13.2000      0.236484588494E+02
   13.3000      0.222857962448E+02
   13.4000      0.216598072311E+02
   13.5000      0.237643549151E+02
   13.6000      0.240468616749E+02
   13.7000      0.248907896612E+02
   13.8000      0.260216061277E+02
   13.9000      0.231864935131E+02
   14.0000      0.219190838009E+02
   14.1000      0.219813785288E+02
   14.2000      0.213712066333E+02
   14.3000      0.219415608356E+02
   14.4000      0.208136260343E+02
   14.5000      0.201284663644E+02
   14.6000      0.222976096691E+02
   14.7000      0.229977432354E+02
   14.8000      0.223290799532E+02
   14.9000      0.224148828122E+02
   15.0000      0.214400290695E+02
   15.1000      0.203824273433E+02
   15.2000      0.199909132746E+02
   15.3000      0.187806649354E+02
   15.4000      0.200234625821E+02
   15.5000      0.220890567486E+02
   15.6000      0.212255095796E+02
   15.7000      0.212002512730E+02
   15.8000      0.211492472376E+02
   15.9000      0.201768856886E+02
   16.0000      0.201557632484E+02
   16.1000      0.186954449790E+02
   16.2000      0.179676620871E+02
   16.3000      0.192824306093E+02
   16.4000      0.192351204984E+02
   16.5000      0.190747402387E+02
   16.6000      0.197831968714E+02
   16.7000      0.197027407492E+02
   16.8000      0.192726018095E+02
   16.9000      0.183370566646E+02
   17.0000      0.166295484083E+02
   17.1000      0.164487768309E+02
   17.2000      0.168919771123E+02
   17.3000      0.162933886181E+02
   17.4000      0.168556414274E+02
   17.5000      0.175567366122E+02
   17.6000      0.174487915375E+02
   17.7000      0.175069190538E+02
   17.8000      0.163678978217E+02
   17.9000      0.154870763399E+02
   18.0000      0.155155240472E+02
   18.1000      0.146979483865E+02
   18.2000      0.143670523308E+02
   18.3000      0.149198490399E+02
   18.4000      0.153757298372E+02
   18.5000      0.158613838060E+02
   18.6000      0.159238547684E+02
   18.7000      0.154001993062E+02
   18.8000      0.152365783213E+02
   18.9000      0.149166493627E+02
   19.0000      0.139134662779E+02
   19.1000      0.138215594602E+02
   19.2000      0.141893363930E+02
   19.3000      0.143682835478E+02
   19.4000      0.149644769006E+02
   19.5000      0.148959409740E+02
   19.6000      0.148843659630E+02
   19.7000      0.151584107970E+02
   19.8000      0.143140279288E+02
   19.9000      0.136667600368E+02
   20.0000      0.136296289459E+02
   20.1000      0.134848269275E+02
   20.2000      0.136800078618E+02
   20.3000      0.138691182644E+02
   20.4000      0.139157464498E+02
   20.5000      0.143437147818E+02
   20.6000      0.142833600309E+02
   20.7000      0.133307404729E+02
   20.8000      0.129436681220E+02
   20.9000      0.127243665288E+02
   21.0000      0.121460549131E+02
   21.1000      0.121889099122E+02
   21.2000      0.121723633874E+02
   21.3000      0.124535888257E+02
   21.4000      0.131334231257E+02
   21.5000      0.126523403814E+02
   21.6000      0.121914498206E+02
   21.7000      0.121818269971E+02
   21.8000      0.114428562270E+02
   21.9000      0.107817420020E+02
   22.0000      0.105326859708E+02
   22.1000      0.104559660001E+02
   22.2000      0.109825876662E+02
   22.3000      0.113655555692E+02
   22.4000      0.111693067019E+02
   22.5000      0.115504687791E+02
   22.6000      0.117177086309E+02
   22.7000      0.108078305390E+02
   22.8000      0.103216495495E+02
   22.9000      0.100076240367E+02
   23.0000      0.970609323598E+01
   23.1000      0.100419509720E+02
   23.2000      0.100213042191E+02
   23.3000      0.103691415381E+02
   23.4000      0.113417009559E+02
   23.5000      0.113018214509E+02
   23.6000      0.109019710938E+02
   23.7000      0.108661164966E+02
   23.8000      0.104364874012E+02
   23.9000      0.993553862240E+01
   24.0000      0.969927949330E+01
   24.1000      0.950218794023E+01
   24.2000      0.100096340218E+02
   24.3000      0.106845966445E+02
   24.4000      0.105642797621E+02
   24.5000      0.108658640489E+02
   24.6000      0.112251319968E+02
   24.7000      0.106445831931E+02
   24.8000      0.101695977564E+02
   24.9000      0.969088481805E+01
   25.0000      0.927783702512E+01
   25.1000      0.944198517846E+01
   25.2000      0.933681509434E+01
   25.3000      0.935733421578E+01
   25.4000      0.100552096914E+02
   25.5000      0.102798915085E+02
   25.6000      0.992874811923E+01
   25.7000      0.979780530076E+01
   25.8000      0.945420125886E+01
   25.9000      0.891608070843E+01
   26.0000      0.858911247929E+01
   26.1000      0.809410882313E+01
   26.2000      0.813774801482E+01
   26.3000      0.863786676037E+01
   26.4000      0.852290731417E+01
   26.5000      0.863413115007E+01
   26.6000      0.899379834729E+01
   26.7000      0.877301166690E+01
   26.8000      0.845064734593E+01
   26.9000      0.805735121378E+01
   27.0000      0.762680992815E+01
   27.1000      0.759286259827E+01
   27.2000      0.749887795010E+01
   27.3000      0.729627818198E+01
   27.4000      0.769338577556E+01
   27.5000      0.810716288758E+01
   27.6000      0.800656483255E+01
   27.7000      0.807794799582E+01
   27.8000      0.804733121537E+01
   27.9000      0.780253897174E+01
   28.0000      0.769517301069E+01
   28.1000      0.729181587610E+01
   28.2000      0.714495212185E+01
   28.3000      0.746750483479E+01
   28.4000      0.744511297381E+01
   28.5000      0.747263551870E+01
   28.6000      0.781364996054E+01
   28.7000      0.793342038004E+01
   28.8000      0.789170310120E+01
   28.9000      0.779209298811E+01
   29.0000      0.752596392732E+01
   29.1000      0.744983417835E+01
   29.2000      0.740825652058E+01
   29.3000      0.706223574291E+01
   29.4000      0.710095023127E+01
   29.5000      0.735611957432E+01
   29.6000      0.727601211945E+01
   29.7000      0.732869973529E+01
   29.8000      0.734699933071E+01
   29.9000      0.724832775941E+01
   30.0000      0.724365224233E+01
   30.1000      0.694264344823E+01
   30.2000      0.663758382583E+01
   30.3000      0.665987647411E+01
   30.4000      0.653518180281E+01
   30.5000      0.630183286076E+01
   30.6000      0.633443059986E+01
   30.7000      0.636942519365E+01
   30.8000      0.631925352121E+01
   30.9000      0.630657594019E+01
   31.0000      0.609578133168E+01
   31.1000      0.600021154313E+01
   31.2000      0.600699329480E+01
   31.3000      0.566341056868E+01
   31.4000      0.548785865529E+01
   31.5000      0.552552395213E+01
   31.6000      0.539982977826E+01
   31.7000      0.535826725460E+01
   31.8000      0.533272604409E+01
   31.9000      0.529295088197E+01
   32.0000      0.538308658913E+01
   32.1000      0.531909643034E+01
   32.2000      0.511209054754E+01
   32.3000      0.513230020394E+01
   32.4000      0.513658105736E+01
   32.5000      0.492946877822E+01
   32.6000      0.490061067779E+01
   32.7000      0.491678473661E+01
   32.8000      0.490128025579E+01
   32.9000      0.499674975806E+01
   33.0000      0.491301150130E+01
   33.1000      0.491386976840E+01
   33.2000      0.507933092013E+01
   33.3000      0.496738313856E+01
   33.4000      0.485084905338E+01
   33.5000      0.490689501882E+01
   33.6000      0.487205953885E+01
   33.7000      0.481082579337E+01
   33.8000      0.479781826752E+01
   33.9000      0.475564270730E+01
   34.0000      0.482409043674E+01
   34.1000      0.489219238306E+01
   34.2000      0.473969821572E+01
   34.3000      0.475589645160E+01
   34.4000      0.485536220925E+01
   34.5000      0.468757990076E+01
   34.6000      0.461010265962E+01
   34.7000      0.459382950320E+01
   34.8000      0.451211955100E+01
   34.9000      0.451549023029E+01
   35.0000      0.441707520498E+01
   35.1000      0.432307618944E+01
   35.2000      0.441337068257E+01
   35.3000      0.437043626553E+01
   35.4000      0.418288148648E+01
   35.5000      0.418812160400E+01
   35.6000      0.418780216873E+01
   35.7000      0.402332248836E+01
   35.8000      0.395986687565E+01
   35.9000      0.387899049559E+01
   36.0000      0.381575318248E+01
   36.1000      0.385153070924E+01
   36.2000      0.369379084794E+01
   36.3000      0.362044999980E+01
   36.4000      0.373093871095E+01
   36.5000      0.362370342795E+01
   36.6000      0.348734130588E+01
   36.7000      0.351429082049E+01
   36.8000      0.348053775064E+01
   36.9000      0.340356448082E+01
   37.0000      0.337053718785E+01
   37.1000      0.329275311355E+01
   37.2000      0.331856156848E+01
   37.3000      0.337739351901E+01
   37.4000      0.322416395621E+01
   37.5000      0.322913060724E+01
   37.6000      0.336049064315E+01
   37.7000      0.325270425736E+01
   37.8000      0.320687010997E+01
   37.9000      0.325711724934E+01
   38.0000      0.323442079401E+01
   38.1000      0.325664844910E+01
   38.2000      0.322781441169E+01
   38.3000      0.317229085139E+01
   38.4000      0.327534420232E+01
   38.5000      0.330887587779E+01
   38.6000      0.317765207864E+01
   38.7000      0.323864716653E+01
   38.8000      0.333842595112E+01
   38.9000      0.324238019063E+01
   39.0000      0.324397300603E+01
   39.1000      0.326544738166E+01
   39.2000      0.324581966854E+01
   39.3000      0.330156385894E+01
   39.4000      0.322442101708E+01
   39.5000      0.317559550275E+01
   39.6000      0.329343465654E+01
   39.7000      0.325498702186E+01
   39.8000      0.314213490246E+01
   39.9000      0.320493140727E+01
   40.0000      0.323193877352E+01
   40.1000      0.315082490981E+01
   40.2000      0.314329495565E+01
   40.3000      0.310829285138E+01
   40.4000      0.309109950960E+01
   40.5000      0.312505585480E+01
   40.6000      0.300000680544E+01
   40.7000      0.296629687705E+01
   40.8000      0.306246977878E+01
   40.9000      0.297107640885E+01
   41.0000      0.289533748054E+01
   41.1000      0.294122635577E+01
   41.2000      0.291781704823E+01
   41.3000      0.287241973473E+01
   41.4000      0.284255671228E+01
   41.5000      0.278263339125E+01
   41.6000      0.279205646270E+01
   41.7000      0.279783535114E+01
   41.8000      0.267588785842E+01
   41.9000      0.268134960151E+01
   42.0000      0.275674890404E+01
   42.1000      0.266798508897E+01
   42.2000      0.264516371709E+01
   42.3000      0.268202758891E+01
   42.4000      0.265395364373E+01
   42.5000      0.265389844507E+01
   42.6000      0.261295561138E+01
   42.7000      0.256714758542E+01
   42.8000      0.261182878304E+01
   42.9000      0.259665384309E+01
   43.0000      0.251203888003E+01
   43.1000      0.255389310926E+01
   43.2000      0.260794284676E+01
   43.3000      0.254876465443E+01
   43.4000      0.256050936322E+01
   43.5000      0.258717896502E+01
   43.6000      0.257268755946E+01
   43.7000      0.259613807344E+01
   43.8000      0.254656850339E+01
   43.9000      0.252189374072E+01
   44.0000      0.258149383754E+01
   44.1000      0.254169643507E+01
   44.2000      0.248780343354E+01
   44.3000      0.253883214644E+01
   44.4000      0.255999013840E+01
   44.5000      0.252221641414E+01
   44.6000      0.253603841552E+01
   44.7000      0.254423891489E+01
   44.8000      0.254105775310E+01
   44.9000      0.255957232070E+01
   45.0000      0.249952227565E+01
   45.1000      0.248836194493E+01
   45.2000      0.253952392303E+01
   45.3000      0.247272797459E+01
   45.4000      0.243314423927E+01
   45.5000      0.247429055373E+01
   45.6000      0.246048636919E+01
   45.7000      0.243416310528E+01
   45.8000      0.243611553322E+01
   45.9000      0.242942643335E+01
   46.0000      0.243987543019E+01
   46.1000      0.244256287371E+01
   46.2000      0.237997523784E+01
   46.3000      0.238351826780E+01
   46.4000      0.241725356108E+01
   46.5000      0.233334066785E+01
   46.6000      0.230389477900E+01
   46.7000      0.233337185894E+01
   46.8000      0.229680722245E+01
   46.9000      0.228136855534E+01
   47.0000      0.227577857983E+01
   47.1000      0.226675249539E+01
   47.2000      0.229572954312E+01
   47.3000      0.228366865826E+01
   47.4000      0.223053570262E+01
   47.5000      0.225353036804E+01
   47.6000      0.226723231246E+01
   47.7000      0.217988925229E+01
   47.8000      0.216228389808E+01
   47.9000      0.218193924553E+01
   48.0000      0.213558734438E+01
   48.1000      0.212881959533E+01
   48.2000      0.212167633617E+01
   48.3000      0.211838759157E+01
   48.4000      0.216132324036E+01
   48.5000      0.213657993041E+01
   48.6000      0.209955930929E+01
   48.7000      0.213986623319E+01
   48.8000      0.213034427864E+01
   48.9000      0.204875939956E+01
   49.0000      0.204273471476E+01
   49.1000      0.205068915586E+01
   49.2000      0.200099916943E+01
   49.3000      0.199648622034E+01
   49.4000      0.199053290872E+01
   49.5000      0.199372226522E+01
   49.6000      0.203872668852E+01
   49.7000      0.200599074076E+01
   49.8000      0.198791887279E+01
   49.9000      0.203932558434E+01
   50.0000      0.200836559387E+01
   50.1000      0.193946095851E+01
   50.2000      0.194521261308E+01
   50.3000      0.193972865047E+01
   50.4000      0.188956022840E+01
   50.5000      0.188388894919E+01
   50.6000      0.188113198091E+01
   50.7000      0.188822797041E+01
   50.8000      0.192581205303E+01
   50.9000      0.189489234882E+01
   51.0000      0.189685962290E+01
   51.1000      0.195275053230E+01
   51.2000      0.190902113816E+01
   51.3000      0.185934864401E+01
   51.4000      0.187794960134E+01
   51.5000      0.185875516874E+01
   51.6000      0.181032388940E+01
   51.7000      0.180483870739E+01
   51.8000      0.180457543470E+01
   51.9000      0.181071187553E+01
   52.0000      0.183564453240E+01
   52.1000      0.181467476711E+01
   52.2000      0.183386929384E+01
   52.3000      0.188724764845E+01
   52.4000      0.183996100026E+01
   52.5000      0.181169817421E+01
   52.6000      0.184078885502E+01
   52.7000      0.180664740711E+01
   52.8000      0.175992737636E+01
   52.9000      0.175626192584E+01
   53.0000      0.175176377933E+01
   53.1000      0.174996826252E+01
   53.2000      0.176078146124E+01
   53.3000      0.175040947110E+01
   53.4000      0.177778464278E+01
   53.5000      0.182024108488E+01
   53.6000      0.177678766041E+01
   53.7000      0.176752067200E+01
   53.8000      0.180011276719E+01
   53.9000      0.175118290222E+01
   54.0000      0.170639220309E+01
   54.1000      0.170461297910E+01
   54.2000      0.168708896566E+01
   54.3000      0.167217732242E+01
   54.4000      0.167020670498E+01
   54.5000      0.166590513985E+01
   54.6000      0.169255146695E+01
   54.7000      0.171969966498E+01
   54.8000      0.168579555092E+01
   54.9000      0.169241400564E+01
   55.0000      0.172269038464E+01
   55.1000      0.166572100491E+01
   55.2000      0.162777388056E+01
   55.3000      0.162959637695E+01
   55.4000      0.159617953443E+01
   55.5000      0.156962245611E+01
   55.6000      0.156137066245E+01
   55.7000      0.155855706757E+01
   55.8000      0.157958321896E+01
   55.9000      0.159388541948E+01
   56.0000      0.157553123824E+01
   56.1000      0.159666867309E+01
   56.2000      0.162312655677E+01
   56.3000      0.157050751152E+01
   56.4000      0.154747278269E+01
   56.5000      0.155577462326E+01
   56.6000      0.151157701958E+01
   56.7000      0.148146783560E+01
   56.8000      0.147577396232E+01
   56.9000      0.147099624755E+01
   57.0000      0.148511276566E+01
   57.1000      0.149323404420E+01
   57.2000      0.149255163391E+01
   57.3000      0.152548797642E+01
   57.4000      0.154884766105E+01
   57.5000      0.151192112699E+01
   57.6000      0.150883483190E+01
   57.7000      0.152370696709E+01
   57.8000      0.147604661300E+01
   57.9000      0.144981439422E+01
   58.0000      0.145107033531E+01
   58.1000      0.143982807115E+01
   58.2000      0.144586928097E+01
   58.3000      0.145243036378E+01
   58.4000      0.146339903099E+01
   58.5000      0.150074697659E+01
   58.6000      0.151985960599E+01
   58.7000      0.150183146543E+01
   58.8000      0.151650346583E+01
   58.9000      0.153315279366E+01
   59.0000      0.148682062351E+01
   59.1000      0.146722740156E+01
   59.2000      0.147280801755E+01
   59.3000      0.144916031464E+01
   59.4000      0.144419358174E+01
   59.5000      0.144895429259E+01
   59.6000      0.145931330672E+01
   59.7000      0.149056142904E+01
   59.8000      0.150245642556E+01
   59.9000      0.149840868142E+01
   60.0000      0.152344651424E+01
   60.1000      0.153531397327E+01
   60.2000      0.149280573887E+01
   60.3000      0.148038032645E+01
   60.4000      0.148505616272E+01
   60.5000      0.144604673617E+01
   60.6000      0.142939716355E+01
   60.7000      0.143110746317E+01
   60.8000      0.142969365242E+01
   60.9000      0.144676562501E+01
   61.0000      0.145068413656E+01
   61.1000      0.145354578663E+01
   61.2000      0.148179717656E+01
   61.3000      0.148579268827E+01
   61.4000      0.145066060279E+01
   61.5000      0.144798006758E+01
   61.6000      0.144950223623E+01
   61.7000      0.139918068780E+01
   61.8000      0.137681409550E+01
   61.9000      0.137773922610E+01
   62.0000      0.136032430048E+01
   62.1000      0.136199529577E+01
   62.2000      0.136274791411E+01
   62.3000      0.136795423047E+01
   62.4000      0.139491518830E+01
   62.5000      0.139380955650E+01
   62.6000      0.137167782654E+01
   62.7000      0.138281686275E+01
   62.8000      0.138241911166E+01
   62.9000      0.133072690698E+01
   63.0000      0.131405742548E+01
   63.1000      0.131859432280E+01
   63.2000      0.128703383556E+01
   63.3000      0.127870357607E+01
   63.4000      0.128464540752E+01
   63.5000      0.128870219786E+01
   63.6000      0.131047160916E+01
   63.7000      0.131078467690E+01
   63.8000      0.130546040405E+01
   63.9000      0.132981800793E+01
   64.0000      0.132864154658E+01
   64.1000      0.128635464661E+01
   64.2000      0.128485480639E+01
   64.3000      0.129330575077E+01
   64.4000      0.125118783428E+01
   64.5000      0.124069363690E+01
   64.6000      0.125662346170E+01
   64.7000      0.125268481302E+01
   64.8000      0.126452701789E+01
   64.9000      0.127289149961E+01
   65.0000      0.128088240002E+01
   65.1000      0.130904776647E+01
   65.2000      0.130761422302E+01
   65.3000      0.128188673084E+01
   65.4000      0.129551498268E+01
   65.5000      0.130172092970E+01
   65.6000      0.125411416316E+01
   65.7000      0.124816973466E+01
   65.8000      0.127008042145E+01
   65.9000      0.124896025812E+01
   66.0000      0.124867103528E+01
   66.1000      0.126839664779E+01
   66.2000      0.127718460143E+01
   66.3000      0.129506510468E+01
   66.4000      0.129662147020E+01
   66.5000      0.128851999781E+01
   66.6000      0.130673436222E+01
   66.7000      0.130463437866E+01
   66.8000      0.126065010927E+01
   66.9000      0.126175057654E+01
   67.0000      0.127914676114E+01
   67.1000      0.123850331686E+01
   67.2000      0.123062524107E+01
   67.3000      0.125938757788E+01
   67.4000      0.125390077034E+01
   67.5000      0.125421207009E+01
   67.6000      0.126593943380E+01
   67.7000      0.126891667230E+01
   67.8000      0.127770275997E+01
   67.9000      0.127069937198E+01
   68.0000      0.124206831447E+01
   68.1000      0.124612218110E+01
   68.2000      0.125042920679E+01
   68.3000      0.120143594868E+01
   68.4000      0.119446517915E+01
   68.5000      0.122358691234E+01
   68.6000      0.119723681413E+01
   68.7000      0.118588561167E+01
   68.8000      0.121304612890E+01
   68.9000      0.121501533152E+01
   69.0000      0.120774831899E+01
   69.1000      0.120870402874E+01
   69.2000      0.120081595875E+01
   69.3000      0.119849451276E+01
   69.4000      0.119198686573E+01
   69.5000      0.115460435348E+01
   69.6000      0.115135777817E+01
   69.7000      0.116975568559E+01
   69.8000      0.113112137183E+01
   69.9000      0.112052565826E+01
   70.0000      0.115746888712E+01
   70.1000      0.114776226773E+01
   70.2000      0.113034666752E+01
   70.3000      0.115037014171E+01
   70.4000      0.115593469691E+01
   70.5000      0.114052026870E+01
   70.6000      0.113596205693E+01
   70.7000      0.112344009572E+01
   70.8000      0.111660734683E+01
   70.9000      0.111961036789E+01
   71.0000      0.108766486633E+01
   71.1000      0.108305532739E+01
   71.2000      0.111410534649E+01
   71.3000      0.109283484204E+01
   71.4000      0.107771466601E+01
   71.5000      0.111319328653E+01
   71.6000      0.111713609438E+01
   71.7000      0.109187283697E+01
   71.8000      0.110182383169E+01
   71.9000      0.110996319004E+01
   72.0000      0.109021297898E+01
   72.1000      0.108505331272E+01
   72.2000      0.107489772393E+01
   72.3000      0.106870795345E+01
   72.4000      0.108105606938E+01
   72.5000      0.106106273159E+01
   72.6000      0.105468146591E+01
   72.7000      0.108796493015E+01
   72.8000      0.108217581549E+01
   72.9000      0.105949341095E+01
   73.0000      0.108387452258E+01
   73.1000      0.109619271826E+01
   73.2000      0.106479225618E+01
   73.3000      0.106429573815E+01
   73.4000      0.107498355960E+01
   73.5000      0.105627538711E+01
   73.6000      0.105162670220E+01
   73.7000      0.104719854759E+01
   73.8000      0.104356862870E+01
   73.9000      0.105832708095E+01
   74.0000      0.104957655725E+01
   74.1000      0.103930823504E+01
   74.2000      0.106436626863E+01
   74.3000      0.106895168977E+01
   74.4000      0.103967486028E+01
   74.5000      0.104953029574E+01
   74.6000      0.106674677778E+01
   74.7000      0.103551211469E+01
   74.8000      0.102710148823E+01
   74.9000      0.104054991779E+01
   75.0000      0.102841327108E+01
   75.1000      0.102320531638E+01
   75.2000      0.102422523601E+01
   75.3000      0.102354162874E+01
   75.4000      0.103399827856E+01
   75.5000      0.103303081753E+01
   75.6000      0.101919262358E+01
   75.7000      0.103196117770E+01
   75.8000      0.104266533572E+01
   75.9000      0.101239651355E+01
   76.0000      0.101048989838E+01
   76.1000      0.103050128295E+01
   76.2000      0.100701756301E+01
   76.3000      0.994012981817E+00
   76.4000      0.100874247287E+01
   76.5000      0.100597216289E+01
   76.6000      0.998572777344E+00
   76.7000      0.100204826303E+01
   76.8000      0.100347148044E+01
   76.9000      0.100677921174E+01
   77.0000      0.100956057220E+01
   77.1000      0.994164578990E+00
   77.2000      0.996406524317E+00
   77.3000      0.100986013378E+01
   77.4000      0.984428180784E+00
   77.5000      0.975199036302E+00
   77.6000      0.995033340536E+00
   77.7000      0.983016825923E+00
   77.8000      0.967216215057E+00
   77.9000      0.979903546070E+00
   78.0000      0.985195935598E+00
   78.1000      0.974647262026E+00
   78.2000      0.976940631266E+00
   78.3000      0.978607191374E+00
   78.4000      0.975727170825E+00
   78.5000      0.979085505218E+00
   78.6000      0.964084411074E+00
   78.7000      0.959692408008E+00
   78.8000      0.973117668216E+00
   78.9000      0.955659771356E+00
   79.0000      0.942251871634E+00
   79.1000      0.959129221752E+00
   79.2000      0.958046447753E+00
   79.3000      0.939820316124E+00
   79.4000      0.947710481330E+00
   79.5000      0.957717809100E+00
   79.6000      0.944670778928E+00
   79.7000      0.943825841103E+00
   79.8000      0.944618008040E+00
   79.9000      0.938821421225E+00
   80.0000      0.941557012300E+00
   80.1000      0.929010464471E+00
   80.2000      0.921718909295E+00
   80.3000      0.934100645992E+00
   80.4000      0.925870266666E+00
   80.5000      0.909719387788E+00
   80.6000      0.922469425346E+00
   80.7000      0.930455852829E+00
   80.8000      0.910372289243E+00
   80.9000      0.912808897460E+00
   81.0000      0.925655063408E+00
   81.1000      0.912551353802E+00
   81.2000      0.908442413463E+00
   81.3000      0.909480865419E+00
   81.4000      0.904495286330E+00
   81.5000      0.906519708554E+00
   81.6000      0.898940947731E+00
   81.7000      0.891008950008E+00
   81.8000      0.901828624620E+00
   81.9000      0.903126715927E+00
   82.0000      0.884914519941E+00
   82.1000      0.893192238204E+00
   82.2000      0.908912713385E+00
   82.3000      0.888664009311E+00
   82.4000      0.885532407223E+00
   82.5000      0.901491848608E+00
   82.6000      0.891796690062E+00
   82.7000      0.883795414922E+00
   82.8000      0.887480295570E+00
   82.9000      0.886435485047E+00
   83.0000      0.886108481115E+00
   83.1000      0.884730645509E+00
   83.2000      0.877655572025E+00
   83.3000      0.885131938051E+00
   83.4000      0.894453477650E+00
   83.5000      0.875718753120E+00
   83.6000      0.878077232926E+00
   83.7000      0.899442085611E+00
   83.8000      0.882021601054E+00
   83.9000      0.871462945730E+00
   84.0000      0.890250518783E+00
   84.1000      0.887588642681E+00
   84.2000      0.872828733036E+00
   84.3000      0.879375050740E+00
   84.4000      0.885171101667E+00
   84.5000      0.879307149479E+00
   84.6000      0.881722838039E+00
   84.7000      0.878290548057E+00
   84.8000      0.880136836768E+00
   84.9000      0.892242387533E+00
   85.0000      0.876662919374E+00
   85.1000      0.871645754845E+00
   85.2000      0.893592384839E+00
   85.3000      0.883102142520E+00
   85.4000      0.863490125617E+00
   85.5000      0.881646786876E+00
   85.6000      0.889325740807E+00
   85.7000      0.865715802138E+00
   85.8000      0.870781770395E+00
   85.9000      0.886325362408E+00
   86.0000      0.873793548538E+00
   86.1000      0.872564189723E+00
   86.2000      0.876709177854E+00
   86.3000      0.874064861497E+00
   86.4000      0.879898965099E+00
   86.5000      0.872001790438E+00
   86.6000      0.862714262686E+00
   86.7000      0.877653999067E+00
   86.8000      0.877014516042E+00
   86.9000      0.852100259101E+00
   87.0000      0.863662719263E+00
   87.1000      0.882363489893E+00
   87.2000      0.853983131046E+00
   87.3000      0.850653321235E+00
   87.4000      0.876365732534E+00
   87.5000      0.862571082931E+00
   87.6000      0.848704863222E+00
   87.7000      0.861656122157E+00
   87.8000      0.862110848960E+00
   87.9000      0.852874453846E+00
   88.0000      0.852695219167E+00
   88.1000      0.848704196740E+00
   88.2000      0.850544450976E+00
   88.3000      0.856133344219E+00
   88.4000      0.836443423579E+00
   88.5000      0.837717445726E+00
   88.6000      0.860883924425E+00
   88.7000      0.838278322037E+00
   88.8000      0.823573753148E+00
   88.9000      0.852881045457E+00
   89.0000      0.847980689658E+00
   89.1000      0.818870694381E+00
   89.2000      0.834598824596E+00
   89.3000      0.848222711362E+00
   89.4000      0.822967995174E+00
   89.5000      0.822264450497E+00
   89.6000      0.834102686115E+00
   89.7000      0.824747396536E+00
   89.8000      0.824268247817E+00
   89.9000      0.820377623901E+00
   90.0000      0.816380263711E+00
   90.1000      0.829734766778E+00
   90.2000      0.821339026739E+00
   90.3000      0.802943559541E+00
   90.4000      0.822990553912E+00
   90.5000      0.831532626993E+00
   90.6000      0.797034075349E+00
   90.7000      0.804728239535E+00
   90.8000      0.833201712123E+00
   90.9000      0.803400919162E+00
   91.0000      0.791220004886E+00
   91.1000      0.819847227433E+00
   91.2000      0.811889670893E+00
   91.3000      0.792789399816E+00
   91.4000      0.804471421940E+00
   91.5000      0.809487771700E+00
   91.6000      0.800957026266E+00
   91.7000      0.802386772456E+00
   91.8000      0.797143206477E+00
   91.9000      0.799673972660E+00
   92.0000      0.811497862790E+00
   92.1000      0.789862510154E+00
   92.2000      0.785893457249E+00
   92.3000      0.815298811632E+00
   92.4000      0.797440420299E+00
   92.5000      0.773122843884E+00
   92.6000      0.804320869401E+00
   92.7000      0.811043409450E+00
   92.8000      0.774720834712E+00
   92.9000      0.787946451006E+00
   93.0000      0.813469288633E+00
   93.1000      0.787167583632E+00
   93.2000      0.782058637184E+00
   93.3000      0.801386454456E+00
   93.4000      0.794185837295E+00
   93.5000      0.789114774323E+00
   93.6000      0.790212253890E+00
   93.7000      0.786772994242E+00
   93.8000      0.795890838473E+00
   93.9000      0.794671314639E+00
   94.0000      0.774844377295E+00
   94.1000      0.790161539659E+00
   94.2000      0.808935243334E+00
   94.3000      0.774956891566E+00
   94.4000      0.775430691684E+00
   94.5000      0.813546044471E+00
   94.6000      0.789309708851E+00
   94.7000      0.766306282201E+00
   94.8000      0.800556704032E+00
   94.9000      0.802357362876E+00
   95.0000      0.771070107602E+00
   95.1000      0.784013744327E+00
   95.2000      0.799711992106E+00
   95.3000      0.781581055834E+00
   95.4000      0.781491610730E+00
   95.5000      0.786346106848E+00
   95.6000      0.783354222078E+00
   95.7000      0.791937356245E+00
   95.8000      0.780715354205E+00
   95.9000      0.773089036146E+00
   96.0000      0.797643678745E+00
   96.1000      0.791142756386E+00
   96.2000      0.762490363094E+00
   96.3000      0.786910352697E+00
   96.4000      0.804885491431E+00
   96.5000      0.764143182946E+00
   96.6000      0.767927137612E+00
   96.7000      0.803848637396E+00
   96.8000      0.776426881381E+00
   96.9000      0.758476990551E+00
   97.0000      0.787826253801E+00
   97.1000      0.785414455570E+00
   97.2000      0.764476988907E+00
   97.3000      0.774198849755E+00
   97.4000      0.780954948986E+00
   97.5000      0.773646335620E+00
   97.6000      0.775872476251E+00
   97.7000      0.768730700711E+00
   97.8000      0.770510377823E+00
   97.9000      0.785531044676E+00
   98.0000      0.763865432015E+00
   98.1000      0.754788024960E+00
   98.2000      0.785643822252E+00
   98.3000      0.772724161650E+00
   98.4000      0.741625226948E+00
   98.5000      0.770282426132E+00
   98.6000      0.784551010375E+00
   98.7000      0.743967415367E+00
   98.8000      0.751707204651E+00
   98.9000      0.783747440634E+00
   99.0000      0.757101750329E+00
   99.1000      0.744914594770E+00
   99.2000      0.768771050816E+00
   99.3000      0.763474959085E+00
   99.4000      0.749826374470E+00
   99.5000      0.754292296218E+00
   99.6000      0.753544213831E+00
   99.7000      0.752919326057E+00
   99.8000      0.753590426628E+00
   99.9000      0.737868205949E+00
  100.0000      0.744177660911E+00
  100.1000      0.762315992357E+00
  100.2000      0.734816924478E+00
  100.3000      0.728593959853E+00
  100.4000      0.764030048560E+00
  100.5000      0.747565521078E+00
  100.6000      0.718877558325E+00
  100.7000      0.749924085359E+00
  100.8000      0.759331185054E+00
  100.9000      0.720896307689E+00
  101.0000      0.729711512374E+00
  101.1000      0.754292943573E+00
  101.2000      0.728436219263E+00
  101.3000      0.719880518023E+00
  101.4000      0.737036873497E+00
  101.5000      0.730930445425E+00
  101.6000      0.724552548183E+00
  101.7000      0.726589078763E+00
  101.8000      0.724711447700E+00
  101.9000      0.731381450613E+00
  102.0000      0.732402196483E+00
  102.1000      0.715922884478E+00
  102.2000      0.726240332203E+00
  102.3000      0.743170416583E+00
  102.4000      0.713897850186E+00
  102.5000      0.709576350969E+00
  102.6000      0.741640305043E+00
  102.7000      0.721386314042E+00
  102.8000      0.695918099818E+00
  102.9000      0.725682501446E+00
  103.0000      0.731152065077E+00
  103.1000      0.697724926668E+00
  103.2000      0.709975939337E+00
  103.3000      0.732929938713E+00
  103.4000      0.710858718203E+00
  103.5000      0.707270286556E+00
  103.6000      0.724282905864E+00
  103.7000      0.718432794958E+00
  103.8000      0.713800712970E+00
  103.9000      0.714167957103E+00
  104.0000      0.710469528685E+00
  104.1000      0.715965077798E+00
  104.2000      0.713532864564E+00
  104.3000      0.696514124098E+00
  104.4000      0.707455794492E+00
  104.5000      0.722199544577E+00
  104.6000      0.694615402210E+00
  104.7000      0.695263843707E+00
  104.8000      0.728020846127E+00
  104.9000      0.708837575198E+00
  105.0000      0.689670337347E+00
  105.1000      0.720864268692E+00
  105.2000      0.723560869398E+00
  105.3000      0.692895461657E+00
  105.4000      0.705114465012E+00
  105.5000      0.722531289872E+00
  105.6000      0.698932039289E+00
  105.7000      0.694947724227E+00
  105.8000      0.708675615083E+00
  105.9000      0.701417829736E+00
  106.0000      0.697994901202E+00
  106.1000      0.699883241209E+00
  106.2000      0.699212487302E+00
  106.3000      0.706819841532E+00
  106.4000      0.706499048444E+00
  106.5000      0.695520829526E+00
  106.6000      0.707464870988E+00
  106.7000      0.718895533020E+00
  106.8000      0.694399133229E+00
  106.9000      0.695214873232E+00
  107.0000      0.720120710398E+00
  107.1000      0.698163460297E+00
  107.2000      0.680511962734E+00
  107.3000      0.706888909622E+00
  107.4000      0.705351547146E+00
  107.5000      0.677904449784E+00
  107.6000      0.692505772073E+00
  107.7000      0.710301709367E+00
  107.8000      0.689164857162E+00
  107.9000      0.689466601845E+00
  108.0000      0.707590695826E+00
  108.1000      0.700118583777E+00
  108.2000      0.695036600297E+00
  108.3000      0.698924721334E+00
  108.4000      0.696817114432E+00
  108.5000      0.696944842467E+00
  108.6000      0.693032547541E+00
  108.7000      0.682712535997E+00
  108.8000      0.689361966946E+00
  108.9000      0.695749146163E+00
  109.0000      0.675060616634E+00
  109.1000      0.678477295668E+00
  109.2000      0.701992860945E+00
  109.3000      0.683829365737E+00
  109.4000      0.673189761000E+00
  109.5000      0.701066610129E+00
  109.6000      0.699028484331E+00
  109.7000      0.674807013092E+00
  109.8000      0.689487631920E+00
  109.9000      0.702625511992E+00
  110.0000      0.677872350415E+00
  110.1000      0.675575207033E+00
  110.2000      0.690425895739E+00
  110.3000      0.678189840790E+00
  110.4000      0.670393317336E+00
  110.5000      0.676730897264E+00
  110.6000      0.676400420730E+00
  110.7000      0.675440177506E+00
  110.8000      0.676228323060E+00
  110.9000      0.674465468997E+00
  111.0000      0.680645592749E+00
  111.1000      0.686093350855E+00
  111.2000      0.672763044349E+00
  111.3000      0.675366600922E+00
  111.4000      0.690502071457E+00
  111.5000      0.671900710025E+00
  111.6000      0.661061847421E+00
  111.7000      0.680757478722E+00
  111.8000      0.673641590532E+00
  111.9000      0.650862398620E+00
  112.0000      0.665159901738E+00
  112.1000      0.677371586320E+00
  112.2000      0.654765143739E+00
  112.3000      0.657471451262E+00
  112.4000      0.678330826347E+00
  112.5000      0.667065594149E+00
  112.6000      0.660309702983E+00
  112.7000      0.672851551150E+00
  112.8000      0.672100397007E+00
  112.9000      0.663983622267E+00
  113.0000      0.664169628018E+00
  113.1000      0.662853005226E+00
  113.2000      0.659961411483E+00
  113.3000      0.659641710819E+00
  113.4000      0.649943455537E+00
  113.5000      0.650743210328E+00
  113.6000      0.661934906859E+00
  113.7000      0.649027011510E+00
  113.8000      0.644901958456E+00
  113.9000      0.665299634116E+00
  114.0000      0.661367181370E+00
  114.1000      0.645818326854E+00
  114.2000      0.661782037457E+00
  114.3000      0.671838870967E+00
  114.4000      0.649138272590E+00
  114.5000      0.650507984983E+00
  114.6000      0.667307974675E+00
  114.7000      0.650213338173E+00
  114.8000      0.639599073652E+00
  114.9000      0.652432755696E+00
  115.0000      0.649475819484E+00
  115.1000      0.637886641370E+00
  115.2000      0.643243505497E+00
  115.3000      0.649233002364E+00
  115.4000      0.644721809080E+00
  115.5000      0.647320769340E+00
  115.6000      0.649195893503E+00
  115.7000      0.649717487354E+00
  115.8000      0.655542287683E+00
  115.9000      0.648031878110E+00
  116.0000      0.644277494494E+00
  116.1000      0.654466041310E+00
  116.2000      0.646904941593E+00
  116.3000      0.632435920550E+00
  116.4000      0.642656517582E+00
  116.5000      0.648063910332E+00
  116.6000      0.627326112309E+00
  116.7000      0.631232827672E+00
  116.8000      0.650598918880E+00
  116.9000      0.635793496138E+00
  117.0000      0.629721620940E+00
  117.1000      0.650407331342E+00
  117.2000      0.649131312330E+00
  117.3000      0.635475398631E+00
  117.4000      0.645045815084E+00
  117.5000      0.652380043464E+00
  117.6000      0.638711623305E+00
  117.7000      0.637311698039E+00
  117.8000      0.642160604233E+00
  117.9000      0.635067130498E+00
  118.0000      0.632940177476E+00
  118.1000      0.631050879258E+00
  118.2000      0.629430959144E+00
  118.3000      0.634455483828E+00
  118.4000      0.632313929298E+00
  118.5000      0.628056326873E+00
  118.6000      0.637692065179E+00
  118.7000      0.643657659247E+00
  118.8000      0.631081948656E+00
  118.9000      0.635617174446E+00
  119.0000      0.650232412996E+00
  119.1000      0.634422573114E+00
  119.2000      0.626567000084E+00
  119.3000      0.642704921053E+00
  119.4000      0.635774188021E+00
  119.5000      0.617680549665E+00
  119.6000      0.627918147540E+00
  119.7000      0.635940232338E+00
  119.8000      0.617945047326E+00
  119.9000      0.619993215814E+00
  120.0000      0.635762639096E+00
  120.1000      0.627346113354E+00
  120.2000      0.623805218973E+00
  120.3000      0.634590565204E+00
  120.4000      0.635317912214E+00
  120.5000      0.630625567768E+00
  120.6000      0.631930489314E+00
  120.7000      0.632282583450E+00
  120.8000      0.629692645821E+00
  120.9000      0.628948331762E+00
  121.0000      0.621555554157E+00
  121.1000      0.620647906399E+00
  121.2000      0.627412842845E+00
  121.3000      0.616283311693E+00
  121.4000      0.612502449315E+00
  121.5000      0.627327487312E+00
  121.6000      0.623672064224E+00
  121.7000      0.612271228193E+00
  121.8000      0.626129511382E+00
  121.9000      0.635635631504E+00
  122.0000      0.617970595676E+00
  122.1000      0.621088946409E+00
  122.2000      0.637954582824E+00
  122.3000      0.622812203179E+00
  122.4000      0.613150226461E+00
  122.5000      0.626952202057E+00
  122.6000      0.623131627633E+00
  122.7000      0.607633903209E+00
  122.8000      0.613473376802E+00
  122.9000      0.620615646401E+00
  123.0000      0.609248927130E+00
  123.1000      0.609974178815E+00
  123.2000      0.618695669073E+00
  123.3000      0.615873863870E+00
  123.4000      0.616632263274E+00
  123.5000      0.618830970158E+00
  123.6000      0.619303064965E+00
  123.7000      0.622301860517E+00
  123.8000      0.619941531801E+00
  123.9000      0.614311623267E+00
  124.0000      0.617933791265E+00
  124.1000      0.620134606556E+00
  124.2000      0.605971307083E+00
  124.3000      0.606362547592E+00
  124.4000      0.618561246764E+00
  124.5000      0.604795470650E+00
  124.6000      0.598060470989E+00
  124.7000      0.615698970855E+00
  124.8000      0.613913525181E+00
  124.9000      0.599303059897E+00
  125.0000      0.612051124159E+00
  125.1000      0.624075257447E+00
  125.2000      0.606594337055E+00
  125.3000      0.607389081212E+00
  125.4000      0.623746901363E+00
  125.5000      0.611969402343E+00
  125.6000      0.602155357594E+00
  125.7000      0.612505737051E+00
  125.8000      0.611345439937E+00
  125.9000      0.598860339736E+00
  126.0000      0.601490422111E+00
  126.1000      0.607153525244E+00
  126.2000      0.600015124069E+00
  126.3000      0.600573277037E+00
  126.4000      0.604499379350E+00
  126.5000      0.604022295008E+00
  126.6000      0.607599300642E+00
  126.7000      0.605922993597E+00
  126.8000      0.605273476166E+00
  126.9000      0.611672608521E+00
  127.0000      0.609421416851E+00
  127.1000      0.600606931054E+00
  127.2000      0.605714594984E+00
  127.3000      0.610872804494E+00
  127.4000      0.594609195175E+00
  127.5000      0.593796072832E+00
  127.6000      0.608236399009E+00
  127.7000      0.595360522154E+00
  127.8000      0.586065257989E+00
  127.9000      0.603172844478E+00
  128.0000      0.604215778419E+00
  128.1000      0.588114344884E+00
  128.2000      0.598504022187E+00
  128.3000      0.612640209272E+00
  128.4000      0.596303334915E+00
  128.5000      0.595029560178E+00
  128.6000      0.611267109998E+00
  128.7000      0.602444426430E+00
  128.8000      0.591918304587E+00
  128.9000      0.600641317612E+00
  129.0000      0.601712377801E+00
  129.1000      0.589538130456E+00
  129.2000      0.590651413334E+00
  129.3000      0.596257718961E+00
  129.4000      0.589636377824E+00
  129.5000      0.589534146931E+00
  129.6000      0.592273974343E+00
  129.7000      0.591963064629E+00
  129.8000      0.595343104583E+00
  129.9000      0.593760851587E+00
  130.0000      0.592950344430E+00
  130.1000      0.598927864346E+00
  130.2000      0.598678218525E+00
  130.3000      0.590039908251E+00
  130.4000      0.594093914746E+00
  130.5000      0.601213585580E+00
  130.6000      0.586255425208E+00
  130.7000      0.583693542775E+00
  130.8000      0.597899674705E+00
  130.9000      0.587456524866E+00
  131.0000      0.576187406341E+00
  131.1000      0.590896537588E+00
  131.2000      0.594540060035E+00
  131.3000      0.577385760989E+00
  131.4000      0.584916783972E+00
  131.5000      0.600892985681E+00
  131.6000      0.585524113855E+00
  131.7000      0.582056744840E+00
  131.8000      0.599300005055E+00
  131.9000      0.593326796529E+00
  132.0000      0.580972980316E+00
  132.1000      0.590121474376E+00
  132.2000      0.594536098067E+00
  132.3000      0.580412565254E+00
  132.4000      0.580981280298E+00
  132.5000      0.589304050866E+00
  132.6000      0.581091079169E+00
  132.7000      0.578675516989E+00
  132.8000      0.583683815254E+00
  132.9000      0.583217234201E+00
  133.0000      0.582624485878E+00
  133.1000      0.583352045663E+00
  133.2000      0.584457093873E+00
  133.3000      0.586304080809E+00
  133.4000      0.587675715799E+00
  133.5000      0.582736848565E+00
  133.6000      0.584119142884E+00
  133.7000      0.590625516642E+00
  133.8000      0.580062002940E+00
  133.9000      0.576583512138E+00
  134.0000      0.587580436068E+00
  134.1000      0.580776385937E+00
  134.2000      0.569600503837E+00
  134.3000      0.580084890242E+00
  134.4000      0.585660627896E+00
  134.5000      0.569245115357E+00
  134.6000      0.573388961074E+00
  134.7000      0.589924637693E+00
  134.8000      0.576399555344E+00
  134.9000      0.570607378586E+00
  135.0000      0.588184200273E+00
  135.1000      0.585501813735E+00
  135.2000      0.570847194784E+00
  135.3000      0.580344779542E+00
  135.4000      0.589033742209E+00
  135.5000      0.572290548829E+00
  135.6000      0.571678570664E+00
  135.7000      0.584465458805E+00
  135.8000      0.574593595353E+00
  135.9000      0.567722308397E+00
  136.0000      0.576725288446E+00
  136.1000      0.577401405992E+00
  136.2000      0.569672507404E+00
  136.3000      0.572941794074E+00
  136.4000      0.578785946833E+00
  136.5000      0.574051546210E+00
  136.6000      0.574938899684E+00
  136.7000      0.577316497342E+00
  136.8000      0.575943764221E+00
  136.9000      0.578002934636E+00
  137.0000      0.574709925377E+00
  137.1000      0.572984663953E+00
  137.2000      0.576889212677E+00
  137.3000      0.574251240322E+00
  137.4000      0.567522572626E+00
  137.5000      0.571450674977E+00
  137.6000      0.576592857159E+00
  137.7000      0.565111051870E+00
  137.8000      0.565739372714E+00
  137.9000      0.578670769181E+00
  138.0000      0.569449138992E+00
  138.1000      0.563091351680E+00
  138.2000      0.577019324659E+00
  138.3000      0.577862975208E+00
  138.4000      0.563759969929E+00
  138.5000      0.571223251129E+00
  138.6000      0.582895997156E+00
  138.7000      0.566607038852E+00
  138.8000      0.564097523678E+00
  138.9000      0.579640529291E+00
  139.0000      0.570687951370E+00
  139.1000      0.559466147879E+00
  139.2000      0.570815136284E+00
  139.3000      0.574436263641E+00
  139.4000      0.559788207693E+00
  139.5000      0.563549914326E+00
  139.6000      0.575412386850E+00
  139.7000      0.564580942971E+00
  139.8000      0.561947751775E+00
  139.9000      0.572660008219E+00
  140.0000      0.570178840081E+00
  140.1000      0.564101004156E+00
  140.2000      0.568369700174E+00
  140.3000      0.571936970024E+00
  140.4000      0.565727146393E+00
  140.5000      0.565656594967E+00
  140.6000      0.568396096206E+00
  140.7000      0.564854752639E+00
  140.8000      0.565274115714E+00
  140.9000      0.563435824282E+00
  141.0000      0.562521542443E+00
  141.1000      0.565586408394E+00
  141.2000      0.562700324879E+00
  141.3000      0.560531597598E+00
  141.4000      0.564907274699E+00
  141.5000      0.567173486414E+00
  141.6000      0.560073387691E+00
  141.7000      0.562643163761E+00
  141.8000      0.571639655356E+00
  141.9000      0.561883814191E+00
  142.0000      0.559035816112E+00
  142.1000      0.570441900101E+00
  142.2000      0.565752426225E+00
  142.3000      0.555410439278E+00
  142.4000      0.563525609353E+00
  142.5000      0.569382971395E+00
  142.6000      0.554375012294E+00
  142.7000      0.555760671483E+00
  142.8000      0.569522989283E+00
  142.9000      0.557941054952E+00
  143.0000      0.551638983570E+00
  143.1000      0.565305607500E+00
  143.2000      0.564543295826E+00
  143.3000      0.552127270964E+00
  143.4000      0.559369667765E+00
  143.5000      0.569028619813E+00
  143.6000      0.555596207663E+00
  143.7000      0.554901454723E+00
  143.8000      0.567226058897E+00
  143.9000      0.559687093625E+00
  144.0000      0.552863332713E+00
  144.1000      0.560562612593E+00
  144.2000      0.562115912284E+00
  144.3000      0.552768655644E+00
  144.4000      0.554738688617E+00
  144.5000      0.561467662424E+00
  144.6000      0.554273904347E+00
  144.7000      0.553534843256E+00
  144.8000      0.558486093841E+00
  144.9000      0.556505724685E+00
  145.0000      0.555376393287E+00
  145.1000      0.555973554475E+00
  145.2000      0.557339246687E+00
  145.3000      0.556380853318E+00
  145.4000      0.556060040938E+00
  145.5000      0.555423934849E+00
  145.6000      0.554866225075E+00
  145.7000      0.557636321861E+00
  145.8000      0.552609816850E+00
  145.9000      0.551838998328E+00
  146.0000      0.557661770399E+00
  146.1000      0.552573081787E+00
  146.2000      0.549021335524E+00
  146.3000      0.554967841491E+00
  146.4000      0.556365638845E+00
  146.5000      0.548046355032E+00
  146.6000      0.551278355000E+00
  146.7000      0.560423420379E+00
  146.8000      0.550221839779E+00
  146.9000      0.548397668169E+00
  147.0000      0.560076011088E+00
  147.1000      0.555066657957E+00
  147.2000      0.546536889252E+00
  147.3000      0.554597233676E+00
  147.4000      0.559389307420E+00
  147.5000      0.546026679377E+00
  147.6000      0.547668866341E+00
  147.7000      0.559492191074E+00
  147.8000      0.548203220741E+00
  147.9000      0.543246896813E+00
  148.0000      0.554867446667E+00
  148.1000      0.552927584518E+00
  148.2000      0.542620478478E+00
  148.3000      0.548908944217E+00
  148.4000      0.556902775124E+00
  148.5000      0.545196912192E+00
  148.6000      0.545396363222E+00
  148.7000      0.556585438795E+00
  148.8000      0.549643146282E+00
  148.9000      0.544918764776E+00
  149.0000      0.552227148527E+00
  149.1000      0.553454059858E+00
  149.2000      0.545620505596E+00
  149.3000      0.547561578483E+00
  149.4000      0.553790798524E+00
  149.5000      0.546437912743E+00
  149.6000      0.545604384501E+00
  149.7000      0.550500110137E+00
  149.8000      0.547649515923E+00
  149.9000      0.545973659760E+00
  150.0000      0.546930451407E+00
  150.1000      0.548617371275E+00
  150.2000      0.546493458563E+00
  150.3000      0.546283621891E+00
  150.4000      0.547764887408E+00
  150.5000      0.546050436929E+00
  150.6000      0.547899100346E+00
  150.7000      0.545490677049E+00
  150.8000      0.544906365078E+00
  150.9000      0.548488342777E+00
  151.0000      0.544645755373E+00
  151.1000      0.543302881713E+00
  151.2000      0.546413265709E+00
  151.3000      0.546781340113E+00
  151.4000      0.541720762545E+00
  151.5000      0.543265674580E+00
  151.6000      0.549659980516E+00
  151.7000      0.541976315445E+00
  151.8000      0.541226664386E+00
  151.9000      0.549889120396E+00
  152.0000      0.545580881001E+00
  152.1000      0.540577395187E+00
  152.2000      0.546799953434E+00
  152.3000      0.550568268353E+00
  152.4000      0.540762034363E+00
  152.5000      0.542449211614E+00
  152.6000      0.552316561165E+00
  152.7000      0.542338726506E+00
  152.8000      0.538858830434E+00
  152.9000      0.548603025338E+00
  153.0000      0.545757280319E+00
  153.1000      0.536866842289E+00
  153.2000      0.542186597089E+00
  153.3000      0.548944410085E+00
  153.4000      0.537237807037E+00
  153.5000      0.537443632272E+00
  153.6000      0.548684354747E+00
  153.7000      0.540679942303E+00
  153.8000      0.536007108061E+00
  153.9000      0.544708877286E+00
  154.0000      0.545779143747E+00
  154.1000      0.536806032548E+00
  154.2000      0.540188765479E+00
  154.3000      0.548623396125E+00
  154.4000      0.538833957545E+00
  154.5000      0.537743829939E+00
  154.6000      0.546498480379E+00
  154.7000      0.541750793109E+00
  154.8000      0.537016220862E+00
  154.9000      0.541299672639E+00
  155.0000      0.544179150728E+00
  155.1000      0.536819572717E+00
  155.2000      0.537382164801E+00
  155.3000      0.543832454485E+00
  155.4000      0.537391323158E+00
  155.5000      0.536493048884E+00
  155.6000      0.540489826044E+00
  155.7000      0.539030905760E+00
  155.8000      0.536832669358E+00
  155.9000      0.537202101714E+00
  156.0000      0.540208324581E+00
  156.1000      0.536736640798E+00
  156.2000      0.536824240746E+00
  156.3000      0.539203616665E+00
  156.4000      0.536707524704E+00
  156.5000      0.538431450720E+00
  156.6000      0.537122494672E+00
  156.7000      0.537331746698E+00
  156.8000      0.539041482711E+00
  156.9000      0.537020375551E+00
  157.0000      0.537592771154E+00
  157.1000      0.537878858563E+00
  157.2000      0.539587246133E+00
  157.3000      0.536751076810E+00
  157.4000      0.536553550036E+00
  157.5000      0.541671796518E+00
  157.6000      0.536286841670E+00
  157.7000      0.535680380725E+00
  157.8000      0.540250634944E+00
  157.9000      0.537959833736E+00
  158.0000      0.534259734401E+00
  158.1000      0.536179243262E+00
  158.2000      0.540511234539E+00
  158.3000      0.532663457832E+00
  158.4000      0.532476278624E+00
  158.5000      0.540540298086E+00
  158.6000      0.533367232824E+00
  158.7000      0.530505547598E+00
  158.8000      0.537027663777E+00
  158.9000      0.537258447366E+00
  159.0000      0.529991577343E+00
  159.1000      0.532885931223E+00
  159.2000      0.541197312219E+00
  159.3000      0.531482793775E+00
  159.4000      0.531030550837E+00
  159.5000      0.541247441470E+00
  159.6000      0.535792485696E+00
  159.7000      0.531056235560E+00
  159.8000      0.537372130407E+00
  159.9000      0.540982316614E+00
  160.0000      0.531393890105E+00
  160.1000      0.532917396831E+00
  160.2000      0.542706724602E+00
  160.3000      0.532567456214E+00
  160.4000      0.530080848797E+00
  160.5000      0.538884012245E+00
  160.6000      0.535610214790E+00
  160.7000      0.528439906985E+00
  160.8000      0.532465096872E+00
  160.9000      0.538644953554E+00
  161.0000      0.527991950767E+00
  161.1000      0.528145411645E+00
  161.2000      0.538312147746E+00
  161.3000      0.530350959856E+00
  161.4000      0.527411262353E+00
  161.5000      0.534541854656E+00
  161.6000      0.535361054775E+00
  161.7000      0.528551758091E+00
  161.8000      0.531045021210E+00
  161.9000      0.539209290120E+00
  162.0000      0.530506986982E+00
  162.1000      0.530356797537E+00
  162.2000      0.538385521211E+00
  162.3000      0.533707428276E+00
  162.4000      0.530882413197E+00
  162.5000      0.534035846732E+00
  162.6000      0.536907977799E+00
  162.7000      0.530256065591E+00
  162.8000      0.530167716026E+00
  162.9000      0.536774104261E+00
  163.0000      0.529345111904E+00
  163.1000      0.528616083860E+00
  163.2000      0.532525453894E+00
  163.3000      0.530350140160E+00
  163.4000      0.528102863972E+00
  163.5000      0.528247677808E+00
  163.6000      0.532436140577E+00
  163.7000      0.527795207925E+00
  163.8000      0.528057855943E+00
  163.9000      0.532707651201E+00
  164.0000      0.528958725434E+00
  164.1000      0.530839537029E+00
  164.2000      0.531137943281E+00
  164.3000      0.531965150672E+00
  164.4000      0.532386648353E+00
  164.5000      0.530755095363E+00
  164.6000      0.533982921996E+00
  164.7000      0.531332941070E+00
  164.8000      0.532352304033E+00
  164.9000      0.532277585309E+00
  165.0000      0.529924109427E+00
  165.1000      0.532800168254E+00
  165.2000      0.528729734042E+00
  165.3000      0.529437565143E+00
  165.4000      0.530086776192E+00
  165.5000      0.527814391140E+00
  165.6000      0.528396563450E+00
  165.7000      0.526741523639E+00
  165.8000      0.530210060853E+00
  165.9000      0.526467952277E+00
  166.0000      0.526089588390E+00
  166.1000      0.531967597804E+00
  166.2000      0.526715789131E+00
  166.3000      0.527537951800E+00
  166.4000      0.530628355709E+00
  166.5000      0.530967166367E+00
  166.6000      0.528159900695E+00
  166.7000      0.528352067375E+00
  166.8000      0.535331729205E+00
  166.9000      0.527633288580E+00
  167.0000      0.527500067582E+00
  167.1000      0.534480714170E+00
  167.2000      0.528605436618E+00
  167.3000      0.526874543546E+00
  167.4000      0.529128954078E+00
  167.5000      0.531813772514E+00
  167.6000      0.525009241803E+00
  167.7000      0.524773280217E+00
  167.8000      0.533725110589E+00
  167.9000      0.524291143271E+00
  168.0000      0.523790548756E+00
  168.1000      0.531221844468E+00
  168.2000      0.527972269519E+00
  168.3000      0.523812748137E+00
  168.4000      0.526553367754E+00
  168.5000      0.534045589746E+00
  168.6000      0.523852530818E+00
  168.7000      0.524255658537E+00
  168.8000      0.536200533194E+00
  168.9000      0.526473746460E+00
  169.0000      0.524590963143E+00
  169.1000      0.531935085076E+00
  169.2000      0.532243801027E+00
  169.3000      0.524467010823E+00
  169.4000      0.526040034073E+00
  169.5000      0.536517372445E+00
  169.6000      0.524061196595E+00
  169.7000      0.523600437349E+00
  169.8000      0.534640051021E+00
  169.9000      0.526942454185E+00
  170.0000      0.523344605275E+00
  170.1000      0.528084572972E+00
  170.2000      0.532831049544E+00
  170.3000      0.522179565349E+00
  170.4000      0.522632755579E+00
  170.5000      0.535769026987E+00
  170.6000      0.522471472059E+00
  170.7000      0.521222921065E+00
  170.8000      0.531973275152E+00
  170.9000      0.528096685173E+00
  171.0000      0.521655895384E+00
  171.1000      0.525465695582E+00
  171.2000      0.535628751315E+00
  171.3000      0.522232574695E+00
  171.4000      0.522693064903E+00
  171.5000      0.537259803012E+00
  171.6000      0.525618975293E+00
  171.7000      0.524058981873E+00
  171.8000      0.531863588785E+00
  171.9000      0.533169131556E+00
  172.0000      0.524861265583E+00
  172.1000      0.525881378683E+00
  172.2000      0.538872495186E+00
  172.3000      0.523963710408E+00
  172.4000      0.523249984398E+00
  172.5000      0.535580302353E+00
  172.6000      0.525988173681E+00
  172.7000      0.521469319647E+00
  172.8000      0.525764024119E+00
  172.9000      0.532271789033E+00
  173.0000      0.518882549661E+00
  173.1000      0.519003727024E+00
  173.2000      0.535753950147E+00
  173.3000      0.519586638649E+00
  173.4000      0.519262517007E+00
  173.5000      0.531106366784E+00
  173.6000      0.527364370108E+00
  173.7000      0.521864538380E+00
  173.8000      0.524440971994E+00
  173.9000      0.537621160898E+00
  174.0000      0.523382794233E+00
  174.1000      0.524101042477E+00
  174.2000      0.540338638440E+00
  174.3000      0.526815927124E+00
  174.4000      0.526812593878E+00
  174.5000      0.532381140434E+00
  174.6000      0.533996205417E+00
  174.7000      0.524229303145E+00
  174.8000      0.522351143493E+00
  174.9000      0.538810066824E+00
  175.0000      0.519276667858E+00
  175.1000      0.519108088151E+00
  175.2000      0.534092605717E+00
  175.3000      0.522714730225E+00
  175.4000      0.520513697603E+00
  175.5000      0.523819880525E+00
  175.6000      0.534715713564E+00
  175.7000      0.520929528119E+00
  175.8000      0.520776721750E+00
  175.9000      0.542731493757E+00
  176.0000      0.524015473208E+00
  176.1000      0.528507137138E+00
  176.2000      0.539156081354E+00
  176.3000      0.535761904805E+00
  176.4000      0.534211328457E+00
  176.5000      0.530727263076E+00
  176.6000      0.548271626228E+00
  176.7000      0.528652407650E+00
  176.8000      0.526891909885E+00
  176.9000      0.545830174714E+00
  177.0000      0.523489370394E+00
  177.1000      0.526194600783E+00
  177.2000      0.528414436168E+00
  177.3000      0.532775983372E+00
  177.4000      0.521182848312E+00
  177.5000      0.515377286197E+00
  177.6000      0.546010512105E+00
  177.7000      0.515536742310E+00
  177.8000      0.520824308728E+00
  177.9000      0.542947875870E+00
  178.0000      0.525603723873E+00
  178.1000      0.535073274937E+00
  178.2000      0.530139257054E+00
  178.3000      0.554828966961E+00
  178.4000      0.538913723536E+00
  178.5000      0.533590461637E+00
  178.6000      0.575511950905E+00
  178.7000      0.533824720195E+00
  178.8000      0.553138910856E+00
  178.9000      0.558256890737E+00
  179.0000      0.546541100048E+00
  179.1000      0.555162540164E+00
  179.2000      0.520986727630E+00
  179.3000      0.591787271849E+00
  179.4000      0.524445338861E+00
  179.5000      0.526235753317E+00
  179.6000      0.637870092278E+00
  179.7000      0.512565297855E+00
  179.8000      0.666172080784E+00
  179.9000      0.668191220110E+00
  180.0000      0.192644679196E+01
