    0.1000      0.895076576548E+07
    0.2000      0.367197409871E+07
    0.3000      0.673339403567E+06
    0.4000      0.271218601758E+06
    0.5000      0.338726217442E+06
    0.6000      0.181781743954E+06
    0.7000      0.120528300751E+06
    0.8000      0.118196879537E+06
    0.9000      0.784169484675E+05
    1.0000      0.664373785120E+05
    1.1000      0.625240109178E+05
    1.2000      0.378414812519E+05
    1.3000      0.281440387969E+05
    1.4000      0.303307777089E+05
    1.5000      0.235207774848E+05
    1.6000      0.186513344588E+05
    1.7000      0.190480127935E+05
    1.8000      0.146264733115E+05
    1.9000      0.966484706260E+04
    2.0000      0.111617769129E+05
    2.1000      0.130287520647E+05
    2.2000      0.110364005599E+05
    2.3000      0.100190963747E+05
    2.4000      0.997801963536E+04
    2.5000      0.748345319873E+04
    2.6000      0.596369165258E+04
    2.7000      0.736696466363E+04
    2.8000      0.741217015459E+04
    2.9000      0.555291702758E+04
    3.0000      0.471862011497E+04
    3.1000      0.438567430851E+04
    3.2000      0.343487272275E+04
    3.3000      0.335219600313E+04
    3.4000      0.455525784933E+04
    3.5000      0.501154286255E+04
    3.6000      0.413818828229E+04
    3.7000      0.351163106004E+04
    3.8000      0.327201983119E+04
    3.9000      0.262732494407E+04
    4.0000      0.241153475157E+04
    4.1000      0.300212046194E+04
    4.2000      0.307410749253E+04
    4.3000      0.231786279039E+04
    4.4000      0.177353389461E+04
    4.5000      0.166646587726E+04
    4.6000      0.150725864371E+04
    4.7000      0.150654947750E+04
    4.8000      0.206022094880E+04
    4.9000      0.252114769410E+04
    5.0000      0.221799276062E+04
    5.1000      0.170580747488E+04
    5.2000      0.151973526509E+04
    5.3000      0.136329553933E+04
    5.4000      0.121371284991E+04
    5.5000      0.140203489249E+04
    5.6000      0.170614921175E+04
    5.7000      0.163784897300E+04
    5.8000      0.127742307848E+04
    5.9000      0.105178968202E+04
    6.0000      0.971744583983E+03
    6.1000      0.859873548340E+03
    6.2000      0.912158481829E+03
    6.3000      0.118150686675E+04
    6.4000      0.125453447229E+04
    6.5000      0.994612189441E+03
    6.6000      0.731919279717E+03
    6.7000      0.631718232003E+03
    6.8000      0.572564372127E+03
    6.9000      0.567857033902E+03
    7.0000      0.778899396614E+03
    7.1000      0.106938838271E+04
    7.2000      0.109833222142E+04
    7.3000      0.894446190732E+03
    7.4000      0.727971877081E+03
    7.5000      0.622327041886E+03
    7.6000      0.513577907905E+03
    7.7000      0.515413248458E+03
    7.8000      0.697853148814E+03
    7.9000      0.885106250279E+03
    8.0000      0.886831601918E+03
    8.1000      0.770509372429E+03
    8.2000      0.668524559929E+03
    8.3000      0.544625190183E+03
    8.4000      0.404568443941E+03
    8.5000      0.384770001441E+03
    8.6000      0.488247360477E+03
    8.7000      0.560961543620E+03
    8.8000      0.534810910939E+03
    8.9000      0.482543765772E+03
    9.0000      0.440051883502E+03
    9.1000      0.352431910726E+03
    9.2000      0.254188213907E+03
    9.3000      0.261581401393E+03
    9.4000      0.344748185754E+03
    9.5000      0.376834624593E+03
    9.6000      0.347385202302E+03
    9.7000      0.322227983613E+03
    9.8000      0.298991139203E+03
    9.9000      0.237386331666E+03
   10.0000      0.183625023009E+03
   10.1000      0.224158109501E+03
   10.2000      0.321585654582E+03
   10.3000      0.374400056340E+03
   10.4000      0.381989813546E+03
   10.5000      0.384210322438E+03
   10.6000      0.358164904326E+03
   10.7000      0.285420089543E+03
   10.8000      0.225874489945E+03
   10.9000      0.248527010361E+03
   11.0000      0.325045525517E+03
   11.1000      0.385068367851E+03
   11.2000      0.430120428389E+03
   11.3000      0.473188323768E+03
   11.4000      0.467013829169E+03
   11.5000      0.392818345763E+03
   11.6000      0.314358351601E+03
   11.7000      0.292982911051E+03
   11.8000      0.312927055472E+03
   11.9000      0.334110775824E+03
   12.0000      0.370691210431E+03
   12.1000      0.432635332740E+03
   12.2000      0.461531175019E+03
   12.3000      0.420791384815E+03
   12.4000      0.358630755323E+03
   12.5000      0.326644289398E+03
   12.6000      0.313802245416E+03
   12.7000      0.293865629054E+03
   12.8000      0.289098167066E+03
   12.9000      0.324081836486E+03
   13.0000      0.356567692136E+03
   13.1000      0.341602429774E+03
   13.2000      0.305429510681E+03
   13.3000      0.288258989146E+03
   13.4000      0.280903024181E+03
   13.5000      0.258228435559E+03
   13.6000      0.234201370178E+03
   13.7000      0.238407805570E+03
   13.8000      0.253044378400E+03
   13.9000      0.240951989256E+03
   14.0000      0.213507375080E+03
   14.1000      0.202318004804E+03
   14.2000      0.203956259508E+03
   14.3000      0.197281138661E+03
   14.4000      0.184865973277E+03
   14.5000      0.186735980981E+03
   14.6000      0.196809612439E+03
   14.7000      0.187782037556E+03
   14.8000      0.162013806061E+03
   14.9000      0.143916964822E+03
   15.0000      0.136804683853E+03
   15.1000      0.129594669465E+03
   15.2000      0.124017080514E+03
   15.3000      0.132047654502E+03
   15.4000      0.150001146346E+03
   15.5000      0.155859480492E+03
   15.6000      0.143815771682E+03
   15.7000      0.128324179341E+03
   15.8000      0.113124484480E+03
   15.9000      0.937767202459E+02
   16.0000      0.775292459952E+02
   16.1000      0.776615938622E+02
   16.2000      0.946132141901E+02
   16.3000      0.111928020068E+03
   16.4000      0.118971099590E+03
   16.5000      0.120572477750E+03
   16.6000      0.115587891536E+03
   16.7000      0.970276585943E+02
   16.8000      0.717277605425E+02
   16.9000      0.556454834591E+02
   17.0000      0.561103979354E+02
   17.1000      0.660738938216E+02
   17.2000      0.773156954379E+02
   17.3000      0.909928811707E+02
   17.4000      0.103189301129E+03
   17.5000      0.101369417084E+03
   17.6000      0.844610125706E+02
   17.7000      0.645057036790E+02
   17.8000      0.511008473471E+02
   17.9000      0.448521441049E+02
   18.0000      0.439422113813E+02
   18.1000      0.522285910125E+02
   18.2000      0.692265680671E+02
   18.3000      0.819243180476E+02
   18.4000      0.816658781314E+02
   18.5000      0.729641092886E+02
   18.6000      0.619178090502E+02
   18.7000      0.497979536432E+02
   18.8000      0.372840945687E+02
   18.9000      0.310195177669E+02
   19.0000      0.373527480696E+02
   19.1000      0.499201820779E+02
   19.2000      0.585847436126E+02
   19.3000      0.623085445399E+02
   19.4000      0.628679774870E+02
   19.5000      0.584558239167E+02
   19.6000      0.470941312792E+02
   19.7000      0.331234252994E+02
   19.8000      0.259932646918E+02
   19.9000      0.277875758936E+02
   20.0000      0.327665662458E+02
   20.1000      0.389775354794E+02
   20.2000      0.468372885387E+02
   20.3000      0.528872113347E+02
   20.4000      0.518938540713E+02
   20.5000      0.426737449029E+02
   20.6000      0.313738381730E+02
   20.7000      0.239536523511E+02
   20.8000      0.200832147875E+02
   20.9000      0.198832997046E+02
   21.0000      0.252378279739E+02
   21.1000      0.341507870929E+02
   21.2000      0.413782196838E+02
   21.3000      0.423832174882E+02
   21.4000      0.375159064172E+02
   21.5000      0.305262297166E+02
   21.6000      0.227754980761E+02
   21.7000      0.158624451751E+02
   21.8000      0.136873141201E+02
   21.9000      0.171426824185E+02
   22.0000      0.235086437718E+02
   22.1000      0.292645647160E+02
   22.2000      0.322433910471E+02
   22.3000      0.324076737414E+02
   22.4000      0.288131318574E+02
   22.5000      0.213317083290E+02
   22.6000      0.141509401420E+02
   22.7000      0.108690877641E+02
   22.8000      0.114186783743E+02
   22.9000      0.145257927295E+02
   23.0000      0.190246000577E+02
   23.1000      0.241995628270E+02
   23.2000      0.275771721769E+02
   23.3000      0.257163814883E+02
   23.4000      0.199020989248E+02
   23.5000      0.143256186050E+02
   23.6000      0.107529070116E+02
   23.7000      0.920433920942E+01
   23.8000      0.967338345418E+01
   23.9000      0.128217269481E+02
   24.0000      0.180243963277E+02
   24.1000      0.213467217090E+02
   24.2000      0.205095891397E+02
   24.3000      0.175557145929E+02
   24.4000      0.144992092667E+02
   24.5000      0.117420268595E+02
   24.6000      0.920231754600E+01
   24.7000      0.774582067975E+01
   24.8000      0.915744289048E+01
   24.9000      0.124891509773E+02
   25.0000      0.148755971651E+02
   25.1000      0.157541218331E+02
   25.2000      0.157759026477E+02
   25.3000      0.150575550347E+02
   25.4000      0.132681430957E+02
   25.5000      0.102010626793E+02
   25.6000      0.755878340322E+01
   25.7000      0.711890005517E+01
   25.8000      0.830865349126E+01
   25.9000      0.102352394256E+02
   26.0000      0.122532815746E+02
   26.1000      0.135352416206E+02
   26.2000      0.138037829946E+02
   26.3000      0.126317245805E+02
   26.4000      0.102453141434E+02
   26.5000      0.805665532257E+01
   26.6000      0.676966418743E+01
   26.7000      0.673057500522E+01
   26.8000      0.802430887981E+01
   26.9000      0.958600196265E+01
   27.0000      0.107687693074E+02
   27.1000      0.114768562755E+02
   27.2000      0.114385946754E+02
   27.3000      0.107935449200E+02
   27.4000      0.942467369885E+01
   27.5000      0.758519437578E+01
   27.6000      0.657938820579E+01
   27.7000      0.668716486211E+01
   27.8000      0.731062645709E+01
   27.9000      0.824164852742E+01
   28.0000      0.925575657800E+01
   28.1000      0.102897521294E+02
   28.2000      0.107537704536E+02
   28.3000      0.971752728334E+01
   28.4000      0.794902004195E+01
   28.5000      0.677123430260E+01
   28.6000      0.641463103160E+01
   28.7000      0.669361772356E+01
   28.8000      0.720578470562E+01
   28.9000      0.796879839842E+01
   29.0000      0.912191656023E+01
   29.1000      0.966476749690E+01
   29.2000      0.906160566340E+01
   29.3000      0.807393609884E+01
   29.4000      0.732428151691E+01
   29.5000      0.706244715021E+01
   29.6000      0.693932781926E+01
   29.7000      0.658809882827E+01
   29.8000      0.664200741921E+01
   29.9000      0.728354087975E+01
   30.0000      0.790151809824E+01
   30.1000      0.823306939819E+01
   30.2000      0.811131460235E+01
   30.3000      0.772955624745E+01
   30.4000      0.740132449498E+01
   30.5000      0.683284035583E+01
   30.6000      0.620439064126E+01
   30.7000      0.604915038217E+01
   30.8000      0.636302751728E+01
   30.9000      0.705693126710E+01
   31.0000      0.764725647956E+01
   31.1000      0.764017634106E+01
   31.2000      0.738616386875E+01
   31.3000      0.710318370608E+01
   31.4000      0.678032700027E+01
   31.5000      0.654177021279E+01
   31.6000      0.623495645341E+01
   31.7000      0.607379811002E+01
   31.8000      0.633968874212E+01
   31.9000      0.662942953177E+01
   32.0000      0.678679522790E+01
   32.1000      0.689813015476E+01
   32.2000      0.694418399552E+01
   32.3000      0.705771993883E+01
   32.4000      0.694018294867E+01
   32.5000      0.640737686548E+01
   32.6000      0.601451142081E+01
   32.7000      0.598817688688E+01
   32.8000      0.621256425754E+01
   32.9000      0.653648737104E+01
   33.0000      0.665795886415E+01
   33.1000      0.674378174326E+01
   33.2000      0.689272626255E+01
   33.3000      0.672577991258E+01
   33.4000      0.634346190158E+01
   33.5000      0.604477955506E+01
   33.6000      0.595590458448E+01
   33.7000      0.615570110901E+01
   33.8000      0.625625850444E+01
   33.9000      0.610345344353E+01
   34.0000      0.608564228878E+01
   34.1000      0.621035657325E+01
   34.2000      0.634995033427E+01
   34.3000      0.639928587169E+01
   34.4000      0.618267950133E+01
   34.5000      0.597926699226E+01
   34.6000      0.592780888600E+01
   34.7000      0.580021508379E+01
   34.8000      0.570314821533E+01
   34.9000      0.571187833759E+01
   35.0000      0.583066589287E+01
   35.1000      0.609379925204E+01
   35.2000      0.613203850125E+01
   35.3000      0.585961743279E+01
   35.4000      0.563602992515E+01
   35.5000      0.554853729059E+01
   35.6000      0.561795675222E+01
   35.7000      0.569474986570E+01
   35.8000      0.555020763893E+01
   35.9000      0.545594166256E+01
   36.0000      0.553672581356E+01
   36.1000      0.559826225544E+01
   36.2000      0.564280071933E+01
   36.3000      0.561164538280E+01
   36.4000      0.557805603102E+01
   36.5000      0.566676271617E+01
   36.6000      0.559982173560E+01
   36.7000      0.536715197902E+01
   36.8000      0.525203171968E+01
   36.9000      0.529307590966E+01
   37.0000      0.549332919292E+01
   37.1000      0.563435149685E+01
   37.2000      0.551279758263E+01
   37.3000      0.540526512600E+01
   37.4000      0.540163483432E+01
   37.5000      0.537948581159E+01
   37.6000      0.536681589585E+01
   37.7000      0.529774212204E+01
   37.8000      0.527679247293E+01
   37.9000      0.539105790273E+01
   38.0000      0.537575414742E+01
   38.1000      0.524847737311E+01
   38.2000      0.519939588031E+01
   38.3000      0.523525502622E+01
   38.4000      0.537905187475E+01
   38.5000      0.542019583898E+01
   38.6000      0.522854303880E+01
   38.7000      0.508651615797E+01
   38.8000      0.506151688753E+01
   38.9000      0.507718502790E+01
   39.0000      0.511898794551E+01
   39.1000      0.507015345026E+01
   39.2000      0.504929378078E+01
   39.3000      0.512528672084E+01
   39.4000      0.506986052133E+01
   39.5000      0.492703698424E+01
   39.6000      0.484209802066E+01
   39.7000      0.485550547432E+01
   39.8000      0.500417401662E+01
   39.9000      0.503685188301E+01
   40.0000      0.484567748701E+01
   40.1000      0.471223335848E+01
   40.2000      0.471650121061E+01
   40.3000      0.481137178601E+01
   40.4000      0.489621832579E+01
   40.5000      0.480636438093E+01
   40.6000      0.470999017575E+01
   40.7000      0.471901863404E+01
   40.8000      0.467437795372E+01
   40.9000      0.460442200054E+01
   41.0000      0.455615286246E+01
   41.1000      0.457074268142E+01
   41.2000      0.470627362506E+01
   41.3000      0.472690552419E+01
   41.4000      0.456160625529E+01
   41.5000      0.445049646381E+01
   41.6000      0.446073850537E+01
   41.7000      0.458265688798E+01
   41.8000      0.468013893748E+01
   41.9000      0.457949698533E+01
   42.0000      0.446928091047E+01
   42.1000      0.447090168031E+01
   42.2000      0.448091623694E+01
   42.3000      0.449792388389E+01
   42.4000      0.447359462049E+01
   42.5000      0.445209317992E+01
   42.6000      0.452647748924E+01
   42.7000      0.451444743133E+01
   42.8000      0.438223147630E+01
   42.9000      0.429903388066E+01
   43.0000      0.430160290756E+01
   43.1000      0.441222484864E+01
   43.2000      0.448927314551E+01
   43.3000      0.437950022639E+01
   43.4000      0.427143689929E+01
   43.5000      0.426537173312E+01
   43.6000      0.429412646697E+01
   43.7000      0.433808454164E+01
   43.8000      0.430615730303E+01
   43.9000      0.426501630073E+01
   44.0000      0.431340321937E+01
   44.1000      0.429155503964E+01
   44.2000      0.418581771613E+01
   44.3000      0.411673627148E+01
   44.4000      0.411985551803E+01
   44.5000      0.423227277409E+01
   44.6000      0.428418303985E+01
   44.7000      0.413877272668E+01
   44.8000      0.399654932601E+01
   44.9000      0.396849316398E+01
   45.0000      0.402526522049E+01
   45.1000      0.409962199676E+01
   45.2000      0.404545390169E+01
   45.3000      0.395503704362E+01
   45.4000      0.395915942631E+01
   45.5000      0.394733678727E+01
   45.6000      0.390387275961E+01
   45.7000      0.386727911270E+01
   45.8000      0.386325832595E+01
   45.9000      0.395998070520E+01
   46.0000      0.399974640220E+01
   46.1000      0.387079077869E+01
   46.2000      0.375128639715E+01
   46.3000      0.374062426942E+01
   46.4000      0.384147507336E+01
   46.5000      0.395039932981E+01
   46.6000      0.388569908704E+01
   46.7000      0.375997587328E+01
   46.8000      0.373369335710E+01
   46.9000      0.375245588131E+01
   47.0000      0.378502768670E+01
   47.1000      0.377536995227E+01
   47.2000      0.373618786435E+01
   47.3000      0.377956430505E+01
   47.4000      0.379779267652E+01
   47.5000      0.371075698827E+01
   47.6000      0.363612818859E+01
   47.7000      0.362914185170E+01
   47.8000      0.372113894808E+01
   47.9000      0.381414256958E+01
   48.0000      0.373685830990E+01
   48.1000      0.360750144304E+01
   48.2000      0.357263456002E+01
   48.3000      0.360853531301E+01
   48.4000      0.367615463876E+01
   48.5000      0.366505771415E+01
   48.6000      0.359181647285E+01
   48.7000      0.359160072777E+01
   48.8000      0.359134064206E+01
   48.9000      0.353491882958E+01
   49.0000      0.348441666939E+01
   49.1000      0.346499751989E+01
   49.2000      0.353358936782E+01
   49.3000      0.359843533719E+01
   49.4000      0.350610546699E+01
   49.5000      0.337391163915E+01
   49.6000      0.333273995180E+01
   49.7000      0.338705332523E+01
   49.8000      0.348282697345E+01
   49.9000      0.346333725369E+01
   50.0000      0.335411854172E+01
   50.1000      0.331609628239E+01
   50.2000      0.331981355351E+01
   50.3000      0.332152476876E+01
   50.4000      0.330989808211E+01
   50.5000      0.327702898491E+01
   50.6000      0.331186772297E+01
   50.7000      0.335288551314E+01
   50.8000      0.327609296991E+01
   50.9000      0.317444806062E+01
   51.0000      0.314245449168E+01
   51.1000      0.320834408761E+01
   51.2000      0.331587591682E+01
   51.3000      0.328608335091E+01
   51.4000      0.315288466811E+01
   51.5000      0.309035014013E+01
   51.6000      0.311124971781E+01
   51.7000      0.317744398842E+01
   51.8000      0.319950739267E+01
   51.9000      0.313734414130E+01
   52.0000      0.311758523227E+01
   52.1000      0.313444223413E+01
   52.2000      0.310322620364E+01
   52.3000      0.306285752271E+01
   52.4000      0.304099840312E+01
   52.5000      0.308498116987E+01
   52.6000      0.316947595195E+01
   52.7000      0.313545105674E+01
   52.8000      0.301622410685E+01
   52.9000      0.295729573825E+01
   53.0000      0.298995901262E+01
   53.1000      0.308879886296E+01
   53.2000      0.311926337877E+01
   53.3000      0.302616362985E+01
   53.4000      0.295912066623E+01
   53.5000      0.295944024945E+01
   53.6000      0.297895909964E+01
   53.7000      0.299537466688E+01
   53.8000      0.296631943982E+01
   53.9000      0.295787791287E+01
   54.0000      0.299600671552E+01
   54.1000      0.296923033893E+01
   54.2000      0.289727230028E+01
   54.3000      0.285905306747E+01
   54.4000      0.288276774049E+01
   54.5000      0.297114981260E+01
   54.6000      0.299143465821E+01
   54.7000      0.289209893997E+01
   54.8000      0.281405276342E+01
   54.9000      0.281254108869E+01
   55.0000      0.286805122071E+01
   55.1000      0.291710007467E+01
   55.2000      0.287258030075E+01
   55.3000      0.281627866462E+01
   55.4000      0.281602660168E+01
   55.5000      0.280853867974E+01
   55.6000      0.279271668152E+01
   55.7000      0.277218649793E+01
   55.8000      0.276738665754E+01
   55.9000      0.281816098692E+01
   56.0000      0.282297924515E+01
   56.1000      0.274183373668E+01
   56.2000      0.267916783564E+01
   56.3000      0.267783966278E+01
   56.4000      0.274346021606E+01
   56.5000      0.279869181922E+01
   56.6000      0.274089885065E+01
   56.7000      0.265909695490E+01
   56.8000      0.264029850293E+01
   56.9000      0.265841426447E+01
   57.0000      0.269150412216E+01
   57.1000      0.267983237392E+01
   57.2000      0.264124503065E+01
   57.3000      0.265200404355E+01
   57.4000      0.265082247950E+01
   57.5000      0.260653230300E+01
   57.6000      0.257091383361E+01
   57.7000      0.256512543194E+01
   57.8000      0.262177951862E+01
   57.9000      0.266972048462E+01
   58.0000      0.260715494305E+01
   58.1000      0.251814846032E+01
   58.2000      0.249360234921E+01
   58.3000      0.254013838945E+01
   58.4000      0.261623635554E+01
   58.5000      0.260603468375E+01
   58.6000      0.252523721504E+01
   58.7000      0.249099138542E+01
   58.8000      0.249849025464E+01
   58.9000      0.252012956132E+01
   59.0000      0.252669911296E+01
   59.1000      0.249739045213E+01
   59.2000      0.250283206229E+01
   59.3000      0.252394692878E+01
   59.4000      0.248653540537E+01
   59.5000      0.243588497503E+01
   59.6000      0.241649392867E+01
   59.7000      0.245442164016E+01
   59.8000      0.252601751999E+01
   59.9000      0.250901855630E+01
   60.0000      0.241578925972E+01
   60.1000      0.236407263291E+01
   60.2000      0.238158886185E+01
   60.3000      0.244959823158E+01
   60.4000      0.247925608842E+01
   60.5000      0.241733247102E+01
   60.6000      0.236519328238E+01
   60.7000      0.236193666069E+01
   60.8000      0.236898772862E+01
   60.9000      0.237614963657E+01
   61.0000      0.235597938180E+01
   61.1000      0.234709365036E+01
   61.2000      0.237653065679E+01
   61.3000      0.236070302097E+01
   61.4000      0.230169080121E+01
   61.5000      0.226595851657E+01
   61.6000      0.227857493185E+01
   61.7000      0.234621400441E+01
   61.8000      0.237436164994E+01
   61.9000      0.230340399333E+01
   62.0000      0.223470521261E+01
   62.1000      0.222828984683E+01
   62.2000      0.227367570870E+01
   62.3000      0.232338357100E+01
   62.4000      0.229799110202E+01
   62.5000      0.224595974802E+01
   62.6000      0.223972035139E+01
   62.7000      0.224142872700E+01
   62.8000      0.223791397763E+01
   62.9000      0.222645732525E+01
   63.0000      0.221752527843E+01
   63.1000      0.225416310338E+01
   63.2000      0.227087526370E+01
   63.3000      0.221525581536E+01
   63.4000      0.216024873847E+01
   63.5000      0.215615622459E+01
   63.6000      0.221756872360E+01
   63.7000      0.228513611957E+01
   63.8000      0.225237439406E+01
   63.9000      0.217080623264E+01
   64.0000      0.214272060187E+01
   64.1000      0.217466274902E+01
   64.2000      0.223636402001E+01
   64.3000      0.224824456208E+01
   64.4000      0.219853893328E+01
   64.5000      0.217756206375E+01
   64.6000      0.218316399856E+01
   64.7000      0.217920570828E+01
   64.8000      0.217044540621E+01
   64.9000      0.215383964661E+01
   65.0000      0.217066341074E+01
   65.1000      0.220473821420E+01
   65.2000      0.217095020840E+01
   65.3000      0.210179018359E+01
   65.4000      0.206930129874E+01
   65.5000      0.209731131435E+01
   65.6000      0.216748571751E+01
   65.7000      0.217439143539E+01
   65.8000      0.209544803147E+01
   65.9000      0.203773650447E+01
   66.0000      0.204178656516E+01
   66.1000      0.208978663457E+01
   66.2000      0.212544982070E+01
   66.3000      0.209146785494E+01
   66.4000      0.205185122051E+01
   66.5000      0.205178842847E+01
   66.6000      0.205027691312E+01
   66.7000      0.204346539638E+01
   66.8000      0.202888884186E+01
   66.9000      0.202577293652E+01
   67.0000      0.205953553751E+01
   67.1000      0.205794231424E+01
   67.2000      0.199798503753E+01
   67.3000      0.195087628637E+01
   67.4000      0.195093834573E+01
   67.5000      0.200397580533E+01
   67.6000      0.204383969551E+01
   67.7000      0.199563264834E+01
   67.8000      0.192738678731E+01
   67.9000      0.191043144125E+01
   68.0000      0.193826722167E+01
   68.1000      0.198219724700E+01
   68.2000      0.197806191077E+01
   68.3000      0.193886809286E+01
   68.4000      0.193349793539E+01
   68.5000      0.193864252254E+01
   68.6000      0.193241751216E+01
   68.7000      0.192430494987E+01
   68.8000      0.191743319146E+01
   68.9000      0.194630495097E+01
   69.0000      0.197427131100E+01
   69.1000      0.193630271435E+01
   69.2000      0.188064737191E+01
   69.3000      0.186316283176E+01
   69.4000      0.189892153290E+01
   69.5000      0.195846890863E+01
   69.6000      0.194853078360E+01
   69.7000      0.187703346426E+01
   69.8000      0.183683091251E+01
   69.9000      0.184778609028E+01
   70.0000      0.189185227002E+01
   70.1000      0.191408555862E+01
   70.2000      0.187901674119E+01
   70.3000      0.185315966565E+01
   70.4000      0.185826754452E+01
   70.5000      0.185929961498E+01
   70.6000      0.185824546384E+01
   70.7000      0.185013804884E+01
   70.8000      0.185896275729E+01
   70.9000      0.189530561074E+01
   71.0000      0.188964308568E+01
   71.1000      0.184057299393E+01
   71.2000      0.180997824184E+01
   71.3000      0.182294856697E+01
   71.4000      0.187998465229E+01
   71.5000      0.190790642332E+01
   71.6000      0.185367103182E+01
   71.7000      0.179240971688E+01
   71.8000      0.178059387022E+01
   71.9000      0.181315908836E+01
   72.0000      0.185309355821E+01
   72.1000      0.183427191261E+01
   72.2000      0.178430918593E+01
   72.3000      0.176808305282E+01
   72.4000      0.176874753164E+01
   72.5000      0.177189467734E+01
   72.6000      0.176666456136E+01
   72.7000      0.175149434727E+01
   72.8000      0.176543889591E+01
   72.9000      0.177779312397E+01
   73.0000      0.174617597081E+01
   73.1000      0.171093911414E+01
   73.2000      0.170364133720E+01
   73.3000      0.173956125725E+01
   73.4000      0.178942548657E+01
   73.5000      0.177300072721E+01
   73.6000      0.171220851626E+01
   73.7000      0.168407003781E+01
   73.8000      0.170511542435E+01
   73.9000      0.175875922671E+01
   74.0000      0.177782592721E+01
   74.1000      0.173395114064E+01
   74.2000      0.169911280590E+01
   74.3000      0.169934553047E+01
   74.4000      0.171479736760E+01
   74.5000      0.172971065491E+01
   74.6000      0.171605524912E+01
   74.7000      0.170423722526E+01
   74.8000      0.171669587304E+01
   74.9000      0.170789351218E+01
   75.0000      0.168101252429E+01
   75.1000      0.166440496524E+01
   75.2000      0.167221119721E+01
   75.3000      0.171429547478E+01
   75.4000      0.172897897108E+01
   75.5000      0.168163043189E+01
   75.6000      0.163685544638E+01
   75.7000      0.163571448893E+01
   75.8000      0.168027038396E+01
   75.9000      0.172658246627E+01
   76.0000      0.170546826738E+01
   76.1000      0.165322543684E+01
   76.2000      0.163649784454E+01
   76.3000      0.165394803122E+01
   76.4000      0.168803383000E+01
   76.5000      0.169499559662E+01
   76.6000      0.166741926966E+01
   76.7000      0.165947998417E+01
   76.8000      0.166377535067E+01
   76.9000      0.165590172475E+01
   77.0000      0.164700697541E+01
   77.1000      0.163816738572E+01
   77.2000      0.165323751615E+01
   77.3000      0.167952274884E+01
   77.4000      0.165790163342E+01
   77.5000      0.161016814681E+01
   77.6000      0.158730325010E+01
   77.7000      0.160569362502E+01
   77.8000      0.165474073650E+01
   77.9000      0.166226594417E+01
   78.0000      0.160681791831E+01
   78.1000      0.156164381380E+01
   78.2000      0.156109479698E+01
   78.3000      0.159695742346E+01
   78.4000      0.162741900019E+01
   78.5000      0.160217718390E+01
   78.6000      0.156277652817E+01
   78.7000      0.155458185212E+01
   78.8000      0.155959753503E+01
   78.9000      0.156843097642E+01
   79.0000      0.156338690897E+01
   79.1000      0.155088548538E+01
   79.2000      0.156332265546E+01
   79.3000      0.156627861952E+01
   79.4000      0.153791730388E+01
   79.5000      0.151287735224E+01
   79.6000      0.151048213376E+01
   79.7000      0.154480421673E+01
   79.8000      0.157853072064E+01
   79.9000      0.154942895502E+01
   80.0000      0.149441202965E+01
   80.1000      0.147423547879E+01
   80.2000      0.150141621836E+01
   80.3000      0.155310690193E+01
   80.4000      0.155764959290E+01
   80.5000      0.150609224803E+01
   80.6000      0.147088474806E+01
   80.7000      0.147473325373E+01
   80.8000      0.150381596801E+01
   80.9000      0.152447454109E+01
   81.0000      0.150310581429E+01
   81.1000      0.148048489577E+01
   81.2000      0.148172597365E+01
   81.3000      0.147918674274E+01
   81.4000      0.147360600071E+01
   81.5000      0.146525269604E+01
   81.6000      0.146592939167E+01
   81.7000      0.149083066480E+01
   81.8000      0.149213493120E+01
   81.9000      0.145531767913E+01
   82.0000      0.142715356429E+01
   82.1000      0.143088180817E+01
   82.2000      0.147189172024E+01
   82.3000      0.150462622563E+01
   82.4000      0.147480782554E+01
   82.5000      0.142668724819E+01
   82.6000      0.141446467083E+01
   82.7000      0.144174108546E+01
   82.8000      0.148527596789E+01
   82.9000      0.148706241100E+01
   83.0000      0.144898813204E+01
   83.1000      0.143063971799E+01
   83.2000      0.143641285620E+01
   83.3000      0.145231254477E+01
   83.4000      0.146169309758E+01
   83.5000      0.144808730208E+01
   83.6000      0.144498373513E+01
   83.7000      0.145426404182E+01
   83.8000      0.144216036442E+01
   83.9000      0.142317508969E+01
   84.0000      0.141348808674E+01
   84.1000      0.142560883143E+01
   84.2000      0.145822043330E+01
   84.3000      0.145574862498E+01
   84.4000      0.141326476258E+01
   84.5000      0.138519646381E+01
   84.6000      0.139301089697E+01
   84.7000      0.143430431447E+01
   84.8000      0.146217348765E+01
   84.9000      0.143388936187E+01
   85.0000      0.139696213391E+01
   85.1000      0.139310028031E+01
   85.2000      0.141644479275E+01
   85.3000      0.144865973045E+01
   85.4000      0.144940385645E+01
   85.5000      0.142910314603E+01
   85.6000      0.142988426517E+01
   85.7000      0.143668379986E+01
   85.8000      0.143819066790E+01
   85.9000      0.143781523768E+01
   86.0000      0.143562799895E+01
   86.1000      0.145492850578E+01
   86.2000      0.147281906438E+01
   86.3000      0.144988334216E+01
   86.4000      0.141620494782E+01
   86.5000      0.140572168420E+01
   86.6000      0.143164346374E+01
   86.7000      0.147389272997E+01
   86.8000      0.146576709377E+01
   86.9000      0.141095064807E+01
   87.0000      0.137603908873E+01
   87.1000      0.138667694372E+01
   87.2000      0.143237548961E+01
   87.3000      0.145696014577E+01
   87.4000      0.142182500465E+01
   87.5000      0.138121943132E+01
   87.6000      0.137698928281E+01
   87.7000      0.140065518202E+01
   87.8000      0.143042851588E+01
   87.9000      0.142868996385E+01
   88.0000      0.141082215001E+01
   88.1000      0.141532918480E+01
   88.2000      0.142303629653E+01
   88.3000      0.142334942864E+01
   88.4000      0.142262254874E+01
   88.5000      0.142533267808E+01
   88.6000      0.145187701123E+01
   88.7000      0.147227356725E+01
   88.8000      0.144783224398E+01
   88.9000      0.141265855685E+01
   89.0000      0.140392774601E+01
   89.1000      0.143465667757E+01
   89.2000      0.147791670809E+01
   89.3000      0.146462228599E+01
   89.4000      0.140294368267E+01
   89.5000      0.136245720263E+01
   89.6000      0.137043910903E+01
   89.7000      0.141320931041E+01
   89.8000      0.142907652816E+01
   89.9000      0.138106084984E+01
   90.0000      0.132721116727E+01
   90.1000      0.131234375270E+01
   90.2000      0.132978201740E+01
   90.3000      0.135261472595E+01
   90.4000      0.133876229558E+01
   90.5000      0.130568025335E+01
   90.6000      0.129601584123E+01
   90.7000      0.129650835366E+01
   90.8000      0.129649276848E+01
   90.9000      0.129379048301E+01
   91.0000      0.128888143889E+01
   91.1000      0.130523915972E+01
   91.2000      0.132006167025E+01
   91.3000      0.130069067902E+01
   91.4000      0.127544535128E+01
   91.5000      0.127186039559E+01
   91.6000      0.130191874698E+01
   91.7000      0.134376670339E+01
   91.8000      0.133593788539E+01
   91.9000      0.128754067541E+01
   92.0000      0.125939408928E+01
   92.1000      0.127416055364E+01
   92.2000      0.132017158300E+01
   92.3000      0.133942950100E+01
   92.4000      0.129848401560E+01
   92.5000      0.125265871336E+01
   92.6000      0.124313003708E+01
   92.7000      0.126475927824E+01
   92.8000      0.129033936127E+01
   92.9000      0.127681139394E+01
   93.0000      0.124219390994E+01
   93.1000      0.122962627755E+01
   93.2000      0.122985133097E+01
   93.3000      0.123306100639E+01
   93.4000      0.123091455408E+01
   93.5000      0.122111678365E+01
   93.6000      0.122957046778E+01
   93.7000      0.123921741865E+01
   93.8000      0.122239117808E+01
   93.9000      0.120247520967E+01
   94.0000      0.119978152333E+01
   94.1000      0.122666500373E+01
   94.2000      0.126531548628E+01
   94.3000      0.125946936019E+01
   94.4000      0.121851308996E+01
   94.5000      0.119750498319E+01
   94.6000      0.121792519236E+01
   94.7000      0.126961297826E+01
   94.8000      0.129412496826E+01
   94.9000      0.125850483802E+01
   95.0000      0.121780383158E+01
   95.1000      0.121521312249E+01
   95.2000      0.124872311798E+01
   95.3000      0.128584883030E+01
   95.4000      0.127641109136E+01
   95.5000      0.123893980130E+01
   95.6000      0.122371531979E+01
   95.7000      0.123067833258E+01
   95.8000      0.124775609330E+01
   95.9000      0.125235401813E+01
   96.0000      0.123550336279E+01
   96.1000      0.123047803519E+01
   96.2000      0.123398380635E+01
   96.3000      0.122456293897E+01
   96.4000      0.121371632589E+01
   96.5000      0.120770307084E+01
   96.6000      0.122028344528E+01
   96.7000      0.124534923798E+01
   96.8000      0.123702761846E+01
   96.9000      0.120195978720E+01
   97.0000      0.118271122229E+01
   97.1000      0.119714232053E+01
   97.2000      0.124086627137E+01
   97.3000      0.126070717462E+01
   97.4000      0.122485450880E+01
   97.5000      0.118421869300E+01
   97.6000      0.118118897530E+01
   97.7000      0.121791293191E+01
   97.8000      0.125937949763E+01
   97.9000      0.124905800829E+01
   98.0000      0.120463641830E+01
   98.1000      0.118333590944E+01
   98.2000      0.119573965204E+01
   98.3000      0.122758464779E+01
   98.4000      0.123929930660E+01
   98.5000      0.121256996558E+01
   98.6000      0.118993369198E+01
   98.7000      0.118743755561E+01
   98.8000      0.119183916481E+01
   98.9000      0.119713598210E+01
   99.0000      0.118763253633E+01
   99.1000      0.117788153107E+01
   99.2000      0.118256819470E+01
   99.3000      0.117494041106E+01
   99.4000      0.115590940503E+01
   99.5000      0.114300997381E+01
   99.6000      0.114249354444E+01
   99.7000      0.116263253411E+01
   99.8000      0.117059389362E+01
   99.9000      0.114131703979E+01
  100.0000      0.111046323247E+01
  100.1000      0.110424500546E+01
  100.2000      0.112730129556E+01
  100.3000      0.115698186417E+01
  100.4000      0.114501782188E+01
  100.5000      0.110553932985E+01
  100.6000      0.108602716869E+01
  100.7000      0.109641035791E+01
  100.8000      0.112731745112E+01
  100.9000      0.113944288559E+01
  101.0000      0.111246257511E+01
  101.1000      0.108776707109E+01
  101.2000      0.108541903184E+01
  101.3000      0.109747312961E+01
  101.4000      0.111230806564E+01
  101.5000      0.110442338762E+01
  101.6000      0.108782765189E+01
  101.7000      0.108619922798E+01
  101.8000      0.108371685008E+01
  101.9000      0.107914912241E+01
  102.0000      0.107464477775E+01
  102.1000      0.106882128709E+01
  102.2000      0.107759791334E+01
  102.3000      0.108183761864E+01
  102.4000      0.106216712498E+01
  102.5000      0.104303879987E+01
  102.6000      0.103772054133E+01
  102.7000      0.105239587462E+01
  102.8000      0.107455748887E+01
  102.9000      0.106408879504E+01
  103.0000      0.103266570282E+01
  103.1000      0.101781552639E+01
  103.2000      0.102713912246E+01
  103.3000      0.105600126796E+01
  103.4000      0.106829074917E+01
  103.5000      0.104423731881E+01
  103.6000      0.102250309092E+01
  103.7000      0.102277320591E+01
  103.8000      0.104041366240E+01
  103.9000      0.106181371711E+01
  104.0000      0.105717008992E+01
  104.1000      0.104055821671E+01
  104.2000      0.103939412764E+01
  104.3000      0.104358938071E+01
  104.4000      0.105075435816E+01
  104.5000      0.105403112356E+01
  104.6000      0.104860768790E+01
  104.7000      0.105498304245E+01
  104.8000      0.106090145472E+01
  104.9000      0.104977567396E+01
  105.0000      0.103926180684E+01
  105.1000      0.103630678543E+01
  105.2000      0.104947747817E+01
  105.3000      0.107041430083E+01
  105.4000      0.106113108615E+01
  105.5000      0.103170910327E+01
  105.6000      0.101680720755E+01
  105.7000      0.102673520884E+01
  105.8000      0.105839611064E+01
  105.9000      0.107095928468E+01
  106.0000      0.104169185909E+01
  106.1000      0.101209878665E+01
  106.2000      0.101034420163E+01
  106.3000      0.103670319925E+01
  106.4000      0.106752122962E+01
  106.5000      0.106006162961E+01
  106.6000      0.102974944367E+01
  106.7000      0.101865631960E+01
  106.8000      0.103069070550E+01
  106.9000      0.105761970100E+01
  107.0000      0.107071992376E+01
  107.1000      0.105559171591E+01
  107.2000      0.104595287680E+01
  107.3000      0.105077918775E+01
  107.4000      0.105932134760E+01
  107.5000      0.106984015021E+01
  107.6000      0.106890686409E+01
  107.7000      0.106841212818E+01
  107.8000      0.107960518208E+01
  107.9000      0.107867759023E+01
  108.0000      0.106824228420E+01
  108.1000      0.106296158123E+01
  108.2000      0.106718899209E+01
  108.3000      0.108889339103E+01
  108.4000      0.109879505884E+01
  108.5000      0.107500337680E+01
  108.6000      0.104937041834E+01
  108.7000      0.104498879413E+01
  108.8000      0.106757048495E+01
  108.9000      0.109598023623E+01
  109.0000      0.108363859392E+01
  109.1000      0.104325194634E+01
  109.2000      0.102128716482E+01
  109.3000      0.103180787762E+01
  109.4000      0.106590405542E+01
  109.5000      0.107894776823E+01
  109.6000      0.104676416334E+01
  109.7000      0.101304886643E+01
  109.8000      0.100827143530E+01
  109.9000      0.103026934433E+01
  110.0000      0.105690406750E+01
  110.1000      0.104905316969E+01
  110.2000      0.102027267685E+01
  110.3000      0.100918083932E+01
  110.4000      0.101573322583E+01
  110.5000      0.103295908762E+01
  110.6000      0.104122779633E+01
  110.7000      0.102882928726E+01
  110.8000      0.102343313285E+01
  110.9000      0.102731033012E+01
  111.0000      0.102686710400E+01
  111.1000      0.102790680928E+01
  111.2000      0.102574841785E+01
  111.3000      0.102967738084E+01
  111.4000      0.104407679764E+01
  111.5000      0.104008400352E+01
  111.6000      0.102144867758E+01
  111.7000      0.101122017923E+01
  111.8000      0.101636165350E+01
  111.9000      0.104069431044E+01
  112.0000      0.105191302838E+01
  112.1000      0.102578069401E+01
  112.2000      0.996292821562E+00
  112.3000      0.990152278057E+00
  112.4000      0.101177827140E+01
  112.5000      0.104029748221E+01
  112.6000      0.102963108401E+01
  112.7000      0.990023168406E+00
  112.8000      0.967505213238E+00
  112.9000      0.975245131902E+00
  113.0000      0.100537186396E+01
  113.1000      0.101852279959E+01
  113.2000      0.990139556558E+00
  113.3000      0.959381839400E+00
  113.4000      0.953776839957E+00
  113.5000      0.970267339728E+00
  113.6000      0.992639579264E+00
  113.7000      0.987001483543E+00
  113.8000      0.963081855793E+00
  113.9000      0.954455344585E+00
  114.0000      0.958222556638E+00
  114.1000      0.969499231745E+00
  114.2000      0.976054762736E+00
  114.3000      0.967039556355E+00
  114.4000      0.965293958879E+00
  114.5000      0.970163203094E+00
  114.6000      0.966656881009E+00
  114.7000      0.964365811593E+00
  114.8000      0.962764718274E+00
  114.9000      0.968863576553E+00
  115.0000      0.985368176780E+00
  115.1000      0.982527185998E+00
  115.2000      0.963062103333E+00
  115.3000      0.952503105680E+00
  115.4000      0.958035208592E+00
  115.5000      0.982842275870E+00
  115.6000      0.996640163096E+00
  115.7000      0.973584862940E+00
  115.8000      0.945737122791E+00
  115.9000      0.940052051105E+00
  116.0000      0.960616013216E+00
  116.1000      0.989914762629E+00
  116.2000      0.983754399632E+00
  116.3000      0.948404978644E+00
  116.4000      0.927833439900E+00
  116.5000      0.934904597829E+00
  116.6000      0.963757897773E+00
  116.7000      0.979587944314E+00
  116.8000      0.956043879875E+00
  116.9000      0.928071107494E+00
  117.0000      0.922910616875E+00
  117.1000      0.938126567887E+00
  117.2000      0.960825800504E+00
  117.3000      0.958381826934E+00
  117.4000      0.936360015434E+00
  117.5000      0.927750009907E+00
  117.6000      0.931282718262E+00
  117.7000      0.942685507924E+00
  117.8000      0.950901764185E+00
  117.9000      0.942362754126E+00
  118.0000      0.938509893875E+00
  118.1000      0.942671485134E+00
  118.2000      0.940745174227E+00
  118.3000      0.940730132119E+00
  118.4000      0.939677854923E+00
  118.5000      0.942153737926E+00
  118.6000      0.955477726794E+00
  118.7000      0.954585745663E+00
  118.8000      0.939478600344E+00
  118.9000      0.931514251590E+00
  119.0000      0.934494830155E+00
  119.1000      0.954028991614E+00
  119.2000      0.967694631924E+00
  119.3000      0.949920530206E+00
  119.4000      0.926927448283E+00
  119.5000      0.921500788872E+00
  119.6000      0.937331322450E+00
  119.7000      0.963749107619E+00
  119.8000      0.961185063658E+00
  119.9000      0.930972782987E+00
  120.0000      0.912300987909E+00
  120.1000      0.916908177061E+00
  120.2000      0.942138733245E+00
  120.3000      0.958838014410E+00
  120.4000      0.938559057439E+00
  120.5000      0.911218693572E+00
  120.6000      0.904336779496E+00
  120.7000      0.917265180397E+00
  120.8000      0.939915087800E+00
  120.9000      0.938995218115E+00
  121.0000      0.914956091903E+00
  121.1000      0.902080773815E+00
  121.2000      0.903848468165E+00
  121.3000      0.916753464065E+00
  121.4000      0.927362072453E+00
  121.5000      0.916193244800E+00
  121.6000      0.904390317808E+00
  121.7000      0.904073898808E+00
  121.8000      0.905001224898E+00
  121.9000      0.910698909226E+00
  122.0000      0.910283601504E+00
  122.1000      0.904076346948E+00
  122.2000      0.908256908121E+00
  122.3000      0.908197895048E+00
  122.4000      0.901455529387E+00
  122.5000      0.899524676462E+00
  122.6000      0.897815046014E+00
  122.7000      0.905694714841E+00
  122.8000      0.914962952103E+00
  122.9000      0.904351145797E+00
  123.0000      0.891047222547E+00
  123.1000      0.887167650973E+00
  123.2000      0.893671546688E+00
  123.3000      0.911139970899E+00
  123.4000      0.910812184961E+00
  123.5000      0.889705760400E+00
  123.6000      0.876708750763E+00
  123.7000      0.877456694136E+00
  123.8000      0.893617202757E+00
  123.9000      0.907589318844E+00
  124.0000      0.892631562487E+00
  124.1000      0.870819682373E+00
  124.2000      0.864194341444E+00
  124.3000      0.871922646836E+00
  124.4000      0.890591486325E+00
  124.5000      0.891474099022E+00
  124.6000      0.870198979382E+00
  124.7000      0.857492071821E+00
  124.8000      0.857574629395E+00
  124.9000      0.868979976844E+00
  125.0000      0.880844284189E+00
  125.1000      0.870513183154E+00
  125.2000      0.855980620977E+00
  125.3000      0.853394209997E+00
  125.4000      0.855301117385E+00
  125.5000      0.864334720309E+00
  125.6000      0.865687543837E+00
  125.7000      0.854977331861E+00
  125.8000      0.852973603900E+00
  125.9000      0.852770386684E+00
  126.0000      0.851252070937E+00
  126.1000      0.854062448309E+00
  126.2000      0.849733647201E+00
  126.3000      0.848595598904E+00
  126.4000      0.853320701405E+00
  126.5000      0.847070483227E+00
  126.6000      0.841059881075E+00
  126.7000      0.839084349904E+00
  126.8000      0.838232631258E+00
  126.9000      0.847403787865E+00
  127.0000      0.847861804429E+00
  127.1000      0.834238938872E+00
  127.2000      0.827108256266E+00
  127.3000      0.825685209033E+00
  127.4000      0.833870852780E+00
  127.5000      0.844852193542E+00
  127.6000      0.835106842209E+00
  127.7000      0.820201271299E+00
  127.8000      0.816013807555E+00
  127.9000      0.819653167513E+00
  128.0000      0.833979816546E+00
  128.1000      0.836900488772E+00
  128.2000      0.820828767173E+00
  128.3000      0.811578562812E+00
  128.4000      0.811306346496E+00
  128.5000      0.819804822250E+00
  128.6000      0.831588746685E+00
  128.7000      0.824001743609E+00
  128.8000      0.811011068605E+00
  128.9000      0.808662250427E+00
  129.0000      0.809803810112E+00
  129.1000      0.818608667214E+00
  129.2000      0.821345625086E+00
  129.3000      0.810286823228E+00
  129.4000      0.806528391392E+00
  129.5000      0.806054429798E+00
  129.6000      0.805368692747E+00
  129.7000      0.809729771932E+00
  129.8000      0.805151437331E+00
  129.9000      0.800694432874E+00
  130.0000      0.803737553088E+00
  130.1000      0.798967282941E+00
  130.2000      0.795336251100E+00
  130.3000      0.794578799797E+00
  130.4000      0.791257248696E+00
  130.5000      0.797393257493E+00
  130.6000      0.798768274221E+00
  130.7000      0.787956316623E+00
  130.8000      0.783002569221E+00
  130.9000      0.781330651584E+00
  131.0000      0.787053627875E+00
  131.1000      0.798081460204E+00
  131.2000      0.790962319272E+00
  131.3000      0.777845738214E+00
  131.4000      0.774369046841E+00
  131.5000      0.777495811834E+00
  131.6000      0.792166133750E+00
  131.7000      0.797681022102E+00
  131.8000      0.782641348547E+00
  131.9000      0.772636303026E+00
  132.0000      0.772564106017E+00
  132.1000      0.782826648435E+00
  132.2000      0.798168689932E+00
  132.3000      0.792093854954E+00
  132.4000      0.776122802729E+00
  132.5000      0.771673994607E+00
  132.6000      0.775035752187E+00
  132.7000      0.789056239867E+00
  132.8000      0.795584791983E+00
  132.9000      0.781401693671E+00
  133.0000      0.771673566813E+00
  133.1000      0.770921514357E+00
  133.2000      0.776129201161E+00
  133.3000      0.787254039710E+00
  133.4000      0.782646525676E+00
  133.5000      0.770448852979E+00
  133.6000      0.768555255246E+00
  133.7000      0.767743098154E+00
  133.8000      0.772542806365E+00
  133.9000      0.776347596330E+00
  134.0000      0.767854099717E+00
  134.1000      0.765755128112E+00
  134.2000      0.766914213964E+00
  134.3000      0.763542441697E+00
  134.4000      0.766115203641E+00
  134.5000      0.764470499762E+00
  134.6000      0.762928358372E+00
  134.7000      0.770055592253E+00
  134.8000      0.767275037836E+00
  134.9000      0.761281836822E+00
  135.0000      0.761437950996E+00
  135.1000      0.761543007761E+00
  135.2000      0.771931854001E+00
  135.3000      0.778947335987E+00
  135.4000      0.768425479455E+00
  135.5000      0.761409618688E+00
  135.6000      0.761451116583E+00
  135.7000      0.770192920726E+00
  135.8000      0.786874186188E+00
  135.9000      0.783597447471E+00
  136.0000      0.767254447439E+00
  136.1000      0.761384755543E+00
  136.2000      0.765420975101E+00
  136.3000      0.783317795278E+00
  136.4000      0.794198103723E+00
  136.5000      0.777884780635E+00
  136.6000      0.761552033465E+00
  136.7000      0.759048348193E+00
  136.8000      0.770208011149E+00
  136.9000      0.790032448103E+00
  137.0000      0.786330382228E+00
  137.1000      0.763762680868E+00
  137.2000      0.752952158461E+00
  137.3000      0.755640047649E+00
  137.4000      0.772909830235E+00
  137.5000      0.784743696249E+00
  137.6000      0.768238885399E+00
  137.7000      0.750163392850E+00
  137.8000      0.746766864198E+00
  137.9000      0.755044390520E+00
  138.0000      0.772762450527E+00
  138.1000      0.771793927460E+00
  138.2000      0.753388695645E+00
  138.3000      0.746128558658E+00
  138.4000      0.748007751911E+00
  138.5000      0.759686346323E+00
  138.6000      0.770987988369E+00
  138.7000      0.761538815164E+00
  138.8000      0.752273256737E+00
  138.9000      0.753384675558E+00
  139.0000      0.756388830403E+00
  139.1000      0.766959033303E+00
  139.2000      0.769029173193E+00
  139.3000      0.761219009555E+00
  139.4000      0.763444954183E+00
  139.5000      0.764649703027E+00
  139.6000      0.765277057190E+00
  139.7000      0.770561768794E+00
  139.8000      0.767479674803E+00
  139.9000      0.769181949162E+00
  140.0000      0.775344035720E+00
  140.1000      0.769721008410E+00
  140.2000      0.766821608522E+00
  140.3000      0.766548651799E+00
  140.4000      0.766774724294E+00
  140.5000      0.777369743997E+00
  140.6000      0.776857554180E+00
  140.7000      0.763871835107E+00
  140.8000      0.758800009202E+00
  140.9000      0.757806967778E+00
  141.0000      0.767517268383E+00
  141.1000      0.778317933049E+00
  141.2000      0.765948300435E+00
  141.3000      0.750552112361E+00
  141.4000      0.746304464333E+00
  141.5000      0.751503003420E+00
  141.6000      0.768970474595E+00
  141.7000      0.769888737412E+00
  141.8000      0.749104273318E+00
  141.9000      0.737034080961E+00
  142.0000      0.737211667238E+00
  142.1000      0.752168998994E+00
  142.2000      0.768260489783E+00
  142.3000      0.755484658081E+00
  142.4000      0.734729104042E+00
  142.5000      0.728974185372E+00
  142.6000      0.736573230267E+00
  142.7000      0.757947729424E+00
  142.8000      0.762831768156E+00
  142.9000      0.741525027107E+00
  143.0000      0.727812170645E+00
  143.1000      0.728624650995E+00
  143.2000      0.744200179858E+00
  143.3000      0.763135744744E+00
  143.4000      0.753826811352E+00
  143.5000      0.733911652974E+00
  143.6000      0.728920276597E+00
  143.7000      0.735557699138E+00
  143.8000      0.755555698916E+00
  143.9000      0.763508910754E+00
  144.0000      0.746087450322E+00
  144.1000      0.734874559714E+00
  144.2000      0.735834957092E+00
  144.3000      0.747168925143E+00
  144.4000      0.764562921581E+00
  144.5000      0.759490043490E+00
  144.6000      0.744308911997E+00
  144.7000      0.742015666513E+00
  144.8000      0.745300172717E+00
  144.9000      0.758794030520E+00
  145.0000      0.766959564270E+00
  145.1000      0.754986056249E+00
  145.2000      0.748847978596E+00
  145.3000      0.750024975356E+00
  145.4000      0.753589712024E+00
  145.5000      0.764794011588E+00
  145.6000      0.762370793704E+00
  145.7000      0.753268438121E+00
  145.8000      0.754856333260E+00
  145.9000      0.753618219355E+00
  146.0000      0.756668276860E+00
  146.1000      0.761356126914E+00
  146.2000      0.754070256048E+00
  146.3000      0.753937195086E+00
  146.4000      0.755925695469E+00
  146.5000      0.750255276104E+00
  146.6000      0.751925404661E+00
  146.7000      0.749984424866E+00
  146.8000      0.747137340313E+00
  146.9000      0.754038281050E+00
  147.0000      0.749571814566E+00
  147.1000      0.741534221495E+00
  147.2000      0.741080002314E+00
  147.3000      0.738272343708E+00
  147.4000      0.745734031827E+00
  147.5000      0.751486540027E+00
  147.6000      0.739203431915E+00
  147.7000      0.731937125350E+00
  147.8000      0.730544562878E+00
  147.9000      0.735110221301E+00
  148.0000      0.750064021194E+00
  148.1000      0.746478789289E+00
  148.2000      0.730371469802E+00
  148.3000      0.725601289292E+00
  148.4000      0.727467970836E+00
  148.5000      0.743340758339E+00
  148.6000      0.755545913668E+00
  148.7000      0.740377631999E+00
  148.8000      0.725965544861E+00
  148.9000      0.724546080622E+00
  149.0000      0.734918172856E+00
  149.1000      0.757241865262E+00
  149.2000      0.756545944543E+00
  149.3000      0.734903367638E+00
  149.4000      0.725790700402E+00
  149.5000      0.729591610044E+00
  149.6000      0.750107105605E+00
  149.7000      0.767438538235E+00
  149.8000      0.751589240046E+00
  149.9000      0.731935874101E+00
  150.0000      0.729031291299E+00
  150.1000      0.740512828443E+00
  150.2000      0.765596452097E+00
  150.3000      0.767756471387E+00
  150.4000      0.743974810910E+00
  150.5000      0.732094585277E+00
  150.6000      0.734820603064E+00
  150.7000      0.753804017199E+00
  150.8000      0.772567118510E+00
  150.9000      0.758341257896E+00
  151.0000      0.737619821295E+00
  151.1000      0.733628065583E+00
  151.2000      0.741249510857E+00
  151.3000      0.762649603751E+00
  151.4000      0.766451387722E+00
  151.5000      0.744921592478E+00
  151.6000      0.734130878577E+00
  151.7000      0.734563159768E+00
  151.8000      0.746230754892E+00
  151.9000      0.762130673568E+00
  152.0000      0.751732340541E+00
  152.1000      0.735529566925E+00
  152.2000      0.733587528349E+00
  152.3000      0.735568519857E+00
  152.4000      0.749092122624E+00
  152.5000      0.753991807176E+00
  152.6000      0.739281500692E+00
  152.7000      0.734854239106E+00
  152.8000      0.735369169774E+00
  152.9000      0.738418043263E+00
  153.0000      0.749605224352E+00
  153.1000      0.744516603021E+00
  153.2000      0.736556054432E+00
  153.3000      0.739918684063E+00
  153.4000      0.737528789123E+00
  153.5000      0.741970125252E+00
  153.6000      0.746611903989E+00
  153.7000      0.738737402995E+00
  153.8000      0.741332676967E+00
  153.9000      0.743108541261E+00
  154.0000      0.737827368080E+00
  154.1000      0.742555844884E+00
  154.2000      0.740290030102E+00
  154.3000      0.738240927923E+00
  154.4000      0.746119371689E+00
  154.5000      0.740555030779E+00
  154.6000      0.736237787179E+00
  154.7000      0.738791216304E+00
  154.8000      0.734864108024E+00
  154.9000      0.742332220914E+00
  155.0000      0.746335222383E+00
  155.1000      0.735336481787E+00
  155.2000      0.734339943612E+00
  155.3000      0.733580525958E+00
  155.4000      0.735573861326E+00
  155.5000      0.748023802957E+00
  155.6000      0.742225373466E+00
  155.7000      0.731606069440E+00
  155.8000      0.732127507591E+00
  155.9000      0.730995388800E+00
  156.0000      0.742528683664E+00
  156.1000      0.750122652815E+00
  156.2000      0.735584335833E+00
  156.3000      0.728989103253E+00
  156.4000      0.728495547987E+00
  156.5000      0.733261873319E+00
  156.6000      0.750001554361E+00
  156.7000      0.745031472394E+00
  156.8000      0.728126555594E+00
  156.9000      0.725078556979E+00
  157.0000      0.725405013406E+00
  157.1000      0.740261165643E+00
  157.2000      0.751905398017E+00
  157.3000      0.734624018606E+00
  157.4000      0.721773368914E+00
  157.5000      0.720566507706E+00
  157.6000      0.727590354529E+00
  157.7000      0.748718719513E+00
  157.8000      0.746048546839E+00
  157.9000      0.724078977390E+00
  158.0000      0.717446153329E+00
  158.1000      0.718746857187E+00
  158.2000      0.735998261637E+00
  158.3000      0.751979071540E+00
  158.4000      0.734060504240E+00
  158.5000      0.716408146846E+00
  158.6000      0.714235749854E+00
  158.7000      0.721417186728E+00
  158.8000      0.744506600389E+00
  158.9000      0.744736452590E+00
  159.0000      0.720326748440E+00
  159.1000      0.711319647172E+00
  159.2000      0.711946473676E+00
  159.3000      0.727570032275E+00
  159.4000      0.745735719952E+00
  159.5000      0.729606592220E+00
  159.6000      0.710653569728E+00
  159.7000      0.708482434286E+00
  159.8000      0.713216653810E+00
  159.9000      0.734696550044E+00
  160.0000      0.738502038834E+00
  160.1000      0.716179672245E+00
  160.2000      0.708548630286E+00
  160.3000      0.709031520919E+00
  160.4000      0.720509917774E+00
  160.5000      0.739474610454E+00
  160.6000      0.728024214225E+00
  160.7000      0.711909049160E+00
  160.8000      0.712048319262E+00
  160.9000      0.713882435724E+00
  161.0000      0.731628567169E+00
  161.1000      0.738876501216E+00
  161.2000      0.720537325728E+00
  161.3000      0.715646136135E+00
  161.4000      0.716361356525E+00
  161.5000      0.722476004042E+00
  161.6000      0.740446940870E+00
  161.7000      0.732998093395E+00
  161.8000      0.718986338512E+00
  161.9000      0.720863168022E+00
  162.0000      0.719783370995E+00
  162.1000      0.732844790974E+00
  162.2000      0.742152831477E+00
  162.3000      0.726120681954E+00
  162.4000      0.722156349692E+00
  162.5000      0.723198266165E+00
  162.6000      0.724772484189E+00
  162.7000      0.741430002439E+00
  162.8000      0.736937275372E+00
  162.9000      0.723227699469E+00
  163.0000      0.726180918698E+00
  163.1000      0.723606765103E+00
  163.2000      0.732750479865E+00
  163.3000      0.743793831506E+00
  163.4000      0.729263219990E+00
  163.5000      0.725325493708E+00
  163.6000      0.727401674811E+00
  163.7000      0.725218239247E+00
  163.8000      0.739837333296E+00
  163.9000      0.737789569838E+00
  164.0000      0.724203091191E+00
  164.1000      0.728494191136E+00
  164.2000      0.724777350652E+00
  164.3000      0.728333691355E+00
  164.4000      0.739299426575E+00
  164.5000      0.726509265297E+00
  164.6000      0.723592391597E+00
  164.7000      0.727440360879E+00
  164.8000      0.719952350684E+00
  164.9000      0.729138970892E+00
  165.0000      0.728733758628E+00
  165.1000      0.717254528732E+00
  165.2000      0.725109405915E+00
  165.3000      0.720637234109E+00
  165.4000      0.715640040122E+00
  165.5000      0.724142730331E+00
  165.6000      0.714912985295E+00
  165.7000      0.716732584330E+00
  165.8000      0.725386069502E+00
  165.9000      0.712575406442E+00
  166.0000      0.713990580482E+00
  166.1000      0.715688775932E+00
  166.2000      0.710017703383E+00
  166.3000      0.725670480245E+00
  166.4000      0.723481765176E+00
  166.5000      0.709820030985E+00
  166.6000      0.715157781130E+00
  166.7000      0.711233809347E+00
  166.8000      0.720413425684E+00
  166.9000      0.736835391961E+00
  167.0000      0.720685594948E+00
  167.1000      0.713846571752E+00
  167.2000      0.716921509230E+00
  167.3000      0.716201071280E+00
  167.4000      0.738799742360E+00
  167.5000      0.739950539312E+00
  167.6000      0.718300728834E+00
  167.7000      0.719112811386E+00
  167.8000      0.717248944816E+00
  167.9000      0.728563877263E+00
  168.0000      0.749833718813E+00
  168.1000      0.731384949330E+00
  168.2000      0.717045138457E+00
  168.3000      0.719487235340E+00
  168.4000      0.717741505558E+00
  168.5000      0.740736449974E+00
  168.6000      0.744687166660E+00
  168.7000      0.718692478747E+00
  168.8000      0.717233474286E+00
  168.9000      0.715312702412E+00
  169.0000      0.722477005527E+00
  169.1000      0.745547747278E+00
  169.2000      0.728986253765E+00
  169.3000      0.713067761429E+00
  169.4000      0.717819769615E+00
  169.5000      0.712802051965E+00
  169.6000      0.732193933657E+00
  169.7000      0.740605263681E+00
  169.8000      0.716042360696E+00
  169.9000      0.716952278430E+00
  170.0000      0.716479572490E+00
  170.1000      0.717224120539E+00
  170.2000      0.740951216226E+00
  170.3000      0.728691968743E+00
  170.4000      0.712971478881E+00
  170.5000      0.720841529043E+00
  170.6000      0.712490065297E+00
  170.7000      0.727143736874E+00
  170.8000      0.739815246963E+00
  170.9000      0.714535805333E+00
  171.0000      0.713746957914E+00
  171.1000      0.713761917483E+00
  171.2000      0.709326692040E+00
  171.3000      0.734907897060E+00
  171.4000      0.724826922525E+00
  171.5000      0.701566506769E+00
  171.6000      0.707394874036E+00
  171.7000      0.698294390354E+00
  171.8000      0.713967272146E+00
  171.9000      0.734331318631E+00
  172.0000      0.703760791093E+00
  172.1000      0.693557548367E+00
  172.2000      0.695182064279E+00
  172.3000      0.694865442374E+00
  172.4000      0.732681545263E+00
  172.5000      0.729231791312E+00
  172.6000      0.694538156314E+00
  172.7000      0.697350362898E+00
  172.8000      0.695854513240E+00
  172.9000      0.724417174017E+00
  173.0000      0.762837852088E+00
  173.1000      0.730230848926E+00
  173.2000      0.709517729645E+00
  173.3000      0.716057694057E+00
  173.4000      0.724844346579E+00
  173.5000      0.779240254629E+00
  173.6000      0.786098395599E+00
  173.7000      0.739286618167E+00
  173.8000      0.737019773584E+00
  173.9000      0.738225178465E+00
  174.0000      0.768841035458E+00
  174.1000      0.817374239365E+00
  174.2000      0.779229396083E+00
  174.3000      0.744403744906E+00
  174.4000      0.748174716761E+00
  174.5000      0.746221051287E+00
  174.6000      0.794896426843E+00
  174.7000      0.802885422110E+00
  174.8000      0.744113032070E+00
  174.9000      0.738164993472E+00
  175.0000      0.732247451505E+00
  175.1000      0.742402281554E+00
  175.2000      0.789333918734E+00
  175.3000      0.752280759092E+00
  175.4000      0.718333647685E+00
  175.5000      0.731651944026E+00
  175.6000      0.714647546921E+00
  175.7000      0.750650854181E+00
  175.8000      0.770178064475E+00
  175.9000      0.719140472433E+00
  176.0000      0.732222441715E+00
  176.1000      0.733431629702E+00
  176.2000      0.723546364217E+00
  176.3000      0.776353345235E+00
  176.4000      0.751766386789E+00
  176.5000      0.725562753965E+00
  176.6000      0.758193008380E+00
  176.7000      0.727570812962E+00
  176.8000      0.750999024095E+00
  176.9000      0.784586370780E+00
  177.0000      0.723759564373E+00
  177.1000      0.737880557350E+00
  177.2000      0.740700045537E+00
  177.3000      0.707875782939E+00
  177.4000      0.775671900031E+00
  177.5000      0.750549665600E+00
  177.6000      0.692400810992E+00
  177.7000      0.731272585443E+00
  177.8000      0.693527957384E+00
  177.9000      0.732878115175E+00
  178.0000      0.814491407557E+00
  178.1000      0.720468364604E+00
  178.2000      0.716600732705E+00
  178.3000      0.745606819203E+00
  178.4000      0.727477380142E+00
  178.5000      0.893047732876E+00
  178.6000      0.902412412795E+00
  178.7000      0.776578603496E+00
  178.8000      0.850514587403E+00
  178.9000      0.832294866890E+00
  179.0000      0.947998512968E+00
  179.1000      0.119477784344E+01
  179.2000      0.100531590727E+01
  179.3000      0.950158138487E+00
  179.4000      0.106138527330E+01
  179.5000      0.973182873839E+00
  179.6000      0.146988365699E+01
  179.7000      0.161557465497E+01
  179.8000      0.101219861403E+01
  179.9000      0.207131874333E+01
  180.0000      0.335762085568E+01
