 # E =    3.99970714944241       eV =    32262.1760200000       1/cm
 #  1801
# DFFCSO.  ACCUM LEV(I),J(I) =  1  0 LEV(F),J(F) =  1  0       , M =  0, WEIGHTED BY  1.00000
   0.10000  0.929111145228E+06
   0.20000  0.391737163994E+06
   0.30000  0.102050848372E+06
   0.40000  0.276765576231E+05
   0.50000  0.164236723321E+05
   0.60000  0.140943525835E+05
   0.70000  0.822081015107E+04
   0.80000  0.407554486115E+04
   0.90000  0.326409798552E+04
   1.00000  0.268503747568E+04
   1.10000  0.206663221370E+04
   1.20000  0.127270500646E+04
   1.30000  0.848677421660E+03
   1.40000  0.820730426756E+03
   1.50000  0.509339412067E+03
   1.60000  0.290065996945E+03
   1.70000  0.263874023390E+03
   1.80000  0.220431332300E+03
   1.90000  0.174271684099E+03
   2.00000  0.106716905829E+03
   2.10000  0.949603383018E+02
   2.20000  0.938771769801E+02
   2.30000  0.476202910434E+02
   2.40000  0.416103029430E+02
   2.50000  0.444895994247E+02
   2.60000  0.381839446983E+02
   2.70000  0.391931104389E+02
   2.80000  0.353743294004E+02
   2.90000  0.437526079333E+02
   3.00000  0.418959069536E+02
   3.10000  0.308234845253E+02
   3.20000  0.348595634203E+02
   3.30000  0.311373085250E+02
   3.40000  0.275119858243E+02
   3.50000  0.297171633382E+02
   3.60000  0.262228753529E+02
   3.70000  0.269404297428E+02
   3.80000  0.234671275095E+02
   3.90000  0.165547284748E+02
   4.00000  0.159313528344E+02
   4.10000  0.117900166441E+02
   4.20000  0.850826322079E+01
   4.30000  0.853509685517E+01
   4.40000  0.596903101589E+01
   4.50000  0.468350675382E+01
   4.60000  0.314310889356E+01
   4.70000  0.110698468906E+01
   4.80000  0.800979039946E+00
   4.90000  0.168302191385E+00
   5.00000  0.467930522770E-01
   5.10000  0.103339605468E+00
   5.20000  0.263560324652E+00
   5.30000  0.948482280373E+00
   5.40000  0.122146453329E+01
   5.50000  0.238071333892E+01
   5.60000  0.289841388837E+01
   5.70000  0.269324209789E+01
   5.80000  0.355483613298E+01
   5.90000  0.342570674512E+01
   6.00000  0.360933011032E+01
   6.10000  0.471813896882E+01
   6.20000  0.444351153497E+01
   6.30000  0.463153869633E+01
   6.40000  0.463337316718E+01
   6.50000  0.346615399058E+01
   6.60000  0.342832893926E+01
   6.70000  0.330162780181E+01
   6.80000  0.269841971957E+01
   6.90000  0.290078967376E+01
   7.00000  0.241346724361E+01
   7.10000  0.163824044513E+01
   7.20000  0.147451498756E+01
   7.30000  0.103007467878E+01
   7.40000  0.773362697541E+00
   7.50000  0.941866179460E+00
   7.60000  0.732224898962E+00
   7.70000  0.478430108181E+00
   7.80000  0.503371388483E+00
   7.90000  0.447066148256E+00
   8.00000  0.453076006531E+00
   8.10000  0.763161977714E+00
   8.20000  0.807064311934E+00
   8.30000  0.685718175476E+00
   8.40000  0.860569875149E+00
   8.50000  0.876724876562E+00
   8.60000  0.907277876050E+00
   8.70000  0.127910741928E+01
   8.80000  0.126002572041E+01
   8.90000  0.113386489087E+01
   9.00000  0.125551470796E+01
   9.10000  0.110166341409E+01
   9.20000  0.110768018566E+01
   9.30000  0.141160307195E+01
   9.40000  0.131644832802E+01
   9.50000  0.124262568188E+01
   9.60000  0.130491742617E+01
   9.70000  0.108650678852E+01
   9.80000  0.111723764573E+01
   9.90000  0.137785493480E+01
  10.00000  0.129842653042E+01
  10.10000  0.131309044197E+01
  10.20000  0.136880237656E+01
  10.30000  0.114046210846E+01
  10.40000  0.119282061007E+01
  10.50000  0.139587388593E+01
  10.60000  0.130867883632E+01
  10.70000  0.137418664924E+01
  10.80000  0.137675756280E+01
  10.90000  0.111481788307E+01
  11.00000  0.114050632289E+01
  11.10000  0.121494668288E+01
  11.20000  0.108710045320E+01
  11.30000  0.113233998640E+01
  11.40000  0.104952436280E+01
  11.50000  0.788352311851E+00
  11.60000  0.773732800334E+00
  11.70000  0.773538675481E+00
  11.80000  0.673314686089E+00
  11.90000  0.721121307304E+00
  12.00000  0.674681349538E+00
  12.10000  0.515406601481E+00
  12.20000  0.553975250139E+00
  12.30000  0.636909050781E+00
  12.40000  0.631384366405E+00
  12.50000  0.752202363629E+00
  12.60000  0.810941119224E+00
  12.70000  0.731011242698E+00
  12.80000  0.849927232772E+00
  12.90000  0.100761928847E+01
  13.00000  0.103290796835E+01
  13.10000  0.119574554053E+01
  13.20000  0.124432906385E+01
  13.30000  0.112030210812E+01
  13.40000  0.121056680661E+01
  13.50000  0.127612680969E+01
  13.60000  0.123350848237E+01
  13.70000  0.134639883819E+01
  13.80000  0.128447296299E+01
  13.90000  0.109445452803E+01
  14.00000  0.109462651645E+01
  14.10000  0.102826027849E+01
  14.20000  0.932694575240E+00
  14.30000  0.974109760294E+00
  14.40000  0.854289942322E+00
  14.50000  0.674061887175E+00
  14.60000  0.636774612551E+00
  14.70000  0.562660247494E+00
  14.80000  0.496887051698E+00
  14.90000  0.538146526665E+00
  15.00000  0.489546091404E+00
  15.10000  0.400281446785E+00
  15.20000  0.434896885245E+00
  15.30000  0.475986244944E+00
  15.40000  0.491266073435E+00
  15.50000  0.598840088457E+00
  15.60000  0.640151401941E+00
  15.70000  0.604879816009E+00
  15.80000  0.704640895891E+00
  15.90000  0.807291775644E+00
  16.00000  0.844574246934E+00
  16.10000  0.979207297327E+00
  16.20000  0.101100115250E+01
  16.30000  0.937598715275E+00
  16.40000  0.100479131123E+01
  16.50000  0.103985028539E+01
  16.60000  0.101311434792E+01
  16.70000  0.108742016533E+01
  16.80000  0.103767159056E+01
  16.90000  0.907449957123E+00
  17.00000  0.908787164341E+00
  17.10000  0.869762850134E+00
  17.20000  0.803412619505E+00
  17.30000  0.827988151915E+00
  17.40000  0.747643517403E+00
  17.50000  0.620523813759E+00
  17.60000  0.607055433856E+00
  17.70000  0.576739171547E+00
  17.80000  0.534438416064E+00
  17.90000  0.568659004673E+00
  18.00000  0.535023479042E+00
  18.10000  0.459693729259E+00
  18.20000  0.484653176253E+00
  18.30000  0.513352067510E+00
  18.40000  0.507525113158E+00
  18.50000  0.564309863124E+00
  18.60000  0.574044375792E+00
  18.70000  0.527964958295E+00
  18.80000  0.580725753599E+00
  18.90000  0.642749651603E+00
  19.00000  0.644375694606E+00
  19.10000  0.700126604673E+00
  19.20000  0.707080712188E+00
  19.30000  0.644799595364E+00
  19.40000  0.681171665870E+00
  19.50000  0.725434510258E+00
  19.60000  0.703333308739E+00
  19.70000  0.735174839701E+00
  19.80000  0.723582058886E+00
  19.90000  0.647526124438E+00
  20.00000  0.667200564154E+00
  20.10000  0.697194399812E+00
  20.20000  0.661249403054E+00
  20.30000  0.672355737181E+00
  20.40000  0.653822561169E+00
  20.50000  0.580242394575E+00
  20.60000  0.596355134933E+00
  20.70000  0.633537241727E+00
  20.80000  0.605090437064E+00
  20.90000  0.614632847745E+00
  21.00000  0.610161516787E+00
  21.10000  0.552343805341E+00
  21.20000  0.572147647806E+00
  21.30000  0.618515877438E+00
  21.40000  0.593495647308E+00
  21.50000  0.597560819796E+00
  21.60000  0.601003364550E+00
  21.70000  0.552543766933E+00
  21.80000  0.571120488998E+00
  21.90000  0.618233169548E+00
  22.00000  0.587659927457E+00
  22.10000  0.574321609583E+00
  22.20000  0.570279714775E+00
  22.30000  0.518808254400E+00
  22.40000  0.522536201367E+00
  22.50000  0.560517110671E+00
  22.60000  0.526128153536E+00
  22.70000  0.502424320950E+00
  22.80000  0.505715754184E+00
  22.90000  0.472899876495E+00
  23.00000  0.480897688794E+00
  23.10000  0.529114003784E+00
  23.20000  0.510166205171E+00
  23.30000  0.492208039915E+00
  23.40000  0.517296096384E+00
  23.50000  0.513404276626E+00
  23.60000  0.533985635075E+00
  23.70000  0.598141101314E+00
  23.80000  0.592498268201E+00
  23.90000  0.573054787494E+00
  24.00000  0.605226270836E+00
  24.10000  0.607466150714E+00
  24.20000  0.614567645302E+00
  24.30000  0.663247688080E+00
  24.40000  0.642362755261E+00
  24.50000  0.600178720013E+00
  24.60000  0.616431137618E+00
  24.70000  0.608438061730E+00
  24.80000  0.594717133929E+00
  24.90000  0.620762193419E+00
  25.00000  0.587602319563E+00
  25.10000  0.532251789148E+00
  25.20000  0.537052287739E+00
  25.30000  0.528026715335E+00
  25.40000  0.505507504001E+00
  25.50000  0.519040935443E+00
  25.60000  0.490418209040E+00
  25.70000  0.438812650096E+00
  25.80000  0.445725528859E+00
  25.90000  0.451604957581E+00
  26.00000  0.431402493320E+00
  26.10000  0.440523960192E+00
  26.20000  0.429412394309E+00
  26.30000  0.393989016948E+00
  26.40000  0.413042301570E+00
  26.50000  0.443711935426E+00
  26.60000  0.434698724618E+00
  26.70000  0.446455508311E+00
  26.80000  0.455903306766E+00
  26.90000  0.436305281284E+00
  27.00000  0.462182189764E+00
  27.10000  0.506031226099E+00
  27.20000  0.497651088279E+00
  27.30000  0.501051141091E+00
  27.40000  0.515492353902E+00
  27.50000  0.498207533491E+00
  27.60000  0.515968554728E+00
  27.70000  0.554737838016E+00
  27.80000  0.534238244145E+00
  27.90000  0.516492903132E+00
  28.00000  0.521256354662E+00
  28.10000  0.497444202514E+00
  28.20000  0.496922601563E+00
  28.30000  0.521364938593E+00
  28.40000  0.491948140364E+00
  28.50000  0.460342489026E+00
  28.60000  0.463173790369E+00
  28.70000  0.446252456073E+00
  28.80000  0.438548063994E+00
  28.90000  0.457140453532E+00
  29.00000  0.432125512134E+00
  29.10000  0.398884719334E+00
  29.20000  0.407887774451E+00
  29.30000  0.406892276324E+00
  29.40000  0.399890812756E+00
  29.50000  0.418263987738E+00
  29.60000  0.405322587750E+00
  29.70000  0.377155697981E+00
  29.80000  0.392759603768E+00
  29.90000  0.405181264940E+00
  30.00000  0.394733684907E+00
  30.10000  0.404447858222E+00
  30.20000  0.396281913980E+00
  30.30000  0.368344393846E+00
  30.40000  0.381435398708E+00
  30.50000  0.399196274490E+00
  30.60000  0.383314074368E+00
  30.70000  0.381972301879E+00
  30.80000  0.378288991397E+00
  30.90000  0.353944156458E+00
  31.00000  0.362349745444E+00
  31.10000  0.382100221592E+00
  31.20000  0.363396703268E+00
  31.30000  0.353000607175E+00
  31.40000  0.356355488116E+00
  31.50000  0.342290693314E+00
  31.60000  0.349567427795E+00
  31.70000  0.373634799124E+00
  31.80000  0.359158622465E+00
  31.90000  0.344726641042E+00
  32.00000  0.355885594883E+00
  32.10000  0.352701525415E+00
  32.20000  0.354966059220E+00
  32.30000  0.375834183216E+00
  32.40000  0.362825519065E+00
  32.50000  0.342680401547E+00
  32.60000  0.356216494117E+00
  32.70000  0.360795429330E+00
  32.80000  0.356029850582E+00
  32.90000  0.369114919873E+00
  33.00000  0.357171189863E+00
  33.10000  0.332303733956E+00
  33.20000  0.342269616061E+00
  33.30000  0.348804214294E+00
  33.40000  0.334242048445E+00
  33.50000  0.334637447958E+00
  33.60000  0.323006126841E+00
  33.70000  0.296720342482E+00
  33.80000  0.301372755685E+00
  33.90000  0.309117315013E+00
  34.00000  0.289063887217E+00
  34.10000  0.278989600920E+00
  34.20000  0.271359623104E+00
  34.30000  0.250280038189E+00
  34.40000  0.250860847951E+00
  34.50000  0.260746925771E+00
  34.60000  0.242563432825E+00
  34.70000  0.228991735183E+00
  34.80000  0.231539842190E+00
  34.90000  0.224373529272E+00
  35.00000  0.225986766459E+00
  35.10000  0.240394165100E+00
  35.20000  0.230358754745E+00
  35.30000  0.217945299104E+00
  35.40000  0.229642694284E+00
  35.50000  0.235186311501E+00
  35.60000  0.234869129527E+00
  35.70000  0.247387209632E+00
  35.80000  0.242631109995E+00
  35.90000  0.229372088315E+00
  36.00000  0.242416670881E+00
  36.10000  0.253424427182E+00
  36.20000  0.246207334732E+00
  36.30000  0.249303386567E+00
  36.40000  0.245420085641E+00
  36.50000  0.229730356666E+00
  36.60000  0.236744616614E+00
  36.70000  0.246489195978E+00
  36.80000  0.231972297304E+00
  36.90000  0.224526212203E+00
  37.00000  0.221854462889E+00
  37.10000  0.208035586700E+00
  37.20000  0.209303348351E+00
  37.30000  0.217540177568E+00
  37.40000  0.201613541995E+00
  37.50000  0.188356613393E+00
  37.60000  0.189083045411E+00
  37.70000  0.181250678308E+00
  37.80000  0.177726853584E+00
  37.90000  0.183260858284E+00
  38.00000  0.169783715934E+00
  38.10000  0.154386194361E+00
  38.20000  0.158124868042E+00
  38.30000  0.157576479049E+00
  38.40000  0.150378803669E+00
  38.50000  0.152098455579E+00
  38.60000  0.144216571280E+00
  38.70000  0.130988544301E+00
  38.80000  0.136072786628E+00
  38.90000  0.141358643495E+00
  39.00000  0.132359425281E+00
  39.10000  0.129995628078E+00
  39.20000  0.128152193305E+00
  39.30000  0.119439866206E+00
  39.40000  0.123465652380E+00
  39.50000  0.131346219757E+00
  39.60000  0.122123654878E+00
  39.70000  0.115908166270E+00
  39.80000  0.118387698827E+00
  39.90000  0.114312548072E+00
  40.00000  0.114416502504E+00
  40.10000  0.120378516061E+00
  40.20000  0.111272936189E+00
  40.30000  0.101292981218E+00
  40.40000  0.105066666730E+00
  40.50000  0.104862504304E+00
  40.60000  0.100091608860E+00
  40.70000  0.101836004618E+00
  40.80000  0.956109865100E-01
  40.90000  0.858771426874E-01
  41.00000  0.899508997869E-01
  41.10000  0.935078252695E-01
  41.20000  0.864265329978E-01
  41.30000  0.845010950826E-01
  41.40000  0.826098908270E-01
  41.50000  0.758537535174E-01
  41.60000  0.786339170200E-01
  41.70000  0.838143275818E-01
  41.80000  0.763352261332E-01
  41.90000  0.715222483122E-01
  42.00000  0.729505106326E-01
  42.10000  0.695334846925E-01
  42.20000  0.692451904897E-01
  42.30000  0.728616033657E-01
  42.40000  0.654108011738E-01
  42.50000  0.578788282512E-01
  42.60000  0.598065840274E-01
  42.70000  0.584447282446E-01
  42.80000  0.542339670910E-01
  42.90000  0.543626043641E-01
  43.00000  0.484600985517E-01
  43.10000  0.407474974087E-01
  43.20000  0.419228013633E-01
  43.30000  0.420979342530E-01
  43.40000  0.358471094677E-01
  43.50000  0.329468541761E-01
  43.60000  0.298074669018E-01
  43.70000  0.244581788491E-01
  43.80000  0.243335694841E-01
  43.90000  0.253473696973E-01
  44.00000  0.201587765907E-01
  44.10000  0.167287978863E-01
  44.20000  0.168448131916E-01
  44.30000  0.153429649662E-01
  44.40000  0.145667915436E-01
  44.50000  0.158290884713E-01
  44.60000  0.131417476922E-01
  44.70000  0.104472121114E-01
  44.80000  0.122515002211E-01
  44.90000  0.134253973412E-01
  45.00000  0.119073808044E-01
  45.10000  0.123655989503E-01
  45.20000  0.117858660403E-01
  45.30000  0.997313425299E-02
  45.40000  0.115872913260E-01
  45.50000  0.135313915466E-01
  45.60000  0.109850881351E-01
  45.70000  0.958999179296E-02
  45.80000  0.984629267003E-02
  45.90000  0.858413003701E-02
  46.00000  0.825192508137E-02
  46.10000  0.899878987884E-02
  46.20000  0.640766981714E-02
  46.30000  0.434166118877E-02
  46.40000  0.470244807800E-02
  46.50000  0.420962725637E-02
  46.60000  0.319250743619E-02
  46.70000  0.333378299791E-02
  46.80000  0.199820602637E-02
  46.90000  0.915774285632E-03
  47.00000  0.122559279850E-02
  47.10000  0.119464327979E-02
  47.20000  0.701975913871E-03
  47.30000  0.925666324218E-03
  47.40000  0.361254524525E-03
  47.50000  0.860805792513E-04
  47.60000  0.197013948459E-03
  47.70000  0.134777525168E-03
  47.80000  0.232047936630E-03
  47.90000  0.730861991626E-03
  48.00000  0.547109532888E-03
  48.10000  0.100429687068E-02
  48.20000  0.121221209167E-02
  48.30000  0.109688908800E-02
  48.40000  0.223719780306E-02
  48.50000  0.372983740398E-02
  48.60000  0.331776290665E-02
  48.70000  0.371813519103E-02
  48.80000  0.467650258014E-02
  48.90000  0.482419350813E-02
  49.00000  0.617810616735E-02
  49.10000  0.835464913525E-02
  49.20000  0.742488825561E-02
  49.30000  0.689819400266E-02
  49.40000  0.893678876355E-02
  49.50000  0.996556384516E-02
  49.60000  0.101388638150E-01
  49.70000  0.118263428482E-01
  49.80000  0.112579329627E-01
  49.90000  0.102275750145E-01
  50.00000  0.129493614439E-01
  50.10000  0.153013035503E-01
  50.20000  0.142757632958E-01
  50.30000  0.149828604378E-01
  50.40000  0.159919932373E-01
  50.50000  0.155599118841E-01
  50.60000  0.179600595270E-01
  50.70000  0.211140732362E-01
  50.80000  0.194284373375E-01
  50.90000  0.189492099943E-01
  51.00000  0.220001237237E-01
  51.10000  0.233241748840E-01
  51.20000  0.247581176371E-01
  51.30000  0.282426131993E-01
  51.40000  0.275408699140E-01
  51.50000  0.266369015336E-01
  51.60000  0.314308704767E-01
  51.70000  0.349279828183E-01
  51.80000  0.341994792920E-01
  51.90000  0.359885289756E-01
  52.00000  0.371970752378E-01
  52.10000  0.365293664874E-01
  52.20000  0.406155408175E-01
  52.30000  0.451018198308E-01
  52.40000  0.426078375032E-01
  52.50000  0.418545307703E-01
  52.60000  0.457085358606E-01
  52.70000  0.468760990738E-01
  52.80000  0.478768109686E-01
  52.90000  0.512034232986E-01
  53.00000  0.493326448278E-01
  53.10000  0.473010296720E-01
  53.20000  0.526701371918E-01
  53.30000  0.565893778622E-01
  53.40000  0.553103157243E-01
  53.50000  0.575729787675E-01
  53.60000  0.600635148764E-01
  53.70000  0.604879445626E-01
  53.80000  0.668731265409E-01
  53.90000  0.740232224004E-01
  54.00000  0.727956825148E-01
  54.10000  0.740512711930E-01
  54.20000  0.814347836464E-01
  54.30000  0.853646769795E-01
  54.40000  0.893230697337E-01
  54.50000  0.962106462691E-01
  54.60000  0.959403643532E-01
  54.70000  0.952326606284E-01
  54.80000  0.103943416234E+00
  54.90000  0.109611263620E+00
  55.00000  0.107301318916E+00
  55.10000  0.108622335241E+00
  55.20000  0.109552090767E+00
  55.30000  0.106846434171E+00
  55.40000  0.110345589834E+00
  55.50000  0.113816554312E+00
  55.60000  0.106806074039E+00
  55.70000  0.102518954344E+00
  55.80000  0.105600312861E+00
  55.90000  0.104658132593E+00
  56.00000  0.102910933113E+00
  56.10000  0.104558319886E+00
  56.20000  0.100135263831E+00
  56.30000  0.957557929205E-01
  56.40000  0.101006500301E+00
  56.50000  0.104056546599E+00
  56.60000  0.999065217807E-01
  56.70000  0.100116590275E+00
  56.80000  0.101736996872E+00
  56.90000  0.100583598384E+00
  57.00000  0.105025802762E+00
  57.10000  0.110203016302E+00
  57.20000  0.105898490582E+00
  57.30000  0.103891473107E+00
  57.40000  0.109940487910E+00
  57.50000  0.111973157222E+00
  57.60000  0.110655140341E+00
  57.70000  0.112597780204E+00
  57.80000  0.110266469519E+00
  57.90000  0.106504836845E+00
  58.00000  0.111046536668E+00
  58.10000  0.113740759467E+00
  58.20000  0.107019309193E+00
  58.30000  0.103871093898E+00
  58.40000  0.105283141763E+00
  58.50000  0.102890501139E+00
  58.60000  0.102102269480E+00
  58.70000  0.103272075773E+00
  58.80000  0.971841728017E-01
  58.90000  0.923062121530E-01
  59.00000  0.961651190533E-01
  59.10000  0.970218812484E-01
  59.20000  0.925530427613E-01
  59.30000  0.920975747506E-01
  59.40000  0.910850864069E-01
  59.50000  0.881404325043E-01
  59.60000  0.913374792101E-01
  59.70000  0.940202957654E-01
  59.80000  0.882768222174E-01
  59.90000  0.854360017570E-01
  60.00000  0.882910505763E-01
  60.10000  0.874251012664E-01
  60.20000  0.856517285759E-01
  60.30000  0.860858370103E-01
  60.40000  0.813943015182E-01
  60.50000  0.766443618518E-01
  60.60000  0.790904586419E-01
  60.70000  0.790199445210E-01
  60.80000  0.723229695750E-01
  60.90000  0.688646104196E-01
  61.00000  0.673772264385E-01
  61.10000  0.633521496067E-01
  61.20000  0.618785602089E-01
  61.30000  0.610398965157E-01
  61.40000  0.543987828048E-01
  61.50000  0.494466324048E-01
  61.60000  0.502662363049E-01
  61.70000  0.485835723771E-01
  61.80000  0.439452011085E-01
  61.90000  0.418826686576E-01
  62.00000  0.389260941557E-01
  62.10000  0.351948516518E-01
  62.20000  0.354081799019E-01
  62.30000  0.349998939455E-01
  62.40000  0.299978124086E-01
  62.50000  0.271683806624E-01
  62.60000  0.273689102204E-01
  62.70000  0.257366606686E-01
  62.80000  0.241045561924E-01
  62.90000  0.237199605827E-01
  63.00000  0.208169263933E-01
  63.10000  0.184213323778E-01
  63.20000  0.196055652235E-01
  63.30000  0.195205395372E-01
  63.40000  0.167392882286E-01
  63.50000  0.157297005541E-01
  63.60000  0.152727268060E-01
  63.70000  0.138916256607E-01
  63.80000  0.140347273771E-01
  63.90000  0.142355208763E-01
  64.00000  0.116922059730E-01
  64.10000  0.101785593664E-01
  64.20000  0.109959434652E-01
  64.30000  0.105764461701E-01
  64.40000  0.905829377221E-02
  64.50000  0.858413640245E-02
  64.60000  0.744966617055E-02
  64.70000  0.615881896715E-02
  64.80000  0.650198632874E-02
  64.90000  0.643920585941E-02
  65.00000  0.460798178740E-02
  65.10000  0.379485074974E-02
  65.20000  0.394393519514E-02
  65.30000  0.345970120386E-02
  65.40000  0.320359114100E-02
  65.50000  0.337304124752E-02
  65.60000  0.250023294631E-02
  65.70000  0.208208140993E-02
  65.80000  0.287227875454E-02
  65.90000  0.314492610729E-02
  66.00000  0.290426987884E-02
  66.10000  0.336438035238E-02
  66.20000  0.328208167730E-02
  66.30000  0.316234206666E-02
  66.40000  0.437424155781E-02
  66.50000  0.521270150612E-02
  66.60000  0.451415005706E-02
  66.70000  0.466135717650E-02
  66.80000  0.546679989340E-02
  66.90000  0.556434404596E-02
  67.00000  0.604194001629E-02
  67.10000  0.675565190248E-02
  67.20000  0.584748678191E-02
  67.30000  0.540816829550E-02
  67.40000  0.669276552321E-02
  67.50000  0.707917838789E-02
  67.60000  0.623919311843E-02
  67.70000  0.635932982183E-02
  67.80000  0.630779829764E-02
  67.90000  0.589454060063E-02
  68.00000  0.675387970058E-02
  68.10000  0.735980212607E-02
  68.20000  0.609741890851E-02
  68.30000  0.576158472075E-02
  68.40000  0.674688459631E-02
  68.50000  0.680135470420E-02
  68.60000  0.654281750441E-02
  68.70000  0.687116051997E-02
  68.80000  0.614644497143E-02
  68.90000  0.555668237507E-02
  69.00000  0.656459829718E-02
  69.10000  0.687356971797E-02
  69.20000  0.551645095552E-02
  69.30000  0.512529151391E-02
  69.40000  0.549154761702E-02
  69.50000  0.515401635220E-02
  69.60000  0.494989273610E-02
  69.70000  0.502230122663E-02
  69.80000  0.404236706169E-02
  69.90000  0.340806966093E-02
  70.00000  0.406858803945E-02
  70.10000  0.414158294845E-02
  70.20000  0.303497162916E-02
  70.30000  0.269799024724E-02
  70.40000  0.295667278471E-02
  70.50000  0.276026768273E-02
  70.60000  0.257161563207E-02
  70.70000  0.265552174417E-02
  70.80000  0.214365805846E-02
  70.90000  0.183310096303E-02
  71.00000  0.241662449704E-02
  71.10000  0.266734102417E-02
  71.20000  0.192996308831E-02
  71.30000  0.177989923551E-02
  71.40000  0.233637850136E-02
  71.50000  0.243145253420E-02
  71.60000  0.220623227635E-02
  71.70000  0.236113325327E-02
  71.80000  0.221329946785E-02
  71.90000  0.204892782976E-02
  72.00000  0.258531483217E-02
  72.10000  0.290090965754E-02
  72.20000  0.217970589920E-02
  72.30000  0.199307520798E-02
  72.40000  0.271204829578E-02
  72.50000  0.288565656725E-02
  72.60000  0.241433818304E-02
  72.70000  0.246850236032E-02
  72.80000  0.259033145443E-02
  72.90000  0.250352823571E-02
  73.00000  0.280584825194E-02
  73.10000  0.309485738694E-02
  73.20000  0.252484694972E-02
  73.30000  0.234397976161E-02
  73.40000  0.320092930484E-02
  73.50000  0.357209460385E-02
  73.60000  0.288686832571E-02
  73.70000  0.289961144965E-02
  73.80000  0.371788295031E-02
  73.90000  0.401828640002E-02
  74.00000  0.399495483416E-02
  74.10000  0.445141650565E-02
  74.20000  0.460602854466E-02
  74.30000  0.475493819508E-02
  74.40000  0.589756549380E-02
  74.50000  0.676280461012E-02
  74.60000  0.613133587498E-02
  74.70000  0.630654866422E-02
  74.80000  0.806490451615E-02
  74.90000  0.885896041136E-02
  75.00000  0.845689142677E-02
  75.10000  0.904844395138E-02
  75.20000  0.987910961397E-02
  75.30000  0.101952621869E-01
  75.40000  0.113609366290E-01
  75.50000  0.124456687922E-01
  75.60000  0.117039780926E-01
  75.70000  0.118634615615E-01
  75.80000  0.141931116795E-01
  75.90000  0.152157999410E-01
  76.00000  0.144688488662E-01
  76.10000  0.151464241688E-01
  76.20000  0.164274552070E-01
  76.30000  0.168566383280E-01
  76.40000  0.181102562985E-01
  76.50000  0.193975583079E-01
  76.60000  0.185736557726E-01
  76.70000  0.187788654547E-01
  76.80000  0.216500792243E-01
  76.90000  0.229231382859E-01
  77.00000  0.219526680444E-01
  77.10000  0.228198174126E-01
  77.20000  0.246969233623E-01
  77.30000  0.254301712035E-01
  77.40000  0.269139853406E-01
  77.50000  0.286190960444E-01
  77.60000  0.280279712895E-01
  77.70000  0.285312342798E-01
  77.80000  0.322000507026E-01
  77.90000  0.339778545265E-01
  78.00000  0.328255762939E-01
  78.10000  0.339607579259E-01
  78.20000  0.368013730586E-01
  78.30000  0.379709802865E-01
  78.40000  0.393796927556E-01
  78.50000  0.414371165961E-01
  78.60000  0.413196023753E-01
  78.70000  0.420587942246E-01
  78.80000  0.462765956295E-01
  78.90000  0.484261466497E-01
  79.00000  0.467586572341E-01
  79.10000  0.477544103848E-01
  79.20000  0.514744051112E-01
  79.30000  0.526655968223E-01
  79.40000  0.528228769215E-01
  79.50000  0.543540957777E-01
  79.60000  0.544807768100E-01
  79.70000  0.546361991692E-01
  79.80000  0.578543847253E-01
  79.90000  0.593258835230E-01
  80.00000  0.565753121736E-01
  80.10000  0.565165854801E-01
  80.20000  0.601355347730E-01
  80.30000  0.606430344401E-01
  80.40000  0.587306871803E-01
  80.50000  0.591216692877E-01
  80.60000  0.595506882905E-01
  80.70000  0.589878750981E-01
  80.80000  0.604687593475E-01
  80.90000  0.611787684932E-01
  81.00000  0.582137749157E-01
  81.10000  0.575587290154E-01
  81.20000  0.610055584520E-01
  81.30000  0.614516339136E-01
  81.40000  0.587397132846E-01
  81.50000  0.590295435840E-01
  81.60000  0.607126110078E-01
  81.70000  0.606808071595E-01
  81.80000  0.617138279868E-01
  81.90000  0.629766585790E-01
  82.00000  0.613090153602E-01
  82.10000  0.613874703612E-01
  82.20000  0.656269485574E-01
  82.30000  0.670591075273E-01
  82.40000  0.647056444362E-01
  82.50000  0.657247633331E-01
  82.60000  0.692042378933E-01
  82.70000  0.701789805183E-01
  82.80000  0.710613739389E-01
  82.90000  0.730311353108E-01
  83.00000  0.727857131820E-01
  83.10000  0.734551852979E-01
  83.20000  0.780383082788E-01
  83.30000  0.799956906821E-01
  83.40000  0.774466901073E-01
  83.50000  0.784320461479E-01
  83.60000  0.829859156277E-01
  83.70000  0.840745103531E-01
  83.80000  0.834373881562E-01
  83.90000  0.850070153472E-01
  84.00000  0.857159172070E-01
  84.10000  0.860611857910E-01
  84.20000  0.894245399055E-01
  84.30000  0.910294601348E-01
  84.40000  0.881159448635E-01
  84.50000  0.884467433335E-01
  84.60000  0.932456960432E-01
  84.70000  0.940407613325E-01
  84.80000  0.914008132343E-01
  84.90000  0.921295394140E-01
  85.00000  0.939680730730E-01
  85.10000  0.937723229953E-01
  85.20000  0.947516235666E-01
  85.30000  0.955764328100E-01
  85.40000  0.929606749400E-01
  85.50000  0.923946445098E-01
  85.60000  0.962569001443E-01
  85.70000  0.964818420656E-01
  85.80000  0.921861133446E-01
  85.90000  0.918443816008E-01
  86.00000  0.945582128193E-01
  86.10000  0.937646288410E-01
  86.20000  0.917879580026E-01
  86.30000  0.915842109564E-01
  86.40000  0.900200142434E-01
  86.50000  0.885226873105E-01
  86.60000  0.901164308683E-01
  86.70000  0.895280828690E-01
  86.80000  0.846698923973E-01
  86.90000  0.832510047303E-01
  87.00000  0.858708873389E-01
  87.10000  0.846053863544E-01
  87.20000  0.804911047256E-01
  87.30000  0.796088035668E-01
  87.40000  0.796213633907E-01
  87.50000  0.779667220048E-01
  87.60000  0.775923396969E-01
  87.70000  0.769988281186E-01
  87.80000  0.734711908533E-01
  87.90000  0.720920930534E-01
  88.00000  0.745659212508E-01
  88.10000  0.737852629159E-01
  88.20000  0.695112439096E-01
  88.30000  0.688763248961E-01
  88.40000  0.706108928181E-01
  88.50000  0.695891211087E-01
  88.60000  0.681656364509E-01
  88.70000  0.680841574822E-01
  88.80000  0.665740048313E-01
  88.90000  0.656740230078E-01
  89.00000  0.677163002285E-01
  89.10000  0.675082962932E-01
  89.20000  0.637425997384E-01
  89.30000  0.632213419691E-01
  89.40000  0.658329971462E-01
  89.50000  0.650251898038E-01
  89.60000  0.621906663699E-01
  89.70000  0.618500081244E-01
  89.80000  0.617325595610E-01
  89.90000  0.604686950221E-01
  90.00000  0.605286297726E-01
  90.10000  0.598861915392E-01
  90.20000  0.565438926817E-01
  90.30000  0.552732479007E-01
  90.40000  0.571035071051E-01
  90.50000  0.558590621607E-01
  90.60000  0.517069599143E-01
  90.70000  0.506409980018E-01
  90.80000  0.514409557857E-01
  90.90000  0.497636693016E-01
  91.00000  0.475310335626E-01
  91.10000  0.465112841672E-01
  91.20000  0.446424482548E-01
  91.30000  0.430001899554E-01
  91.40000  0.433048233613E-01
  91.50000  0.420916420133E-01
  91.60000  0.384040605107E-01
  91.70000  0.371403060830E-01
  91.80000  0.383575284839E-01
  91.90000  0.369360698416E-01
  92.00000  0.336880631254E-01
  92.10000  0.327876802643E-01
  92.20000  0.328367637840E-01
  92.30000  0.314434946426E-01
  92.40000  0.302489632069E-01
  92.50000  0.294544966783E-01
  92.60000  0.275865381306E-01
  92.70000  0.264859846549E-01
  92.80000  0.271628162086E-01
  92.90000  0.262502417687E-01
  93.00000  0.234060320196E-01
  93.10000  0.226585326188E-01
  93.20000  0.236801046542E-01
  93.30000  0.226355681742E-01
  93.40000  0.204168638370E-01
  93.50000  0.198494291845E-01
  93.60000  0.197429569199E-01
  93.70000  0.187368115459E-01
  93.80000  0.180681913950E-01
  93.90000  0.174488513998E-01
  94.00000  0.158979479804E-01
  94.10000  0.151077386320E-01
  94.20000  0.156600493177E-01
  94.30000  0.148901983966E-01
  94.40000  0.127366805487E-01
  94.50000  0.121863796715E-01
  94.60000  0.128708545893E-01
  94.70000  0.120368791780E-01
  94.80000  0.104011281380E-01
  94.90000  0.996971541580E-02
  95.00000  0.991371285902E-02
  95.10000  0.918922385875E-02
  95.20000  0.861418132961E-02
  95.30000  0.818448980842E-02
  95.40000  0.729506963444E-02
  95.50000  0.680560700300E-02
  95.60000  0.709710367402E-02
  95.70000  0.666570959111E-02
  95.80000  0.543191175506E-02
  95.90000  0.519366974775E-02
  96.00000  0.583340425313E-02
  96.10000  0.547790945868E-02
  96.20000  0.444481190797E-02
  96.30000  0.439989083794E-02
  96.40000  0.495301154494E-02
  96.50000  0.473936958021E-02
  96.60000  0.423071722375E-02
  96.70000  0.430321123206E-02
  96.80000  0.450406087283E-02
  96.90000  0.444759923765E-02
  97.00000  0.459093867429E-02
  97.10000  0.469776912699E-02
  97.20000  0.440703866856E-02
  97.30000  0.449368499510E-02
  97.40000  0.523259629085E-02
  97.50000  0.528758528816E-02
  97.60000  0.458703042480E-02
  97.70000  0.478686818661E-02
  97.80000  0.578001021750E-02
  97.90000  0.574294363818E-02
  98.00000  0.504387103715E-02
  98.10000  0.528575374117E-02
  98.20000  0.595029698124E-02
  98.30000  0.587526462107E-02
  98.40000  0.572458855438E-02
  98.50000  0.589126829628E-02
  98.60000  0.577398575786E-02
  98.70000  0.577845196261E-02
  98.80000  0.639870014297E-02
  98.90000  0.640430692188E-02
  99.00000  0.561698545567E-02
  99.10000  0.577973342975E-02
  99.20000  0.679407196257E-02
  99.30000  0.668600362119E-02
  99.40000  0.592173265405E-02
  99.50000  0.620300769838E-02
  99.60000  0.688553850424E-02
  99.70000  0.683884915558E-02
  99.80000  0.684615227255E-02
  99.90000  0.711227552716E-02
 100.00000  0.698374665593E-02
 100.10000  0.716623125826E-02
 100.20000  0.812933112170E-02
 100.30000  0.827583119973E-02
 100.40000  0.752431738277E-02
 100.50000  0.796064817159E-02
 100.60000  0.934348789517E-02
 100.70000  0.940559751034E-02
 100.80000  0.876723814341E-02
 100.90000  0.931977040971E-02
 101.00000  0.102798933802E-01
 101.10000  0.104164848885E-01
 101.20000  0.106225243344E-01
 101.30000  0.110895356259E-01
 101.40000  0.110915892581E-01
 101.50000  0.114525495313E-01
 101.60000  0.126859471801E-01
 101.70000  0.129373751473E-01
 101.80000  0.121183692025E-01
 101.90000  0.127176993295E-01
 102.00000  0.144694903256E-01
 102.10000  0.145390176756E-01
 102.20000  0.136267545017E-01
 102.30000  0.143240422665E-01
 102.40000  0.157149743125E-01
 102.50000  0.157917962740E-01
 102.60000  0.156535728048E-01
 102.70000  0.162400802348E-01
 102.80000  0.165771928421E-01
 102.90000  0.168885670925E-01
 103.00000  0.179683215812E-01
 103.10000  0.182953746715E-01
 103.20000  0.175337341193E-01
 103.30000  0.181833954875E-01
 103.40000  0.201597733463E-01
 103.50000  0.202450824128E-01
 103.60000  0.190827666613E-01
 103.70000  0.199603206990E-01
 103.80000  0.218839895646E-01
 103.90000  0.219417893092E-01
 104.00000  0.214518976246E-01
 104.10000  0.222973386274E-01
 104.20000  0.231908505623E-01
 104.30000  0.235363979956E-01
 104.40000  0.244915044490E-01
 104.50000  0.250748325723E-01
 104.60000  0.246197127966E-01
 104.70000  0.254576609101E-01
 104.80000  0.277506649521E-01
 104.90000  0.280370702984E-01
 105.00000  0.268540947732E-01
 105.10000  0.280904292581E-01
 105.20000  0.306996067743E-01
 105.30000  0.308897391384E-01
 105.40000  0.301782224807E-01
 105.50000  0.314355111691E-01
 105.60000  0.330532758719E-01
 105.70000  0.334703988090E-01
 105.80000  0.342240214094E-01
 105.90000  0.350893759709E-01
 106.00000  0.350157385937E-01
 106.10000  0.358909191451E-01
 106.20000  0.382029137029E-01
 106.30000  0.385145259466E-01
 106.40000  0.371520776975E-01
 106.50000  0.384219457395E-01
 106.60000  0.413469241671E-01
 106.70000  0.412899998851E-01
 106.80000  0.398726333859E-01
 106.90000  0.411508300287E-01
 107.00000  0.432537531585E-01
 107.10000  0.432186040022E-01
 107.20000  0.429922535685E-01
 107.30000  0.437871327323E-01
 107.40000  0.440483588687E-01
 107.50000  0.443747910321E-01
 107.60000  0.458067825197E-01
 107.70000  0.458543789665E-01
 107.80000  0.443316505653E-01
 107.90000  0.450992277228E-01
 108.00000  0.476028659013E-01
 108.10000  0.470584560143E-01
 108.20000  0.448526498796E-01
 108.30000  0.458164031820E-01
 108.40000  0.481087588414E-01
 108.50000  0.474470853225E-01
 108.60000  0.460082092522E-01
 108.70000  0.467234466158E-01
 108.80000  0.475851036719E-01
 108.90000  0.473016487266E-01
 109.00000  0.475564400516E-01
 109.10000  0.476492325000E-01
 109.20000  0.466491744047E-01
 109.30000  0.469763826512E-01
 109.40000  0.488199053218E-01
 109.50000  0.482459125368E-01
 109.60000  0.460097574904E-01
 109.70000  0.468061304913E-01
 109.80000  0.492136096806E-01
 109.90000  0.483186135658E-01
 110.00000  0.461687605958E-01
 110.10000  0.470070408739E-01
 110.20000  0.486411457998E-01
 110.30000  0.479588755169E-01
 110.40000  0.471358310597E-01
 110.50000  0.475332212617E-01
 110.60000  0.474914874490E-01
 110.70000  0.474168715984E-01
 110.80000  0.483647138871E-01
 110.90000  0.480539197449E-01
 111.00000  0.463613004182E-01
 111.10000  0.469188243512E-01
 111.20000  0.490602067194E-01
 111.30000  0.481577385130E-01
 111.40000  0.457410675653E-01
 111.50000  0.465818886557E-01
 111.60000  0.486849179765E-01
 111.70000  0.476415238598E-01
 111.80000  0.457976933648E-01
 111.90000  0.464026949367E-01
 112.00000  0.472847953396E-01
 112.10000  0.466241310759E-01
 112.20000  0.462845487782E-01
 112.30000  0.462451256398E-01
 112.40000  0.454028204413E-01
 112.50000  0.454124995963E-01
 112.60000  0.466431887858E-01
 112.70000  0.458804586238E-01
 112.80000  0.437233420567E-01
 112.90000  0.442996514232E-01
 113.00000  0.463167684201E-01
 113.10000  0.451279960220E-01
 113.20000  0.427217005645E-01
 113.30000  0.434489550317E-01
 113.40000  0.450960984043E-01
 113.50000  0.440001446131E-01
 113.60000  0.424865626956E-01
 113.70000  0.428807982680E-01
 113.80000  0.432563912621E-01
 113.90000  0.427204897784E-01
 114.00000  0.427399733363E-01
 114.10000  0.425040155467E-01
 114.20000  0.413905494388E-01
 114.30000  0.415929419293E-01
 114.40000  0.430089861255E-01
 114.50000  0.421740907363E-01
 114.60000  0.400897982827E-01
 114.70000  0.408506026569E-01
 114.80000  0.428856241822E-01
 114.90000  0.417872467085E-01
 115.00000  0.396896380977E-01
 115.10000  0.405846082833E-01
 115.20000  0.422396986930E-01
 115.30000  0.413504125717E-01
 115.40000  0.401717431462E-01
 115.50000  0.407459698091E-01
 115.60000  0.412662229628E-01
 115.70000  0.409744737034E-01
 115.80000  0.412143589515E-01
 115.90000  0.411844756409E-01
 116.00000  0.403613553381E-01
 116.10000  0.407984122056E-01
 116.20000  0.423361150569E-01
 116.30000  0.417004840355E-01
 116.40000  0.399179332416E-01
 116.50000  0.409063451564E-01
 116.60000  0.430848623424E-01
 116.70000  0.421144470386E-01
 116.80000  0.401581521285E-01
 116.90000  0.412915201490E-01
 117.00000  0.432088929622E-01
 117.10000  0.423275217175E-01
 117.20000  0.410453256156E-01
 117.30000  0.418535160574E-01
 117.40000  0.427312494218E-01
 117.50000  0.423315767544E-01
 117.60000  0.422772637693E-01
 117.70000  0.424123925118E-01
 117.80000  0.419024471708E-01
 117.90000  0.421701035329E-01
 118.00000  0.433673893627E-01
 118.10000  0.427430559543E-01
 118.20000  0.410610244136E-01
 118.30000  0.418816780462E-01
 118.40000  0.438080746209E-01
 118.50000  0.426406104795E-01
 118.60000  0.404741220487E-01
 118.70000  0.414707447746E-01
 118.80000  0.432765495919E-01
 118.90000  0.420025651465E-01
 119.00000  0.402200618804E-01
 119.10000  0.409068104008E-01
 119.20000  0.417775895413E-01
 119.30000  0.408672461586E-01
 119.40000  0.401397667353E-01
 119.50000  0.401295255710E-01
 119.60000  0.396370971413E-01
 119.70000  0.393817694478E-01
 119.80000  0.398864585556E-01
 119.90000  0.390637739392E-01
 120.00000  0.373496163986E-01
 120.10000  0.377246372765E-01
 120.20000  0.390714654531E-01
 120.30000  0.376517954330E-01
 120.40000  0.353592365783E-01
 120.50000  0.360349575551E-01
 120.60000  0.374574352972E-01
 120.70000  0.359010755564E-01
 120.80000  0.338852661681E-01
 120.90000  0.343830306162E-01
 121.00000  0.350978826115E-01
 121.10000  0.339075060367E-01
 121.20000  0.328524885041E-01
 121.30000  0.327674374775E-01
 121.40000  0.323281820200E-01
 121.50000  0.318231674355E-01
 121.60000  0.319473645017E-01
 121.70000  0.311346679852E-01
 121.80000  0.296174488146E-01
 121.90000  0.297951467118E-01
 122.00000  0.307809139062E-01
 122.10000  0.294182207767E-01
 122.20000  0.273610288022E-01
 122.30000  0.279095353160E-01
 122.40000  0.290791774035E-01
 122.50000  0.275793315790E-01
 122.60000  0.257171828832E-01
 122.70000  0.261705028457E-01
 122.80000  0.268132150728E-01
 122.90000  0.256313177306E-01
 123.00000  0.245590665384E-01
 123.10000  0.245136784185E-01
 123.20000  0.242010231259E-01
 123.30000  0.236283649976E-01
 123.40000  0.235501573739E-01
 123.50000  0.228428955825E-01
 123.60000  0.215955298415E-01
 123.70000  0.216406811395E-01
 123.80000  0.223158304445E-01
 123.90000  0.210865449930E-01
 124.00000  0.193308223405E-01
 124.10000  0.197353669384E-01
 124.20000  0.206246622862E-01
 124.30000  0.192390213683E-01
 124.40000  0.175885504530E-01
 124.50000  0.179594261693E-01
 124.60000  0.184874063989E-01
 124.70000  0.173632049107E-01
 124.80000  0.163376839633E-01
 124.90000  0.163294645552E-01
 125.00000  0.161372438430E-01
 125.10000  0.155587448439E-01
 125.20000  0.153697838630E-01
 125.30000  0.148352079546E-01
 125.40000  0.139187534802E-01
 125.50000  0.139259833117E-01
 125.60000  0.144204010555E-01
 125.70000  0.134698337653E-01
 125.80000  0.121585256862E-01
 125.90000  0.125544995573E-01
 126.00000  0.133213990669E-01
 126.10000  0.122674300685E-01
 126.20000  0.110615651749E-01
 126.30000  0.115184953324E-01
 126.40000  0.120918424018E-01
 126.50000  0.113053940765E-01
 126.60000  0.106505712647E-01
 126.70000  0.108601092005E-01
 126.80000  0.109215359409E-01
 126.90000  0.106671229627E-01
 127.00000  0.107669319459E-01
 127.10000  0.105704091830E-01
 127.20000  0.100715834803E-01
 127.30000  0.103972992814E-01
 127.40000  0.111438661054E-01
 127.50000  0.105953952581E-01
 127.60000  0.976283017231E-02
 127.70000  0.104918509962E-01
 127.80000  0.115346080531E-01
 127.90000  0.108750602531E-01
 128.00000  0.101032821944E-01
 128.10000  0.109186745681E-01
 128.20000  0.118245890146E-01
 128.30000  0.113750807629E-01
 128.40000  0.110536724329E-01
 128.50000  0.116301905694E-01
 128.60000  0.120590076487E-01
 128.70000  0.120789963774E-01
 128.80000  0.124265291595E-01
 128.90000  0.125542181039E-01
 129.00000  0.123801277433E-01
 129.10000  0.129522316451E-01
 129.20000  0.139263534801E-01
 129.30000  0.135836825119E-01
 129.40000  0.129276926733E-01
 129.50000  0.139209036816E-01
 129.60000  0.152405666426E-01
 129.70000  0.145975148923E-01
 129.80000  0.137696353136E-01
 129.90000  0.148919690748E-01
 130.00000  0.161525920628E-01
 130.10000  0.155023883317E-01
 130.20000  0.148772280601E-01
 130.30000  0.157856252581E-01
 130.40000  0.166095990755E-01
 130.50000  0.162532633843E-01
 130.60000  0.161261913275E-01
 130.70000  0.165460285642E-01
 130.80000  0.167085004141E-01
 130.90000  0.168373725717E-01
 131.00000  0.173155898649E-01
 131.10000  0.171272037083E-01
 131.20000  0.166170478342E-01
 131.30000  0.172404234289E-01
 131.40000  0.182100173224E-01
 131.50000  0.174802212984E-01
 131.60000  0.164880557520E-01
 131.70000  0.174349486127E-01
 131.80000  0.186130225861E-01
 131.90000  0.175677915720E-01
 132.00000  0.164133856858E-01
 132.10000  0.173996172106E-01
 132.20000  0.184403974599E-01
 132.30000  0.173875174146E-01
 132.40000  0.164119303483E-01
 132.50000  0.171381862321E-01
 132.60000  0.177467129286E-01
 132.70000  0.169753785694E-01
 132.80000  0.164350006530E-01
 132.90000  0.166788852193E-01
 133.00000  0.166935131084E-01
 133.10000  0.163858023295E-01
 133.20000  0.163822752428E-01
 133.30000  0.160563910258E-01
 133.40000  0.154800446873E-01
 133.50000  0.156643383672E-01
 133.60000  0.161314337383E-01
 133.70000  0.152980125817E-01
 133.80000  0.142807834167E-01
 133.90000  0.148405063817E-01
 134.00000  0.155860872935E-01
 134.10000  0.144302475393E-01
 134.20000  0.132153948747E-01
 134.30000  0.139401669651E-01
 134.40000  0.147181240380E-01
 134.50000  0.134895794659E-01
 134.60000  0.123411244201E-01
 134.70000  0.129956114697E-01
 134.80000  0.135792272967E-01
 134.90000  0.125223963021E-01
 135.00000  0.116569520625E-01
 135.10000  0.120442045842E-01
 135.20000  0.122795726094E-01
 135.30000  0.115732527571E-01
 135.40000  0.111139830660E-01
 135.50000  0.111173287638E-01
 135.60000  0.109475088805E-01
 135.70000  0.106706819354E-01
 135.80000  0.106336453944E-01
 135.90000  0.102331064047E-01
 136.00000  0.969603302798E-02
 136.10000  0.982598491207E-02
 136.20000  0.101366871627E-01
 136.30000  0.940155111979E-02
 136.40000  0.860787643812E-02
 136.50000  0.904270757365E-02
 136.60000  0.956972267366E-02
 136.70000  0.863238696751E-02
 136.80000  0.773166414227E-02
 136.90000  0.832473394577E-02
 137.00000  0.891712457414E-02
 137.10000  0.793771541150E-02
 137.20000  0.708277783053E-02
 137.30000  0.767786046387E-02
 137.40000  0.819652076427E-02
 137.50000  0.732755205408E-02
 137.60000  0.664460245423E-02
 137.70000  0.710417289299E-02
 137.80000  0.744280577796E-02
 137.90000  0.680192931926E-02
 138.00000  0.637207735000E-02
 138.10000  0.659724510206E-02
 138.20000  0.669423304946E-02
 138.30000  0.634950499721E-02
 138.40000  0.620284204205E-02
 138.50000  0.614455613626E-02
 138.60000  0.598646290197E-02
 138.70000  0.595246196315E-02
 138.80000  0.607132251906E-02
 138.90000  0.573280322427E-02
 139.00000  0.535066713831E-02
 139.10000  0.559285989988E-02
 139.20000  0.592118638296E-02
 139.30000  0.535280974788E-02
 139.40000  0.481272562744E-02
 139.50000  0.525718226932E-02
 139.60000  0.571282563726E-02
 139.70000  0.500029582142E-02
 139.80000  0.438928508184E-02
 139.90000  0.493537157085E-02
 140.00000  0.542342870902E-02
 140.10000  0.467121532002E-02
 140.20000  0.408092412305E-02
 140.30000  0.461696169733E-02
 140.40000  0.504444581977E-02
 140.50000  0.435782597699E-02
 140.60000  0.386913411157E-02
 140.70000  0.429023378122E-02
 140.80000  0.458059796226E-02
 140.90000  0.404821240257E-02
 141.00000  0.371841305200E-02
 141.10000  0.394373191908E-02
 141.20000  0.404898667200E-02
 141.30000  0.372876142855E-02
 141.40000  0.358371931079E-02
 141.50000  0.357051569848E-02
 141.60000  0.347885008169E-02
 141.70000  0.338948281791E-02
 141.80000  0.342150967169E-02
 141.90000  0.317218503497E-02
 142.00000  0.290831719090E-02
 142.10000  0.302707468255E-02
 142.20000  0.319815770958E-02
 142.30000  0.275782752122E-02
 142.40000  0.237555965483E-02
 142.50000  0.264361533728E-02
 142.60000  0.289427769506E-02
 142.70000  0.233982136338E-02
 142.80000  0.190917941751E-02
 142.90000  0.224459774386E-02
 143.00000  0.250708291435E-02
 143.10000  0.192997435952E-02
 143.20000  0.152174822482E-02
 143.30000  0.183741561977E-02
 143.40000  0.205041292446E-02
 143.50000  0.153735326590E-02
 143.60000  0.120891293706E-02
 143.70000  0.143205932752E-02
 143.80000  0.155418081860E-02
 143.90000  0.116988967559E-02
 144.00000  0.955137663523E-03
 144.10000  0.104359172491E-02
 144.20000  0.106185906284E-02
 144.30000  0.836952065740E-03
 144.40000  0.741669480009E-03
 144.50000  0.692366867985E-03
 144.60000  0.623430496659E-03
 144.70000  0.550077062867E-03
 144.80000  0.553712683454E-03
 144.90000  0.401858092749E-03
 145.00000  0.286333810114E-03
 145.10000  0.322877498929E-03
 145.20000  0.386153954025E-03
 145.30000  0.195402073684E-03
 145.40000  0.868592241427E-04
 145.50000  0.170088517766E-03
 145.60000  0.246519180935E-03
 145.70000  0.927844184719E-04
 145.80000  0.443878028593E-04
 145.90000  0.106961051941E-03
 146.00000  0.155867311844E-03
 146.10000  0.108650430891E-03
 146.20000  0.160584828856E-03
 146.30000  0.149538905278E-03
 146.40000  0.147384087659E-03
 146.50000  0.252596226515E-03
 146.60000  0.422822566419E-03
 146.70000  0.314721326467E-03
 146.80000  0.262145565276E-03
 146.90000  0.530276360835E-03
 147.00000  0.810560091245E-03
 147.10000  0.619969156053E-03
 147.20000  0.543113011083E-03
 147.30000  0.944949305409E-03
 147.40000  0.130239954648E-02
 147.50000  0.108169518889E-02
 147.60000  0.102754259249E-02
 147.70000  0.149818457693E-02
 147.80000  0.188192551682E-02
 147.90000  0.171273320461E-02
 148.00000  0.173987169194E-02
 148.10000  0.219046088297E-02
 148.20000  0.254196675841E-02
 148.30000  0.251989700249E-02
 148.40000  0.268660302028E-02
 148.50000  0.302121278724E-02
 148.60000  0.328596025145E-02
 148.70000  0.350167912177E-02
 148.80000  0.385386214143E-02
 148.90000  0.398847508489E-02
 149.00000  0.412712346001E-02
 149.10000  0.464800605730E-02
 149.20000  0.520975703907E-02
 149.30000  0.509009382796E-02
 149.40000  0.508722786172E-02
 149.50000  0.594256611172E-02
 149.60000  0.671035943277E-02
 149.70000  0.632475863321E-02
 149.80000  0.619316835796E-02
 149.90000  0.736534994723E-02
 150.00000  0.830704264969E-02
 150.10000  0.769249771292E-02
 150.20000  0.747263719158E-02
 150.30000  0.889580966458E-02
 150.40000  0.995420944755E-02
 150.50000  0.919429741673E-02
 150.60000  0.894867240750E-02
 150.70000  0.105140340101E-01
 150.80000  0.116132250349E-01
 150.90000  0.108279189144E-01
 151.00000  0.106316875360E-01
 151.10000  0.121992076313E-01
 151.20000  0.132536534509E-01
 151.30000  0.125838789025E-01
 151.40000  0.125144048192E-01
 151.50000  0.139303532366E-01
 151.60000  0.148561852950E-01
 151.70000  0.144455065737E-01
 151.80000  0.145716971844E-01
 151.90000  0.156881409875E-01
 152.00000  0.164140206494E-01
 152.10000  0.163899673393E-01
 152.20000  0.167630248602E-01
 152.30000  0.174564736710E-01
 152.40000  0.179326182296E-01
 152.50000  0.183908413726E-01
 152.60000  0.190386897197E-01
 152.70000  0.192265377309E-01
 152.80000  0.194309251753E-01
 152.90000  0.204226456942E-01
 153.00000  0.213463986870E-01
 153.10000  0.209974029372E-01
 153.20000  0.209375501410E-01
 153.30000  0.224613751382E-01
 153.40000  0.236341263591E-01
 153.50000  0.227718577212E-01
 153.60000  0.224826822871E-01
 153.70000  0.244828484759E-01
 153.80000  0.258523139771E-01
 153.90000  0.245528530200E-01
 154.00000  0.240915421152E-01
 154.10000  0.264618610622E-01
 154.20000  0.279554496814E-01
 154.30000  0.263399386933E-01
 154.40000  0.257793870029E-01
 154.50000  0.283727643321E-01
 154.60000  0.299045247851E-01
 154.70000  0.281274884064E-01
 154.80000  0.275496195187E-01
 154.90000  0.301936533280E-01
 155.00000  0.316746556868E-01
 155.10000  0.299104791881E-01
 155.20000  0.293983113196E-01
 155.30000  0.319109168306E-01
 155.40000  0.332577787666E-01
 155.50000  0.316856704748E-01
 155.60000  0.313161220101E-01
 155.70000  0.335207132055E-01
 155.80000  0.346609202220E-01
 155.90000  0.334479642789E-01
 156.00000  0.332851685469E-01
 156.10000  0.350259100271E-01
 156.20000  0.359038293497E-01
 156.30000  0.351907247019E-01
 156.40000  0.352797838952E-01
 156.50000  0.364321424096E-01
 156.60000  0.370117729623E-01
 156.70000  0.369020352639E-01
 156.80000  0.372661337441E-01
 156.90000  0.377448168914E-01
 157.00000  0.380099282869E-01
 157.10000  0.385620752274E-01
 157.20000  0.392023084110E-01
 157.30000  0.389677751867E-01
 157.40000  0.389235365495E-01
 157.50000  0.401494838674E-01
 157.60000  0.410468225105E-01
 157.70000  0.401069357304E-01
 157.80000  0.397787827704E-01
 157.90000  0.416458538947E-01
 158.00000  0.427650591542E-01
 158.10000  0.411735602606E-01
 158.20000  0.406042387997E-01
 158.30000  0.430392242989E-01
 158.40000  0.443328854963E-01
 158.50000  0.421843534090E-01
 158.60000  0.414302227352E-01
 158.70000  0.443260217233E-01
 158.80000  0.457380764705E-01
 158.90000  0.431587586152E-01
 159.00000  0.422833220407E-01
 159.10000  0.455052452591E-01
 159.20000  0.469732850489E-01
 159.30000  0.441100056516E-01
 159.40000  0.431778804065E-01
 159.50000  0.465721450551E-01
 159.60000  0.480315664312E-01
 159.70000  0.450422816440E-01
 159.80000  0.441153326341E-01
 159.90000  0.475190285017E-01
 160.00000  0.489069598661E-01
 160.10000  0.459512527851E-01
 160.20000  0.450855119324E-01
 160.30000  0.483367622480E-01
 160.40000  0.495961877007E-01
 160.50000  0.468270406369E-01
 160.60000  0.460702510626E-01
 160.70000  0.490169025203E-01
 160.80000  0.501001649954E-01
 160.90000  0.476585454731E-01
 161.00000  0.470512294849E-01
 161.10000  0.495611302359E-01
 161.20000  0.504341419486E-01
 161.30000  0.484438632604E-01
 161.40000  0.480177126874E-01
 161.50000  0.499826857580E-01
 161.60000  0.506240130257E-01
 161.70000  0.491858528108E-01
 161.80000  0.489624161059E-01
 161.90000  0.503011350727E-01
 162.00000  0.507009845610E-01
 162.10000  0.498884134295E-01
 162.20000  0.498774627513E-01
 162.30000  0.505353454353E-01
 162.40000  0.506935596482E-01
 162.50000  0.505509820748E-01
 162.60000  0.507511983794E-01
 162.70000  0.507007959070E-01
 162.80000  0.506253962170E-01
 162.90000  0.511674619460E-01
 163.00000  0.515662375339E-01
 163.10000  0.508045946231E-01
 163.20000  0.505093498228E-01
 163.30000  0.517228240126E-01
 163.40000  0.522990516021E-01
 163.50000  0.508474057683E-01
 163.60000  0.503524906746E-01
 163.70000  0.522011561998E-01
 163.80000  0.529284723207E-01
 163.90000  0.508299032390E-01
 164.00000  0.501605603037E-01
 164.10000  0.525890223395E-01
 164.20000  0.534381937383E-01
 164.30000  0.507551686270E-01
 164.40000  0.499416001551E-01
 164.50000  0.528808545168E-01
 164.60000  0.538229523269E-01
 164.70000  0.506341192158E-01
 164.80000  0.497099145343E-01
 164.90000  0.530808381254E-01
 165.00000  0.540875061235E-01
 165.10000  0.504820890141E-01
 165.20000  0.494813471251E-01
 165.30000  0.531972579697E-01
 165.40000  0.542408552454E-01
 165.50000  0.503140050658E-01
 165.60000  0.492693708389E-01
 165.70000  0.532388955878E-01
 165.80000  0.542928204569E-01
 165.90000  0.501414248750E-01
 166.00000  0.490825697432E-01
 166.10000  0.532125107647E-01
 166.20000  0.542516640621E-01
 166.30000  0.499709796840E-01
 166.40000  0.489236369196E-01
 166.50000  0.531214542183E-01
 166.60000  0.541223715622E-01
 166.70000  0.498030421483E-01
 166.80000  0.487882750329E-01
 166.90000  0.529643399765E-01
 167.00000  0.539059511248E-01
 167.10000  0.496329582958E-01
 167.20000  0.486683276671E-01
 167.30000  0.527394613289E-01
 167.40000  0.536051005529E-01
 167.50000  0.494577148027E-01
 167.60000  0.485582923004E-01
 167.70000  0.524497613479E-01
 167.80000  0.532270557991E-01
 167.90000  0.492769368593E-01
 168.00000  0.484544134542E-01
 168.10000  0.520998655053E-01
 168.20000  0.527798683937E-01
 168.30000  0.490901746880E-01
 168.40000  0.483533099453E-01
 168.50000  0.516959593245E-01
 168.60000  0.522739416068E-01
 168.70000  0.488998962650E-01
 168.80000  0.482553945500E-01
 168.90000  0.512485204360E-01
 169.00000  0.517232532649E-01
 169.10000  0.487109001937E-01
 169.20000  0.481622460287E-01
 169.30000  0.507674516216E-01
 169.40000  0.511392702058E-01
 169.50000  0.485246721423E-01
 169.60000  0.480719616661E-01
 169.70000  0.502586989699E-01
 169.80000  0.505297835345E-01
 169.90000  0.483407141572E-01
 170.00000  0.479822522298E-01
 170.10000  0.497283835368E-01
 170.20000  0.499032470084E-01
 170.30000  0.481601457578E-01
 170.40000  0.478926994668E-01
 170.50000  0.491832971868E-01
 170.60000  0.492676106118E-01
 170.70000  0.479836410718E-01
 170.80000  0.478022003874E-01
 170.90000  0.486281093638E-01
 171.00000  0.486283129109E-01
 171.10000  0.478109206332E-01
 171.20000  0.477097159042E-01
 171.30000  0.480672379184E-01
 171.40000  0.479910223849E-01
 171.50000  0.476434937754E-01
 171.60000  0.476165418314E-01
 171.70000  0.475065348210E-01
 171.80000  0.473622294908E-01
 171.90000  0.474839692253E-01
 172.00000  0.475246689610E-01
 172.10000  0.469509135279E-01
 172.20000  0.467466558298E-01
 172.30000  0.473339240473E-01
 172.40000  0.474351648593E-01
 172.50000  0.464032858885E-01
 172.60000  0.461469840946E-01
 172.70000  0.471940805468E-01
 172.80000  0.473485287402E-01
 172.90000  0.458652847478E-01
 173.00000  0.455645199501E-01
 173.10000  0.470643764195E-01
 173.20000  0.472645235317E-01
 173.30000  0.453371400862E-01
 173.40000  0.449990859486E-01
 173.50000  0.469442159548E-01
 173.60000  0.471828082817E-01
 173.70000  0.448183739393E-01
 173.80000  0.444499866804E-01
 173.90000  0.468337264139E-01
 174.00000  0.471039786810E-01
 174.10000  0.443085494059E-01
 174.20000  0.439164469322E-01
 174.30000  0.467335894667E-01
 174.40000  0.470291074320E-01
 174.50000  0.438070042147E-01
 174.60000  0.433975847875E-01
 174.70000  0.466455732061E-01
 174.80000  0.469609534706E-01
 174.90000  0.433142157341E-01
 175.00000  0.428940420995E-01
 175.10000  0.465746760381E-01
 175.20000  0.469056405976E-01
 175.30000  0.428322408407E-01
 175.40000  0.424074787016E-01
 175.50000  0.465276988745E-01
 175.60000  0.468702396396E-01
 175.70000  0.423618302980E-01
 175.80000  0.419377386773E-01
 175.90000  0.465110604260E-01
 176.00000  0.468616518280E-01
 176.10000  0.419020717891E-01
 176.20000  0.414836223746E-01
 176.30000  0.465334942432E-01
 176.40000  0.468898138300E-01
 176.50000  0.414521586600E-01
 176.60000  0.410438706578E-01
 176.70000  0.466069870096E-01
 176.80000  0.469670111368E-01
 176.90000  0.410081025531E-01
 177.00000  0.406128764879E-01
 177.10000  0.467434456028E-01
 177.20000  0.471050050507E-01
 177.30000  0.405588714856E-01
 177.40000  0.401782788447E-01
 177.50000  0.469578546428E-01
 177.60000  0.473203734765E-01
 177.70000  0.400875773486E-01
 177.80000  0.397222841180E-01
 177.90000  0.472770474149E-01
 178.00000  0.476424497130E-01
 178.10000  0.395668791822E-01
 178.20000  0.392143689723E-01
 178.30000  0.477463287026E-01
 178.40000  0.481201471583E-01
 178.50000  0.389419045512E-01
 178.60000  0.385928934888E-01
 178.70000  0.484542240736E-01
 178.80000  0.488547970390E-01
 178.90000  0.380974208014E-01
 179.00000  0.377268387124E-01
 179.10000  0.496315694893E-01
 179.20000  0.501240483123E-01
 179.30000  0.367299456713E-01
 179.40000  0.362455730683E-01
 179.50000  0.521199580262E-01
 179.60000  0.530414513302E-01
 179.70000  0.334368956158E-01
 179.80000  0.321088358682E-01
 179.90000  0.659033097459E-01
 180.00000  0.994502983307E-01
